-510.39633,-510.39633,-510.39633,-510.39633,-510.39633,-507.45303,-505.66748,-503.9439,-502.67514,-503.76575,-502.45605,-502.6155,-502.54343,-502.05948,-503.09845,-502.76395,-503.28342,-503.01773,-503.8341,-503.2308,-502.84958,-503.20203,-502.046,-501.52222,-501.53265,-502.71054,-505.1981,-505.56308,-504.2053,-502.69043,-501.95587,-502.1254,-503.01834,-502.58472,-500.56552,-501.35117,-492.0282,-481.6712,-463.2959,-444.20746,-454.14993,-454.19662,-435.34497,-392.5127,-358.78165,-328.24222,-308.90402,-291.64236,-264.92154,-248.27281,-244.73497,-256.8681,-262.96075,-270.20276,-268.20758,-258.70215,-248.81102,-244.96878,-239.98167,-241.11314,-247.41348,-251.86115,-251.75298,-261.65778,-255.73291,-253.05782,-261.36288,-259.6783,-258.48322,-257.81198,-264.321,-269.54245,-275.79425,-278.84604,-276.7488,-284.20935,-284.10828,-285.8868,-291.31186,-296.96085,-299.6303,-294.57047,-302.53604,-305.305,-308.62897,-311.6027,-302.3705,-310.13406,-320.88507,-313.1354,-320.51004,-333.7924,-327.6704,-328.1484,-341.14423,-341.72205,-347.26465,-354.18222,-354.41486,-368.5886,-373.13412,-375.89096,-390.69254,-398.9739,-403.60394,-416.39832,-417.85397,-420.17282,-437.24982,-439.05783,-437.47086,-446.77805,-450.31775,-458.19586,-469.68747,-472.44266,-471.53604,-470.86826,-469.2104,-468.6826,-469.19446,-467.5091,-457.55103,-445.03177,-431.97128,-436.22507,-458.64212,-448.99442,-445.46432,-454.12906,-458.33728,-459.26562,-456.65887,-458.3169,-450.64273,-441.77872,-451.37616,-459.9142,-466.7683,-469.8828,-459.24432,-460.42255,-466.51074,-463.9391,-466.8683,-471.7128,-453.70093,-423.32693,-389.72363,-354.89767,-332.4483,-302.568,-256.69586,-235.14377,-234.51228,-247.07338,-250.16794,-244.97089,-248.87079,-230.2674,-226.14421,-232.076,-225.8501,-236.21553,-234.91719,-229.6016,-240.06189,-229.30325,-217.45502,-230.66571,-232.88834,-226.69815,-240.44615,-249.2311,-237.21024,-238.88739,-250.07234,-251.39648,-246.29454,-259.87735,-271.75626,-260.75827,-259.9207,-272.64908,-272.68564,-267.98242,-275.18918,-287.48877,-278.55515,-272.85822,-280.94083,-283.25116,-288.26556,-292.0248,-287.88965,-286.0839,-282.26248,-286.32025,-294.989,-298.3642,-310.97467,-317.9382,-327.70566,-337.25256,-335.19113,-339.18796,-342.6865,-338.82968,-349.85812,-359.17633,-357.60687,-360.63858,-366.29355,-378.22772,-378.91687,-381.93866,-390.07034,-389.56506,-392.32962,-390.52838,-386.10965,-385.10568,-386.14124,-389.62775,-387.67337,-380.5474,-383.83426,-385.3022,-384.8737,-387.54663,-394.39688,-394.27094,-385.85147,-385.60846,-391.4623,-389.5412,-390.11234,-392.5488,-394.8485,-392.2525,-396.6553,-408.63287,-419.66156,-428.75565,-435.6509,-443.72247,-448.3253,-443.15097,-439.15707,-435.649,-408.30048,-355.65814,-288.30417,-224.7954,-210.23145,-232.90088,-247.38905,-251.87878,-268.59595,-281.80676,-285.9134,-291.25198,-275.918,-270.2404,-275.3856,-275.8089,-288.34457,-291.7039,-290.29657,-285.69147,-287.6606,-291.5872,-292.0351,-298.2615,-296.0619,-292.16708,-285.82065,-278.8472,-284.9638,-296.65308,-303.85703,-304.70792,-307.94836,-312.05054,-300.74118,-300.22208,-295.5061,-294.99078,-298.01697,-292.79907,-288.0053,-293.7622,-284.86948,-278.98813,-279.49323,-275.0588,-276.7527,-283.8899,-276.47174,-273.70712,-280.1534,-277.5393,-275.11432,-276.55533,-258.94482,-262.86713,-270.30154,-261.62283,-270.48083,-276.762,-261.1287,-259.1285,-273.38016,-268.56625,-266.63696,-270.62643,-259.24094,-261.7625,-277.6014,-271.80746,-267.8698,-273.1743,-262.8903,-265.5982,-271.38858,-266.1918,-264.54294,-262.6929,-258.09558,-256.0188,-257.16888,-257.36655,-255.72717,-258.90332,-258.10995,-252.14304,-253.93604,-254.85925,-247.63484,-248.8529,-251.80476,-241.88301,-234.70834,-239.35509,-233.5401,-235.18156,-242.47227,-240.47095,-236.16458,-242.07794,-239.97182,-232.56279,-235.00731,-235.90865,-228.7222,-226.18008,-236.43578,-225.59964,-216.01158,-226.58664,-221.20215,-202.62166,-201.82979,-208.57677,-200.47435,-188.14752,-199.96266,-189.95316,-176.95647,-186.25752,-202.60594,-190.74153,-191.38185,-206.16278,-208.8684,-210.03198,-235.57135,-264.14276,-275.52,-290.09387,-296.46948,-304.2077,-304.34808,-307.03363,-306.03384,-287.6871,-298.4384,-316.53085,-321.32126,-320.2769,-320.4047,-318.45807,-323.2102,-324.69562,-325.5827,-320.47327,-331.4643,-339.9324,-341.39334,-343.28424,-347.15918,-346.71088,-347.7339,-347.21408,-344.35364,-353.6936,-356.99185,-358.2086,-361.39087,-364.86993,-366.54398,-371.99402,-375.10858,-369.0114,-371.822,-374.90408,-372.90054,-369.5622,-371.17633,-376.88168,-373.3192,-373.56528,-373.33936,-381.19547,-388.0289,-388.80133,-382.1258,-332.57452,-334.82166,-360.25903,-379.8881,-389.73468,-394.26218,-394.80725,-395.34384,-392.26813,-391.43115,-394.5778,-395.4505,-395.2246,-397.77942,-403.91846,-403.31683,-395.97437,-389.85733,-399.38464,-409.09274,-411.58957,-411.17215,-416.61432,-419.3967,-414.66306,-418.41385,-424.27908,-421.28918,-415.03983,-413.17404,-416.95532,-424.72162,-422.6858,-414.79675,-331.387,-246.65721,-205.15712,-196.96767,-202.40225,-199.35696,-191.74008,-196.51006,-201.20612,-198.11092,-188.08298,-189.34912,-204.35683,-223.01515,-233.75381,-234.43962,-241.70854,-240.73764,-242.6214,-243.27325,-247.50043,-251.0633,-255.21445,-258.8907,-266.2516,-257.4241,-233.92955,-216.12749,-200.83015,-187.66101,-183.86528,-189.40494,-193.93672,-215.64534,-230.81346,-236.99211,-243.56953,-239.99792,-235.51874,-234.97882,-227.42628,-203.82762,-164.95515,-158.65523,-168.4275,-172.76425,-183.25922,-187.24924,-185.94695,-193.68402,-198.09796,-202.6691,-203.58662,-209.48094,-213.83078,-224.37971,-231.87746,-234.40851,-235.59555,-240.58803,-252.01999,-258.4246,-257.68375,-265.36893,-273.57333,-278.86694,-263.4012,-215.64565,-189.86339,-188.50943,-197.04425,-204.5794,-213.67119,-223.26512,-230.77559,-234.75055,-242.84877,-240.52657,-219.54858,-183.92065,-160.11072,-147.85963,-144.81119,-157.35051,-159.45967,-167.52293,-175.86691,-186.09149,-192.69437,-204.23508,-212.23582,-217.10435,-212.04265,-212.73875,-224.24767,-237.13963,-246.77446,-259.68063,-263.15845,-271.2067,-276.20386,-280.44073,-278.7482,-265.83347,-211.06204,-148.29851,-115.11181,-113.57611,-136.81218,-149.51872,-158.91531,-166.40727,-172.85507,-177.18599,-181.62589,-191.36176,-194.8083,-195.53526,-182.98665,-193.22055,-215.65259,-226.28664,-232.56102,-237.11504,-242.1201,-251.94951,-258.16385,-250.67764,-203.59401,-166.98138,-151.96269,-154.64677,-161.22481,-166.73029,-169.53954,-171.11945,-181.24944,-194.63385,-200.15459,-202.39438,-203.09857,-207.50986,-201.308,-159.3601,-139.22705,-148.58142,-147.363,-160.73412,-172.2479,-178.92365,-181.81078,-185.23988,-194.62018,-200.38202,-206.83061,-213.99669,-219.27983,-224.67346,-229.0782,-233.30208,-238.29938,-239.12086,-243.83138,-252.57054,-259.43668,-267.55246,-265.66293,-251.24988,-221.34155,-202.63684,-196.74854,-178.6018,-175.30107,-183.16446,-186.69237,-197.25925,-203.59895,-210.29933,-214.85898,-188.96176,-145.61613,-120.07031,-124.28697,-133.90413,-139.41492,-149.67628,-156.37526,-169.5615,-169.82526,-178.45387,-185.47255,-192.81126,-197.09187,-199.32411,-204.05428,-209.83058,-214.79558,-228.93768,-233.99658,-243.78917,-250.65675,-260.92282,-270.3912,-248.54077,-177.01736,-128.12021,-114.46688,-126.57913,-139.49081,-144.81415,-158.21387,-160.27751,-167.95686,-177.14447,-186.03864,-193.89886,-199.68446,-201.4408,-205.5221,-212.84406,-221.59686,-223.73555,-226.16263,-226.84282,-231.48613,-240.59563,-246.15623,-255.79903,-244.29668,-196.91277,-158.0186,-144.02257,-154.44232,-157.47717,-159.56015,-171.03464,-179.246,-183.09836,-186.00417,-194.71942,-205.52173,-212.46667,-218.91661,-204.78009,-156.24677,-126.84901,-125.22492,-140.91083,-148.92775,-155.30911,-160.17635,-165.00226,-170.73732,-178.10522,-188.39594,-196.86174,-204.03073,-209.68018,-217.74199,-224.95287,-233.22575,-239.23392,-243.56087,-249.46135,-254.8754,-258.50513,-263.01877,-262.13443,-226.07828,-189.22458,-181.1085,-186.14456,-193.72208,-191.92365,-195.1217,-203.10999,-214.37065,-226.35437,-225.16437,-219.85384,-187.67569,-141.67761,-124.27605,-126.916664,-139.56142,-147.28716,-154.15778,-164.30446,-173.87228,-183.60452,-189.18898,-197.0782,-205.84239,-211.8541,-217.00737,-219.0968,-224.56154,-220.50018,-224.02864,-232.38211,-242.38998,-244.36234,-247.29495,-248.7169,-242.60323,-223.74182,-164.87117,-119.5534,-106.22402,-117.424644,-140.83781,-147.1391,-152.08246,-155.91888,-168.23329,-176.32225,-185.23085,-190.63057,-200.76979,-202.22163,-201.96284,-205.33977,-210.14748,-213.14168,-217.11182,-227.11053,-231.19789,-230.63383,-237.29962,-244.39319,-249.96825,-253.64726,-251.87543,-253.84976,-256.38928,-260.7457,-266.02658,-273.1894,-272.94736,-277.3191,-288.0769,-290.53854,-291.765,-295.85434,-297.92346,-298.45956,-300.4566,-307.24152,-304.70718,-298.17587,-301.2788,-304.53317,-309.46176,-310.0633,-286.2662,-263.86972,-257.34015,-263.67624,-275.82523,-283.75403,-291.1208,-291.60153,-269.48358,-248.10881,-215.7297,-195.64825,-197.98593,-196.74702,-206.75267,-222.78708,-226.072,-227.25381,-229.92569,-225.81042,-236.21497,-246.14915,-247.40593,-248.42285,-242.1312,-242.02106,-244.12822,-259.08783,-259.6989,-259.9903,-271.05847,-288.13492,-295.6188,-302.32663,-301.46652,-273.4319,-230.99998,-192.6484,-187.12543,-177.22998,-165.36896,-166.7936,-170.28922,-184.18301,-188.12613,-169.04886,-154.32642,-161.4422,-176.40237,-179.65634,-176.1354,-185.63573,-192.36746,-198.55954,-239.00372,-273.51395,-288.1616,-279.5945,-241.94576,-239.26414,-248.63896,-216.91869,-184.67252,-169.82646,-143.60309,-137.79149,-131.50499,-117.44947,-110.23775,-120.66108,-132.03145,-131.84836,-134.17937,-135.83017,-140.70132,-145.14201,-142.85425,-144.18318,-148.13272,-158.40042,-169.25937,-179.81003,-189.23209,-196.21272,-203.0387,-202.43356,-208.02853,-208.03368,-216.09177,-224.46086,-229.81374,-224.44214,-231.55917,-238.79721,-235.73734,-235.3603,-239.01903,-241.67989,-242.19403,-245.8223,-252.82744,-259.36957,-263.74725,-268.58218,-271.00824,-267.5201,-271.10373,-280.2824,-288.40857,-289.75452,-282.867,-287.95624,-291.08264,-290.27133,-290.23126,-299.82004,-299.68158,-277.08038,-208.59087,-184.34435,-170.76225,-162.9542,-160.82706,-150.0031,-146.46396,-150.71756,-150.4189,-171.81583,-192.1469,-226.821,-267.01498,-285.5909,-295.01474,-298.9238,-307.98657,-302.5785,-261.94922,-239.20894,-236.35754,-243.22093,-246.10971,-239.88118,-236.43913,-229.35442,-225.97473,-225.35493,-229.11732,-188.53915,-164.47345,-165.9931,-161.2559,-168.76736,-175.77197,-173.32782,-166.97185,-174.59985,-189.6252,-199.51732,-208.78754,-221.72398,-240.4906,-267.5949,-288.8923,-299.62997,-302.29318,-282.8885,-263.08917,-260.12704,-227.97343,-211.79202,-203.0468,-179.00162,-152.88509,-132.9412,-117.72651,-110.68536,-109.44771,-110.94674,-117.903625,-120.68996,-120.40996,-115.53213,-123.20909,-128.29747,-132.26738,-140.39383,-148.83275,-149.83563,-145.96275,-155.3996,-169.54677,-178.56085,-181.28181,-185.93309,-193.15857,-202.92284,-207.46257,-208.91055,-216.44508,-224.08788,-229.12569,-233.87415,-235.4161,-239.6269,-245.62361,-250.9646,-255.78276,-260.54364,-262.78757,-262.87845,-258.6189,-264.09842,-271.39322,-260.8477,-211.09572,-189.92528,-215.6764,-240.86534,-231.224,-172.26399,-157.33432,-177.4226,-199.26268,-220.77036,-221.12405,-195.03307,-173.5226,-181.5031,-199.7956,-211.82326,-217.94801,-225.87263,-220.16032,-203.59584,-200.06107,-195.56194,-190.59206,-188.60805,-185.78972,-186.36794,-192.9643,-211.42374,-233.68602,-241.65292,-237.39102,-242.21162,-252.73047,-250.64368,-246.19218,-245.94623,-244.34618,-196.14278,-168.26357,-180.01004,-207.12825,-215.18121,-206.34561,-203.6759,-204.98514,-205.14348,-204.60063,-210.6766,-215.39096,-223.9381,-232.87192,-238.17188,-237.34142,-240.06934,-249.37128,-251.22269,-248.60995,-244.15222,-242.43178,-242.67038,-238.8626,-232.21976,-222.02591,-210.67697,-209.12521,-201.07274,-161.50009,-145.94498,-146.76266,-143.36389,-142.30998,-146.85449,-146.6385,-154.485,-152.4201,-152.89397,-158.5279,-157.046,-143.68741,-146.12392,-158.98395,-161.1351,-159.11798,-160.52565,-158.52795,-161.40439,-177.33704,-215.23085,-225.61797,-209.00073,-182.96379,-168.94351,-148.55537,-141.40405,-150.6845,-155.44057,-162.98392,-162.7459,-160.17189,-162.40958,-168.93652,-167.93102,-156.9339,-139.31166,-142.4759,-149.64442,-142.83957,-148.29042,-151.17253,-154.92917,-161.67311,-172.04851,-166.39961,-156.51778,-159.7585,-169.9522,-168.94293,-167.28,-165.23407,-166.69107,-173.77649,-171.35439,-164.62161,-156.30733,-156.62592,-156.42348,-150.91376,-147.97603,-152.86072,-143.25722,-136.87596,-138.35442,-135.16148,-133.31122,-141.4189,-145.91298,-142.89525,-141.46231,-143.81952,-151.69807,-140.83362,-130.98528,-123.08617,-126.16419,-137.43399,-138.38394,-140.87038,-147.01286,-144.58597,-152.13647,-165.30751,-167.98132,-173.0157,-173.38315,-166.87636,-161.49718,-163.7942,-166.0175,-163.59647,-167.8623,-165.75148,-170.81113,-171.93057,-170.93633,-162.23233,-144.50372,-134.42683,-126.957924,-124.74013,-133.02444,-138.94339,-142.2787,-145.4303,-149.57974,-152.71832,-156.97047,-169.73128,-175.99933,-189.75748,-195.13158,-197.82481,-206.21448,-213.69633,-225.47867,-232.44453,-235.40889,-243.94463,-242.06592,-234.55167,-199.77838,-160.55374,-148.68495,-142.30452,-145.86913,-155.25864,-168.49097,-183.64001,-187.44006,-196.02087,-209.08945,-212.56659,-214.97543,-217.12917,-210.17154,-188.38269,-169.247,-168.36348,-176.88885,-189.08281,-197.98895,-209.45058,-218.56134,-225.77202,-231.90033,-226.33762,-204.47314,-175.79912,-165.93373,-168.24046,-158.84679,-158.71925,-158.0742,-159.83368,-153.31458,-144.67932,-140.48813,-146.06522,-144.08258,-148.88272,-145.55243,-130.26454,-129.83456,-136.73999,-139.63841,-140.37817,-136.10635,-134.00264,-150.13174,-162.91241,-169.4959,-160.47658,-129.17996,-113.14654,-123.253395,-135.50127,-144.87512,-150.12827,-157.32175,-159.08508,-155.92467,-160.5946,-163.89267,-170.35472,-183.15067,-192.81534,-191.55956,-198.16898,-211.95184,-227.10742,-233.71402,-235.42836,-237.82137,-234.2089,-229.5093,-224.46799,-198.0615,-146.55824,-119.71274,-120.01072,-123.28773,-128.95982,-132.48878,-147.89781,-163.4556,-173.5061,-168.677,-162.97083,-158.78192,-156.95096,-151.0656,-147.26042,-148.8639,-147.80063,-149.28912,-162.37242,-165.19487,-167.31157,-171.0895,-170.825,-175.42834,-171.93463,-152.15417,-118.310524,-109.9943,-126.84852,-149.38634,-154.76418,-151.84572,-159.1916,-161.27086,-176.12885,-173.60379,-160.67296,-139.98093,-136.2865,-151.41536,-176.22787,-162.6737,-165.7254,-171.02293,-179.14545,-193.94643,-195.41559,-194.30511,-194.71442,-189.11856,-173.62953,-151.13191,-132.68565,-128.64128,-128.36322,-132.70602,-137.2312,-143.68835,-143.30467,-145.39688,-148.94974,-143.42575,-146.66263,-145.18866,-142.26112,-133.8159,-142.43364,-152.70525,-149.31044,-151.74245,-152.208,-144.21745,-146.22958,-142.83348,-136.60713,-130.22354,-130.55783,-130.24419,-117.65994,-114.16481,-127.270584,-135.70921,-141.99345,-150.10558,-154.64966,-159.82736,-162.22777,-159.39502,-153.16322,-150.8818,-151.99316,-149.71945,-154.78824,-156.58313,-158.97356,-156.82283,-153.41716,-168.3778,-183.95622,-178.29565,-160.24379,-135.17772,-135.87296,-150.42479,-160.45435,-163.66418,-166.47528,-169.0371,-170.51213,-171.00337,-175.32588,-182.89305,-183.9437,-188.5409,-189.4686,-199.32655,-204.65622,-207.65245,-214.30376,-215.49852,-215.52301,-221.21669,-226.18333,-222.66498,-183.47585,-150.19437,-139.88155,-150.66754,-164.47166,-171.37115,-180.74918,-182.79875,-190.41573,-199.79445,-207.76382,-216.84346,-209.59686,-209.1226,-207.49976,-182.33614,-175.7345,-190.12138,-200.46211,-203.96577,-212.42892,-220.21698,-231.68642,-236.42877,-242.66714,-249.14178,-246.46022,-229.52512,-214.60342,-217.93015,-209.1538,-204.67792,-196.14453,-188.50641,-194.17783,-195.60747,-204.58743,-209.87392,-211.48764,-206.52252,-198.23444,-197.37808,-201.41808,-214.91743,-223.35873,-232.3332,-239.33083,-247.4804,-251.14854,-250.55014,-239.71964,-211.10527,-179.92928,-173.38654,-184.98839,-190.51991,-188.36101,-181.61371,-187.804,-195.96642,-196.1226,-189.84656,-180.24399,-181.1202,-186.07642,-188.14845,-178.38707,-166.75943,-170.58485,-176.84804,-179.854,-176.90706,-199.4204,-238.87015,-259.33472,-237.36423,-197.59032,-170.39679,-162.25438,-177.85835,-181.59338,-169.92667,-157.63058,-158.67409,-171.22516,-191.28432,-195.55214,-205.40839,-211.49849,-214.35263,-213.18414,-217.50302,-212.92719,-214.02992,-215.75475,-217.39114,-215.62048,-217.48033,-216.75214,-219.4682,-220.45215,-220.23953,-186.21301,-176.23734,-183.18536,-202.662,-204.74852,-205.4522,-208.50269,-214.00017,-212.36578,-214.15492,-223.07367,-230.98158,-210.76486,-190.36913,-186.5632,-186.97174,-198.08675,-209.47801,-218.61018,-219.04634,-222.94711,-226.85309,-232.90083,-226.66591,-218.22086,-216.81235,-213.19345,-215.21278,-214.45828,-217.94319,-222.55795,-222.11469,-227.74788,-230.25983,-230.36221,-233.32288,-226.1595,-212.2631,-205.29045,-202.06873,-204.54851,-209.22603,-207.07454,-207.05038,-205.34093,-206.12863,-207.28699,-205.68576,-197.94855,-175.4793,-162.31438,-167.96492,-178.50974,-175.96428,-174.54938,-180.1001,-182.70398,-194.84291,-204.65968,-200.50623,-195.84921,-194.61975,-195.43176,-190.78763,-191.08286,-185.80788,-190.14824,-194.5597,-197.26604,-207.26334,-209.43918,-204.2152,-195.90561,-183.11458,-170.09761,-170.5307,-172.55017,-169.01003,-168.91968,-172.95987,-181.68488,-187.18987,-189.37804,-200.62756,-209.6678,-216.8738,-224.5358,-233.70483,-240.45518,-245.86038,-256.52374,-267.341,-270.188,-273.92603,-288.9056,-297.34097,-284.20807,-241.83475,-180.20482,-158.10724,-169.59047,-184.82748,-198.48753,-214.20877,-220.54333,-228.88184,-235.09686,-243.42819,-246.51993,-255.5074,-260.79092,-245.95943,-197.26526,-174.37964,-184.14409,-211.2438,-229.75461,-243.49915,-252.43729,-254.58902,-260.08377,-254.74492,-255.32698,-254.93323,-259.04388,-261.32602,-268.84036,-265.43427,-262.51447,-263.1084,-256.5379,-251.43904,-249.1131,-243.18225,-234.40613,-236.99826,-231.99007,-230.75871,-233.76175,-241.76405,-240.40346,-239.01038,-248.16374,-257.47577,-266.6326,-276.5382,-272.38638,-217.77965,-177.95158,-175.8169,-186.32808,-192.4084,-192.03638,-186.63033,-187.44739,-188.93039,-198.41637,-212.03383,-211.51125,-198.95833,-188.24313,-184.15956,-188.19756,-194.10468,-199.91653,-208.84566,-213.72704,-237.79305,-282.226,-314.04968,-307.93323,-254.4663,-214.216,-207.74829,-210.79645,-213.14526,-201.21098,-183.41304,-182.11926,-184.79675,-184.79219,-184.90314,-183.49455,-180.81245,-180.20174,-180.37973,-184.08475,-188.52226,-194.8347,-207.54793,-224.31944,-242.12909,-249.99367,-263.29034,-271.634,-256.50012,-231.53423,-183.81923,-157.41977,-159.72414,-172.50233,-182.33243,-195.93288,-204.13129,-210.5741,-214.64993,-218.5821,-226.74977,-235.79443,-233.87196,-209.77913,-183.14905,-185.4047,-193.64471,-203.7478,-209.81909,-215.95851,-226.59216,-231.75772,-236.01389,-250.95618,-260.70483,-243.7893,-238.50291,-242.34009,-231.24734,-203.41022,-188.14888,-175.7482,-166.24315,-154.78493,-153.21533,-158.9406,-171.30261,-190.07405,-201.38551,-189.769,-193.31436,-204.47095,-212.41061,-223.58699,-226.76784,-225.6583,-227.76884,-229.82831,-223.35075,-175.42044,-162.49915,-171.7068,-163.82655,-174.7235,-167.51035,-157.04283,-161.31143,-157.0501,-157.99023,-165.88779,-162.52654,-151.80399,-151.86748,-162.37144,-168.87343,-174.60277,-191.88818,-222.61551,-248.0491,-258.84894,-265.57495,-277.2773,-276.63022,-245.05502,-214.29115,-183.02301,-166.205,-165.91493,-170.22266,-178.80429,-167.01923,-141.72713,-140.23227,-144.38765,-146.13298,-143.3532,-147.50218,-151.08405,-160.32852,-166.16705,-170.12184,-174.36386,-183.96797,-194.74629,-198.49278,-202.92192,-211.3037,-216.13411,-205.02818,-172.4256,-143.13062,-138.03961,-141.48181,-154.85411,-161.99191,-176.9898,-185.79701,-187.34042,-191.51062,-200.51274,-202.75436,-206.84344,-204.96843,-205.80739,-190.24734,-168.69406,-169.51538,-178.85449,-192.17293,-197.94695,-210.80318,-217.87837,-222.40614,-226.45213,-214.75856,-208.59055,-198.49847,-195.4353,-196.24367,-195.44179,-189.45477,-180.61325,-163.80508,-155.42833,-156.67165,-151.85197,-151.33008,-146.92886,-150.44427,-148.7438,-148.59515,-154.72876,-174.99216,-187.35367,-195.4827,-204.41544,-207.3244,-205.54472,-205.0706,-194.10542,-154.36142,-143.75911,-152.93047,-167.3553,-170.3893,-173.03447,-175.8557,-175.60217,-180.1759,-183.16646,-187.51158,-189.7329,-188.39427,-193.61057,-187.73085,-183.14227,-187.04538,-195.1872,-201.70207,-210.0228,-209.40051,-204.9365,-192.86566,-182.49039,-176.46388,-177.5579,-161.45094,-158.24945,-171.09776,-164.36018,-142.59503,-138.62993,-143.02043,-141.28923,-141.37231,-143.4526,-145.57106,-147.67384,-152.83368,-151.38606,-147.16786,-148.59946,-149.24379,-151.40167,-154.57361,-170.53954,-210.91954,-222.8272,-221.31885,-203.0724,-165.06438,-141.77948,-141.24355,-147.48193,-144.11673,-141.17455,-142.73592,-145.24747,-151.80072,-160.08374,-155.14,-151.70511,-159.01787,-176.94485,-166.98705,-151.72377,-148.57231,-157.24971,-165.72887,-169.1497,-164.96906,-171.78246,-175.08765,-174.32092,-167.10768,-157.57085,-159.83865,-167.04515,-167.1094,-161.76875,-159.46423,-163.74797,-169.09782,-173.7881,-173.62505,-177.63501,-180.52217,-172.10942,-169.95941,-160.65607,-155.85242,-159.78648,-166.54369,-169.26823,-168.78888,-162.15697,-166.90005,-172.26176,-170.62596,-148.05292,-135.46846,-134.16806,-139.4578,-147.66971,-150.55199,-156.17802,-157.27591,-168.18515,-171.88567,-173.4396,-175.44211,-174.92609,-171.91302,-163.9951,-162.13716,-163.81929,-165.71762,-172.71562,-167.6926,-169.11514,-176.02083,-176.59732,-175.82324,-160.5537,-147.02055,-132.38533,-120.74025,-138.18005,-150.88844,-147.98152,-143.79233,-148.33022,-151.81058,-161.6841,-171.08356,-177.27596,-186.20363,-191.34683,-192.7201,-198.80093,-199.89555,-205.07924,-219.29378,-231.04753,-234.63884,-237.62247,-241.6483,-237.79454,-208.02686,-172.21382,-144.7508,-142.26271,-151.81961,-158.00298,-164.33179,-179.14165,-188.43234,-193.18904,-201.59276,-207.64793,-217.1504,-226.55072,-219.73334,-187.25693,-175.02243,-182.65562,-189.39015,-199.67863,-206.28517,-211.13792,-206.37358,-198.83513,-183.05373,-169.8205,-166.4882,-161.60544,-159.56071,-160.64346,-156.5684,-146.86072,-143.21873,-140.80583,-140.64607,-146.95782,-153.67195,-151.58347,-157.43561,-156.03387,-153.16403,-147.57362,-151.30908,-158.1627,-162.22282,-170.46432,-179.25546,-192.44995,-190.22807,-182.89043,-161.41046,-126.676834,-120.728966,-125.81493,-130.50177,-129.5915,-122.88234,-133.37128,-140.79869,-144.95685,-142.50826,-146.7936,-160.4321,-179.73099,-192.53922,-193.27113,-190.00305,-190.90251,-201.48564,-210.17027,-215.22853,-217.7424,-225.01097,-227.07124,-225.30013,-203.94916,-159.42094,-121.02569,-117.73141,-121.04217,-125.01448,-136.29889,-141.56444,-146.4647,-143.96478,-149.36966,-159.5519,-158.41571,-156.56068,-153.4055,-150.02776,-162.33763,-161.84242,-159.95908,-168.63065,-169.72401,-176.0329,-176.11647,-174.5483,-161.2695,-136.18709,-114.61735,-111.62572,-119.86422,-121.20157,-133.51463,-142.20259,-142.7069,-130.54463,-131.62277,-139.92162,-139.61761,-147.4012,-139.10541,-131.42976,-141.34952,-152.9586,-160.16603,-175.79982,-190.91719,-200.16084,-209.02696,-207.61475,-207.87897,-213.28801,-204.5965,-192.67088,-156.78159,-141.03055,-147.67493,-149.47319,-145.69496,-142.86288,-142.4969,-147.47192,-152.63448,-157.74626,-164.84464,-161.83362,-149.51883,-148.09183,-148.75258,-149.88109,-158.07411,-164.28415,-160.50964,-152.60674,-154.47765,-153.05894,-145.94197,-130.5768,-126.04537,-118.48946,-112.22602,-115.08385,-119.43767,-123.36033,-131.91335,-148.415,-159.86864,-164.01561,-167.98589,-168.95168,-173.96075,-180.31512,-175.28375,-168.2579,-169.75204,-169.717,-176.12778,-179.14082,-177.03946,-183.66527,-193.75568,-183.10263,-167.32993,-152.82915,-150.41838,-158.36438,-158.7365,-154.63342,-158.6882,-162.97824,-170.53305,-176.84976,-180.73245,-189.10782,-197.70676,-202.04147,-208.10878,-213.17245,-224.40553,-230.76653,-236.71124,-246.16098,-246.85825,-252.40826,-255.23457,-249.17635,-213.35915,-162.34805,-142.55034,-150.63995,-162.35667,-170.36273,-184.80208,-190.4082,-198.58725,-216.49301,-221.53964,-223.54419,-225.51575,-213.7745,-203.53967,-197.94838,-191.32098,-184.47221,-184.75664,-202.2368,-213.27733,-215.21278,-223.245,-232.09949,-236.71912,-233.55533,-235.61835,-229.84848,-225.57483,-224.69452,-215.346,-200.28128,-194.19899,-192.75482,-187.68909,-202.6513,-224.99254,-232.67683,-228.00102,-205.49638,-185.53098,-191.12354,-197.29384,-207.97127,-222.18439,-233.75554,-237.7943,-243.32898,-245.82245,-213.63669,-181.77538,-180.17917,-182.31926,-189.1843,-189.35434,-177.13686,-173.07274,-175.47514,-182.11852,-185.9071,-186.74861,-177.9211,-175.47137,-173.22838,-179.36156,-174.45502,-171.11375,-184.21832,-203.42749,-212.68964,-236.2142,-259.33752,-273.55655,-257.98914,-200.29837,-168.60233,-172.10141,-180.33311,-175.9633,-162.56107,-163.7955,-174.98024,-180.75873,-178.7459,-173.40804,-173.45848,-182.85283,-185.12384,-185.84845,-188.04616,-188.2055,-195.01242,-199.1597,-195.91432,-196.60512,-197.92708,-205.19795,-210.57767,-217.76546,-199.47812,-175.40976,-185.88194,-202.72156,-207.33238,-205.01682,-203.02974,-208.01456,-212.87756,-213.91145,-214.34998,-210.57681,-214.43022,-209.09167,-201.19617,-189.68195,-190.67348,-197.42111,-204.0288,-208.88385,-218.52863,-227.4036,-225.85515,-226.28401,-220.9603,-216.79253,-208.50877,-206.2353,-206.55647,-216.91833,-222.8112,-224.89517,-227.5533,-231.12177,-232.6875,-233.33427,-230.21255,-216.47005,-210.11601,-213.57175,-211.4157,-209.02428,-214.12833,-217.89935,-219.3436,-224.56187,-225.53603,-227.1875,-196.70227,-186.73904,-190.91325,-185.79489,-180.35066,-180.86641,-185.58359,-195.78096,-209.2255,-218.85847,-218.49742,-227.86945,-236.33296,-241.09096,-235.13757,-219.90593,-214.32556,-227.52441,-241.11784,-250.86392,-258.6338,-258.22266,-267.0209,-274.21124,-266.60147,-248.89659,-230.07724,-211.85797,-213.7374,-224.04434,-232.95288,-242.19177,-251.06651,-253.56094,-262.56665,-271.00543,-268.83313,-249.84021,-247.01764,-260.5829,-264.25717,-274.45657,-281.3024,-288.69455,-302.1254,-303.98413,-313.92343,-264.21625,-234.03076,-228.11163,-200.29373,-169.69388,-165.29646,-187.17123,-204.42116,-214.60858,-228.1283,-236.56387,-246.52278,-253.52756,-229.29762,-211.7744,-203.94014,-199.44923,-209.62024,-205.52728,-201.22371,-211.00581,-224.43231,-233.23721,-243.0506,-247.43929,-245.52983,-257.87823,-257.55566,-249.15056,-245.55608,-254.44087,-267.1328,-273.60037,-278.77,-282.26163,-275.20398,-256.68762,-251.99384,-257.47327,-259.89023,-264.60904,-254.56659,-232.82216,-230.42993,-243.61397,-248.40707,-252.05154,-259.52734,-262.55222,-243.92487,-201.76767,-185.76936,-181.98093,-187.79617,-199.53447,-210.36658,-219.37822,-229.53305,-245.00938,-254.85141,-257.75348,-245.01949,-232.97873,-224.29631,-225.89929,-232.94373,-239.04063,-245.25224,-265.0977,-289.31473,-307.45972,-311.36713,-309.12964,-268.38303,-194.14185,-146.34816,-137.89268,-137.5969,-136.75354,-136.64165,-135.6296,-150.92967,-156.93527,-155.44397,-149.8503,-156.85658,-163.11086,-148.57701,-148.2319,-160.12648,-161.10408,-153.19168,-147.94049,-154.17021,-172.03781,-176.86848,-172.88405,-171.22086,-157.05014,-143.10474,-137.04634,-123.610306,-120.95429,-129.25482,-136.32973,-139.05206,-143.81776,-150.60562,-158.83383,-157.99283,-157.36147,-156.95558,-160.60197,-161.06946,-165.00746,-158.27283,-141.8356,-125.839455,-125.71626,-150.75029,-181.77957,-198.31253,-189.51631,-172.49016,-143.49252,-119.89724,-115.98481,-123.59809,-134.23824,-138.39812,-134.39545,-139.82024,-152.43909,-157.55948,-163.71696,-164.92358,-158.9659,-154.33049,-145.19917,-137.18158,-145.6246,-153.56883,-153.8586,-154.74817,-164.78047,-172.59941,-172.41525,-180.8574,-175.60611,-154.61423,-147.74615,-137.69214,-135.62106,-140.61288,-137.5596,-139.87698,-144.73186,-152.97739,-150.52449,-150.42645,-150.58273,-147.35646,-155.1443,-151.19008,-145.27782,-137.04292,-122.28664,-120.06973,-139.58961,-165.58015,-184.8954,-193.1852,-191.12453,-167.6935,-142.1677,-123.39558,-122.94927,-141.36707,-151.27654,-151.10306,-154.73517,-157.83412,-161.84464,-165.88406,-164.4287,-160.42169,-155.40324,-137.35326,-128.75325,-134.23822,-134.06244,-133.30865,-138.04782,-145.42249,-151.61809,-168.44928,-174.92503,-175.72519,-164.4185,-148.79216,-136.3014,-135.9961,-146.49825,-150.60234,-144.05482,-142.41617,-146.54314,-147.5667,-155.27022,-155.74742,-155.8956,-139.51791,-137.10959,-147.20198,-145.85474,-153.52861,-152.41718,-151.15166,-155.7938,-156.82289,-156.73439,-152.38365,-148.50438,-138.10341,-123.15,-119.16437,-129.04472,-146.88925,-163.86401,-167.8122,-167.4667,-185.55264,-200.5834,-206.14368,-206.90892,-208.52951,-213.86139,-210.01546,-205.4784,-206.23203,-202.52472,-198.28702,-187.46002,-185.24454,-193.11584,-196.55896,-201.80095,-194.60287,-183.04225,-170.04753,-168.76694,-169.66292,-178.13335,-189.9258,-204.76253,-215.3199,-215.28091,-219.78548,-213.39163,-208.21834,-199.31775,-187.93996,-168.58241,-157.82753,-165.60413,-175.14513,-176.56639,-175.03004,-178.27872,-181.71284,-184.78577,-181.12082,-174.12036,-162.86862,-163.9262,-173.36015,-172.89539,-173.17189,-169.38278,-170.19968,-173.12596,-170.80063,-168.22847,-166.64241,-170.7928,-172.73854,-174.78018,-176.55078,-184.41652,-181.64497,-183.87282,-190.82164,-194.5548,-200.25247,-205.48866,-189.56282,-158.89775,-136.8484,-143.78368,-154.5203,-162.13252,-155.40274,-150.28972,-158.0166,-161.33998,-159.64201,-155.84566,-162.24425,-164.16023,-153.26456,-153.34854,-164.523,-161.21562,-153.2638,-147.85599,-145.59563,-155.53864,-185.81963,-210.37122,-214.37402,-187.06966,-147.69681,-126.49514,-125.913795,-134.49701,-143.33846,-159.2245,-170.95523,-179.46996,-183.3825,-185.916,-181.42314,-180.67586,-186.76768,-178.13867,-172.47383,-180.13846,-186.67625,-182.94719,-186.06921,-199.69832,-206.5359,-207.8513,-211.05182,-183.04256,-166.37071,-171.48917,-163.76929,-156.80232,-160.90813,-159.89499,-159.47382,-158.725,-159.91504,-158.00433,-159.60294,-155.33907,-157.64102,-149.75652,-144.43427,-136.99333,-146.6714,-173.4954,-178.51474,-185.0521,-189.14345,-196.85529,-208.62524,-202.83502,-177.6493,-162.45354,-167.21645,-176.34843,-182.08482,-188.83711,-195.98001,-191.28629,-188.75996,-190.8028,-185.54837,-183.90788,-183.39978,-177.90318,-171.12288,-166.13022,-162.7106,-160.0159,-163.54419,-167.9497,-167.60371,-175.89943,-181.72263,-188.05605,-178.09998,-163.10461,-160.63974,-165.56993,-184.68465,-197.89201,-208.97348,-203.33316,-206.03233,-215.92229,-219.07121,-220.52457,-221.2283,-203.09023,-175.73126,-156.2669,-161.06793,-172.82594,-177.65965,-184.15898,-190.04103,-196.50676,-201.45044,-189.22037,-184.26678,-183.9789,-174.21999,-162.49632,-165.73543,-178.81888,-185.94728,-189.15897,-199.67009,-212.04666,-222.69205,-223.34259,-212.09741,-209.07198,-201.92435,-190.36566,-193.17342,-201.15097,-198.80093,-206.44067,-212.37816,-223.28998,-215.13063,-198.10916,-184.18915,-166.0327,-161.31601,-171.26093,-178.77374,-195.01634,-216.93672,-225.94687,-228.61697,-245.6469,-255.00017,-241.73099,-238.74646,-247.31227,-231.84093,-216.87827,-222.56212,-240.67372,-258.8436,-273.18658,-285.36722,-297.11658,-278.46948,-268.4164,-239.85059,-188.36806,-155.48427,-147.89029,-148.74,-147.23152,-144.7465,-133.10788,-131.19502,-133.87349,-138.16756,-143.63849,-143.40834,-148.04439,-157.17062,-167.09001,-174.59415,-169.9649,-168.02008,-175.2976,-183.96057,-189.83232,-195.16391,-194.61629,-177.42465,-154.49478,-137.75725,-130.40504,-128.50041,-124.54063,-131.54684,-143.48454,-156.69383,-160.84325,-156.2404,-150.61424,-151.0759,-154.57466,-149.86868,-148.6878,-154.81987,-147.59448,-139.08455,-138.4107,-148.53131,-163.53813,-177.08693,-196.22903,-189.41722,-156.17278,-128.93918,-124.30718,-122.14533,-119.28287,-126.77371,-137.93521,-138.38985,-137.09695,-140.85098,-150.50156,-161.76228,-168.28786,-161.45964,-161.79056,-158.09096,-150.94104,-156.51587,-166.25002,-171.33711,-179.37752,-184.11102,-191.47812,-189.5441,-177.90712,-170.39691,-158.45389,-165.30661,-169.34393,-160.77454,-159.58604,-158.68315,-154.8988,-154.96848,-155.26027,-154.23056,-159.4158,-164.1564,-158.4173,-150.21255,-145.94403,-139.62599,-132.92769,-127.63968,-132.74028,-140.95097,-167.3048,-189.54332,-195.273,-182.03487,-161.59064,-146.24084,-131.45424,-135.8015,-143.4669,-155.61179,-158.95874,-161.05283,-163.69846,-162.09671,-167.49374,-170.05197,-156.56038,-145.76074,-142.22853,-136.55908,-141.627,-147.81459,-152.73927,-156.6925,-163.91887,-173.63292,-184.5917,-193.75195,-184.36336,-162.85655,-150.21289,-157.18158,-160.36319,-176.58641,-179.17484,-176.71494,-182.21983,-188.64738,-175.92613,-173.17851,-176.35818,-177.01624,-158.61086,-149.99405,-154.31006,-162.78365,-166.985,-161.36865,-159.3155,-168.7953,-175.88731,-163.81406,-146.84854,-130.82828,-134.19925,-137.44707,-145.3508,-162.12244,-172.8571,-169.48213,-176.13217,-184.3345,-185.42554,-189.99872,-200.8381,-193.78294,-178.61656,-169.22346,-175.10104,-178.86287,-181.47237,-178.58752,-181.48528,-190.15007,-190.0068,-192.74945,-180.01953,-168.27419,-172.76605,-181.67294,-188.34477,-192.21754,-199.84868,-208.9431,-216.70717,-219.54211,-219.76418,-226.68413,-227.17744,-220.06148,-208.41425,-206.7898,-205.54073,-205.86028,-207.7864,-208.8337,-212.01836,-211.61821,-203.63995,-194.27435,-176.96533,-171.36757,-173.12369,-178.29607,-182.48672,-180.1673,-160.78334,-151.05714,-150.64552,-153.86076,-158.00304,-162.45625,-166.81396,-176.94539,-176.14345,-170.90088,-169.55696,-169.38225,-178.92464,-189.5579,-195.05273,-198.60959,-202.77151,-208.08247,-185.87622,-142.5017,-130.99434,-139.90457,-146.30339,-149.02275,-155.61021,-163.19644,-166.30771,-165.79056,-165.00629,-164.57204,-166.23274,-173.05003,-159.81845,-156.61707,-161.47334,-152.26593,-148.13725,-157.39604,-172.35443,-201.5467,-221.65866,-217.14496,-195.61122,-152.66385,-128.38506,-126.45625,-136.81725,-141.25343,-146.08565,-154.62207,-158.94891,-165.29393,-170.72684,-174.607,-176.56958,-182.38885,-185.79907,-176.57965,-166.8546,-168.52605,-175.6712,-187.03146,-185.89165,-196.79985,-211.69046,-218.9845,-213.59038,-186.4074,-163.71184,-163.17036,-163.05339,-156.60313,-154.83717,-161.64902,-169.29553,-171.76544,-165.59016,-162.05017,-158.50305,-154.88702,-146.27637,-144.45,-150.90506,-155.72353,-169.06842,-175.90123,-184.04022,-194.00488,-201.39182,-206.5031,-209.74956,-207.5714,-197.77313,-199.525,-202.15425,-202.85506,-199.07973,-188.93132,-189.60051,-193.14622,-200.99657,-207.21323,-211.74222,-210.5356,-209.54626,-196.7338,-173.92125,-161.44368,-163.61151,-165.40614,-171.28358,-177.73378,-182.53807,-188.30319,-198.11258,-201.77277,-183.26564,-162.91281,-165.58171,-185.46533,-197.28003,-206.43213,-211.4479,-206.19739,-211.82776,-221.44475,-223.49149,-224.0014,-224.07137,-195.70634,-160.08847,-167.37848,-181.32455,-189.20493,-187.58951,-181.32603,-187.28835,-194.87685,-201.1801,-198.70477,-182.10658,-175.15312,-173.78445,-176.09511,-188.9994,-200.74237,-203.45042,-201.21506,-205.55713,-215.47093,-223.62569,-234.47707,-222.34975,-206.46486,-199.86533,-200.4175,-208.61508,-212.7697,-209.47786,-209.1746,-213.55833,-222.195,-230.59363,-219.70346,-182.26471,-163.18425,-164.30574,-168.87704,-183.00012,-187.01093,-198.064,-210.97945,-216.74574,-231.74695,-239.95235,-230.86224,-226.56873,-215.59627,-205.21774,-202.53322,-207.04443,-216.43452,-225.96635,-236.8481,-248.65512,-262.49228,-276.21292,-261.63937,-217.48889,-182.30731,-171.58475,-174.95163,-175.66425,-176.94496,-174.34177,-181.72195,-181.83516,-178.54097,-181.1842,-180.83664,-184.25189,-179.2274,-186.98961,-201.86017,-206.10194,-213.67607,-209.93001,-202.7774,-207.19597,-206.72118,-205.8388,-207.43213,-198.69904,-170.89757,-151.14296,-149.88408,-160.9838,-178.02429,-169.07431,-155.07729,-133.13724,-116.78972,-121.24259,-127.52762,-145.57573,-166.74855,-176.27206,-164.0524,-162.39351,-165.47397,-172.11137,-174.24794,-171.18707,-176.51929,-182.0657,-183.78207,-169.12201,-153.33797,-151.23492,-154.38951,-157.92146,-171.01389,-180.87401,-177.64804,-155.89342,-142.98582,-136.06995,-130.33336,-135.001,-150.45805,-161.10709,-168.65877,-178.36508,-192.76225,-211.13878,-209.27296,-211.06407,-185.89441,-163.59836,-157.0641,-162.34383,-165.25203,-161.40634,-167.02586,-176.31505,-184.62767,-186.19301,-182.76031,-176.7307,-169.59708,-166.59436,-155.80435,-147.55135,-148.13574,-150.96886,-148.27354,-157.80917,-177.07307,-179.4128,-163.69576,-169.95836,-176.71461,-178.29547,-180.00343,-180.51784,-167.5353,-161.85208,-157.59468,-156.32655,-156.81429,-159.6881,-164.83466,-165.50394,-168.16956,-169.12262,-165.90723,-169.59494,-173.02333,-167.83305,-143.62337,-126.32283,-125.55862,-136.95145,-148.63495,-158.36057,-176.58781,-190.83394,-198.97736,-210.60677,-213.95052,-210.91359,-193.62729,-178.40405,-184.19864,-187.86974,-181.31049,-186.63324,-189.46059,-186.86789,-193.17865,-196.64996,-205.93596,-214.22194,-193.46399,-169.0771,-164.92365,-176.04427,-177.30496,-151.94958,-133.29134,-128.04019,-139.07741,-157.50479,-150.76164,-145.46631,-155.45076,-175.5036,-189.00931,-190.70282,-186.3556,-190.15613,-193.51991,-162.48679,-132.19289,-122.30843,-130.44293,-137.3528,-138.5788,-145.6647,-156.85403,-169.22911,-183.42554,-190.4045,-194.44362,-194.4545,-181.05649,-158.11333,-152.5025,-151.73555,-136.18716,-133.97685,-152.06813,-155.58044,-154.56187,-160.79886,-157.94434,-158.50424,-161.64064,-157.848,-153.31233,-162.07147,-168.62651,-156.73454,-154.71603,-159.05104,-164.94734,-165.07333,-166.89383,-177.31615,-199.34123,-223.99118,-221.16087,-200.06232,-175.98865,-168.52274,-166.21577,-170.76443,-176.56696,-170.29697,-157.44824,-150.88545,-140.29492,-132.83888,-142.33786,-161.38416,-179.24844,-203.02554,-206.33914,-202.50218,-188.51396,-185.45001,-191.62546,-198.38402,-204.28001,-207.57411,-212.15422,-205.84822,-176.14108,-152.98418,-153.1999,-146.839,-131.84723,-138.11095,-145.91154,-147.30647,-153.57573,-171.79478,-197.42685,-209.68297,-205.65538,-188.84084,-190.24042,-206.5757,-197.55806,-158.73938,-135.1515,-137.68683,-158.88661,-188.46843,-211.18117,-219.1776,-203.8824,-183.80707,-168.90227,-154.57018,-129.03258,-114.267296,-115.43395,-120.714745,-126.79731,-146.63377,-167.50836,-173.43958,-189.88113,-205.37952,-212.40587,-201.2354,-145.75821,-119.57381,-126.21718,-130.71361,-142.00827,-175.87299,-207.43126,-197.23074,-179.33891,-161.11671,-156.35876,-165.22488,-170.47076,-152.79893,-139.19502,-131.7799,-140.39616,-157.1724,-166.59859,-181.47102,-188.60635,-192.76866,-182.2512,-166.74826,-156.6883,-154.28859,-159.89697,-164.18967,-167.6687,-158.61192,-158.50874,-167.75513,-171.71367,-176.47748,-189.0775,-197.45357,-187.46945,-189.73927,-183.6431,-171.3922,-174.12498,-177.44147,-184.18384,-182.14273,-172.30954,-171.583,-161.12088,-146.48534,-131.60542,-136.0295,-148.72704,-156.59412,-164.1901,-161.7847,-173.01955,-184.74713,-191.4666,-194.95055,-172.49338,-140.21207,-130.40778,-138.4807,-145.95578,-152.76778,-163.89905,-176.0913,-195.90329,-212.19762,-222.29892,-231.82796,-227.46182,-197.85446,-161.36076,-136.31099,-124.84886,-134.77171,-137.79037,-144.06519,-141.59123,-157.02037,-194.74802,-202.22578,-177.61655,-167.99399,-168.47105,-173.24832,-187.5589,-188.35817,-159.90337,-142.342,-138.39182,-140.89742,-147.48544,-141.49356,-142.56319,-151.72531,-150.82478,-151.60373,-173.5762,-187.4148,-195.38365,-205.25255,-211.34335,-213.19394,-197.75136,-173.84982,-158.62753,-149.40897,-155.47513,-156.48889,-165.97888,-183.34483,-192.95241,-205.26091,-217.63507,-226.09946,-233.89604,-240.84267,-211.29124,-181.43288,-170.099,-168.774,-185.441,-200.86382,-209.98723,-226.53244,-241.38719,-261.8048,-259.1164,-229.01802,-194.8098,-175.93062,-166.40201,-155.31323,-156.35918,-155.4013,-135.24127,-115.107025,-113.83938,-117.379036,-142.81282,-161.11848,-167.50752,-176.01888,-175.78989,-183.0744,-191.54112,-194.98528,-185.37883,-158.96103,-144.66037,-139.32896,-135.76695,-134.8036,-136.55655,-143.77722,-149.0549,-147.25934,-155.95047,-165.10326,-160.8813,-159.8914,-167.76585,-165.7944,-143.39139,-133.6849,-133.47691,-133.10773,-136.9807,-152.28116,-169.34178,-167.5707,-172.93594,-192.1109,-199.6767,-203.00684,-193.35326,-162.8474,-151.87344,-145.50024,-130.0319,-123.763916,-131.89603,-148.78424,-150.50822,-149.29,-154.22142,-159.42323,-164.15425,-170.42702,-175.18088,-175.58438,-191.5249,-199.54459,-201.11072,-191.88007,-177.84056,-172.23239,-174.3564,-174.09894,-175.98611,-179.79915,-194.16512,-197.8368,-174.79787,-171.85095,-186.66953,-189.82182,-173.45438,-164.4708,-165.36862,-175.02951,-179.91681,-171.07253,-153.61092,-145.45215,-151.31209,-153.66716,-147.04439,-154.06876,-173.60217,-183.81323,-170.74942,-156.62408,-158.83466,-173.10645,-180.03548,-176.1086,-177.29951,-164.46281,-147.41959,-146.90974,-154.00179,-158.71237,-151.75278,-151.24716,-155.41045,-159.45934,-162.68335,-169.53369,-171.68848,-164.95082,-147.92091,-135.35518,-134.9748,-144.29782,-147.69414,-162.26605,-177.69807,-190.19325,-198.19693,-185.44058,-190.32272,-182.59329,-153.05748,-135.60403,-125.722244,-114.25514,-127.14933,-152.53966,-176.16023,-187.90227,-203.2398,-208.11188,-216.88333,-205.77737,-184.53383,-173.94919,-155.3004,-132.24847,-126.10468,-134.92319,-154.73557,-180.56819,-189.13762,-194.54353,-197.72542,-188.34477,-175.80148,-173.52202,-174.43965,-179.3537,-169.2478,-152.73854,-146.7526,-167.62749,-192.2728,-196.82811,-191.13362,-190.22539,-182.00792,-174.72572,-184.31017,-188.41933,-178.32565,-177.80193,-179.55527,-187.18425,-193.70277,-187.47562,-188.45708,-181.28143,-160.6408,-150.48093,-155.97142,-168.38905,-173.32614,-182.07108,-179.15785,-166.71169,-173.50156,-177.07367,-177.99756,-179.97028,-177.46426,-180.67152,-173.2163,-171.9535,-180.88196,-195.95715,-201.63657,-206.58186,-215.11922,-218.62172,-208.5424,-188.58661,-177.77466,-167.15366,-161.47673,-154.80402,-153.91772,-155.78418,-158.53998,-150.15616,-141.59749,-142.70653,-148.31049,-157.28256,-175.42053,-191.56528,-185.5754,-175.96263,-176.36157,-180.0429,-189.2946,-188.66907,-190.14474,-184.06792,-152.36034,-122.4001,-109.07237,-114.063194,-125.02057,-132.50072,-145.09554,-160.0803,-166.37321,-175.51611,-178.52141,-175.78877,-182.11232,-192.46469,-193.2281,-167.99304,-149.32977,-150.23338,-150.1625,-154.07993,-155.71204,-158.87445,-179.09712,-194.82393,-199.29883,-201.98291,-193.84239,-186.1825,-186.6401,-182.12675,-172.73103,-159.04951,-145.75513,-144.67873,-143.14275,-146.8584,-147.94504,-157.55518,-181.17531,-194.98158,-200.98712,-194.95047,-200.27435,-208.18394,-206.71945,-205.90074,-203.59557,-208.79659,-213.87062,-211.46066,-204.50179,-185.31738,-180.61897,-177.12358,-171.44792,-166.61504,-169.08661,-175.01367,-183.31868,-190.05644,-192.02734,-193.11882,-197.46066,-189.36732,-173.02568,-176.42743,-181.7497,-173.84085,-167.92839,-168.07532,-162.29701,-167.80893,-181.90387,-190.028,-182.21823,-173.03807,-179.29103,-189.97496,-194.72617,-193.72937,-199.5256,-203.32043,-203.68878,-192.39983,-179.03593,-153.69627,-133.80096,-115.22135,-118.36449,-136.56526,-145.59377,-154.94786,-173.6569,-187.67934,-197.47566,-207.42957,-210.8635,-180.57857,-144.44276,-134.04059,-132.74489,-133.3795,-149.15556,-178.3126,-211.9941,-218.93202,-219.4611,-236.60149,-251.39081,-261.0968,-253.56133,-205.77354,-170.92824,-140.91927,-133.1893,-147.15114,-163.63431,-178.37991,-194.12813,-201.88744,-207.41763,-203.98515,-201.64345,-202.435,-201.28937,-187.74954,-180.31737,-180.03705,-185.42407,-188.68922,-202.7265,-211.90556,-210.24454,-209.40562,-198.98984,-189.5374,-178.34041,-176.90448,-188.34845,-200.30989,-204.95078,-209.77213,-214.36302,-221.05165,-218.81367,-194.2724,-169.11388,-158.99849,-172.56169,-189.87099,-209.79825,-226.91522,-238.8173,-242.73555,-228.94485,-211.18626,-208.00822,-206.55232,-204.07156,-198.71317,-201.63943,-212.30542,-217.3122,-229.05356,-238.9627,-246.2856,-250.97945,-256.57166,-251.55804,-226.56456,-167.35913,-136.38179,-140.41951,-163.87105,-174.6736,-189.71834,-209.91183,-220.41158,-217.01144,-211.04405,-209.79091,-212.86452,-218.15103,-216.77956,-199.42857,-201.57896,-213.19563,-220.23158,-232.75403,-241.7259,-253.2441,-267.1984,-284.9152,-279.4225,-212.55936,-162.6472,-147.98538,-156.35976,-173.28885,-183.81538,-196.94801,-208.91934,-216.1843,-221.36865,-232.22044,-240.33763,-246.25026,-239.96873,-196.95439,-164.86136,-145.79482,-138.61656,-153.52353,-166.11899,-180.71927,-187.47073,-190.30724,-192.13893,-194.87369,-199.23344,-204.526,-214.39754,-220.58997,-225.9033,-229.63475,-231.24196,-240.32765,-248.53389,-249.6572,-255.34573,-259.50958,-241.29436,-229.54128,-233.79887,-236.4727,-204.25471,-165.62569,-156.36234,-167.58424,-176.72327,-184.22693,-185.47241,-181.17708,-159.34161,-147.00362,-167.58185,-168.26843,-149.75858,-150.4745,-160.34021,-172.43979,-180.22804,-185.82866,-205.19302,-231.24727,-246.96817,-242.01276,-230.2441,-240.09206,-228.52669,-200.13422,-193.67754,-205.1382,-221.51181,-246.30206,-261.83157,-264.70496,-251.8433,-235.19629,-229.82368,-210.9132,-171.78053,-151.68517,-157.29422,-159.4835,-161.53412,-176.3102,-200.07759,-201.30342,-201.2433,-190.32289,-178.88716,-180.87665,-191.49266,-203.01756,-204.21674,-201.12656,-208.48271,-220.86618,-230.21315,-236.45251,-219.52061,-175.10289,-154.27133,-154.35255,-150.5392,-143.80228,-150.11435,-168.4901,-177.22394,-186.46109,-196.99388,-211.36887,-216.64066,-223.35583,-212.61331,-191.23526,-173.58566,-173.3657,-165.54504,-154.28546,-151.35284,-158.69414,-168.59703,-182.69928,-187.84822,-188.09256,-183.22658,-193.51166,-195.4304,-200.94339,-215.51953,-225.53458,-226.22108,-235.98596,-238.59265,-243.5824,-249.58768,-255.35669,-230.85745,-207.22484,-206.93645,-216.7961,-199.39047,-170.07262,-160.14598,-168.1963,-174.88274,-182.7051,-189.58395,-190.31104,-179.36867,-163.88303,-154.4794,-154.96074,-151.70184,-155.40038,-170.87564,-186.92274,-193.45166,-207.0354,-228.36783,-246.68407,-250.36876,-228.46031,-236.85222,-255.45526,-266.93182,-250.14075,-221.46918,-209.67235,-219.75197,-244.01118,-270.96112,-281.79102,-255.03644,-220.23964,-203.98045,-192.07814,-184.45241,-188.40848,-190.8165,-186.64426,-185.79602,-196.82185,-214.20483,-206.23134,-190.44016,-172.63991,-175.46657,-191.10728,-204.1469,-213.95778,-223.20663,-227.68558,-227.24855,-236.20592,-245.50175,-246.50232,-215.21341,-173.40518,-155.31587,-154.34512,-165.51665,-180.37032,-180.20638,-182.15219,-191.05258,-197.52376,-204.99338,-210.02193,-219.80179,-203.1206,-179.3552,-168.51309,-162.33754,-152.42445,-160.3491,-177.32658,-180.97766,-182.20807,-189.68735,-196.2168,-200.34459,-198.24188,-198.57655,-204.462,-209.61926,-218.43373,-223.32661,-222.7887,-225.34467,-242.29123,-248.32951,-253.9641,-236.50015,-222.34619,-228.11789,-227.41196,-203.05656,-180.00749,-173.89597,-178.10127,-185.91582,-199.8791,-213.44919,-215.33453,-217.05795,-202.48857,-162.75607,-146.71461,-144.33395,-158.05974,-163.74037,-168.22142,-177.06107,-189.00122,-206.87257,-222.6744,-221.03784,-226.25137,-241.30702,-255.63765,-266.83768,-280.7297,-277.1256,-273.29144,-276.19952,-290.40506,-306.868,-321.10544,-330.0346,-251.30815,-199.56256,-167.28984,-144.27145,-138.47186,-139.49196,-139.87068,-153.77231,-178.96642,-193.49486,-200.58365,-199.77652,-201.84523,-203.1791,-203.11185,-207.1532,-215.2516,-217.93256,-216.33943,-219.13939,-223.33711,-229.12477,-232.50494,-236.11378,-241.76459,-196.6235,-140.16545,-126.75144,-132.54427,-138.48561,-143.48065,-155.35684,-169.78908,-170.72093,-174.62376,-177.55994,-183.77365,-186.94304,-192.8201,-190.61049,-189.63739,-198.68416,-206.81068,-215.38564,-221.58011,-221.06444,-223.60396,-229.73987,-231.24855,-218.51886,-157.26158,-129.36053,-118.6912,-118.845924,-133.33192,-162.10301,-171.66176,-171.07048,-170.12778,-168.06038,-165.69766,-162.98866,-159.26822,-169.7309,-186.52382,-199.39746,-215.07047,-229.449,-236.07932,-244.19516,-256.48102,-265.72125,-263.93875,-268.27933,-272.60468,-272.99942,-279.52878,-282.245,-282.6489,-283.99936,-289.66565,-290.57846,-292.7778,-296.88904,-296.80435,-290.5573,-289.18707,-291.5026,-299.87308,-305.81332,-317.97516,-328.85324,-339.31384,-341.1365,-338.5774,-338.2452,-343.31894,-351.75604,-348.33337,-337.4034,-319.18707,-271.92224,-226.378,-178.79001,-154.00027,-144.20686,-141.96591,-140.11508,-133.44426,-130.3641,-132.24359,-141.03383,-144.55927,-145.1649,-152.20457,-160.95265,-158.12466,-158.44054,-154.70624,-157.08385,-160.23158,-155.69035,-157.9306,-167.14731,-167.70695,-172.3523,-172.4246,-168.19548,-167.54439,-171.60718,-180.79805,-205.17714,-213.91814,-215.59308,-220.13521,-225.88435,-232.74887,-244.27419,-247.9044,-253.78902,-262.69638,-246.61165,-185.57407,-159.94553,-175.85556,-196.41118,-203.50597,-191.18413,-187.31497,-210.17389,-249.20227,-256.44067,-265.40512,-269.87643,-273.8759,-276.6132,-279.42752,-284.1759,-289.4545,-283.64667,-277.67264,-249.38664,-195.99992,-181.82312,-202.77943,-204.81271,-210.25395,-210.34325,-209.15013,-210.16429,-215.8071,-220.39291,-216.56406,-213.69812,-216.95572,-221.55957,-229.18687,-228.66032,-221.6491,-216.35216,-209.11336,-201.77176,-198.85815,-201.81921,-204.14436,-201.71904,-203.74281,-211.76425,-204.8731,-201.02849,-204.49336,-196.06364,-192.90349,-196.60258,-194.3274,-196.57559,-205.6398,-207.32658,-199.1853,-190.11107,-191.55412,-184.15773,-181.11206,-180.41418,-179.14862,-173.91776,-191.29729,-222.24805,-194.04099,-194.63164,-208.51367,-182.39572,-133.11568,-120.44373,-145.67802,-156.21774,-153.38823,-151.86588,-164.64131,-157.51479,-153.84991,-171.40575,-168.63821,-165.16724,-173.46118,-180.0536,-184.18578,-185.15848,-190.13678,-197.28593,-195.85019,-194.5975,-196.87791,-202.89966,-200.21313,-203.23122,-198.88371,-187.87921,-180.13683,-184.01797,-192.0916,-199.76187,-198.52141,-183.36928,-177.7586,-186.44415,-187.29195,-157.10915,-136.3004,-154.32222,-175.59212,-147.99977,-127.31509,-142.81068,-162.64,-172.05424,-173.77762,-174.38818,-178.41107,-144.78908,-139.1264,-169.93411,-191.62726,-188.96626,-177.36919,-177.46205,-176.18051,-178.71051,-184.14737,-169.04506,-155.74791,-151.43655,-151.88551,-157.722,-168.72066,-178.2698,-182.39282,-182.91295,-175.83435,-166.65306,-150.16888,-147.86507,-155.92221,-151.35675,-116.33747,-89.62773,-102.10515,-128.45312,-133.24112,-130.39499,-128.34299,-138.80652,-145.99266,-145.5187,-141.68944,-145.29965,-153.50484,-157.95218,-161.54524,-196.11134,-226.29764,-234.15485,-240.6184,-244.40332,-239.68304,-241.0791,-236.81746,-223.60864,-197.4781,-159.04811,-133.80876,-112.851685,-106.636375,-106.31407,-105.15592,-107.27079,-112.90226,-111.40201,-112.423416,-124.95788,-129.39023,-133.98502,-142.04651,-155.47604,-150.42047,-152.67566,-154.38293,-155.75992,-165.98007,-178.93846,-186.02928,-188.77467,-194.585,-197.8753,-182.21413,-139.9179,-103.89791,-108.54913,-120.347725,-124.89067,-136.10513,-139.28532,-145.88965,-141.63289,-139.06584,-139.27232,-128.05077,-107.099785,-119.24869,-132.09175,-132.39827,-139.77371,-146.07216,-143.86671,-161.94907,-168.56174,-177.30505,-184.05757,-183.15045,-189.31476,-186.24834,-173.97452,-167.20557,-162.26175,-154.08272,-147.07356,-150.18549,-144.45926,-144.55298,-153.17883,-153.2664,-146.95872,-141.34686,-141.311,-139.45523,-138.79495,-134.25247,-131.46307,-138.58356,-157.15929,-170.71861,-167.69888,-166.91817,-145.31348,-133.7722,-139.9537,-132.95685,-135.76479,-137.21555,-136.50342,-141.99878,-147.71365,-144.61354,-144.8846,-150.55077,-144.79874,-142.82184,-146.45723,-146.77759,-141.91388,-136.32161,-131.4958,-132.56342,-154.23474,-182.96733,-204.12291,-219.90697,-207.20087,-168.03876,-141.53192,-127.089874,-123.32358,-130.495,-131.28069,-133.88367,-131.3531,-130.91727,-133.42732,-134.9372,-137.11455,-138.22774,-137.29231,-144.0114,-156.2453,-165.49774,-164.7987,-163.94087,-160.78459,-159.80313,-164.19177,-169.41396,-164.32095,-148.92136,-126.48694,-111.55876,-107.171196,-114.423355,-127.32663,-136.88857,-132.98785,-137.022,-138.08922,-136.0891,-131.45396,-127.16847,-130.363,-128.39067,-108.81631,-107.481575,-119.25828,-130.41307,-136.05095,-130.0335,-127.44692,-142.49019,-145.595,-155.34349,-178.38286,-184.50717,-185.02823,-177.30086,-169.76617,-166.80489,-165.79865,-169.35794,-175.77693,-170.76788,-174.70695,-196.6882,-220.76729,-218.47028,-192.63852,-163.64258,-143.47424,-141.52403,-148.59795,-155.30685,-168.15208,-186.26018,-200.55133,-196.95815,-174.65985,-156.43777,-145.96936,-157.1786,-168.67442,-170.35117,-178.6132,-181.14024,-187.02055,-193.29276,-199.30644,-202.21683,-206.96368,-197.62408,-181.61168,-177.72125,-175.98953,-183.58548,-199.33998,-211.88814,-224.65141,-233.87794,-237.14969,-222.70613,-180.10161,-142.65845,-125.429276,-111.05087,-117.43665,-127.11075,-125.80028,-122.68068,-132.27643,-131.00917,-129.49713,-126.9294,-128.4982,-141.60173,-144.75829,-143.8843,-140.83849,-130.41513,-141.1011,-147.14313,-152.90063,-147.68147,-141.26701,-141.89832,-148.10297,-142.35806,-123.03371,-124.98421,-144.09178,-154.17256,-157.2843,-158.25336,-172.1134,-165.35022,-136.4558,-151.15164,-185.21324,-191.39793,-187.52956,-151.33661,-129.23488,-132.96915,-149.11873,-166.1125,-179.8231,-186.9453,-191.34251,-205.60359,-206.73737,-209.98409,-203.80835,-195.81247,-199.65965,-207.47485,-206.44846,-195.01266,-192.3945,-198.47763,-205.4327,-199.6409,-197.27971,-195.33536,-189.1233,-179.43591,-159.29428,-142.18794,-151.6941,-166.28557,-163.02208,-170.25763,-180.0167,-181.088,-183.44345,-164.88835,-144.12462,-136.03831,-131.43254,-133.06937,-135.1673,-137.55806,-147.42747,-161.073,-157.97165,-159.5693,-151.78757,-150.22649,-156.26585,-150.50867,-146.029,-142.96683,-145.90329,-157.14767,-180.02547,-195.40913,-202.25398,-206.81697,-212.36043,-201.13925,-170.8581,-147.28497,-137.89679,-151.38022,-164.33272,-149.0164,-143.12581,-151.87593,-157.58,-163.54599,-161.23463,-165.83324,-175.1784,-180.7666,-186.82098,-191.33928,-193.31464,-193.76451,-199.3822,-202.37349,-204.91397,-204.13742,-205.60489,-192.4962,-164.03387,-130.60403,-123.30262,-135.18901,-147.19083,-152.11903,-147.98456,-148.1377,-161.75374,-169.33504,-163.4822,-159.99902,-163.26132,-162.40059,-136.29015,-123.39656,-123.308624,-133.93004,-151.16672,-167.18477,-172.54749,-179.9187,-193.32268,-200.509,-207.41983,-208.15503,-209.50731,-207.0019,-205.53697,-213.17482,-212.68057,-180.18192,-171.15668,-179.70187,-181.42476,-181.70264,-169.16345,-151.51093,-143.91556,-145.80902,-147.2139,-145.70337,-140.03056,-145.51875,-151.13882,-151.02148,-154.69081,-151.72098,-135.28,-117.67991,-121.20876,-124.11419,-117.19238,-114.316795,-120.84954,-128.38977,-136.65614,-152.03348,-153.76552,-155.61798,-151.30765,-151.45215,-151.1666,-142.90472,-142.28355,-147.9442,-169.86942,-193.47537,-217.52504,-223.47818,-225.54556,-231.41437,-229.32607,-218.61726,-187.27376,-133.24916,-107.41274,-118.848145,-130.11339,-122.272644,-122.193146,-132.28674,-139.73306,-137.21355,-137.34988,-136.40746,-143.0172,-158.49446,-167.68028,-158.67244,-155.29222,-168.82881,-177.32375,-190.17627,-208.29982,-214.30937,-207.03296,-180.14262,-161.91104,-142.46132,-132.3442,-132.79553,-134.35912,-130.76817,-132.31886,-146.35318,-150.67705,-157.287,-159.57509,-166.26425,-170.56473,-162.9787,-124.32082,-98.07205,-106.918526,-122.90123,-137.27013,-141.54771,-140.09315,-156.82571,-160.42451,-165.41791,-164.78561,-160.19777,-158.41951,-161.9938,-159.8964,-160.03493,-157.37384,-151.07452,-146.86574,-148.44022,-148.77528,-144.4718,-148.77176,-143.25008,-138.78581,-134.9096,-126.77777,-125.50673,-131.38431,-137.26968,-145.93666,-156.02528,-163.91496,-164.71895,-158.54973,-147.93279,-132.60686,-124.61448,-130.43207,-126.64458,-134.51793,-142.04234,-147.20697,-148.52283,-146.11891,-145.58675,-150.98645,-149.31728,-142.39613,-145.03514,-140.5563,-138.10324,-144.41302,-158.58026,-184.8117,-212.1215,-221.29701,-215.74828,-205.38435,-191.1334,-164.11717,-144.24734,-134.84132,-133.98047,-139.91159,-138.90645,-143.21918,-143.2718,-144.71397,-147.60933,-144.8033,-141.33937,-150.56853,-157.65048,-162.10014,-158.62233,-161.48746,-163.5986,-166.09581,-168.89168,-170.12709,-168.55556,-165.85246,-152.2815,-136.96434,-117.50387,-111.39095,-118.68457,-126.91846,-134.75046,-140.28955,-146.40533,-145.81592,-136.89093,-124.52934,-123.53182,-128.6216,-121.97788,-110.83918,-114.006004,-137.47736,-154.28368,-153.13037,-143.20824,-138.3514,-138.3944,-145.86786,-157.3982,-171.56998,-191.4995,-198.49886,-202.54457,-196.32597,-190.86118,-184.11525,-180.28362,-181.52205,-179.27281,-190.34023,-198.05264,-218.97865,-214.79016,-192.17522,-164.81036,-146.83609,-146.17519,-146.7342,-152.96391,-163.12924,-165.50821,-179.78447,-199.10187,-175.02821,-162.15753,-168.4275,-172.13406,-177.26355,-184.54707,-205.9788,-215.94981,-211.89636,-209.51314,-203.44127,-202.80064,-199.8987,-182.8947,-171.79758,-181.94037,-193.27916,-194.35419,-207.30899,-221.51765,-222.55193,-222.87527,-232.44374,-235.15642,-209.14424,-162.47798,-133.22884,-122.379135,-121.125,-125.44536,-131.17523,-129.85277,-132.88405,-135.43817,-143.88954,-137.37875,-132.69106,-125.72542,-133.62035,-144.41234,-137.21907,-137.53677,-137.81708,-146.91785,-160.1745,-166.12067,-169.47076,-173.45943,-172.60017,-139.57442,-120.70195,-107.868935,-110.10357,-126.18364,-142.87424,-148.26976,-148.4951,-151.81577,-162.12247,-168.81393,-178.45903,-191.71825,-187.36737,-158.89536,-111.65689,-102.38534,-114.15901,-130.81395,-140.40236,-149.33594,-161.45927,-185.58672,-196.44536,-201.77496,-203.78593,-201.84251,-194.14384,-197.90181,-206.93175,-218.25108,-215.04147,-173.00821,-152.71892,-165.61766,-173.41867,-173.6302,-172.17113,-162.65018,-145.66429,-137.88853,-138.08958,-149.56256,-155.00954,-155.44466,-166.89934,-170.17644,-160.20175,-161.80339,-155.55603,-140.82603,-127.9706,-130.11003,-133.75824,-129.93672,-137.69044,-149.09044,-152.41925,-145.22507,-148.63892,-149.6291,-140.06882,-134.56927,-133.02992,-127.8595,-135.95174,-150.08481,-152.30959,-150.68677,-148.67152,-140.24843,-152.97368,-176.73097,-160.84111,-131.26202,-113.68599,-114.43928,-124.07686,-134.97934,-147.34908,-146.7185,-142.08289,-144.9905,-146.74673,-152.32288,-157.57198,-161.02914,-167.83806,-173.39305,-177.18849,-176.34,-174.97774,-177.88072,-180.62315,-182.87758,-180.39432,-179.5889,-177.1713,-145.83124,-127.61137,-132.87956,-138.82991,-135.62904,-140.80252,-161.2045,-168.93903,-172.25587,-169.02455,-164.27435,-175.6504,-152.23592,-140.7635,-139.3475,-137.92616,-152.65584,-177.10101,-186.7633,-184.94481,-189.01761,-200.46262,-208.92839,-220.80782,-210.4114,-182.59088,-164.32675,-164.112,-170.57108,-166.82884,-160.92989,-161.51147,-162.39444,-167.28043,-174.36409,-166.4794,-148.75244,-141.25856,-141.78252,-134.59377,-139.16496,-145.86116,-150.59763,-159.3124,-164.40266,-159.30452,-144.23335,-137.9951,-133.85625,-125.28006,-122.97335,-123.912056,-119.46604,-128.55795,-145.0266,-154.84177,-157.39053,-161.0388,-161.39351,-165.00615,-163.88255,-160.56746,-153.16284,-146.09496,-155.86148,-186.0764,-202.25266,-203.18839,-211.42378,-229.3086,-232.1119,-232.69713,-198.21902,-157.10822,-140.26175,-133.17659,-133.20523,-137.59174,-132.14641,-131.33397,-134.90137,-143.38264,-143.78659,-139.97289,-140.21916,-139.45859,-157.23222,-168.74019,-166.21973,-165.7305,-170.82172,-169.96529,-174.59889,-190.3027,-195.37704,-194.83685,-172.785,-135.70367,-122.7218,-116.92246,-119.32485,-121.00999,-130.28079,-136.92308,-136.80904,-137.96826,-140.98593,-152.75732,-156.95401,-141.5276,-124.889435,-125.722244,-137.86473,-139.10954,-131.99684,-132.28186,-143.46391,-158.36835,-165.81787,-166.48813,-169.38196,-170.22961,-170.50932,-170.12042,-169.26242,-168.93422,-161.45966,-157.56903,-147.43845,-151.27744,-151.64958,-152.71655,-160.34016,-152.10014,-148.90315,-154.39362,-144.88797,-134.81421,-140.0357,-150.92023,-146.84589,-146.2694,-154.33902,-166.91058,-171.7377,-148.75804,-128.43665,-130.75534,-125.24127,-127.01606,-131.61774,-139.29837,-149.36061,-142.8387,-139.86238,-140.46686,-147.0788,-143.41489,-146.6342,-145.34377,-148.95827,-147.24426,-144.00465,-149.79715,-151.56725,-162.05295,-178.24335,-198.49034,-214.5671,-215.2107,-185.34325,-156.38878,-152.00734,-152.79904,-143.6978,-139.9331,-147.04541,-152.64426,-152.30156,-148.47488,-154.14354,-158.03467,-154.66385,-158.23193,-162.13086,-168.02312,-172.24524,-172.0986,-173.10991,-176.51665,-179.4198,-178.66945,-173.21468,-171.79828,-170.70026,-141.15703,-122.209785,-126.95846,-136.11244,-139.72906,-137.24371,-128.61432,-122.88139,-121.1932,-120.209335,-128.05843,-152.14526,-147.1159,-125.437065,-122.0397,-137.13788,-148.92017,-151.79851,-154.24095,-153.88644,-148.99083,-144.16609,-149.38435,-162.73122,-164.66418,-159.78801,-156.07611,-148.69153,-139.52238,-141.72543,-143.93243,-141.58429,-150.67656,-166.90503,-203.41681,-217.95538,-211.9361,-209.31116,-187.09927,-151.22115,-135.60715,-143.4613,-150.76698,-152.68262,-169.39153,-187.7728,-203.39734,-184.62001,-145.66393,-142.20004,-147.83786,-144.50446,-153.1005,-156.5155,-158.88655,-162.00514,-165.08727,-166.04115,-171.14224,-176.00499,-167.25728,-164.1907,-157.60066,-155.10493,-154.52243,-167.25002,-180.78645,-191.70583,-198.22722,-195.73465,-201.18288,-190.68773,-167.7468,-150.79611,-142.44954,-146.82504,-128.68225,-114.551926,-127.99791,-135.52295,-141.34364,-146.7926,-147.4099,-144.05983,-147.2852,-151.28908,-153.45157,-157.23784,-151.9946,-146.69669,-152.43854,-151.50981,-155.63805,-158.7616,-160.54259,-153.66081,-134.73677,-113.4238,-112.954056,-120.26459,-134.56677,-161.33395,-168.84798,-170.98026,-181.75566,-187.61906,-185.57271,-184.75635,-187.37889,-181.46315,-150.17761,-140.15804,-133.93079,-139.49033,-150.17873,-154.25977,-152.20372,-158.97377,-173.51584,-183.69826,-186.27739,-182.75133,-178.93977,-184.51201,-192.14095,-198.10712,-185.16046,-181.37204,-187.69167,-183.68262,-181.80486,-185.42647,-180.8103,-183.7444,-172.65721,-149.53851,-145.08331,-155.14462,-161.10518,-168.53658,-170.8168,-172.45149,-177.05836,-169.17595,-152.04254,-129.79681,-125.42477,-133.9507,-140.11229,-140.71938,-144.08792,-148.17917,-148.58826,-147.61392,-141.13528,-138.2343,-140.49353,-140.08351,-134.53937,-137.44722,-150.32878,-166.69592,-178.47543,-187.42755,-195.0532,-197.33437,-203.79349,-204.29175,-193.32932,-151.9803,-139.90874,-154.46826,-167.39513,-164.53053,-156.99918,-162.61017,-164.18416,-154.83507,-157.14557,-161.74255,-166.64609,-171.70317,-176.84624,-183.94629,-186.46365,-191.52841,-194.47296,-194.16669,-197.39714,-198.43382,-196.92625,-189.35814,-171.91296,-144.15211,-132.81314,-135.16106,-138.17801,-136.09721,-140.36942,-154.97368,-156.20964,-158.68637,-161.09196,-164.88193,-171.16356,-175.10915,-169.35149,-159.46397,-143.37874,-146.63,-171.56085,-190.92906,-197.78136,-202.78668,-205.45381,-211.45566,-212.2154,-208.47803,-212.17632,-210.45267,-211.77931,-204.47064,-200.35498,-197.48688,-186.82686,-186.6884,-185.44876,-185.98665,-192.47581,-177.52109,-158.10045,-147.87271,-151.40778,-159.15274,-175.49811,-182.76125,-184.97269,-190.65363,-196.05267,-196.77376,-177.92073,-151.36263,-134.62405,-132.20634,-131.21819,-135.329,-140.95883,-139.61754,-138.30534,-140.52034,-146.0253,-158.37285,-157.34396,-151.05269,-146.946,-146.43893,-155.3208,-168.32076,-184.26242,-206.2376,-226.41005,-233.89072,-231.19629,-230.96915,-214.79637,-170.73409,-143.69295,-133.5607,-129.20383,-123.9098,-133.05342,-139.16855,-135.22404,-139.20978,-146.866,-151.33365,-155.1963,-161.73235,-176.04489,-174.87341,-179.77063,-185.27682,-193.51936,-197.59271,-206.0631,-222.86612,-228.35611,-227.57677,-207.48386,-177.2557,-145.36133,-132.76045,-132.25102,-131.81627,-130.62724,-131.89471,-141.95924,-152.36841,-155.4225,-164.28607,-176.73328,-178.38864,-161.59012,-143.0881,-139.07225,-144.47755,-143.7848,-151.02989,-168.08156,-174.6962,-183.21635,-186.70407,-188.47255,-190.10735,-180.3652,-171.60825,-168.81352,-163.51216,-155.84874,-156.0178,-151.26138,-151.68048,-148.13803,-142.09178,-144.68501,-152.5803,-156.26744,-146.7411,-137.0582,-140.41135,-145.6873,-157.10573,-163.22278,-161.32965,-172.7644,-182.2668,-178.02959,-161.41093,-160.28566,-160.81004,-160.645,-165.8862,-159.6099,-151.08948,-152.341,-160.8056,-167.92451,-162.33737,-159.08304,-159.57532,-158.26353,-154.20786,-146.10739,-144.9562,-151.94182,-163.68672,-184.26752,-210.5056,-226.77925,-226.84135,-226.02588,-220.02225,-192.40723,-163.22389,-149.41707,-142.08905,-139.20494,-142.07933,-145.12793,-151.97214,-154.16261,-156.56339,-163.57619,-175.63264,-196.08453,-211.1103,-223.2556,-231.68225,-240.10771,-244.1009,-246.53494,-246.82048,-249.41914,-248.6763,-248.31589,-234.8152,-195.17339,-159.07841,-146.03195,-148.63708,-164.49518,-181.64279,-188.23468,-192.72565,-186.74312,-174.21101,-176.46362,-181.19043,-178.87044,-155.50143,-141.52393,-160.20364,-178.16452,-193.05763,-188.33751,-171.37314,-166.84457,-183.45287,-187.54189,-191.37341,-213.97194,-242.67216,-249.45569,-252.40768,-234.05167,-214.51265,-186.25815,-169.66602,-172.65306,-176.03973,-169.82607,-168.21272,-177.36438,-185.44933,-191.05353,-195.48734,-197.59262,-208.48459,-219.12192,-226.5764,-230.91852,-236.05528,-227.6002,-186.58461,-167.82916,-183.3813,-181.16942,-179.3847,-187.12085,-198.20512,-179.18204,-152.96252,-148.7853,-155.49432,-167.78226,-173.56662,-159.9443,-145.774,-159.43277,-175.38794,-181.70706,-185.58174,-184.84666,-185.07532,-192.61046,-203.89621,-224.99951,-261.84067,-234.09505,-194.9605,-185.63834,-184.95003,-177.51013,-161.25792,-154.97597,-150.66151,-147.86714,-151.72974,-154.81992,-157.71994,-161.30255,-161.97578,-167.37968,-176.00766,-190.89986,-200.06816,-206.12889,-214.3125,-222.57678,-229.57008,-232.87944,-233.30719,-215.16797,-182.28894,-157.94917,-149.04716,-161.1167,-170.64696,-180.30681,-183.65651,-170.8288,-168.0592,-172.67738,-177.02962,-180.01643,-179.4421,-160.51575,-140.89265,-142.80632,-155.48032,-174.79756,-181.48534,-190.42854,-203.37276,-207.80414,-213.84943,-223.24449,-225.91055,-226.01979,-217.55516,-204.84187,-197.9913,-187.92967,-178.58487,-172.40149,-178.61507,-177.90433,-180.14397,-174.47719,-172.54794,-172.21436,-172.06645,-163.05133,-149.47466,-140.88498,-146.02751,-151.84978,-156.20856,-160.38506,-156.485,-173.61986,-181.22542,-174.36263,-161.25017,-151.45352,-158.15353,-162.82135,-158.15715,-152.98709,-166.2023,-167.99002,-163.99892,-159.58366,-156.63795,-159.46655,-162.1501,-164.89226,-163.34361,-163.25336,-164.02184,-174.05927,-191.90959,-218.54407,-252.52115,-267.03665,-235.68433,-187.5877,-169.52315,-169.87485,-179.73526,-183.28049,-164.88568,-150.09714,-146.35008,-140.21877,-146.67805,-146.89699,-149.73357,-159.95807,-167.57703,-165.08667,-167.72894,-173.61737,-189.39827,-211.77934,-225.60454,-236.76022,-242.67834,-243.32144,-217.6755,-187.58665,-168.57979,-144.4304,-136.12952,-150.41023,-172.12955,-187.64363,-195.29178,-199.27168,-207.39412,-212.28986,-224.40172,-225.21504,-229.67625,-205.72227,-169.78178,-160.44783,-173.97711,-189.79538,-196.74504,-207.97234,-214.70375,-218.10873,-224.38042,-228.74388,-224.9686,-225.86748,-232.15477,-229.59555,-231.77647,-227.91855,-226.8697,-216.3827,-190.70059,-177.9915,-182.29039,-190.22026,-182.76204,-169.68298,-163.64973,-147.35596,-142.69829,-151.41418,-163.38487,-178.51305,-191.97966,-210.28337,-226.69768,-229.8788,-230.52318,-210.07504,-179.86035,-175.0488,-187.49075,-178.11229,-159.24265,-155.34943,-154.1997,-151.62317,-154.30663,-159.4754,-168.01633,-171.53244,-167.49126,-170.85461,-188.67296,-203.85106,-212.6334,-220.15115,-228.0473,-233.12534,-239.24638,-240.46129,-222.66748,-200.68549,-192.63708,-187.76013,-186.2787,-167.42809,-153.91261,-152.4471,-156.5191,-154.3304,-155.00273,-157.0082,-162.8221,-165.50798,-163.33849,-165.31631,-166.32152,-164.17877,-174.7848,-207.76984,-228.6165,-229.35284,-228.94305,-229.98843,-211.57996,-196.3995,-169.53732,-155.49005,-161.06775,-146.35338,-142.46378,-147.50862,-149.0424,-147.26988,-147.83322,-160.18608,-165.77502,-169.84575,-167.95859,-140.93248,-135.83658,-150.2892,-157.96346,-155.62883,-148.92268,-149.35052,-157.67635,-165.34264,-174.89818,-182.69955,-184.36104,-182.74432,-181.79398,-174.42708,-170.51491,-184.332,-183.58363,-181.60927,-183.09851,-177.93295,-175.94734,-181.56905,-182.04309,-172.84433,-158.05933,-151.98769,-156.63995,-160.48195,-161.595,-158.54495,-163.07767,-168.56483,-167.82042,-164.80255,-137.91739,-128.30797,-129.82039,-133.10266,-140.84273,-155.50424,-159.84425,-166.84259,-173.00351,-175.73834,-192.12367,-198.82837,-194.41643,-188.60765,-169.90106,-159.01654,-163.44206,-170.91391,-174.03342,-172.45872,-177.94864,-182.02928,-186.47742,-171.51431,-140.11307,-129.76524,-133.69553,-143.86372,-145.76518,-145.79897,-154.63675,-157.49977,-156.8879,-162.50572,-162.5332,-158.2516,-155.09131,-154.62057,-159.12491,-161.18907,-160.07341,-164.12549,-172.93124,-182.17902,-191.0292,-190.23753,-190.83603,-189.65605,-161.92165,-131.06505,-129.03682,-152.3059,-170.00444,-182.85512,-193.72429,-185.03687,-184.98654,-189.73106,-201.24313,-208.32205,-201.03658,-185.98228,-167.53407,-173.1203,-183.97624,-187.99947,-195.8603,-203.40479,-209.84436,-220.2553,-218.71886,-227.48148,-229.80405,-219.97125,-218.78377,-223.29436,-221.23344,-224.85179,-230.97864,-219.8994,-198.1053,-176.06317,-164.26309,-153.42249,-147.40211,-133.42012,-127.28711,-129.97337,-138.11673,-142.03795,-143.71078,-150.633,-161.68573,-164.36646,-167.0722,-173.33427,-164.76648,-162.06693,-177.41838,-181.52396,-179.08293,-169.47964,-150.62097,-144.72133,-144.34564,-156.42685,-162.91798,-161.94229,-158.23288,-152.53723,-146.69556,-167.73175,-193.57501,-207.53178,-217.51901,-229.95174,-224.07307,-224.68268,-197.78912,-171.9965,-172.93684,-175.24437,-169.89336,-150.94804,-135.57365,-135.08401,-137.38896,-140.1323,-147.3289,-159.97505,-161.90784,-157.55135,-162.79103,-171.62776,-176.90771,-166.40587,-167.13051,-177.48085,-185.80832,-185.80655,-187.11201,-185.43929,-184.87398,-182.0584,-183.60938,-184.22896,-180.56598,-172.77124,-170.28526,-172.22911,-178.07858,-188.18979,-196.76814,-179.96318,-174.94748,-187.84558,-195.28563,-199.49728,-199.93964,-198.2,-194.38904,-203.74222,-235.08014,-256.4259,-257.86307,-260.4815,-257.8702,-260.01083,-265.18372,-263.72446,-263.70758,-251.77261,-221.79062,-210.44255,-185.86511,-169.53491,-169.19437,-179.38997,-185.4122,-187.37523,-186.09679,-177.17589,-182.64163,-193.65941,-196.73514,-200.21536,-201.11781,-207.64355,-199.15323,-209.43463,-219.50526,-208.09094,-195.75934,-186.67537,-193.47806,-195.44826,-190.82755,-174.72426,-165.32819,-163.23586,-155.91385,-162.64963,-180.26926,-191.63484,-196.84952,-198.544,-201.08072,-200.95934,-213.29059,-220.94328,-218.1209,-212.46541,-215.33337,-219.04959,-217.32755,-212.20113,-209.06882,-216.53761,-220.4445,-224.86034,-229.1605,-235.4451,-225.18,-210.04535,-190.64305,-166.38995,-154.39551,-147.81145,-153.98636,-170.76208,-179.57701,-184.88118,-185.36722,-194.19356,-201.98686,-205.39368,-208.46783,-206.44296,-208.54855,-224.45729,-232.43776,-237.5836,-240.6843,-240.02814,-241.6519,-236.1665,-241.65746,-247.12804,-252.23685,-260.15814,-268.86108,-267.45087,-265.8731,-266.79678,-269.50534,-269.61743,-276.91275,-285.39987,-286.74188,-266.54852,-214.79659,-181.43816,-171.46123,-156.3385,-145.95523,-153.32454,-169.64613,-172.32039,-163.95688,-168.63211,-183.31027,-200.72394,-209.69604,-210.8788,-190.88387,-179.5375,-194.93901,-187.45027,-187.14825,-186.13623,-194.79863,-215.44557,-229.96045,-231.67613,-231.67308,-234.24031,-244.89299,-248.86223,-245.83536,-253.32318,-258.98294,-257.47375,-261.76236,-265.08817,-263.81976,-240.01164,-202.4315,-177.16089,-176.98271,-163.17297,-151.35516,-158.03333,-165.33434,-170.80746,-178.80486,-178.13766,-175.84819,-174.07683,-187.83931,-210.69307,-217.54819,-213.29295,-210.80676,-217.43507,-229.6247,-250.22197,-263.29068,-267.26538,-269.79498,-274.32114,-256.98785,-211.97623,-174.48256,-167.57599,-169.76363,-170.66537,-178.0987,-190.11266,-194.21811,-200.21288,-199.12573,-184.7133,-185.75456,-197.2832,-195.83441,-188.47678,-197.81679,-204.96338,-214.21861,-214.57195,-221.36969,-237.01602,-244.67715,-245.87717,-243.14629,-225.44653,-209.20639,-192.36835,-182.08423,-181.68419,-188.36873,-189.29012,-195.73453,-197.75624,-195.61752,-199.92662,-207.03035,-209.50475,-191.37325,-179.09877,-189.41154,-192.73581,-182.32518,-188.76009,-193.52959,-200.59782,-209.71399,-220.79283,-224.92076,-231.05376,-228.615,-219.34753,-212.84393,-216.18352,-224.41995,-223.29617,-224.70544,-231.53511,-229.06364,-228.1527,-229.57414,-233.27657,-222.80067,-222.10446,-226.15884,-202.46788,-184.96202,-185.66287,-192.05472,-200.1239,-203.34749,-209.37445,-215.39726,-219.39745,-213.43718,-197.13895,-167.17809,-161.09642,-164.72902,-167.61359,-183.23604,-188.00313,-191.17195,-197.43138,-203.68127,-209.63963,-218.27083,-212.1109,-204.89449,-201.53847,-202.23198,-202.00423,-209.2242,-225.09914,-227.16185,-230.08453,-244.72816,-257.01547,-244.40022,-204.23866,-174.65765,-185.60806,-211.88622,-214.11507,-211.58675,-222.58879,-233.67104,-239.29947,-238.43184,-245.1842,-245.6315,-250.61076,-259.94736,-269.9986,-274.1188,-277.81775,-274.9027,-274.08282,-277.06375,-285.6626,-290.09024,-281.9351,-255.23128,-208.31726,-172.20584,-167.5419,-172.99722,-181.11266,-193.47134,-210.20503,-219.6317,-219.45273,-225.84262,-236.22362,-243.16911,-246.1831,-230.00012,-204.91211,-190.70226,-180.91591,-182.61255,-193.51682,-206.8388,-216.3186,-217.1262,-228.13986,-236.1895,-245.90454,-245.4613,-241.29742,-240.20305,-240.19145,-246.25067,-248.08257,-240.48859,-237.72188,-240.22662,-242.09192,-241.66476,-242.39934,-234.57138,-228.4412,-224.7745,-217.24017,-206.00824,-209.65108,-224.83363,-227.14528,-230.56207,-235.40878,-244.89143,-231.2189,-204.72278,-204.33156,-189.83685,-175.84267,-175.30037,-177.04822,-176.39131,-189.56496,-201.54347,-205.84833,-201.77109,-197.77386,-190.9394,-192.30495,-193.84589,-194.80804,-200.55937,-214.32788,-243.04153,-261.3189,-275.01627,-284.68213,-292.71707,-287.38245,-229.0559,-186.35867,-174.85953,-169.6043,-170.97287,-176.809,-173.5471,-166.61128,-169.76192,-169.22409,-173.79553,-180.01207,-180.61601,-189.05766,-194.66023,-202.85031,-217.6647,-237.97466,-253.71767,-264.84448,-269.689,-271.72488,-267.90347,-260.3287,-234.51299,-207.42389,-190.74664,-193.15198,-203.7333,-211.48108,-219.19789,-227.076,-227.20634,-229.38554,-239.56035,-250.02141,-242.46019,-237.68045,-236.91284,-206.09055,-186.86354,-197.4095,-199.30946,-205.35794,-219.27783,-227.61972,-233.47453,-240.95656,-248.40472,-251.6116,-252.45833,-238.03423,-213.89201,-201.97043,-184.32228,-172.291,-163.93921,-168.90161,-191.75934,-221.07126,-244.75372,-242.66173,-224.8236,-215.59363,-214.45972,-207.88365,-209.56178,-213.55746,-224.74489,-236.96898,-229.76814,-222.55302,-231.73923,-227.4091,-195.90576,-163.2686,-155.48466,-138.1051,-138.87859,-141.81236,-155.21991,-166.4116,-162.04424,-159.72406,-170.17952,-174.92374,-175.88518,-186.95529,-193.59935,-206.91508,-225.0443,-236.1444,-247.15346,-258.42517,-269.1294,-271.55338,-254.5716,-225.00723,-189.3661,-160.95477,-162.46733,-180.70255,-182.5871,-167.65929,-155.74744,-151.12791,-150.94287,-159.62338,-162.10794,-162.80809,-166.68387,-171.92984,-188.01466,-197.07649,-193.34877,-193.66963,-199.06071,-201.83151,-217.76126,-231.16928,-235.41304,-220.3253,-175.8694,-147.09227,-144.01953,-162.31143,-176.29056,-181.78568,-189.23462,-202.04907,-206.04709,-207.59883,-218.28326,-225.12822,-217.203,-214.67636,-197.98909,-170.86479,-169.50797,-184.2386,-191.02405,-195.21309,-205.51991,-210.93741,-218.52551,-216.16766,-212.3856,-213.34099,-209.50797,-207.83052,-200.20416,-189.16565,-185.92961,-177.79099,-178.10718,-181.23502,-183.50801,-182.8902,-188.80453,-196.27707,-192.91447,-182.2636,-178.62595,-186.20416,-192.21725,-199.7834,-212.09135,-221.23901,-226.60687,-231.96606,-215.30931,-187.57233,-183.16171,-188.08897,-194.05167,-197.8148,-204.81616,-209.30779,-215.268,-218.13187,-219.77611,-221.58781,-220.5556,-220.89467,-224.35042,-217.08925,-208.08298,-202.96436,-209.03136,-222.7375,-226.3728,-225.12045,-224.1214,-220.91481,-198.00694,-179.7426,-178.02881,-183.09007,-190.26897,-186.49257,-176.83101,-167.56746,-160.65579,-161.94379,-162.13916,-159.70357,-159.40863,-163.75723,-167.13576,-171.42667,-178.91577,-178.02095,-182.12086,-178.79842,-178.11092,-192.99261,-220.58287,-238.26096,-211.72859,-174.1193,-167.73944,-182.39552,-188.88803,-187.80664,-191.97626,-190.15186,-173.53514,-164.75328,-163.95473,-164.05782,-166.28722,-169.528,-167.20522,-154.81543,-148.42743,-153.37514,-158.29207,-163.04317,-165.73691,-162.37631,-167.4144,-169.25348,-168.84744,-167.23079,-164.85736,-173.73804,-182.65135,-184.33937,-186.33392,-186.37599,-182.04085,-181.70372,-188.14975,-194.01587,-194.74637,-189.46858,-175.47542,-165.27261,-156.80612,-152.00577,-159.42284,-166.9877,-167.41039,-166.50177,-175.23477,-172.87846,-169.62393,-169.58589,-160.84146,-141.59683,-134.5667,-141.31995,-146.06516,-151.01585,-154.41594,-159.50433,-164.87666,-166.35687,-164.54169,-169.40158,-174.02167,-174.16673,-169.48921,-163.27328,-167.88405,-170.11868,-171.52353,-176.63762,-176.70917,-172.5524,-166.60522,-159.0592,-152.02031,-144.0345,-142.74382,-135.30959,-131.98102,-138.52826,-141.04448,-141.74391,-143.95714,-145.88281,-154.18753,-157.01082,-160.4915,-175.45056,-187.56566,-197.4502,-199.49086,-208.8848,-220.3328,-230.11401,-240.36002,-243.55724,-238.62045,-205.06953,-166.4678,-155.26788,-162.22641,-165.56953,-169.77423,-176.51355,-188.26463,-194.34193,-197.05893,-200.2023,-203.85768,-203.8968,-195.17589,-191.29918,-185.91313,-176.4967,-174.07668,-186.2074,-197.72508,-204.48497,-206.8944,-209.11523,-210.05551,-205.91045,-198.57115,-189.74759,-183.5317,-183.20155,-185.36307,-185.92493,-186.97025,-183.34,-171.94044,-162.22755,-170.17606,-167.38551,-147.15512,-144.19589,-146.40019,-153.15231,-144.3301,-134.12032,-136.14056,-138.95529,-138.25728,-151.87378,-165.47675,-171.3314,-174.7992,-166.8557,-146.10086,-145.48799,-152.14116,-161.43745,-167.93121,-170.81009,-162.98853,-157.07352,-159.71925,-165.5587,-171.11386,-185.83609,-201.2374,-209.14706,-206.68898,-218.38943,-235.70587,-237.67729,-236.46227,-240.55829,-217.56886,-184.38937,-169.042,-167.23753,-162.337,-140.6058,-130.64284,-134.81451,-136.23836,-135.74858,-144.12404,-157.29645,-160.90262,-158.56004,-160.50288,-153.60788,-153.56169,-162.08096,-163.7773,-170.8485,-179.25319,-187.44656,-199.95714,-205.1092,-201.10628,-168.59079,-145.5068,-149.20438,-153.6992,-157.565,-165.52852,-167.79134,-172.13573,-168.10672,-163.15869,-171.08441,-182.90202,-185.87955,-167.7627,-159.4372,-160.14586,-169.39952,-182.28171,-182.99042,-191.60197,-201.65208,-207.68028,-209.40451,-212.37825,-221.0647,-220.73665,-221.8752,-224.58334,-210.92459,-182.27261,-170.06865,-175.54286,-180.00487,-172.18678,-162.04361,-158.76772,-152.7846,-153.975,-146.06744,-154.35574,-158.52394,-153.264,-154.98312,-150.22186,-153.26967,-157.73824,-156.45598,-154.34468,-148.35762,-139.30946,-129.2635,-133.53215,-140.67079,-146.49747,-140.01895,-135.50172,-136.7583,-140.24466,-145.32454,-151.59357,-153.92142,-162.231,-169.04774,-173.63051,-182.73322,-181.50879,-173.54935,-171.47609,-174.51212,-171.60585,-179.1997,-195.73874,-185.66156,-167.40746,-158.73578,-147.65427,-153.07037,-146.5658,-147.0502,-157.93808,-159.63008,-164.76317,-171.62965,-180.41588,-187.22311,-199.21826,-205.26625,-210.81523,-214.03442,-218.7823,-229.40921,-241.19539,-243.11296,-245.52518,-235.35016,-221.62497,-201.35292,-169.21869,-146.96565,-149.7298,-161.67628,-175.88686,-183.67828,-192.0664,-198.05779,-207.27287,-215.28847,-221.05841,-227.22934,-223.61641,-205.90726,-197.16725,-188.69234,-185.74759,-193.93033,-201.92822,-207.05084,-214.17787,-226.44046,-235.45503,-241.9045,-243.6338,-239.61516,-232.61076,-225.37935,-210.5881,-204.49863,-212.05482,-218.67708,-218.30505,-223.66292,-224.1093,-222.2612,-218.05159,-197.24132,-165.76114,-163.74791,-180.52603,-184.53821,-199.10446,-215.00482,-214.96564,-213.42711,-220.28566,-216.76236,-187.76674,-175.9892,-173.16435,-183.08545,-200.52763,-211.03088,-207.92809,-184.9584,-184.45132,-189.36601,-188.41989,-193.42076,-193.53479,-196.8211,-198.92773,-189.33746,-178.35818,-176.5114,-180.47488,-180.07126,-189.8775,-212.77554,-239.9029,-249.7843,-213.62738,-180.8734,-174.35146,-188.31226,-200.08728,-195.01581,-190.75133,-180.79646,-176.26843,-178.33127,-183.00006,-187.65704,-188.63324,-191.24619,-194.30525,-198.29813,-202.83037,-205.02869,-205.4771,-206.76231,-215.03908,-216.29149,-218.55531,-218.37485,-207.28006,-193.74138,-195.4355,-202.87897,-206.47823,-217.91817,-226.1855,-214.50165,-214.6217,-210.56308,-212.77133,-215.11354,-205.58852,-194.87505,-183.27695,-172.77402,-180.26106,-187.40186,-197.22475,-207.89955,-213.77779,-219.08249,-228.09975,-228.73415,-227.88396,-224.877,-215.71886,-218.5943,-227.67867,-231.36035,-236.27046,-242.48221,-245.51503,-244.9964,-249.92288,-251.8405,-245.32483,-220.83357,-194.82726,-188.70955,-194.30495,-201.65616,-199.623,-205.8217,-217.69708,-221.8113,-218.34874,-217.23497,-197.29065,-173.53525,-170.6283,-172.65417,-176.68617,-189.04771,-201.68184,-210.85646,-221.50252,-226.74611,-228.45573,-230.11746,-227.70813,-216.8044,-200.47754,-196.41388,-204.5107,-219.38794,-232.76402,-237.20135,-240.41837,-243.83028,-245.95572,-224.29384,-197.75671,-170.92921,-169.68217,-189.78299,-196.02002,-203.40152,-210.18965,-212.89494,-220.96921,-230.63937,-238.82298,-237.05614,-219.00354,-221.90019,-239.98126,-254.56621,-263.1604,-263.29303,-261.95337,-265.2791,-272.56903,-276.12238,-237.78658,-201.64177,-177.4776,-156.40208,-161.52687,-179.22505,-198.03903,-206.7605,-215.27144,-227.92044,-229.1145,-232.69177,-231.9877,-212.30902,-180.78291,-170.72917,-174.7803,-182.73357,-194.81607,-206.63957,-215.06818,-223.7483,-230.94226,-232.09444,-229.88625,-222.71805,-223.83792,-229.30005,-242.52966,-249.20927,-257.13254,-263.23203,-267.0754,-273.81165,-277.57562,-277.02557,-255.84166,-243.76266,-251.3832,-234.75539,-206.7335,-196.43382,-208.68872,-222.96642,-230.9928,-237.48926,-239.79892,-217.29213,-204.82057,-192.17111,-167.78224,-172.45717,-197.54298,-217.46323,-237.74808,-247.7708,-252.15308,-257.64447,-260.72006,-233.53725,-200.88544,-198.43726,-214.02979,-209.17223,-209.01608,-225.2892,-244.23798,-264.15152,-283.0415,-294.68445,-298.88443,-296.4,-261.67432,-195.44916,-158.79361,-146.63397,-144.52826,-147.00954,-152.45291,-149.94891,-146.12001,-158.35184,-168.15404,-169.75327,-172.64186,-171.77667,-174.93837,-193.6182,-199.7378,-189.04749,-196.2576,-200.4655,-203.99823,-204.80847,-209.02303,-209.22066,-197.71878,-163.8746,-148.25102,-141.82437,-136.60226,-146.27267,-154.32478,-144.96526,-142.65315,-140.9754,-148.03952,-151.11108,-163.52649,-167.16103,-169.21008,-169.30861,-162.4757,-157.63893,-161.2102,-162.55852,-163.89754,-176.89348,-204.1599,-212.48444,-199.97186,-170.61635,-151.34198,-142.79813,-142.40126,-144.81538,-152.03009,-159.45189,-165.13191,-169.64455,-170.76712,-170.77669,-168.10757,-171.3822,-179.22917,-177.10774,-164.71404,-171.97566,-172.91982,-179.88216,-192.32492,-196.23117,-203.36479,-200.84047,-200.16408,-199.49055,-189.30734,-163.362,-151.98967,-153.95746,-155.48112,-160.86975,-168.65678,-167.37296,-164.45976,-166.26645,-172.19824,-172.44048,-163.08342,-151.05484,-144.78021,-149.61447,-152.8489,-157.21959,-156.00993,-165.60919,-181.21205,-197.27875,-198.70926,-190.31859,-177.12874,-161.2692,-148.89697,-147.55295,-151.64917,-162.22226,-171.98378,-172.97493,-166.87912,-163.38487,-166.91144,-179.93253,-175.21738,-170.59291,-156.57411,-147.0996,-143.366,-150.68726,-158.45982,-157.35635,-160.24669,-171.44292,-175.93619,-178.70184,-178.7561,-170.85527,-149.18758,-144.63518,-145.41882,-158.06334,-159.14912,-157.24391,-159.94714,-160.90671,-163.40962,-163.6293,-163.78146,-158.05374,-150.57254,-137.20644,-130.73927,-129.70428,-143.72446,-146.65211,-150.95001,-164.07637,-166.18524,-160.80348,-159.27158,-147.08798,-133.94159,-128.79102,-136.13715,-150.44261,-162.53503,-171.36815,-178.43341,-187.79228,-198.5824,-206.51091,-210.58676,-211.62875,-205.7676,-202.46774,-193.79063,-194.8718,-199.44347,-196.67477,-192.94891,-195.83658,-201.0306,-211.59317,-206.31981,-190.86359,-178.96313,-182.74712,-178.90395,-179.41864,-181.00203,-179.57898,-195.60428,-212.27144,-217.23141,-212.80095,-208.67517,-205.16092,-186.17036,-163.55371,-168.2809,-176.74449,-179.84303,-188.04187,-197.15115,-194.27676,-188.51305,-181.94125,-155.79836,-127.163185,-127.557526,-153.58295,-163.3712,-154.10411,-156.10376,-158.89337,-164.46155,-165.59373,-166.33205,-168.25871,-174.69495,-174.62831,-167.61778,-154.93588,-152.62744,-165.01996,-167.50829,-156.61049,-160.10043,-171.97334,-177.71806,-185.23209,-177.28952,-145.53691,-130.9291,-129.79317,-137.51256,-149.10754,-154.91867,-154.5928,-148.73114,-148.66452,-154.1998,-159.89552,-162.52463,-159.17723,-145.81453,-140.0967,-144.88097,-157.37103,-162.26904,-162.463,-167.74544,-176.52464,-179.6345,-177.35286,-188.64886,-204.73642,-182.14914,-150.12048,-145.4228,-147.70601,-144.40756,-143.30374,-155.35127,-175.20547,-164.79973,-168.04207,-185.24911,-188.89919,-196.90521,-197.75041,-189.96758,-174.98799,-169.42644,-178.95488,-180.1585,-180.83284,-185.03496,-207.59285,-214.08662,-196.1687,-176.78265,-173.06473,-170.38258,-176.7906,-177.51842,-160.5896,-154.21358,-158.45955,-164.24797,-168.49432,-170.01176,-169.232,-170.66545,-158.45804,-138.36006,-132.79562,-138.78746,-138.46848,-147.87584,-166.76952,-182.55515,-190.36356,-204.34328,-199.63742,-177.2639,-156.11646,-160.75891,-174.7907,-184.07642,-188.46523,-197.15417,-192.64738,-189.58588,-196.02043,-199.46497,-199.98766,-194.12804,-182.41408,-162.57834,-157.22343,-162.26225,-166.02608,-168.05902,-178.09273,-176.88712,-183.17998,-192.19366,-195.17091,-167.05699,-152.49144,-155.08464,-175.07718,-186.25742,-196.11484,-206.84335,-208.25386,-217.16194,-225.99266,-231.32292,-230.17113,-230.30673,-194.32854,-167.56682,-170.38858,-170.09883,-178.53194,-191.77231,-202.17342,-216.4972,-226.12596,-231.13638,-213.98805,-198.3896,-189.77397,-187.42181,-175.402,-171.70015,-182.46024,-195.21889,-203.92041,-212.8915,-225.30513,-239.20544,-236.82303,-223.32669,-218.05392,-209.2315,-190.97264,-192.1778,-201.49155,-204.0189,-204.12004,-206.62427,-211.17293,-222.42798,-223.72182,-187.27725,-170.23691,-178.65108,-178.80853,-189.02785,-207.26543,-218.97142,-232.62888,-244.29758,-253.78574,-258.92236,-258.51883,-252.47095,-228.97566,-214.31725,-211.39243,-225.96942,-241.15578,-254.64804,-273.91565,-290.2041,-291.86194,-292.15906,-265.54797,-198.76134,-162.5741,-153.60733,-156.533,-152.13283,-145.5159,-138.99834,-136.76343,-136.01413,-136.85696,-144.82594,-157.91022,-169.91226,-169.99072,-176.36679,-188.88252,-185.5171,-189.44708,-198.92773,-207.69258,-214.0725,-214.95068,-213.31947,-205.28868,-179.16173,-145.93002,-135.05658,-141.05005,-141.43579,-144.28632,-153.43436,-157.01575,-150.44072,-154.93936,-166.32393,-167.49109,-160.26764,-153.99269,-150.58206,-138.62704,-141.16006,-147.62592,-144.61884,-151.45686,-162.4311,-165.58974,-179.58997,-195.20331,-172.38686,-150.20398,-138.33112,-128.1644,-130.27858,-133.5352,-134.78569,-147.69647,-151.84755,-161.35188,-164.84814,-164.80446,-173.86041,-180.7399,-178.4145,-171.12303,-176.78192,-175.69333,-180.58965,-179.37347,-183.91565,-201.67647,-205.98248,-201.88878,-195.57661,-183.83434,-160.28098,-159.076,-164.3635,-155.60532,-151.41444,-158.31981,-159.05074,-161.99997,-157.76752,-155.78111,-154.58058,-156.03731,-151.94377,-139.56802,-134.55035,-136.71692,-130.46878,-135.01846,-145.95422,-156.35442,-167.866,-185.51074,-190.09395,-180.51016,-162.09624,-154.92181,-169.35147,-173.70738,-171.8902,-171.14474,-178.9972,-184.89752,-185.4029,-182.56117,-180.65805,-179.33978,-175.6457,-164.99123,-164.24765,-169.05972,-170.4785,-171.85458,-176.47388,-178.60217,-188.7309,-201.65767,-202.68987,-183.15591,-144.62126,-138.27602,-149.6079,-153.88785,-161.99754,-168.5659,-162.19986,-164.31586,-170.20255,-171.94296,-172.47188,-176.01408,-161.51794,-144.99446,-145.89902,-147.8887,-147.1803,-154.95767,-155.11165,-157.2165,-160.22343,-161.7131,-154.7596,-148.47986,-133.30013,-123.61378,-132.67822,-133.28941,-130.12076,-145.68887,-167.60446,-187.4149,-192.54106,-195.6419,-193.41736,-189.20268,-183.12265,-180.74065,-177.06075,-160.83865,-153.86931,-161.91727,-171.11829,-176.18994,-178.25188,-177.5723,-175.75801,-172.31749,-165.48236,-153.07692,-142.46384,-150.65396,-167.47406,-176.08707,-174.06549,-175.00479,-188.25078,-209.89664,-223.97675,-215.20001,-214.37195,-212.95158,-193.76074,-180.7557,-185.77988,-190.47589,-200.18314,-209.3924,-212.6429,-220.00809,-217.11562,-204.50081,-177.64717,-161.40678,-165.37773,-170.53265,-166.37602,-163.89622,-157.12482,-156.26723,-155.00656,-155.20143,-161.57755,-172.78662,-163.23328,-155.72177,-161.72318,-168.0187,-172.01671,-174.30125,-180.86801,-192.58975,-196.57887,-204.01204,-213.03499,-204.59222,-165.5078,-138.50562,-136.79568,-140.4668,-146.09071,-151.19408,-153.8157,-152.53333,-158.09453,-158.16371,-158.4057,-159.37175,-155.85924,-140.37573,-144.58527,-156.0666,-158.76222,-160.24504,-158.60854,-166.46416,-183.91185,-198.20663,-205.1724,-195.1918,-162.26154,-137.10936,-129.8797,-141.927,-161.00755,-167.09526,-169.85696,-167.75423,-169.00948,-176.32726,-183.37004,-199.03133,-183.70914,-165.7398,-167.79062,-175.88013,-177.96985,-176.45653,-181.08675,-183.46693,-194.73126,-202.13036,-196.18079,-185.04121,-175.83911,-164.03996,-158.58298,-159.39699,-159.69698,-152.62582,-150.88548,-153.1788,-155.79094,-155.60205,-156.44557,-161.97154,-162.43025,-155.01169,-124.452736,-118.32323,-129.44586,-149.24405,-167.71548,-176.35474,-189.67793,-200.56274,-206.59775,-213.85492,-210.27393,-194.47575,-188.28557,-196.40417,-207.75111,-221.39204,-226.55586,-210.32909,-187.48872,-164.31845,-157.82642,-167.74065,-178.45059,-167.19414,-154.2677,-151.66043,-153.37958,-159.13995,-169.04083,-173.18193,-177.26999,-175.33853,-164.35233,-163.81564,-162.09624,-152.03604,-143.53612,-144.71288,-162.903,-178.97198,-189.54065,-189.6936,-189.85329,-203.52611,-209.6588,-209.22298,-211.63351,-190.02782,-173.98907,-183.0418,-196.02997,-202.71004,-204.65718,-205.57524,-201.19028,-205.9005,-210.70906,-203.2485,-178.07747,-166.00667,-163.46973,-162.80722,-169.13281,-175.14958,-182.47794,-189.83025,-186.4714,-194.33568,-210.36044,-217.00133,-213.00075,-205.96461,-179.59204,-168.68443,-179.65768,-186.47255,-187.13591,-186.93855,-191.51733,-201.73384,-207.94554,-205.05109,-178.78104,-154.845,-162.53018,-180.59215,-191.77582,-203.39673,-220.89267,-223.56728,-209.67282,-214.0841,-218.04591,-227.53232,-233.7632,-216.17018,-203.03136,-203.34515,-216.40929,-232.4361,-238.78693,-238.19023,-243.71614,-256.25757,-251.82042,-218.13614,-174.76306,-158.17877,-163.80943,-170.2789,-175.361,-184.45596,-174.99298,-160.40646,-162.27325,-169.17087,-171.06235,-174.90036,-186.20956,-186.79552,-186.60953,-199.60846,-211.51741,-215.80618,-217.5355,-216.54932,-216.92801,-214.03882,-209.00479,-200.66855,-175.59558,-164.48167,-156.37596,-144.595,-138.22296,-147.96405,-163.72993,-166.95642,-165.94635,-164.9898,-173.33076,-180.2815,-186.93777,-196.08691,-204.09496,-201.537,-200.17613,-187.03923,-176.05853,-172.92406,-174.61754,-170.84927,-178.05598,-176.72354,-163.03073,-158.60182,-164.86627,-174.07663,-184.36932,-185.57646,-185.17812,-181.55222,-172.03033,-169.55038,-171.9012,-159.51895,-142.36703,-141.31477,-153.8776,-159.42091,-170.23032,-178.05614,-202.18694,-204.78156,-196.17781,-184.55223,-178.94618,-175.42293,-176.81052,-169.97879,-158.31474,-153.56818,-151.44608,-157.97313,-167.41414,-164.64304,-164.93353,-168.25749,-164.59293,-172.07063,-177.00633,-161.52957,-153.9877,-151.76157,-151.65253,-163.28079,-172.52803,-177.2194,-182.02695,-176.77763,-175.27779,-174.72137,-187.41626,-206.05235,-224.8873,-210.53642,-169.87413,-146.17363,-145.90578,-157.3682,-168.47366,-172.31047,-176.07126,-184.24968,-183.61906,-169.98932,-161.54753,-157.09334,-148.38113,-155.29138,-161.2186,-169.41208,-181.04024,-186.36014,-189.06075,-191.40941,-198.17792,-203.7725,-208.36461,-197.26505,-173.4129,-169.13995,-175.80266,-180.05559,-177.74036,-180.2831,-188.36153,-194.94028,-201.05841,-201.66383,-203.75806,-203.65642,-189.02603,-176.516,-164.23666,-164.50545,-171.75555,-175.91556,-181.52774,-186.70076,-191.26552,-192.96907,-192.27734,-192.37617,-193.06117,-193.1423,-196.37715,-200.607,-201.21423,-203.51529,-208.1171,-210.00258,-215.56596,-217.67451,-199.1206,-153.56984,-127.20763,-130.5767,-151.02425,-169.39984,-169.51355,-142.00374,-142.80685,-162.3915,-172.41478,-144.97733,-131.45235,-130.0062,-131.86836,-132.20381,-118.33948,-106.064095,-108.94546,-122.458786,-139.84138,-142.01936,-143.16974,-157.9703,-172.23836,-173.12244,-177.82724,-191.39249,-205.91032,-212.17169,-196.34396,-178.26253,-169.25331,-166.8336,-166.89731,-158.72829,-161.36343,-170.58081,-170.42963,-151.97841,-137.34317,-137.80273,-146.38724,-148.42859,-146.60521,-153.24551,-170.67212,-185.25725,-192.38295,-192.62108,-186.69397,-186.65361,-190.31203,-194.09569,-192.35532,-179.78471,-155.75838,-153.66425,-164.747,-167.53653,-162.58301,-148.39394,-137.09833,-142.88425,-147.52902,-152.76106,-161.90666,-163.59384,-171.17488,-187.40698,-212.27824,-230.01472,-231.57549,-230.66243,-211.04378,-188.35384,-177.20209,-179.63693,-192.45975,-203.42569,-198.29524,-202.45612,-216.34789,-206.07205,-184.98978,-172.80511,-170.52052,-171.08502,-167.04335,-153.76245,-140.59889,-138.13852,-138.80292,-135.1808,-136.24211,-151.04997,-179.55951,-197.55719,-203.44037,-202.81181,-185.78181,-166.78685,-147.07564,-130.82713,-124.12563,-121.252884,-123.87963,-137.16199,-141.7923,-144.12766,-145.91733,-146.66762,-145.33528,-149.04977,-160.76796,-173.3409,-166.32077,-153.91965,-152.16985,-153.11902,-164.98013,-187.98401,-182.54666,-163.75085,-151.49596,-148.2726,-143.02322,-119.662476,-112.73826,-119.95252,-124.530205,-135.99039,-146.46672,-169.01079,-188.24762,-191.20612,-188.68459,-194.70973,-188.75471,-180.70555,-166.50276,-144.59218,-137.15219,-148.92964,-154.39923,-153.13632,-145.34596,-130.83186,-118.67618,-119.563644,-133.7275,-149.89107,-159.39536,-165.81693,-170.10751,-177.08861,-177.28413,-170.59894,-152.1615,-141.37764,-146.97914,-161.40395,-168.36868,-178.95761,-183.509,-190.79729,-194.52246,-200.44077,-205.15408,-199.34947,-187.23509,-173.92271,-155.78917,-158.48883,-158.96172,-161.59682,-153.93092,-147.31369,-153.06358,-161.05038,-158.9764,-154.03201,-163.29602,-170.51099,-171.27074,-174.07693,-180.24411,-190.9235,-195.79971,-209.74226,-209.87988,-193.03992,-176.30008,-162.50519,-159.88399,-150.32121,-149.40036,-159.55148,-170.22859,-186.48814,-197.57726,-212.98064,-217.49161,-209.884,-193.63322,-182.52655,-164.53848,-142.4269,-140.85193,-150.62349,-158.5679,-162.63422,-175.75131,-197.36151,-217.47568,-220.98964,-227.80487,-228.80432,-213.78456,-211.01212,-224.20001,-240.14243,-227.50146,-212.04381,-211.76509,-210.45798,-194.80254,-182.96254,-168.70917,-147.77528,-148.63295,-158.54779,-164.33817,-169.79202,-164.31113,-145.64871,-137.61656,-141.30086,-155.22655,-167.72902,-167.59299,-175.6022,-182.06602,-193.50182,-184.09618,-180.49928,-182.50452,-190.16928,-192.8279,-190.94537,-195.61061,-188.83876,-177.20576,-169.7266,-168.73819,-161.71028,-161.49684,-159.7635,-157.71027,-148.32307,-153.66568,-154.39075,-151.13159,-155.52696,-161.28069,-170.29408,-183.44466,-188.04906,-176.85184,-161.04881,-155.33421,-154.37451,-147.71664,-158.36848,-185.40056,-201.8864,-200.48311,-184.79944,-175.45122,-175.73396,-177.09798,-178.94359,-176.47885,-158.30128,-145.84232,-142.52234,-142.04076,-147.4951,-157.04857,-172.45032,-185.31216,-188.94817,-193.0016,-217.67213,-223.64383,-198.67342,-191.95595,-187.36185,-167.55614,-149.12584,-141.91457,-138.5671,-146.59705,-150.57191,-163.09912,-178.33641,-177.37424,-173.80652,-172.04935,-180.43715,-184.18831,-180.7095,-186.66917,-194.67593,-181.33452,-160.09128,-151.81038,-150.4877,-161.28737,-169.0277,-171.89436,-183.1779,-189.55351,-195.0689,-199.5504,-202.72597,-215.45415,-204.49777,-195.31256,-191.75769,-186.74075,-181.88832,-173.06326,-173.27,-181.5677,-178.16719,-181.98564,-192.65129,-184.13284,-166.9317,-164.38649,-158.43373,-154.06662,-158.34381,-163.2065,-168.39732,-178.82635,-186.56567,-196.22852,-202.4189,-199.58963,-182.65727,-171.24458,-177.63852,-189.42531,-194.29114,-181.45345,-174.03513,-167.03514,-165.74655,-166.20695,-174.23026,-176.8504,-176.34605,-168.30219,-161.40851,-162.08768,-164.80917,-173.96144,-187.2694,-193.22478,-194.27292,-190.85185,-172.57137,-161.77177,-160.60416,-145.31134,-143.31505,-158.89682,-175.94861,-181.20901,-186.0807,-188.38565,-190.73802,-195.25299,-201.46986,-195.97026,-181.62949,-159.44063,-154.74184,-168.8574,-181.78401,-179.28693,-179.9426,-190.47775,-190.29463,-186.27255,-183.87315,-164.34503,-145.57918,-133.34578,-144.87424,-158.67403,-163.7886,-173.37639,-185.53748,-193.03082,-195.67352,-189.43665,-188.1888,-177.46382,-142.60315,-122.65265,-123.294846,-137.93584,-145.82254,-169.07639,-201.40543,-212.38101,-208.0823,-198.05705,-190.8356,-177.13239,-164.91435,-167.6975,-182.03293,-187.22438,-169.61528,-162.88618,-155.61008,-155.81183,-163.2493,-178.66217,-182.457,-185.03807,-201.56543,-202.01218,-195.99878,-197.3969,-193.64104,-190.16058,-191.39717,-183.10399,-187.0366,-199.39755,-201.71822,-198.51854,-180.50594,-159.21938,-158.5372,-174.2292,-183.3503,-176.11212,-167.89722,-159.89117,-161.82176,-165.99701,-171.05623,-182.0108,-189.43634,-201.56432,-204.63766,-211.41687,-214.15439,-205.57521,-204.07259,-211.48422,-216.20575,-220.88101,-216.31906,-187.94595,-162.5021,-159.75427,-171.32358,-163.11935,-155.66698,-151.08516,-147.05574,-152.6334,-170.13098,-182.62985,-186.63042,-192.14682,-191.05165,-191.56279,-198.5504,-190.07516,-186.14874,-166.16696,-143.25304,-139.22958,-143.40431,-148.97356,-151.76318,-163.81828,-178.51054,-185.72116,-179.96642,-176.69922,-170.86269,-168.36986,-167.39125,-158.20522,-140.19415,-139.02615,-153.8557,-158.79167,-140.84717,-133.01448,-136.45987,-138.51447,-151.04414,-167.44128,-185.56857,-194.62491,-177.94388,-164.40356,-157.34647,-157.33832,-157.52722,-152.12593,-150.09077,-173.07605,-185.4576,-181.53148,-175.03424,-179.32558,-185.02641,-193.22978,-202.03902,-190.35564,-183.29591,-167.66136,-148.59773,-142.35573,-144.61533,-146.82004,-152.07133,-156.33292,-159.584,-165.98189,-167.48325,-160.84346,-164.99104,-151.04425,-150.92264,-165.34021,-176.4577,-187.77994,-200.33333,-201.5057,-179.34709,-162.90503,-150.88063,-156.46056,-169.42581,-174.22871,-158.39995,-153.673,-164.56715,-174.57494,-177.7845,-176.81512,-175.63846,-180.63985,-189.27744,-193.0962,-190.42863,-185.37457,-164.0845,-144.82927,-143.88458,-148.64265,-155.94136,-168.15347,-181.88681,-194.69347,-211.11609,-205.53648,-203.68797,-201.07304,-182.45433,-169.77403,-172.75392,-182.86519,-192.34314,-209.72064,-224.16476,-230.16138,-224.30342,-183.77287,-154.53473,-159.8018,-182.73685,-184.3092,-186.4073,-204.60272,-207.48839,-206.79352,-220.49358,-236.98195,-234.1999,-233.44354,-223.00703,-224.64874,-234.63243,-238.50914,-250.25922,-267.5341,-273.37466,-281.10898,-281.30493,-282.96475,-251.91481,-199.18745,-167.78362,-159.65816,-162.19347,-171.37085,-182.5569,-194.33861,-201.04439,-204.8456,-207.04207,-205.19583,-208.60202,-216.21243,-200.80893,-191.81749,-194.43257,-205.26178,-217.19559,-234.72395,-247.71913,-252.02104,-261.72372,-257.19278,-240.20836,-195.46878,-157.43768,-138.13603,-138.44382,-153.68733,-166.11816,-172.99152,-180.76917,-193.99237,-202.8874,-216.40237,-226.2188,-231.57065,-230.96642,-217.11957,-171.21397,-136.49864,-131.18253,-142.22287,-153.67943,-157.6882,-166.98338,-176.31644,-177.19333,-179.94684,-186.25687,-187.19812,-190.38034,-199.55927,-208.67714,-211.07007,-214.78809,-218.90488,-222.29622,-227.47136,-234.01695,-239.77621,-238.49385,-208.79994,-189.37564,-202.51176,-190.4639,-162.20367,-156.45314,-164.47777,-171.9412,-185.20686,-191.7456,-195.95822,-201.91205,-183.51778,-166.6514,-156.3711,-153.61122,-165.8825,-177.88293,-196.07916,-211.07439,-221.12529,-234.65427,-247.97955,-259.09262,-250.95148,-244.30551,-243.48543,-222.78702,-205.48059,-201.19194,-211.24525,-228.44344,-239.08086,-252.52002,-258.2685,-249.41263,-210.5532,-167.64714,-146.77736,-152.11598,-165.16307,-177.22142,-184.47523,-192.59193,-202.11191,-211.01453,-218.85225,-214.14996,-201.20403,-174.37206,-180.69731,-198.56001,-203.65746,-201.4573,-211.9871,-220.3336,-228.52608,-231.86098,-232.80296,-228.07552,-196.60262,-165.347,-149.23363,-150.78194,-161.557,-172.09233,-177.42021,-188.43066,-202.54884,-212.73996,-218.34238,-226.40277,-232.1225,-231.23177,-209.9842,-165.5096,-144.32294,-145.51053,-164.54585,-175.44394,-181.14769,-189.90997,-194.78725,-206.08052,-214.94,-211.43718,-201.82162,-205.36691,-215.55345,-226.90065,-232.13615,-239.52702,-250.61404,-250.61266,-252.28084,-263.39767,-267.62415,-257.89984,-237.57355,-214.97508,-186.68433,-163.34975,-164.54115,-179.68524,-196.93217,-209.50195,-215.96237,-204.1488,-182.45996,-183.67378,-169.66803,-155.24512,-154.0379,-158.99014,-173.08957,-190.42268,-199.18344,-212.58075,-222.92346,-233.87326,-251.10677,-246.48961,-232.76402,-232.43025,-207.1174,-190.73094,-196.56543,-210.9956,-229.61769,-247.49715,-268.36975,-264.79675,-247.97998,-218.07518,-201.80276,-189.5927,-167.5375,-160.89296,-167.91612,-177.38606,-191.5485,-198.42714,-196.52942,-196.2455,-205.55305,-212.31439,-200.24255,-184.63069,-187.24976,-197.26413,-209.73987,-216.45163,-221.99527,-227.43875,-238.24846,-235.10933,-202.48648,-169.50447,-155.11551,-152.54684,-150.838,-156.06119,-160.05804,-165.38339,-173.77246,-182.74269,-191.53491,-195.19276,-198.80559,-205.57317,-185.11122,-162.12323,-151.57303,-154.80478,-162.11034,-166.51717,-177.39291,-187.44385,-194.59982,-197.66931,-200.51712,-204.09486,-205.9578,-213.53424,-218.94095,-220.44409,-220.1386,-226.22156,-236.80696,-246.32233,-250.55597,-253.849,-260.28513,-254.31807,-228.74251,-218.50316,-195.89572,-176.0692,-172.24908,-179.75854,-190.62108,-201.33614,-215.19444,-220.54765,-215.89067,-201.1004,-175.17012,-164.74599,-165.93869,-175.58145,-180.89046,-187.25781,-195.29396,-206.64453,-218.38853,-223.36862,-233.30765,-225.88553,-222.31744,-234.5201,-246.71742,-254.31767,-257.2509,-260.37637,-268.39328,-278.4054,-287.8382,-298.7065,-250.82327,-173.58919,-144.15105,-152.96439,-169.51942,-172.84924,-179.95934,-184.62395,-192.40982,-190.32253,-196.44008,-200.83578,-200.56667,-202.5339,-207.63786,-217.77356,-223.61874,-227.30013,-235.79668,-235.43665,-237.02615,-239.68373,-242.69821,-247.42021,-250.5608,-218.15457,-164.85204,-137.68661,-139.11505,-157.41075,-172.9312,-179.86548,-178.6108,-188.46625,-190.29843,-195.8877,-197.98744,-204.50504,-211.74274,-218.65285,-224.42595,-227.96545,-231.51079,-239.40518,-247.29407,-247.28017,-255.57938,-262.5884,-264.0901,-243.7414,-184.53085,-145.74005,-130.97495,-134.87094,-148.6601,-172.6081,-189.3109,-206.85938,-203.28394,-207.11475,-209.57097,-213.79298,-215.15298,-220.5028,-229.85828,-232.93883,-229.75023,-243.2041,-255.81345,-263.8939,-267.97565,-271.08,-277.11627,-286.0952,-290.70602,-290.20474,-296.31607,-305.79132,-308.2296,-314.26416,-315.10324,-312.17776,-313.34546,-318.9729,-320.8556,-319.46857,-316.10107,-314.55984,-312.1911,-310.22272,-309.12662,-315.80316,-327.5647,-337.55902,-348.1608,-357.36682,-357.778,-319.84293,-276.8412,-229.41711,-189.14381,-164.45847,-158.38464,-163.61227,-163.122,-159.21109,-162.05472,-159.74008,-149.21349,-145.92818,-152.24933,-159.13232,-171.98906,-185.56534,-193.34589,-203.40947,-210.73668,-208.39935,-209.27905,-213.97658,-218.51662,-220.81596,-224.30186,-229.52266,-225.51653,-223.00465,-220.36078,-215.96263,-223.85536,-223.6253,-201.34055,-182.87389,-181.96933,-184.95003,-188.4106,-185.48138,-180.63754,-183.76495,-176.40504,-179.22086,-175.62119,-156.90875,-148.70854,-157.14864,-183.24661,-212.368,-237.9404,-244.70764,-247.99135,-251.33011,-247.21785,-247.03703,-243.87674,-244.14139,-254.07541,-256.49738,-251.19135,-243.09259,-193.21217,-177.88078,-200.1838,-208.42456,-221.28436,-225.97624,-229.46448,-229.56812,-225.98172,-225.07057,-234.65009,-242.04993,-240.89911,-241.22131,-232.08527,-222.65887,-222.302,-215.73192,-209.48486,-209.91771,-203.89877,-196.94261,-199.49306,-204.85768,-206.8494,-203.22089,-205.40479,-202.68535,-204.14873,-198.25157,-194.15955,-195.37242,-195.36627,-197.18547,-200.67044,-193.90053,-190.75131,-200.41643,-217.17719,-244.09508,-250.98044,-251.65042,-255.93921,-255.85133,-256.27423,-248.7109,-205.75206,-183.88028,-163.21785,-138.99265,-124.322845,-117.73537,-118.090416,-129.26544,-131.49901,-123.75866,-130.06215,-137.32817,-132.27936,-131.97493,-128.92667,-133.93918,-140.34155,-140.29608,-147.7817,-151.78625,-155.58476,-160.39188,-171.60886,-178.49814,-188.26454,-187.41577,-190.60265,-188.86868,-177.06458,-166.42459,-162.22906,-170.5878,-182.03293,-181.52385,-169.55202,-160.07227,-174.66591,-187.74585,-194.6998,-200.56566,-186.27032,-184.27002,-195.72171,-206.88208,-192.35466,-165.70293,-168.05766,-190.57399,-202.51373,-203.17128,-198.34036,-164.35364,-131.77759,-118.43663,-125.65054,-131.70375,-138.93779,-147.05916,-153.03354,-154.49756,-149.2149,-144.73077,-148.38664,-155.06401,-158.18932,-159.6669,-163.67833,-164.54382,-171.63028,-178.01474,-184.72238,-182.41278,-176.74916,-163.97859,-155.43121,-162.74805,-165.91101,-142.89905,-123.20155,-131.55878,-145.25351,-154.80612,-160.96645,-165.582,-168.29343,-172.03072,-175.21071,-171.63638,-168.28448,-176.5396,-177.2849,-177.32925,-180.47952,-206.4312,-232.14162,-245.26303,-238.42131,-234.44722,-238.44228,-238.95056,-222.40395,-172.8898,-129.4211,-119.08316,-121.02123,-124.38308,-124.092674,-120.65309,-121.88038,-134.2161,-144.4738,-151.66719,-156.76445,-154.11005,-156.25409,-167.73616,-176.59404,-182.40115,-202.05496,-215.43388,-206.82083,-204.77171,-204.82309,-203.52293,-207.22807,-206.46454,-189.48631,-153.05424,-123.161285,-119.98312,-135.01488,-143.66898,-150.05595,-158.27551,-159.32307,-157.60483,-158.8258,-164.69002,-163.308,-151.40765,-146.02887,-151.01248,-156.04346,-167.00795,-179.02068,-188.85098,-192.43327,-196.34962,-201.34734,-210.93904,-220.82278,-225.34795,-226.39644,-219.4745,-189.59291,-172.992,-174.33206,-174.83598,-171.57895,-172.96666,-174.5121,-166.12735,-165.69778,-167.0765,-157.69402,-154.0734,-152.34917,-151.27942,-151.99367,-158.30733,-181.07143,-212.9829,-236.23723,-233.958,-232.24837,-194.24289,-168.78978,-162.71588,-158.9523,-154.19945,-157.91313,-164.00758,-171.15869,-175.64117,-175.97403,-173.80618,-174.31317,-185.27122,-186.3456,-185.94249,-181.23817,-175.76768,-181.8251,-188.71362,-199.3458,-218.66647,-241.50366,-257.53287,-259.09882,-243.95482,-205.6115,-162.143,-142.60999,-139.86368,-146.82436,-155.96208,-155.77177,-150.95128,-152.77066,-160.92229,-161.34547,-167.22803,-167.43347,-160.79416,-155.42796,-158.1596,-172.57545,-179.57089,-180.31538,-184.56703,-187.13147,-189.99333,-190.49626,-194.2109,-168.20082,-140.5115,-135.07088,-152.09454,-154.30849,-154.17188,-158.08449,-158.83861,-154.32198,-149.56488,-155.61954,-164.91554,-174.91595,-179.1316,-176.74898,-161.48824,-153.16449,-153.10214,-151.81993,-148.7033,-144.25163,-149.88591,-158.09734,-178.57935,-204.09633,-210.66368,-217.31522,-216.1851,-203.9896,-195.79053,-190.48172,-184.90486,-180.18512,-182.14629,-191.92792,-213.88249,-235.15471,-235.77126,-211.86557,-195.08461,-178.71869,-163.72057,-160.65436,-167.85527,-167.01414,-179.48012,-199.52748,-206.67328,-205.25005,-193.00471,-187.89601,-173.9791,-165.2998,-166.32524,-162.52698,-166.22725,-174.82445,-183.4076,-185.14195,-184.12138,-184.07845,-170.46004,-171.12738,-180.04308,-186.4093,-180.97539,-180.79707,-194.60248,-204.12555,-216.02347,-231.2423,-232.16283,-210.55037,-178.96896,-169.50604,-165.07298,-142.0657,-134.26704,-160.8134,-189.30563,-198.05585,-195.58873,-176.08781,-167.30199,-168.70955,-161.8762,-155.78844,-155.22441,-160.7427,-176.53809,-185.62903,-200.87947,-208.42754,-212.47954,-215.75948,-215.6367,-215.46886,-208.54836,-175.04489,-159.74922,-161.45497,-164.84625,-155.6031,-142.26482,-151.7942,-159.6181,-164.33546,-169.82529,-170.55444,-165.11317,-164.8187,-154.05629,-139.0349,-132.77443,-140.05435,-143.86195,-148.16873,-166.43771,-168.95392,-177.82472,-183.66096,-197.85826,-213.15059,-215.73557,-205.54062,-201.41338,-196.72125,-190.99394,-188.62547,-182.41544,-178.08823,-181.61433,-197.07066,-204.32033,-197.93282,-184.91472,-165.32571,-149.88698,-149.50316,-158.69038,-166.47372,-170.68684,-176.19037,-177.4148,-176.47221,-181.22057,-159.73145,-140.64268,-142.04079,-139.22523,-142.15578,-145.9472,-154.85754,-159.5847,-159.10835,-164.72685,-173.09813,-171.0556,-167.41763,-163.2967,-161.20433,-161.35448,-163.08455,-171.44936,-179.50891,-198.136,-218.10808,-224.11595,-236.74298,-252.0715,-225.94212,-181.38057,-163.39514,-165.87428,-180.2581,-186.31091,-186.1446,-158.24435,-141.52982,-146.00171,-151.35411,-160.56381,-164.3791,-162.59384,-167.13629,-176.46492,-189.44307,-187.77608,-182.3632,-176.27092,-174.90921,-183.38411,-185.69972,-183.7502,-183.21777,-151.2907,-127.40804,-130.52286,-134.32253,-135.1822,-138.11453,-136.90498,-143.7999,-151.1427,-157.70825,-159.85658,-161.91565,-157.6757,-161.37141,-154.41603,-131.72002,-125.39033,-143.27173,-162.2952,-174.852,-186.62457,-186.5245,-188.23381,-195.28227,-199.10999,-201.23064,-198.51125,-191.51143,-191.9897,-195.49983,-185.0551,-165.87532,-169.6419,-177.68915,-189.79645,-198.93994,-203.10326,-190.4487,-181.66956,-169.79776,-156.56071,-169.01437,-181.27155,-192.5797,-195.20059,-192.00581,-192.1119,-191.89735,-177.76126,-173.6575,-150.26097,-131.27455,-136.38313,-144.68745,-147.92172,-158.70041,-165.43312,-179.4378,-186.56737,-186.63559,-191.96892,-183.02051,-176.44724,-168.99507,-169.29279,-183.39073,-192.43307,-209.53044,-218.60133,-223.81673,-230.14474,-229.88954,-202.55545,-171.70108,-164.27454,-162.52518,-168.102,-169.0865,-165.47997,-150.31924,-144.71983,-143.9921,-145.33606,-153.49245,-157.9737,-162.86641,-168.35901,-170.37082,-166.89725,-163.48065,-157.62039,-155.18614,-159.9337,-157.88028,-172.07582,-207.39738,-218.46565,-207.75882,-163.30995,-134.74348,-131.92043,-144.28363,-149.54764,-150.85779,-153.26646,-162.85475,-175.97679,-173.86354,-173.7573,-175.14543,-158.85332,-145.03613,-145.50475,-149.05331,-154.43968,-165.09996,-172.61494,-187.19469,-199.13188,-210.30177,-215.61374,-207.2049,-202.05276,-187.1483,-174.71884,-170.5006,-167.36093,-161.48477,-158.467,-158.38542,-166.46703,-170.06322,-168.73355,-174.32005,-169.8725,-156.80115,-139.17464,-132.58128,-139.88202,-152.75171,-166.97694,-192.86008,-208.47652,-210.87915,-211.4354,-211.31747,-191.06207,-158.25339,-150.98216,-169.30824,-178.12953,-162.83826,-152.82658,-156.52771,-153.02931,-156.36588,-158.47327,-164.39021,-160.94713,-153.33913,-156.17523,-167.33498,-187.89955,-213.88167,-228.96654,-244.6693,-252.83223,-259.27243,-258.75995,-224.31961,-174.14116,-149.34782,-145.59941,-154.43648,-154.15295,-152.06436,-151.89038,-145.65059,-143.32735,-151.32318,-156.0174,-160.53561,-162.25014,-163.6548,-167.19348,-168.90382,-167.2068,-173.58055,-175.3131,-178.96016,-177.4327,-175.52293,-181.27898,-182.67915,-162.36052,-138.03198,-122.84478,-126.178795,-136.41824,-148.12897,-159.22061,-155.20744,-154.05283,-159.27661,-158.50246,-159.594,-166.53473,-176.85315,-160.48027,-142.99089,-136.88936,-147.96983,-165.11287,-172.53496,-169.50458,-169.39812,-172.9853,-176.98047,-186.8118,-201.68127,-204.24742,-202.7093,-206.63387,-208.17682,-204.09575,-201.45116,-196.23494,-194.5572,-192.46579,-200.474,-218.48322,-238.38286,-224.1966,-191.71083,-158.11609,-141.33902,-148.83133,-155.8043,-157.06305,-166.8529,-177.61882,-189.85567,-200.1498,-183.29128,-151.73062,-139.79106,-148.9926,-168.0463,-173.30873,-175.82973,-177.19797,-181.94542,-191.48131,-196.36455,-195.37329,-196.84988,-189.94366,-171.16052,-168.4019,-180.39496,-188.36963,-198.90024,-210.54524,-223.11293,-229.04066,-227.73935,-220.88248,-191.85425,-156.83965,-137.6634,-124.54385,-126.11159,-136.58957,-144.05954,-147.03438,-149.07892,-160.88498,-162.86456,-162.59186,-170.55855,-181.60844,-193.56013,-197.35063,-196.76135,-195.15184,-191.60191,-195.14612,-201.125,-209.71106,-208.8266,-212.4145,-200.15213,-150.32614,-126.74068,-133.2587,-140.70612,-141.74768,-147.50682,-155.65843,-160.92328,-158.93394,-156.32494,-158.2259,-162.23097,-154.84781,-138.6232,-119.46205,-125.06211,-142.78477,-156.94849,-181.00278,-191.44917,-198.05981,-199.92596,-205.03801,-208.53094,-217.74562,-224.33934,-222.38072,-224.015,-216.39227,-170.5258,-159.81314,-180.13425,-183.93393,-186.17686,-191.90652,-189.9509,-194.87057,-197.3559,-182.27309,-167.69392,-158.48848,-168.50998,-185.07433,-194.48488,-194.7883,-190.06337,-178.29588,-176.78276,-171.07411,-151.76404,-136.34163,-139.2828,-143.80852,-148.01468,-147.71576,-149.96204,-155.20049,-150.66374,-154.05984,-163.66342,-166.39217,-170.64479,-160.6789,-150.93042,-155.74048,-163.18008,-174.8229,-194.83028,-213.01991,-223.58281,-230.72777,-233.02489,-218.9681,-175.80043,-157.164,-167.4485,-167.79659,-150.52695,-143.45276,-147.45207,-152.3277,-153.92598,-152.74864,-152.90515,-156.11069,-167.92485,-170.91594,-169.74173,-180.68855,-179.52873,-176.07375,-175.75934,-176.62163,-176.77614,-176.51389,-181.90549,-182.13359,-162.47649,-133.71645,-132.14317,-141.1417,-150.85342,-158.37276,-160.49173,-172.2199,-175.30823,-176.81705,-178.33032,-164.97137,-164.34645,-165.89542,-145.88943,-146.70529,-162.66833,-180.84723,-209.73724,-224.83786,-229.28537,-234.26839,-238.10353,-236.93256,-223.92984,-191.43823,-183.6598,-192.1334,-192.51344,-173.68597,-161.9926,-164.75188,-162.06805,-160.02127,-159.50279,-167.86087,-171.38681,-157.84955,-153.41095,-158.10611,-151.77008,-149.00282,-159.08363,-171.76407,-173.99887,-170.67244,-170.41399,-161.50731,-135.90039,-128.91333,-124.54496,-129.23781,-134.76633,-136.76407,-136.98508,-138.09311,-147.06985,-157.80116,-161.71202,-165.31804,-158.88551,-156.48271,-149.15535,-146.62712,-158.79272,-164.42685,-166.8406,-197.23381,-216.97424,-223.57167,-231.86696,-231.61604,-214.46487,-164.49347,-139.68109,-136.94202,-135.96158,-136.7378,-137.66908,-136.19196,-136.4721,-140.33206,-138.38089,-141.72841,-151.76654,-161.99458,-164.2755,-168.01675,-174.76256,-174.75687,-172.28986,-190.26439,-202.93466,-203.56104,-206.3431,-208.47673,-193.99957,-157.5427,-132.56023,-125.42531,-134.30956,-145.49107,-156.76848,-155.55035,-151.41338,-155.52167,-157.72586,-151.8772,-157.58725,-138.30779,-133.63542,-137.01566,-145.97768,-168.91345,-187.89372,-204.53664,-212.1406,-214.49348,-215.30322,-220.65793,-222.99873,-212.78856,-196.48207,-182.78746,-169.1178,-163.40735,-160.12688,-152.81775,-158.67761,-151.78648,-148.20618,-151.50772,-160.29404,-163.05766,-160.57066,-155.72978,-148.58868,-138.5748,-153.02293,-171.80536,-182.31718,-194.20361,-213.54477,-227.35144,-227.9453,-197.91954,-157.2267,-150.94028,-158.86253,-160.93779,-166.03993,-170.5356,-174.20596,-183.09232,-196.93031,-202.29659,-200.13766,-198.49004,-195.19325,-182.49905,-173.64679,-174.41963,-181.37448,-186.13715,-193.30739,-216.83003,-239.91826,-246.52916,-240.67607,-204.5407,-163.50888,-149.61148,-152.74736,-160.37097,-157.02614,-151.32127,-152.46921,-152.82239,-154.95384,-150.04074,-152.95955,-163.82074,-166.73009,-163.80527,-156.06471,-156.57271,-168.72253,-171.64206,-173.45242,-177.05971,-173.02231,-172.93234,-174.6385,-172.50865,-140.99312,-120.0589,-125.09155,-139.62286,-140.34941,-138.35214,-143.07417,-149.227,-148.15594,-140.5815,-145.96707,-148.75243,-157.32745,-151.12585,-138.25949,-131.65833,-132.50961,-137.58002,-137.75304,-132.23828,-135.49815,-136.99123,-148.27187,-177.1329,-187.19133,-189.12451,-201.37865,-209.32268,-209.21042,-200.19585,-189.19191,-187.5432,-190.75732,-190.51913,-210.60437,-240.85643,-235.55223,-223.90637,-191.09267,-171.06714,-162.5349,-163.24008,-168.63231,-173.62563,-181.38144,-198.71068,-220.9141,-211.56702,-169.6315,-158.9522,-163.96661,-168.06638,-168.69518,-166.13947,-169.64452,-180.21204,-190.16887,-189.77084,-195.42384,-198.4185,-203.75648,-201.72145,-204.11679,-202.9946,-201.98741,-206.27153,-214.42503,-226.09279,-235.12422,-238.04832,-237.92548,-228.67204,-190.33167,-164.07416,-155.51422,-144.03513,-133.6632,-144.42181,-156.4685,-166.5235,-168.03621,-172.81175,-180.23772,-180.51828,-180.83382,-176.2962,-166.84978,-144.14195,-148.04231,-172.32262,-187.83292,-194.33351,-209.71506,-220.80453,-218.76546,-202.77026,-178.00044,-147.731,-135.4609,-138.93108,-147.46155,-150.33269,-157.82529,-159.76335,-160.67049,-169.99797,-166.43025,-165.99011,-171.15741,-158.40366,-135.49005,-135.08615,-137.70601,-139.50377,-144.74619,-146.44707,-157.9175,-172.31476,-191.54742,-200.19481,-209.24767,-208.53632,-201.71216,-193.47623,-185.47662,-188.56111,-194.15091,-198.87128,-194.84792,-185.96498,-187.43561,-196.19524,-203.95158,-199.53786,-188.13884,-164.90572,-159.84074,-166.62892,-159.09503,-153.78351,-152.86063,-162.7401,-167.24292,-165.8091,-171.61983,-159.9751,-147.9791,-150.33418,-155.621,-156.31213,-161.09894,-171.26949,-178.32416,-183.3382,-187.77353,-183.03668,-185.41829,-187.59029,-181.58116,-187.45692,-197.10277,-209.93527,-216.08568,-221.05641,-222.77756,-233.29073,-249.06657,-255.42075,-243.60458,-200.10045,-178.82521,-168.91525,-141.72902,-131.799,-140.51538,-146.701,-152.0542,-152.21725,-153.95349,-157.19437,-156.60838,-159.40909,-170.46265,-176.52975,-167.4222,-165.76944,-172.80171,-185.93607,-187.88672,-192.32501,-185.71117,-184.93628,-176.17447,-157.65594,-134.80179,-120.3671,-126.297516,-129.51349,-130.48074,-146.30408,-157.38832,-156.889,-149.48984,-153.52666,-156.58356,-160.87543,-141.89929,-138.06631,-153.78886,-166.83032,-166.64543,-176.29016,-188.22952,-195.06888,-198.86337,-201.98343,-208.70871,-212.35794,-212.10928,-216.16266,-221.71431,-197.08618,-183.78436,-190.23784,-193.41122,-182.59538,-169.95439,-168.39284,-167.11575,-166.40216,-161.36174,-155.83409,-165.50163,-169.92737,-166.65971,-167.06085,-164.62631,-171.20473,-179.81116,-189.35173,-190.69374,-175.18825,-155.29639,-145.81691,-146.1044,-151.81494,-153.62926,-160.42046,-167.27496,-172.63396,-184.71815,-189.0376,-192.76225,-190.15523,-182.47519,-188.30408,-186.43448,-185.4837,-198.16994,-214.3613,-223.86714,-227.47546,-233.44646,-235.30562,-226.98894,-214.9605,-178.65004,-154.59532,-159.9483,-156.84981,-139.12846,-129.642,-135.10358,-146.60815,-146.84001,-146.30872,-142.44382,-143.74695,-154.27576,-157.78671,-165.34268,-164.15186,-165.31245,-162.60896,-154.73572,-153.43518,-173.84755,-214.50436,-212.85524,-191.92308,-146.17757,-130.48509,-139.01213,-147.7091,-154.23909,-165.22543,-168.97504,-176.14485,-175.79805,-175.89894,-181.02403,-184.97508,-158.77486,-148.39044,-156.84837,-164.18852,-165.83171,-174.43994,-188.26567,-210.50621,-222.12357,-233.52646,-237.63889,-234.32596,-223.3761,-201.83527,-190.44527,-183.27097,-176.08804,-169.78552,-169.62885,-172.84593,-178.1959,-183.44046,-176.81256,-169.15999,-153.55638,-145.28273,-149.89006,-149.65811,-166.06776,-183.01157,-195.8365,-207.66371,-215.3589,-218.70248,-202.85954,-177.55992,-168.89134,-163.26097,-169.64853,-154.59946,-148.03015,-158.04326,-159.43172,-160.69301,-168.57466,-172.7374,-177.77353,-182.07352,-178.94872,-182.03377,-188.62238,-201.83961,-214.48477,-228.81842,-231.81734,-235.95653,-240.72165,-238.80408,-227.1581,-198.3267,-161.56091,-154.93652,-159.19194,-147.93143,-146.20987,-153.5145,-149.09444,-151.73294,-163.5985,-170.78972,-176.90105,-181.06883,-188.89616,-205.43489,-214.08223,-221.92732,-234.62575,-246.55077,-246.18256,-246.65933,-246.24297,-245.81804,-227.72913,-183.35823,-150.39926,-148.6299,-159.14613,-171.1145,-183.83861,-191.79114,-184.05919,-178.12532,-180.70483,-184.61275,-194.72859,-208.16252,-200.08559,-178.77025,-162.33502,-165.15446,-178.97003,-175.24522,-168.1623,-173.2499,-181.65251,-170.75429,-172.60617,-197.45512,-221.35126,-232.74002,-231.49017,-221.8224,-220.1353,-207.00995,-200.60777,-198.02356,-188.99478,-185.73793,-201.75706,-210.64456,-210.89308,-197.24144,-179.14806,-177.15067,-184.18526,-193.86224,-198.83769,-197.17502,-202.35828,-208.07953,-197.99802,-195.25192,-188.9199,-180.10616,-176.45473,-176.01334,-179.57684,-186.19011,-182.74889,-183.16254,-178.40555,-177.61493,-175.8326,-180.33273,-183.7254,-178.29405,-165.23422,-165.30504,-168.25175,-174.63586,-181.5269,-188.17668,-201.44235,-233.00307,-229.98781,-205.64119,-182.974,-154.53696,-140.62932,-134.54599,-131.38565,-125.74455,-122.32034,-135.38712,-143.80574,-144.28647,-149.84142,-154.89525,-162.06885,-161.60219,-161.08023,-165.92535,-174.65028,-182.09859,-183.88959,-190.44011,-194.04253,-196.9348,-192.94293,-173.57837,-146.87144,-136.74011,-148.1327,-159.52354,-161.17708,-163.09236,-159.24623,-159.01138,-164.92195,-168.85918,-176.35728,-181.74478,-175.52269,-174.63733,-178.61089,-157.42336,-149.20476,-166.3605,-179.39253,-182.08409,-188.32108,-202.33633,-210.83858,-217.43593,-220.32666,-219.25813,-209.37642,-212.60226,-195.14362,-178.16989,-179.87871,-180.07841,-179.22844,-176.09187,-174.93895,-174.5838,-176.38226,-175.3868,-171.14136,-158.18153,-148.96017,-153.59105,-162.11528,-183.57556,-197.80194,-205.41986,-222.35443,-227.05301,-211.53548,-191.29593,-186.55634,-176.26147,-172.38895,-174.04236,-178.1416,-178.27953,-183.75258,-184.43427,-189.01984,-196.97339,-202.16803,-212.6164,-209.38824,-200.54146,-198.68056,-198.6087,-205.37524,-206.28055,-210.06589,-206.6611,-202.83015,-197.5434,-194.5809,-182.69908,-157.491,-139.947,-138.4828,-136.48114,-128.78984,-125.45574,-126.714386,-130.24338,-134.51909,-142.07858,-148.20651,-157.01376,-167.24875,-185.41817,-208.16194,-222.08133,-236.59798,-236.14911,-235.86024,-239.06458,-240.6207,-238.06712,-237.9533,-235.99524,-205.06038,-166.05428,-166.51297,-174.58133,-181.29324,-191.3296,-200.08476,-202.40141,-203.41478,-216.30702,-229.8501,-238.33417,-240.31084,-210.82227,-172.55203,-169.8279,-190.26094,-193.74605,-192.9597,-201.89851,-205.513,-213.04231,-232.50682,-252.60504,-255.35966,-245.16005,-244.79845,-238.33702,-233.7313,-225.85393,-200.6958,-196.5374,-205.51585,-207.02383,-207.45108,-226.07172,-230.79617,-227.07635,-219.99057,-217.7514,-220.682,-218.77374,-223.2236,-233.50569,-245.04611,-254.55106,-259.9506,-261.44275,-236.53853,-206.66304,-199.89218,-214.9078,-205.0274,-183.94086,-172.33296,-170.32834,-166.40947,-169.39967,-177.42566,-183.06857,-180.05132,-169.27272,-168.79424,-176.34116,-190.19345,-209.68361,-231.4239,-239.45897,-251.78937,-258.56995,-259.9656,-241.40633,-206.5892,-200.27654,-205.66808,-209.50052,-217.37695,-212.8428,-171.08104,-150.08604,-152.42311,-157.56055,-163.7315,-172.10545,-176.41136,-177.12737,-173.99704,-178.86319,-176.2743,-183.72284,-179.98683,-176.29941,-193.10585,-224.65872,-234.0513,-229.22902,-212.26001,-196.83582,-185.65439,-167.98048,-172.90578,-185.30846,-185.17384,-165.83827,-152.52269,-155.12196,-158.31383,-164.28339,-157.75056,-144.90451,-141.28429,-135.9707,-143.00827,-150.12747,-154.21442,-157.73317,-153.58388,-151.75204,-141.95677,-142.9772,-163.40959,-183.18024,-190.30089,-193.81471,-185.91502,-180.12462,-173.36523,-162.12311,-167.15207,-176.78859,-175.55632,-154.94597,-147.23682,-150.3413,-147.54532,-142.37956,-142.70908,-144.80557,-142.65515,-144.61813,-148.98741,-150.60132,-144.7997,-148.4451,-152.11484,-148.29758,-150.92836,-151.15656,-154.15018,-148.91222,-153.73012,-155.83322,-159.40932,-159.15015,-159.7553,-171.08669,-163.7539,-148.48051,-148.8243,-157.5019,-161.16537,-164.2277,-162.60637,-164.85278,-168.74446,-173.67274,-173.42668,-160.67445,-143.2718,-137.2597,-136.61597,-135.53683,-134.55083,-129.9388,-129.31494,-132.66043,-131.62653,-130.9578,-133.99017,-125.942604,-131.14088,-140.61034,-145.792,-148.99168,-154.26749,-158.65028,-162.75412,-167.53818,-155.43695,-140.6516,-127.51897,-136.40128,-132.21558,-130.0269,-146.16602,-156.80394,-165.40334,-171.57358,-176.29204,-181.19228,-183.69357,-179.11206,-162.93637,-161.41817,-169.69426,-178.50858,-172.86719,-163.28017,-165.24057,-173.73785,-182.07834,-188.82396,-195.78247,-202.05162,-204.04062,-209.53246,-214.65327,-221.88345,-218.66895,-209.99738,-206.67136,-198.49904,-176.3588,-155.73717,-147.67154,-145.46039,-130.27748,-118.2567,-112.302505,-121.35014,-131.05939,-130.49109,-132.25835,-146.59454,-155.08305,-153.95792,-159.71854,-176.74754,-192.48485,-183.64293,-173.03975,-177.70883,-180.146,-181.27806,-173.14809,-152.45912,-147.55035,-153.13466,-152.35672,-153.17662,-149.78664,-139.86867,-147.80568,-167.05702,-187.32933,-211.93967,-229.80296,-231.06743,-220.58072,-213.82748,-206.75255,-192.93076,-182.49237,-177.67207,-159.96855,-155.20293,-164.39417,-159.87425,-134.07327,-132.47984,-141.76076,-141.81085,-141.11339,-146.97572,-154.59308,-158.73207,-167.0774,-166.02162,-163.56303,-168.69371,-174.61584,-183.08205,-191.88573,-191.83516,-189.75027,-183.85204,-178.89825,-181.02454,-192.44348,-184.10353,-182.60191,-189.5435,-193.92567,-183.8781,-170.588,-155.47581,-149.01067,-158.81038,-171.94063,-171.99554,-175.16814,-181.29498,-194.96117,-195.71916,-195.96074,-195.97365,-201.34045,-224.852,-243.0633,-251.45488,-264.89365,-269.3757,-267.276,-260.82327,-257.89148,-251.17612,-248.78276,-239.1014,-195.79308,-141.5806,-132.22284,-138.59929,-137.05168,-145.04161,-164.35005,-173.2407,-168.53737,-170.65019,-185.48213,-198.89462,-202.37485,-204.79428,-204.63025,-207.50443,-206.75877,-203.60194,-198.09576,-196.44856,-198.14699,-191.32901,-178.1217,-162.37134,-151.65033,-151.70436,-156.92235,-166.9517,-183.22179,-199.60919,-209.6361,-212.76195,-215.41405,-215.7325,-210.71304,-204.12196,-201.56422,-200.58488,-196.86467,-199.1897,-198.94073,-196.0775,-207.90263,-215.52574,-212.456,-216.91782,-211.94313,-176.41687,-142.3689,-133.77975,-142.1096,-139.97781,-138.53723,-137.15521,-143.70602,-152.68944,-168.71948,-177.22816,-181.76881,-186.34175,-196.39555,-201.7575,-201.04117,-202.69434,-197.82408,-194.47847,-205.75966,-216.38255,-218.43298,-223.76572,-227.34221,-227.65114,-232.69865,-231.77092,-232.41264,-230.12074,-225.54666,-230.3469,-236.54376,-243.67558,-251.03844,-260.2164,-265.41412,-265.20132,-244.53737,-196.18443,-168.21744,-163.15076,-153.6263,-149.03664,-160.95802,-172.20885,-175.29083,-173.97649,-173.65973,-170.21094,-176.83914,-178.53253,-164.21866,-156.83484,-157.77255,-164.54121,-169.03717,-178.65225,-192.74495,-205.89107,-216.90749,-223.77232,-226.75398,-229.90456,-231.71704,-229.17697,-224.24043,-221.20276,-215.37633,-219.7925,-235.11835,-245.48637,-252.28343,-251.25378,-241.0968,-220.08405,-189.97517,-166.23097,-158.45166,-162.2781,-169.08844,-177.20396,-179.85866,-184.60178,-189.26718,-189.0399,-191.6319,-191.55475,-189.45082,-193.70068,-194.29692,-196.02472,-191.41064,-179.87085,-173.64468,-182.0668,-205.60025,-230.54037,-245.91092,-243.92534,-217.66522,-180.46611,-157.72375,-144.19437,-135.98302,-132.5023,-133.47267,-140.09149,-139.96822,-142.13205,-159.39095,-176.79178,-188.77647,-194.25023,-200.58578,-198.40788,-195.57564,-200.60765,-209.48346,-209.82443,-211.45418,-224.18394,-235.9742,-241.49747,-244.12088,-228.70653,-213.12683,-193.16771,-183.80365,-189.83305,-202.34604,-206.59874,-204.79343,-207.25966,-204.74306,-208.90184,-213.74033,-213.81468,-202.64465,-178.18935,-154.43158,-155.04929,-169.3767,-175.18373,-187.52554,-199.97652,-195.46848,-197.20976,-203.99579,-207.37343,-208.12314,-211.42604,-212.576,-215.17114,-215.21263,-214.16609,-216.39423,-209.13513,-204.86934,-212.19608,-213.17415,-210.29344,-191.54095,-174.00832,-158.14507,-153.63484,-158.51807,-160.52327,-165.93863,-168.32257,-173.31366,-181.32281,-187.31902,-182.7775,-166.1422,-148.64922,-140.62395,-145.19203,-153.51009,-159.66849,-163.74481,-171.73198,-179.95813,-183.58624,-182.29655,-172.40993,-169.2284,-173.0362,-181.77689,-169.31464,-160.66774,-157.11745,-161.32806,-166.91368,-173.26921,-178.01805,-180.07167,-180.38745,-165.9369,-153.70012,-148.59937,-148.75467,-151.5224,-158.94458,-163.43123,-171.3311,-181.59917,-191.01717,-203.81339,-215.27917,-220.18016,-228.50412,-233.5447,-236.154,-240.15276,-243.90007,-244.4563,-242.06548,-241.78369,-240.53905,-248.54631,-230.0049,-180.10484,-163.35315,-164.84697,-171.13716,-180.01726,-188.52115,-193.21942,-196.29524,-211.54659,-225.08147,-232.34073,-228.99068,-209.41899,-206.42606,-183.60266,-163.7388,-167.29825,-171.45006,-176.26978,-183.03664,-189.84894,-200.11493,-213.42583,-223.38562,-233.22719,-236.11293,-242.04335,-238.51024,-226.8414,-219.04993,-218.98668,-214.86888,-215.76845,-230.27689,-237.80794,-233.89943,-228.96405,-219.0084,-221.05693,-224.48813,-197.38904,-180.64394,-187.29163,-198.0609,-202.06404,-211.77641,-224.93759,-198.31544,-195.05849,-204.56313,-198.38094,-183.48376,-166.17944,-157.86983,-154.40388,-169.16432,-177.65862,-185.77682,-189.9499,-183.15593,-182.57251,-187.31122,-190.6377,-189.27882,-185.48933,-184.70517,-200.3902,-223.16891,-238.58022,-256.35666,-272.5933,-254.06194,-212.01286,-183.76775,-177.16476,-173.65495,-163.35031,-153.39702,-165.01077,-176.19011,-173.08589,-170.00546,-167.66702,-171.2109,-176.36241,-175.48566,-180.44472,-190.68987,-196.80663,-210.0192,-231.13017,-241.19391,-251.59074,-254.34187,-257.7689,-237.58849,-181.52802,-148.5928,-150.47218,-169.02248,-179.34152,-185.81418,-186.03123,-192.03842,-205.34076,-212.27579,-221.36188,-227.56612,-233.3619,-210.58997,-177.04803,-161.5734,-163.31941,-176.43237,-188.28255,-194.5818,-200.76326,-210.2773,-216.9384,-226.18823,-234.37398,-234.902,-232.56065,-230.81004,-213.47115,-181.58276,-175.31676,-176.98282,-170.18704,-160.07272,-150.34024,-151.76846,-184.0475,-203.0349,-202.63632,-187.16116,-179.66405,-177.53441,-185.97742,-201.43375,-212.18173,-215.606,-214.71385,-227.22984,-229.2143,-200.14232,-183.32361,-173.29723,-169.4786,-170.8545,-163.58052,-149.52786,-142.1486,-151.17137,-166.7519,-175.05367,-167.40945,-162.47005,-172.27592,-178.68195,-172.08249,-178.97083,-203.02911,-230.5417,-248.50784,-260.53687,-269.30508,-270.3264,-245.26126,-202.5072,-181.93979,-171.11896,-177.76567,-186.78143,-193.42929,-187.55493,-165.59253,-161.52013,-158.97653,-159.2362,-165.08873,-169.57861,-174.84079,-175.49738,-184.73471,-186.30626,-184.37457,-195.41528,-212.43295,-222.22421,-230.78038,-236.87648,-237.56358,-217.8994,-178.89008,-143.61629,-148.5842,-172.2233,-181.93243,-186.85568,-193.91838,-208.61974,-216.8019,-224.43839,-238.5138,-237.88034,-221.71776,-171.0438,-138.77994,-149.81111,-179.69135,-189.45879,-201.07394,-210.72649,-221.68326,-231.01904,-237.96939,-233.2875,-223.09267,-223.3018,-224.2203,-223.32713,-220.0691,-222.97345,-208.18562,-178.58945,-165.5566,-170.15602,-178.39029,-181.24336,-182.53096,-173.84258,-151.32079,-147.98447,-167.00151,-187.15767,-200.61157,-205.15416,-212.9574,-219.50159,-222.5177,-205.58133,-182.34718,-184.89055,-194.0712,-201.4991,-203.18863,-212.76346,-220.58276,-204.5208,-198.67987,-194.37198,-207.49966,-219.08987,-213.08229,-198.35858,-187.01425,-185.56413,-191.99654,-201.68744,-204.09355,-206.80487,-216.66916,-222.825,-215.22621,-199.95285,-180.83969,-173.56195,-176.5501,-182.75879,-183.59651,-182.90112,-169.7851,-156.65694,-153.09158,-156.21982,-153.10869,-147.00797,-150.93724,-160.77074,-167.52144,-168.6504,-167.3894,-164.31789,-165.81819,-183.02313,-216.98802,-235.02629,-237.23482,-221.66542,-199.7937,-167.88231,-152.41515,-168.35045,-184.6855,-190.25883,-171.70282,-158.92899,-168.08902,-178.38338,-170.73448,-166.66997,-175.51265,-188.83446,-177.56432,-155.95244,-157.16985,-164.61342,-172.51247,-175.75122,-182.55649,-182.40286,-182.94896,-189.07063,-196.23045,-193.2079,-192.70334,-183.77652,-184.68115,-183.20903,-177.45456,-175.81398,-173.27011,-177.00815,-180.2271,-185.36404,-186.56976,-182.20657,-158.11449,-133.94788,-122.95683,-126.875015,-134.21977,-128.79597,-128.54094,-124.47869,-125.09458,-126.81916,-127.84812,-119.21404,-102.46626,-107.34047,-122.50287,-133.5892,-138.77676,-146.16414,-155.11662,-156.9985,-162.61797,-163.40852,-162.94608,-151.19168,-152.9817,-146.06462,-143.27554,-138.41046,-142.0637,-151.42044,-154.39113,-153.57657,-156.78935,-147.25839,-132.95682,-115.078865,-108.5767,-111.83302,-124.88285,-121.60812,-122.16192,-134.66405,-139.10736,-146.27272,-163.1478,-174.5292,-184.15416,-195.38028,-200.43544,-206.63707,-217.36374,-226.54022,-225.77248,-226.94095,-234.08698,-239.08292,-235.86612,-214.14943,-174.354,-148.02217,-140.28618,-140.08855,-155.82945,-179.00182,-189.68799,-196.7774,-207.1306,-203.81783,-209.88176,-210.56197,-205.67506,-182.56993,-154.9862,-141.03896,-148.42848,-175.34535,-196.39438,-199.97005,-199.01028,-195.95715,-201.39525,-214.64531,-211.12854,-193.60905,-174.6293,-165.70506,-158.57007,-150.04604,-151.90202,-153.16675,-148.78947,-141.8434,-138.5638,-138.46268,-129.85078,-134.08575,-137.61018,-140.24184,-141.13554,-147.08458,-143.1968,-144.26308,-153.14714,-173.22609,-188.15622,-192.00491,-181.5479,-165.86964,-152.72897,-148.68721,-143.58974,-142.86678,-140.52664,-145.90944,-153.98149,-161.47871,-145.46178,-143.44989,-159.96954,-190.19208,-202.23012,-203.17265,-213.93037,-224.61256,-235.47443,-246.61482,-255.02625,-262.37115,-252.90913,-219.246,-184.5243,-175.71848,-176.98003,-149.9372,-130.63072,-131.32782,-133.64513,-134.00957,-138.1188,-143.01166,-146.27016,-145.18454,-144.47418,-142.27852,-146.74013,-143.20163,-143.02069,-153.05656,-164.89691,-170.20593,-172.01765,-178.05981,-182.50601,-175.36743,-149.62328,-128.32875,-129.25562,-137.72383,-136.75458,-132.73006,-145.0102,-155.95306,-153.62483,-147.05139,-146.88388,-153.93433,-137.29951,-109.46909,-124.0382,-145.4969,-158.60255,-175.49483,-185.1605,-195.70949,-200.98416,-207.32378,-210.31032,-212.55783,-210.71518,-206.70023,-211.32635,-202.66252,-158.62984,-135.27948,-131.0026,-130.44243,-129.11371,-135.49156,-133.74918,-126.48254,-125.811165,-132.99306,-141.53763,-141.51389,-140.24951,-135.0639,-142.50676,-136.98146,-132.79689,-148.59299,-148.84418,-145.24492,-140.40364,-140.80031,-150.93886,-142.87013,-127.46761,-124.9761,-131.81116,-133.4226,-141.7539,-152.89697,-151.53127,-156.82324,-160.46075,-159.36168,-157.33269,-160.80772,-157.22607,-161.64435,-165.32103,-162.9448,-168.35909,-182.13239,-190.01947,-167.48074,-148.58543,-156.7541,-158.90988,-157.57082,-147.52313,-143.11888,-143.19559,-147.55052,-157.52232,-156.06276,-160.51122,-163.53076,-167.7284,-176.4048,-182.09782,-187.70482,-200.21167,-214.04471,-224.75638,-233.06155,-232.82533,-236.493,-245.10869,-244.24086,-242.47404,-246.61931,-249.39903,-258.2251,-270.0833,-275.88757,-280.7395,-278.60944,-280.94492,-287.09647,-293.4444,-298.98297,-303.8867,-303.97195,-302.00342,-307.8343,-310.88852,-306.824,-312.2772,-313.12918,-317.29993,-324.52823,-321.6702,-324.7992,-328.2574,-326.35657,-332.57846,-338.75485,-341.1463,-339.44812,-342.83618,-349.18857,-355.12598,-358.3175,-360.19482,-360.9814,-360.87778,-362.75073,-362.57266,-355.70828,-353.18896,-353.44427,-360.20468,-361.0134,-358.37274,-353.58862,-349.98306,-358.59885,-363.3379,-365.38785,-361.0947,-366.49683,-377.12643,-381.41064,-380.17316,-380.11517,-377.11044,-370.98087,-377.17786,-381.32166,-380.425,-380.65814,-386.22137,-385.7188,-385.33798,-392.58383,-388.7289,-384.016,-388.99298,-393.42386,-392.8009,-388.64935,-393.75507,-395.74225,-395.18854,-393.59473,-397.2416,-399.64297,-403.8716,-409.19217,-403.07373,-399.20828,-399.08948,-399.32388,-403.7942,-411.13327,-411.74347,-406.5442,-376.43655,-382.95374,-407.66223,-353.41525,-303.37784,-309.23367,-339.61993,-316.64044,-289.87073,-285.5297,-293.84027,-296.75357,-301.87027,-301.454,-309.21213,-320.2691,-322.38376,-321.86636,-322.8056,-323.97705,-321.26907,-313.83813,-317.366,-320.47772,-320.699,-325.4902,-341.58514,-367.558,-378.44376,-390.47653,-386.97134,-357.53918,-331.14926,-317.12903,-313.3479,-314.7395,-310.61575,-312.4489,-313.76718,-299.95496,-288.43793,-279.24365,-274.76483,-269.53983,-268.8333,-272.7862,-274.89163,-282.38202,-284.08392,-279.80515,-283.01373,-292.31955,-296.15002,-293.88925,-301.1963,-297.99182,-290.1907,-291.74463,-285.8937,-277.84854,-276.46204,-292.607,-297.9706,-312.69327,-321.24707,-328.05722,-341.8638,-345.30984,-345.87073,-311.30185,-293.8582,-296.3086,-282.01105,-277.9213,-282.73047,-286.0469,-288.48438,-297.35468,-304.2123,-308.16522,-308.31738,-311.74973,-315.86447,-312.83664,-308.81232,-307.5711,-301.12772,-298.4774,-299.1937,-304.79257,-310.22955,-307.42114,-305.04678,-307.041,-304.30246,-306.93637,-312.93124,-312.97134,-316.75418,-323.36804,-324.3624,-319.71945,-325.35898,-300.22644,-292.4255,-307.41254,-305.4135,-309.11786,-311.5857,-307.55008,-308.62018,-310.6054,-319.23083,-324.55933,-330.07333,-334.75757,-331.2979,-327.92987,-328.18283,-315.55765,-314.80292,-315.17053,-312.26294,-322.80478,-334.42282,-334.13638,-329.7945,-332.70505,-338.445,-340.93692,-346.20325,-336.44897,-326.1797,-331.94818,-335.74835,-336.86127,-339.40488,-334.5816,-341.9021,-343.779,-348.87067,-350.7931,-349.71503,-353.24658,-352.07962,-349.9683,-348.79132,-351.95563,-352.40262,-351.29733,-358.85562,-360.02103,-368.16742,-373.32343,-369.88718,-366.48264,-366.08377,-360.31738,-360.2947,-363.19955,-361.3951,-359.977,-361.8654,-362.53317,-364.88013,-365.30908,-365.64584,-370.7281,-381.1307,-388.4316,-385.15204,-371.76242,-362.31543,-369.62415,-370.91342,-376.05228,-380.06177,-386.57117,-391.17496,-388.8124,-394.50632,-399.558,-382.52698,-378.53302,-392.95062,-394.13577,-389.82486,-402.9661,-412.9171,-418.7191,-423.9572,-428.29697,-435.2665,-440.55402,-440.2677,-443.83932,-445.2,-450.36685,-449.62125,-452.1726,-457.45358,-464.89178,-471.92807,-460.6538,-456.594,-459.5039,-460.67432,-468.6994,-466.99677,-466.18854,-471.452,-475.84668,-469.755,-473.1569,-476.3873,-474.81323,-472.02505,-486.1479,-496.81656,-499.65573,-499.25314,-500.41046,-499.24435,-498.82178,-499.38275,-499.99017,-501.27127,-500.40665,-498.93253,-498.29147,-498.09906,-498.64798,-499.8834,-500.4284,-499.99234,-501.05438,-500.32715,-500.5205,-501.51117,-501.50925,-501.05264,-500.51895,-501.23605,-501.0713,-500.2661,-500.00986,-500.1302,-501.7477,-501.92877,-500.7557,-500.95987,-502.40582,-503.33252,-504.0976,-505.46176,-506.9946,-504.97202,-504.42166,-505.1544,-502.36597,-502.22375,-502.245,-502.47955,-502.09488,-502.1444,-500.1477,-501.93265,-501.7087,-501.55847,-501.75034,-500.8296,-502.69043,-502.62582,-502.4003,-502.04407,-502.81152,-503.98004,-504.9448,-504.91696,-504.52444,-503.534,-502.4532,-500.96503,-502.19055,-503.3062,-503.97086,-502.14294,-501.7024,-502.43863,-502.69302,-502.8256,-503.62863,-503.87036,-505.2807,-504.7944,-505.04388,-505.15338,-506.17374,-506.45776,-505.77435,-505.39636,-505.9512,-506.36407,-506.2821,-506.2383,-506.38123,-505.7346,-505.90244,-506.0609,-506.20367,-506.32126,-506.82092,-506.0662,-506.41183,-505.71408,-505.6563,-505.22583,-506.61197,-506.87558,-507.05356,-506.1487,-506.43433,-506.4584,-507.00415,-506.92288,-507.1994,-506.7457,-507.12482,-507.59857,-507.40012,-507.37784,-507.13324,-507.50583,-507.32175,-507.97482,-508.22247,-508.3017,-508.56696,-508.49945,-508.56616,-508.6304,-508.64868,-508.6596,-508.6399,-508.58,-508.65836,-508.73376,-508.75317,-508.74432,-508.807,-508.7738,-508.86945,-508.89478,-508.90384,-508.95444,-508.9472,-509.07013,-508.99252,-509.07422,-509.11624,-509.13492,-509.24185,-509.1895,-509.33307,-509.3001,-509.37094,-509.48138,-509.41653,-509.62796,-509.65204,-509.82968,-509.84668,-509.93848,-510.22372,-510.32364,-510.39633,-510.39633,-510.39633,-510.39633,-510.39633,-510.39633,-510.39633,-510.39633,-510.39633,-510.39633,-510.39633,-510.39633,-510.39633,-510.39633,-510.39633,-510.39633,-510.39633,-510.39633,-510.39633,-510.39633,-510.39633,-510.39633,-510.39633,-510.39633,-510.39633,-510.39633,-510.39633,-510.39633,-510.39633,-510.39633,-510.39633,-510.39633,-510.39633,-510.39633,-510.39633,-510.39633,-510.39462,-510.39633,-510.39633,-510.39633,-510.39633,-510.39633,-510.39633,-510.39633,-510.39633,-510.39633,-510.39633,-510.39633,-510.39633,-510.39633,-510.39633,-510.39633,-510.39633,-510.39633,-510.39633,-510.39633,-510.39633,-510.39633,-510.39633,-510.39633,-510.39633,-510.39633,-510.39633,-510.39633,-510.39633,-510.39633,-510.39633,-510.39633,-510.39633,-510.39633,-510.39633,-510.39633,-510.39633,-510.39633,-510.39633,-510.39633,-510.39633,-510.39633,-510.39633,-510.39633
0.0,0.0,0.0,0.0,0.0,4.1583967,6.650543,9.04851,10.773123,9.2755165,11.136579,10.899413,11.0122795,11.704487,10.202784,10.617632,9.887342,10.261645,9.173956,10.067272,10.492725,9.973621,11.620331,12.345485,12.377062,10.768089,7.256761,6.7751217,8.677147,10.674965,11.70302,11.452581,10.164123,10.770708,13.635803,12.476789,25.477537,38.980568,55.768814,72.71248,61.910835,52.91801,68.16964,104.73326,123.08151,118.64331,117.574234,125.06622,149.68738,167.1691,174.50278,170.54143,174.18839,174.81512,174.10284,180.76772,191.99036,193.01706,204.30682,205.52103,197.37587,196.67026,196.5368,189.46541,187.82994,192.74509,193.05647,188.56734,189.77551,188.96228,183.82681,177.8948,177.09354,174.18735,178.87576,174.67474,172.04474,177.4317,173.90298,172.90741,170.89874,171.82498,168.5047,165.29301,165.17389,167.12505,173.13165,169.00534,158.79208,164.75917,163.58652,156.9768,164.30373,165.96094,155.59601,154.99695,152.54436,143.29965,141.63611,134.55157,127.787766,123.68574,112.22456,104.43675,98.24884,89.04875,90.79271,87.967575,72.56206,71.748215,71.925415,62.971115,63.17767,59.041542,48.033302,45.386234,45.946312,46.278473,47.08637,46.243713,46.461853,47.45753,54.587875,62.57245,60.39182,61.882652,54.56996,63.216682,66.63826,56.455036,51.65121,52.020638,54.429596,51.258255,56.14957,56.56168,56.515114,54.339355,48.998623,44.91297,55.49627,58.19456,50.191597,52.146244,51.21314,46.65265,49.15085,67.35748,105.3698,119.64281,117.3519,131.35428,153.14803,161.62363,174.63406,179.98444,177.65372,180.64154,178.34686,201.4325,208.69034,202.95575,214.70949,205.29819,207.44937,216.16068,198.0647,199.07643,211.39774,200.615,198.13521,207.77322,197.70944,187.8548,202.07251,202.90857,182.34624,186.34998,200.11578,191.38855,183.3079,194.26071,195.21634,180.40593,185.44601,191.43027,185.39355,179.36462,191.90639,195.45508,191.75125,198.44156,194.80188,190.50276,200.4646,198.54788,196.92145,198.83395,196.80301,197.00708,190.8287,187.15613,183.35275,176.97859,180.85626,180.83725,177.5025,180.83368,173.95041,166.2703,168.39072,166.74307,162.04382,147.3378,147.55682,144.613,135.75137,134.42807,130.86118,132.77791,134.83432,130.64005,127.97472,123.090546,125.136826,126.62508,121.607956,121.29297,117.40442,117.63916,114.81778,109.26967,112.68472,116.58342,111.38197,111.89937,112.27272,112.31346,111.89096,112.48828,110.520096,103.11554,93.81696,91.28636,88.05056,80.12355,73.78296,76.39586,76.674416,71.93119,78.08705,89.737595,107.577446,129.79593,138.2503,138.91063,147.0543,157.86981,162.17752,163.20479,167.9006,169.97873,185.70114,194.35938,191.37613,194.72865,189.80975,185.64694,189.40094,191.6661,187.12202,177.94853,177.31314,170.17325,174.97806,179.76587,180.02039,172.78563,166.13293,174.89908,177.58565,177.58337,174.37976,171.2908,183.02554,185.4816,186.21725,183.34508,181.87886,184.9613,186.8294,186.69571,186.70781,189.69006,193.07681,191.87741,191.75815,190.4261,194.25548,195.94122,196.28595,201.15204,203.51208,198.01009,207.23712,206.63072,200.24072,208.83199,201.69165,196.12523,212.2283,209.96686,198.78043,209.86679,206.8902,198.86743,210.13203,206.85811,195.86676,205.84816,203.3313,194.91284,205.7475,204.45085,194.13075,204.15997,210.1437,201.18008,203.27881,210.21033,202.23364,199.20364,208.21988,201.9927,203.3859,211.19708,202.5458,200.72583,210.78818,200.37854,194.96661,208.41727,202.03027,188.71277,200.75815,193.69763,178.82892,184.73416,194.09955,178.89972,182.38263,195.69824,187.02914,185.86484,191.19019,173.61545,165.90192,189.90182,186.24324,166.22696,184.30252,196.42545,178.10452,172.01994,185.11057,183.41696,163.21834,176.09541,184.63113,164.08014,142.69876,156.59277,155.82349,139.08853,141.87622,161.37895,174.34053,181.44211,187.45782,188.93103,186.57855,184.01578,188.53795,185.41043,174.96785,168.2463,174.51761,179.06366,176.18932,170.81094,173.1713,180.30173,176.63062,173.66798,172.36499,174.73848,169.40752,164.54166,165.09966,162.02902,155.9861,156.95078,158.49985,159.91498,161.67923,152.25562,150.73523,151.5322,151.81204,146.52307,144.63907,139.04703,136.6667,142.06784,135.2752,133.64943,139.17157,143.8328,142.59067,133.38754,131.9195,137.00233,140.30452,135.4379,127.840515,123.796974,122.08382,105.21551,104.29031,115.89067,124.86529,124.92333,122.09943,120.28555,120.308044,124.51105,123.3902,119.74715,115.598236,116.22623,118.510284,111.84695,112.190216,114.754295,114.63865,112.048645,106.21625,106.232475,106.60143,100.49565,96.14259,101.4447,100.7111,95.17049,97.34253,100.046875,99.7034,96.15175,90.10261,91.801834,100.75519,143.42722,166.23909,182.3267,192.391,199.80594,203.46631,206.11955,204.0484,202.82053,202.89224,198.36057,202.00696,200.68457,197.67169,195.8813,199.95471,198.26816,201.2092,199.63744,201.971,201.76544,202.55383,201.58298,199.94426,195.36122,196.37033,195.49734,200.68158,206.64162,206.55562,202.90991,201.32556,198.80441,198.27626,201.77496,201.41138,199.87985,196.57379,191.3536,187.00931,187.5062,181.59772,183.88377,186.36208,189.58963,190.32104,188.42218,190.94098,193.86145,195.6778,199.12259,200.62553,203.30899,201.91876,200.25766,198.87823,201.46848,200.22443,198.1633,197.62613,196.38516,197.99979,201.15872,196.08992,193.08542,188.99292,184.67664,176.66663,175.64203,180.40605,182.55002,180.68025,184.03079,187.93646,185.25394,187.25401,181.0835,185.94527,186.40094,193.44278,202.47409,199.90015,196.00647,195.71347,198.67526,199.2735,205.70634,207.32176,203.76236,194.86038,196.53076,193.34871,188.17593,181.59198,175.80557,172.65881,176.85631,179.0371,177.58249,173.4031,170.64749,169.3621,174.27747,175.22765,165.2415,165.6803,171.06126,175.33005,178.1626,177.85349,175.32849,180.81381,186.04102,191.70657,191.13644,192.0109,190.5459,187.00354,176.24265,174.74551,184.78525,191.69522,195.99847,192.84613,191.33673,189.83957,191.00723,188.09999,188.78334,187.65173,183.39285,183.01347,187.30733,191.15747,189.95831,186.34705,186.29512,191.61841,192.202,193.69159,190.36006,182.13306,181.7409,170.26425,172.82712,181.82457,185.86633,189.09776,190.69917,187.24022,188.78392,189.12354,189.73691,186.65915,187.37234,184.4367,186.44785,192.03734,193.89969,193.15521,191.57303,197.18822,197.01805,188.79694,186.64604,184.879,189.12474,186.75873,193.01498,196.02768,189.45824,185.88376,181.7846,185.47348,187.85802,184.39983,183.79855,187.56726,185.70175,187.33649,195.55562,198.87933,197.08183,201.16855,196.42517,192.46478,197.2807,195.65408,193.95929,192.21194,193.34761,187.95386,190.12915,191.40968,191.46051,194.83832,197.2771,194.9686,194.4686,192.44183,194.17578,193.59341,190.55042,187.63992,183.20479,187.50652,192.30664,197.25584,195.69446,198.69296,196.36159,197.3192,197.42944,201.6838,201.94554,197.07355,193.82513,194.11594,194.18257,194.01004,188.50992,189.02396,192.73987,195.60645,194.98706,189.6476,195.19415,192.61578,188.5239,189.34274,190.86703,195.86353,188.042,188.80373,196.16647,199.9819,199.14507,205.87698,204.15689,201.1633,198.5751,200.51682,197.4103,190.25632,178.77615,182.8367,191.58043,196.56128,203.93901,201.75546,205.15785,210.28436,212.32852,209.55727,210.61978,209.60938,211.76813,216.3812,215.35147,214.8446,209.71974,206.22151,206.85165,206.63342,207.54245,208.44398,208.27129,203.53348,197.36551,188.9851,181.3663,179.29622,174.63202,184.01707,186.84099,183.9313,182.23962,182.35544,188.04599,191.58908,193.53372,189.62198,191.35359,195.7155,196.4471,204.87534,203.46625,194.90933,194.30714,199.03159,195.9188,192.04898,190.93036,191.97644,185.37234,182.67606,179.24646,189.25975,192.15077,192.34749,189.69878,191.41858,192.51358,190.2215,191.2721,188.11786,184.18802,187.43378,186.78299,191.8546,194.40717,199.18152,192.73715,190.80646,194.91495,199.51613,201.85864,203.81024,200.49493,200.94853,202.35257,206.06265,209.42102,205.5834,204.41614,200.4885,203.36313,202.32819,205.81035,204.22388,202.45844,205.28894,207.44368,205.19153,206.24582,202.71912,202.95627,199.22269,202.2952,202.45163,197.37964,199.1359,200.1551,200.84491,198.59203,197.95538,197.8274,196.22958,197.30746,201.30606,197.83533,192.96487,189.71109,188.2038,207.74585,222.2195,220.82928,215.22156,196.6437,193.35767,189.7258,177.82167,170.43155,174.4336,185.59692,192.81851,184.30652,175.44086,169.2556,168.495,171.26582,173.99713,177.20459,191.79686,196.9307,196.1268,192.25403,193.8236,195.9346,193.91835,197.39594,191.19083,197.27971,206.56361,202.69327,184.84183,179.14551,171.68759,170.89316,176.11243,197.65381,204.33304,184.12743,166.56625,165.47461,168.50394,166.10837,158.1354,151.14584,147.46329,151.69226,143.65588,132.00774,131.40308,139.27429,145.38687,148.2182,160.40167,162.76727,177.39981,179.41962,176.72148,193.61597,194.1325,193.7965,195.7366,179.47824,185.16202,197.35904,188.42001,188.3976,181.84451,186.22543,190.15742,191.74988,203.69614,202.40878,200.06218,197.0864,192.9305,188.22546,188.07602,195.26138,194.72418,192.30887,189.70581,196.16682,204.38754,209.13727,214.89697,212.16498,213.07059,207.40448,209.69223,204.64682,203.99222,202.65695,203.41122,205.889,204.61978,204.01407,203.59933,201.89731,201.03447,199.90479,197.67247,198.76353,196.86981,198.03769,201.31158,197.96384,195.97781,192.15244,194.21313,199.61908,195.57802,197.64182,197.57661,192.90962,182.09686,182.88217,191.78076,188.64713,175.3258,171.88205,170.87683,168.10544,171.24605,169.29355,167.97641,173.57935,167.09091,173.30847,179.21,171.31332,166.40692,170.6771,174.30548,170.39468,167.9123,159.10329,147.71082,143.16324,143.80798,140.12723,137.97958,139.52444,139.06776,136.0888,145.23918,171.47424,190.07024,175.39322,158.4192,163.99338,164.51666,160.55675,162.04625,164.94312,170.10574,173.28072,173.96933,168.98221,167.51784,178.87242,177.13297,163.98538,156.5124,155.81357,175.94983,193.62012,188.49704,192.91623,196.08485,196.93924,200.86386,208.98242,202.82465,212.7687,219.42665,228.76112,229.29715,221.50609,217.95108,216.1144,221.5917,223.08571,218.24655,213.87912,211.4129,210.1589,219.30057,230.72034,227.62253,218.4016,214.20474,220.66946,220.15192,216.30872,216.35455,215.16006,211.77795,213.92805,216.36725,216.06973,212.07349,207.97661,203.78268,201.61661,200.40967,197.29932,196.38713,193.19504,196.14093,201.22595,198.39247,191.92776,196.39085,222.07886,233.47691,224.45877,220.20901,222.65646,234.30237,227.56366,211.11978,219.26566,234.6696,233.46933,238.26474,243.23395,234.35709,219.37059,213.775,213.96216,216.70909,211.9574,207.06746,194.68059,189.9686,185.15347,170.14401,164.00565,165.86656,166.6691,175.2273,191.27826,190.23392,179.85153,168.56773,163.95886,154.2828,154.02634,162.75056,166.77847,201.99416,212.07715,206.53268,201.79108,209.5637,216.41992,207.11035,200.71112,197.58679,197.02571,194.0376,188.38287,184.51204,187.14497,182.55399,183.92615,185.81735,183.07733,183.14029,183.12885,185.66867,184.63998,183.30722,183.90051,184.4685,191.9925,205.24542,206.3847,203.40735,219.0701,225.28563,212.18542,209.014,208.15846,203.33884,206.50562,199.11533,201.90018,202.01776,194.16501,195.0563,188.892,184.28983,183.86517,184.6422,184.20834,186.69635,182.74466,180.90152,193.73184,199.43631,201.67526,195.54974,193.33626,203.17384,222.27206,216.33087,198.391,188.96262,188.40866,190.01962,185.84465,187.70111,191.0224,194.94669,192.01135,194.36061,194.61195,191.60022,183.26431,179.28406,176.68524,174.07101,172.08246,168.598,168.85056,174.02863,177.53738,180.2076,183.08398,184.18692,187.9534,192.34326,190.46295,186.43631,184.2606,187.63959,186.98952,181.2872,176.37482,178.6667,177.5141,182.8795,188.33163,195.48364,193.63728,184.161,176.79327,175.44064,174.48256,180.95343,183.11987,180.26059,175.51505,179.36377,200.258,206.44855,200.2117,196.88126,196.72975,182.80301,178.29465,174.59802,170.71506,173.71797,172.6035,173.62518,179.07578,180.81683,172.42427,167.42938,167.11823,165.33441,168.57138,172.51765,170.72122,161.07336,165.66776,171.08112,173.18933,187.02795,199.87013,203.1311,206.54301,204.49857,211.15634,211.98471,209.3635,207.58322,205.95503,215.95035,217.38284,215.89125,217.36383,216.81656,213.56406,203.967,196.9255,195.93713,189.08453,193.91414,193.07436,188.3454,184.0969,182.85661,198.15509,205.12436,197.50941,193.75363,191.20433,190.15636,188.28314,190.38284,192.54619,189.70401,193.05722,192.20859,192.24301,199.96439,199.06482,192.76254,186.09961,187.17981,188.09358,190.38718,189.81795,193.35617,199.35136,189.14311,184.93631,183.60963,182.84277,185.42044,180.89458,183.57022,182.20184,186.7685,186.3158,179.74092,175.19115,175.30882,167.62535,172.30511,183.55922,187.0107,189.9065,196.76163,197.04753,198.84995,207.56183,214.78989,220.1265,215.69812,216.95242,220.15433,220.18614,208.2685,200.41191,185.85098,182.42169,180.41644,178.64243,181.57916,181.23415,179.88048,189.51283,203.20172,207.18057,208.59973,196.99283,189.07254,187.86789,194.50928,202.49512,198.01147,192.88782,192.98175,190.55728,195.1296,215.14996,217.54405,208.39206,205.21654,197.72008,194.62842,186.16644,177.35182,170.23901,175.7655,178.28023,177.5163,172.46985,170.23709,171.87244,172.1366,176.4319,175.84784,173.81245,176.80977,177.8736,178.96274,179.82597,180.76566,178.5015,182.73041,202.56268,206.46165,191.72263,175.40381,177.06708,179.61194,177.65125,182.13889,175.6092,175.2443,182.97653,190.27869,194.73108,203.1766,199.72943,206.92813,205.53732,194.07947,194.33951,195.55997,204.15755,212.23486,210.37503,209.9729,203.72119,201.90988,184.52573,166.97147,164.35687,169.72348,171.4821,173.34137,171.3277,162.91336,162.81004,168.83618,170.50229,177.1601,182.1519,185.7511,186.19702,182.99847,186.8338,190.44458,192.60995,195.71176,193.09802,191.43944,182.07858,185.95886,191.74536,198.56284,206.94504,213.07492,205.77606,201.28998,195.93095,192.30977,195.5772,197.6918,202.86371,205.77472,207.27136,206.0547,203.03305,206.92343,208.5849,206.43954,207.34702,207.9018,218.08258,226.59077,222.4001,221.99216,230.48047,228.58647,227.49521,232.77878,233.7049,235.12808,234.2897,230.24904,226.73587,227.40039,226.46548,218.95892,219.3336,218.54999,225.61807,232.44934,228.57033,224.77998,215.23051,212.42056,223.96239,221.24811,216.43153,212.1203,198.28656,200.11868,213.37585,209.238,194.83496,190.07423,185.69968,191.19888,193.37138,194.89441,198.55032,199.70294,208.05315,209.66516,207.475,202.24857,191.3105,182.83017,188.70325,190.18329,190.58481,197.05768,199.97537,199.90236,198.63818,194.90964,193.13098,191.0506,194.2876,203.053,212.1087,205.38846,202.91678,204.70993,199.13974,202.01692,205.13957,211.86292,211.87296,199.46924,188.89186,183.43521,185.02792,188.28546,196.57498,204.60074,207.13136,203.88501,202.3649,203.24893,210.75922,207.28088,199.68756,200.00777,202.64502,206.71355,206.37106,199.7889,192.99875,188.87408,186.4094,187.7182,190.02936,189.256,186.13437,183.50421,186.85324,191.40494,190.96945,191.60086,195.15826,190.71426,188.85954,197.68222,196.67908,187.6452,196.46523,200.87732,202.41618,205.66913,212.375,212.99426,217.44247,219.83655,219.66092,213.34389,213.45132,212.92195,214.93298,213.36703,213.51978,215.57689,221.68948,220.1899,220.73929,222.34424,220.12927,213.62982,213.28601,208.8945,202.70587,190.1348,193.79425,198.3456,201.20987,198.861,203.73639,204.34949,206.38628,205.08923,210.43007,208.48474,205.83405,203.20828,216.73701,223.06262,220.40852,212.96954,205.65308,207.88585,208.04593,208.28378,208.16986,205.90808,201.13104,205.4058,206.82884,202.18692,203.10889,204.58112,211.44917,209.23407,205.52583,206.58142,202.71379,203.61139,203.31473,198.05377,196.44498,200.81873,203.83054,211.54681,213.19455,211.42813,214.98627,212.91617,212.06052,208.89609,203.91068,203.53354,202.1626,198.77719,195.44528,194.59944,195.64827,199.00113,200.59459,200.98407,197.31264,185.6859,181.61847,184.58878,189.9696,193.25215,189.59996,194.76593,191.10193,194.9986,195.21823,192.3927,191.27246,184.81436,179.91714,180.29442,190.2001,197.35376,202.56729,204.95029,210.00189,218.3117,221.36838,219.78067,218.82394,218.26619,221.53635,216.55396,214.60793,213.28242,210.70903,206.8625,205.96953,208.55812,205.38312,197.58904,199.93362,194.91245,182.52097,178.28053,183.80266,183.23361,203.0416,210.2381,199.91351,191.47992,186.01253,186.60313,192.75967,191.52254,191.3684,189.02118,188.66393,184.43552,184.30948,191.36397,214.31174,216.568,204.35027,189.42494,189.83685,195.75119,194.24472,188.0004,191.68118,193.8685,195.23787,191.62021,189.49014,191.06705,185.65373,187.83237,187.87575,190.67659,193.5641,196.40404,193.96417,186.34113,190.33163,198.7037,216.80841,217.07385,217.04092,213.6832,208.8477,213.95883,215.12022,205.72243,201.86487,198.28992,193.23315,190.04108,196.29442,187.80136,178.8793,185.64938,193.24503,196.7279,194.90448,197.36569,194.46532,188.33383,186.87195,191.64093,188.6801,182.04724,182.88739,180.87363,182.65385,181.03705,185.53519,188.27795,180.33554,174.82214,179.5296,200.35107,203.63449,191.35007,190.30115,192.50635,199.693,196.17096,184.84161,174.39206,169.61635,166.92941,167.7987,170.36769,172.96895,177.48775,181.91508,181.94815,184.08092,183.10101,186.3489,193.05211,197.01236,194.89114,192.85995,191.10466,188.86684,210.06747,212.29382,198.71957,187.21906,183.9161,184.17268,184.96912,184.31406,188.02756,191.96243,190.56339,191.12701,198.04077,211.1279,213.06766,202.40512,197.44612,196.69891,197.89551,199.65898,195.48814,194.78992,196.02658,191.74707,183.96628,188.62997,191.7567,195.48007,207.96434,205.69974,196.84593,191.72183,190.06876,185.85638,179.57211,177.3033,176.9221,187.35797,204.22554,207.42627,203.58743,202.13223,204.22636,205.73987,208.0154,201.46786,197.02682,195.14432,203.73373,215.23381,207.19745,184.62927,184.63336,182.35071,203.2568,212.66916,205.80899,200.84802,198.63318,194.8596,193.10022,195.60222,199.67702,197.80502,197.73401,194.56876,195.83621,192.61682,190.91579,190.33304,192.70444,187.74449,183.30608,188.76309,204.68187,213.16882,205.12192,198.10318,196.33987,192.91504,205.75562,209.49292,200.59018,206.64307,205.72772,202.37126,196.36314,194.07541,192.59955,198.33952,201.56322,199.55203,199.5781,196.05093,195.95764,198.41194,197.91914,200.44534,214.80688,232.8941,219.09995,197.95148,195.65285,190.55505,192.58331,188.61328,188.88153,196.44662,198.00226,190.72253,193.63605,201.27321,208.2291,207.09387,210.8616,213.41708,203.29102,199.68018,197.89929,200.84622,201.26953,199.58014,202.7221,199.2166,197.73383,198.6511,188.4849,184.34372,191.1031,200.9639,213.65848,212.6901,202.86252,190.4161,186.53021,186.88257,184.31421,182.67317,178.09216,182.35895,190.94638,201.151,205.12483,207.05396,197.99823,190.65945,190.57108,182.87483,180.51593,185.39807,195.0773,194.55301,193.02713,185.75763,187.72327,197.02286,208.23491,214.07208,207.45282,202.52942,202.15897,199.51105,202.4196,197.44879,201.1473,206.57378,205.19482,203.41794,204.23613,199.08304,196.69528,195.94354,202.42883,213.3317,228.34961,222.13437,215.85562,224.7283,228.78822,233.11743,225.16547,205.65103,185.02164,181.27652,183.42313,183.49487,185.18893,180.444,178.28017,179.29645,181.29523,177.1124,174.36316,174.7799,174.97531,188.06238,199.55786,201.63287,198.52354,200.04428,205.11041,213.73407,213.22336,204.40662,206.47583,204.97397,195.05801,191.13788,193.68211,196.01161,206.50949,213.15022,209.09648,204.98706,212.05426,220.64404,221.05235,215.82939,212.17076,210.26266,211.59283,207.02292,202.08798,202.13171,204.61777,208.42822,208.9208,210.05914,206.00629,195.38104,186.5174,186.01642,190.14226,187.63264,189.76564,186.07547,183.1006,191.28351,190.45135,195.0865,192.79865,189.29684,185.40047,185.07196,186.51956,191.95488,190.88742,192.82648,192.6286,204.54039,207.78796,207.18124,205.09732,199.17511,195.83264,194.35312,192.72792,185.46733,179.44188,177.96184,174.23466,178.6709,185.4964,189.90619,190.02205,190.24313,189.6034,181.56229,177.53328,175.32886,174.36305,178.67699,177.435,183.50055,191.2036,206.4393,211.10002,194.5271,191.39651,196.94139,204.3623,206.26877,208.62852,207.65503,211.50317,215.80414,214.23521,214.80344,213.42557,211.26108,209.81851,206.7608,207.52115,205.37607,206.32956,206.4989,199.72781,196.73451,189.65292,188.6083,202.5719,204.7215,196.65964,185.42218,184.5333,183.50378,187.13034,188.67735,188.37013,189.86249,188.44281,185.99405,192.71373,210.05475,207.54994,192.15788,189.56638,188.25151,195.57501,193.27783,200.02014,202.75806,185.2017,176.80203,178.00632,177.07953,176.94666,176.40645,174.88982,172.68726,170.24667,174.23691,176.16736,175.14886,172.38641,174.6464,173.53067,183.55223,188.35701,197.26964,197.71494,195.48969,211.97595,219.65936,219.20999,215.04124,218.87564,221.10329,224.4797,224.69937,203.79999,191.98346,190.50018,182.43735,177.52924,172.30598,174.04916,174.77957,177.5185,179.4078,186.86702,198.7479,200.49753,200.99472,206.25714,205.98889,207.27306,208.58916,209.16046,212.33975,206.80762,204.58536,201.57433,203.966,218.30956,220.61324,207.91354,198.85507,189.52596,176.9172,172.04324,166.69676,156.9444,150.94263,147.63376,149.3424,155.95891,162.32176,170.97598,178.17511,191.11008,193.44037,187.82227,189.2267,186.30972,185.16437,179.85239,182.65031,197.9259,208.50142,210.23628,207.57664,204.48566,200.11836,201.00247,186.61287,186.36191,186.6063,192.73563,186.06143,176.15048,183.88542,198.29967,206.7312,211.49677,205.67706,199.004,198.64117,199.9536,197.9719,204.56648,208.31714,205.23672,208.69167,207.2044,195.49698,176.62866,167.93208,175.50296,170.27869,166.06226,168.25911,164.76306,158.62122,156.67343,158.20016,168.6394,185.65097,186.1586,185.27786,190.74619,195.16818,203.67429,200.00185,201.42735,197.41394,196.98605,199.98093,204.75754,200.66837,196.76025,200.17935,198.82677,202.68562,206.22299,208.81808,203.13585,200.6127,201.5672,204.31883,207.28964,204.66364,198.66162,202.04239,204.23691,205.86707,206.35106,203.02982,202.41423,210.57654,219.8714,221.07578,228.64528,236.03049,241.76935,241.89363,232.4824,227.38013,227.11533,219.01242,215.85141,211.7752,213.0961,213.12125,210.86522,212.24738,214.76897,215.1725,216.01848,211.2048,206.54135,204.83374,204.58456,205.33698,199.04535,199.07883,204.96252,213.3467,212.50061,202.37704,192.6706,189.00813,191.61523,190.53131,191.50827,190.39603,184.13477,187.99892,192.1658,197.0152,211.46535,217.89891,217.20088,212.08728,203.63321,200.53067,196.94469,200.33691,204.37405,204.95284,199.20425,200.22342,207.19092,199.31738,191.87073,192.40694,202.18735,211.30417,201.61722,190.39615,197.23972,201.28209,210.95424,215.1969,212.55008,207.75653,204.66924,201.66199,194.8335,199.85751,200.21075,199.27988,202.4761,208.63443,204.68,202.8494,215.02414,207.60757,199.48573,203.28714,206.0836,206.20892,201.06754,191.24832,185.4599,181.27109,185.03836,190.0299,190.7961,187.65422,182.8429,178.17099,180.1102,175.71011,172.11728,173.12476,188.11966,195.1835,200.58894,196.45963,199.77548,212.68526,213.0415,201.41205,207.31944,220.00883,218.18771,211.64006,208.74863,210.23792,209.2518,212.73816,211.9097,205.58852,203.18976,208.8764,213.26419,214.7452,211.4565,207.7537,210.2482,209.95587,202.56418,203.28204,215.19812,212.5353,218.3417,230.6911,220.41682,208.86926,207.76155,210.91101,209.02615,197.31715,195.68315,198.72685,200.55417,205.06195,202.77043,202.98753,200.96796,208.5271,208.55635,207.98563,205.96036,206.74344,206.97452,201.10555,203.44843,205.74695,212.09634,214.71326,213.1954,208.15613,209.5675,208.78342,211.05348,209.37286,206.34785,206.37175,206.00635,206.04784,209.8047,219.28964,221.24634,219.32436,220.49313,220.53104,221.35652,222.88489,224.3034,219.50946,218.62747,216.54572,222.87149,218.25113,206.5196,198.91438,200.44992,203.89233,207.26147,208.18762,203.95517,204.23563,208.85611,211.4301,209.60196,204.62607,206.03963,209.12483,209.42587,204.65717,201.28844,202.01677,200.88245,199.84538,195.18713,191.85913,195.77005,210.02243,220.05666,218.72214,210.3707,209.27953,209.39894,206.55508,207.13275,206.66197,199.80466,192.43619,196.29341,216.74924,220.51085,211.70087,208.83456,200.59787,196.8546,196.17833,188.38722,185.25287,180.66815,206.80963,221.86221,216.32057,218.59155,219.02643,212.37296,195.34836,186.9118,184.39764,182.90524,185.82515,189.49539,193.84134,207.59715,213.43724,216.4009,216.89908,195.19708,187.18997,197.52887,196.71509,192.11847,194.51373,187.68355,191.38597,206.6167,203.7717,203.08513,200.77135,205.44421,204.04445,196.88873,193.44353,190.643,188.54813,193.68031,212.72441,218.27818,212.56374,213.13602,208.68015,201.03922,198.22325,194.2149,190.8523,194.55486,196.2576,198.34743,199.86287,201.93512,211.07455,204.76352,200.42252,196.90747,195.66386,195.62352,196.4192,193.92332,184.37656,186.00197,188.23102,199.48451,212.42126,210.84341,199.88324,197.67519,201.97443,203.01309,195.36053,187.48183,187.12457,192.21048,186.72153,184.6106,217.02734,232.18068,216.46292,206.70944,204.18292,201.85583,203.38867,195.07545,194.5792,191.34868,193.66568,188.9617,181.52536,195.60786,199.1716,182.98158,175.44604,181.89426,177.63005,173.34192,173.0922,178.2103,176.89145,173.8367,183.57349,193.4679,194.06424,195.90384,185.1065,176.97562,179.96677,176.83554,164.17554,152.86203,148.18945,146.2002,142.81279,139.13359,145.32733,156.79944,160.70193,162.93109,168.39508,172.2547,172.95796,167.81146,160.37704,162.44476,170.59827,172.14153,172.73053,186.1872,192.11504,194.45001,202.27377,194.5333,192.33849,188.42612,184.59372,180.91403,175.98343,177.97571,183.31055,194.30835,204.61746,204.5725,193.34265,185.85547,186.45981,188.21109,184.50766,178.18127,180.5716,175.56958,180.48518,198.72333,206.41219,201.44543,191.78104,180.23734,174.56174,171.08305,171.75888,171.42264,165.91335,166.40854,165.85754,167.46082,159.17474,170.65985,177.50491,174.17216,178.00746,192.40607,200.24347,194.71889,183.23117,178.54109,180.84975,192.40851,208.90402,209.38962,205.2935,199.85358,201.50781,203.09908,197.23952,189.341,184.03647,174.02194,176.11746,183.64435,188.23172,199.62663,195.659,187.57089,187.67451,192.86963,193.77843,191.60156,190.4927,187.57083,192.44177,193.12451,200.87401,204.24988,201.69632,188.02628,173.48418,171.05751,168.57751,165.83057,157.12297,156.21864,161.49869,169.60733,170.0741,176.71405,178.29872,171.94879,170.20753,169.8862,172.9385,175.04022,172.6553,171.80423,173.35748,169.84535,166.26932,166.89607,171.46123,180.03316,187.49457,193.65732,198.03813,193.0344,192.38556,184.07242,180.46907,179.30257,172.99823,166.38922,164.56503,169.07382,171.28897,168.53625,175.87637,179.28104,178.20245,173.4627,171.79343,174.05951,168.12057,166.69199,175.63654,183.70491,183.20197,185.3123,186.07898,175.39746,167.89737,163.64116,165.56819,161.74966,164.19597,164.99762,164.31836,173.70163,184.71295,192.34012,192.3161,188.44083,187.85855,194.36172,201.64764,213.3968,219.61098,213.09836,219.18436,226.45755,226.06253,220.65833,224.10974,226.67398,225.18654,220.42996,217.63742,214.70534,211.54851,212.77231,204.21571,196.37617,199.26085,203.6217,207.85468,209.19627,198.80966,193.81718,194.12762,192.67851,194.09055,193.48636,195.68387,212.1549,220.48822,216.7826,208.30106,211.52417,206.60358,191.48117,186.53477,181.58768,175.85416,168.41711,167.29895,179.60092,187.46696,181.63782,182.55908,184.33513,191.40915,197.80359,191.95749,181.94707,185.1181,191.89618,186.46896,194.357,206.76036,216.93137,217.85254,215.7078,207.8573,208.8963,209.89569,212.2852,209.98622,210.18372,205.81656,206.00012,207.90506,209.18074,208.45409,207.24371,215.48486,219.68365,211.2492,207.84912,203.83817,197.96295,201.16464,201.96445,203.16,206.89249,195.8971,185.21158,183.71417,183.19629,182.10046,181.91455,178.40979,172.9997,175.62497,181.84706,194.24055,200.75427,209.87376,212.16711,207.54385,213.42151,213.26958,215.47742,212.71729,206.85225,201.88797,207.52469,219.11218,220.32043,216.02388,214.79813,214.55542,208.56404,209.24933,212.62952,211.06519,216.66678,216.28354,204.24977,190.49438,190.1148,192.7804,200.28322,213.55977,215.7435,217.1814,219.73834,218.18417,222.78632,217.06134,213.58868,214.42975,214.34393,219.41707,211.03113,206.89474,200.9668,205.03091,204.6467,201.0529,199.67906,198.67975,197.91974,197.15897,200.20448,205.13554,208.08304,210.88416,211.40808,210.75894,212.29294,211.34125,207.16232,206.85406,199.82132,194.97253,198.9921,200.10564,196.52222,199.35594,206.09683,209.99905,208.56674,209.12689,206.57233,198.24706,192.84958,192.63922,196.5887,195.43304,195.75764,190.51857,191.69534,193.42166,198.5428,197.02414,185.31567,176.9899,178.77823,189.54642,198.65137,190.76404,186.41551,186.2294,184.5792,190.62735,195.64087,188.54205,178.37274,168.28587,163.39635,162.06018,174.2301,186.00694,186.29681,184.13913,174.75934,171.36932,170.1757,160.01987,149.72073,145.18723,164.7208,190.12308,206.96681,213.31624,219.67218,234.0792,238.30537,236.10345,233.5763,231.96774,225.53696,219.45338,214.9067,210.15378,205.23834,205.02884,200.13101,197.49951,191.4597,191.00052,195.53375,201.7791,202.75958,193.6687,187.18973,197.23776,213.8656,223.43977,216.8133,204.12027,198.94153,195.38991,186.62233,176.9993,169.21573,164.34943,165.49854,167.37045,171.66412,173.17822,171.46918,173.44089,180.28613,188.84259,196.3426,194.74615,186.91498,188.6677,190.36539,195.23917,207.76405,206.61751,202.95033,210.45209,209.66568,206.9332,202.09871,197.22124,198.82648,204.03625,205.81448,204.20282,208.77567,203.7922,200.63202,194.88666,194.18956,198.02783,200.20299,201.33008,200.61769,193.45517,195.67535,199.53377,194.26657,196.83472,196.5343,197.53651,195.98312,174.6846,167.22018,169.31232,165.15215,162.15475,164.74399,172.41983,171.36694,168.31784,168.60263,178.03476,189.94687,196.98874,206.70631,211.30664,211.6925,211.52963,211.0102,213.4176,210.37323,208.14583,208.79712,208.9603,210.58893,213.16782,207.06096,212.26222,215.59439,208.88235,210.49283,209.5299,205.24321,203.9115,205.9548,205.21036,207.58603,206.53358,206.18188,208.68756,213.92404,215.08379,211.81079,209.58737,205.5162,200.38391,207.0823,207.66356,188.84613,178.79352,167.40991,165.99443,168.21362,168.37909,164.30118,160.9978,162.40128,158.03705,157.55515,171.32677,181.10486,177.31528,172.77505,174.34108,176.09521,176.17079,173.39493,164.4184,175.57904,187.30304,193.33533,192.83307,197.27277,204.20483,213.10922,212.62158,212.0405,203.2621,192.51105,195.7345,198.38246,193.56339,189.76993,189.55246,197.0253,200.07953,204.70917,206.71175,206.81226,206.54431,205.36761,204.17793,199.20059,200.88579,198.44284,193.03345,190.48419,191.84268,197.34357,195.8094,189.22911,183.27045,187.61565,186.84001,180.22992,180.34634,181.079,180.08458,183.37038,186.69571,189.32298,190.30853,193.09131,192.5826,197.61334,208.14749,210.34412,219.4347,212.4555,207.1973,209.69864,209.76117,211.34204,211.06473,198.00684,193.2591,190.89703,189.60031,194.17549,197.68472,200.55371,208.90933,210.3291,208.59451,200.44662,188.42595,183.51917,183.13821,185.27151,188.63257,186.93729,188.35272,206.52869,214.98517,213.92941,208.13458,200.29855,190.12286,186.43947,181.7211,178.47919,178.67249,179.52791,179.31345,176.29875,188.75058,190.38818,181.30574,187.60886,188.0961,182.50699,182.47606,182.41577,180.12,180.86475,181.03482,198.68317,202.74991,203.43977,200.15999,201.09796,198.40384,200.5141,203.04346,200.12956,200.01779,203.44855,207.04507,213.09837,205.40436,201.10669,205.98813,199.82645,197.77367,192.30396,195.22385,196.3645,191.52322,184.15564,183.3494,193.79507,203.306,198.77347,197.47992,192.85956,185.25438,183.76936,179.52318,182.38513,183.62476,185.17653,184.26123,184.072,191.16357,198.0597,204.89603,205.28079,204.53638,208.67482,206.52463,203.74936,204.10449,201.3873,200.89185,195.66968,195.28625,196.55814,200.24255,200.558,203.06937,212.50943,211.49652,204.82425,203.27095,199.67189,196.82028,201.01668,195.54233,186.19911,188.36652,189.48979,188.96147,195.75484,198.84404,200.87543,203.03696,202.23267,197.48187,189.80533,207.02771,219.633,217.79266,208.953,200.36768,193.96684,187.41183,182.71884,180.0769,182.73889,182.732,182.49025,181.39859,198.68929,217.68695,211.76718,207.0665,202.13669,196.09251,192.1539,194.00415,201.27475,201.34818,197.4685,192.74304,190.5646,189.99097,193.9603,191.66364,188.88101,188.3355,182.9833,180.83258,179.9259,184.5946,181.82475,178.05063,173.67508,175.10403,184.99786,186.17393,186.10487,184.21858,180.1124,180.67155,178.98486,182.71342,186.02766,190.87141,193.34622,189.03445,189.42558,186.2076,180.36699,174.23349,172.95767,174.79616,167.2055,162.56958,159.79066,158.71214,163.87088,170.63586,172.75523,168.8339,169.78494,168.89484,167.77884,167.15851,164.29074,161.15994,169.0007,169.82086,175.90378,188.08366,195.00244,203.5508,218.45242,221.62337,211.6884,207.75339,207.27829,206.08607,208.97937,207.24435,209.47664,210.49518,212.31358,212.4939,207.57278,205.40054,208.31094,202.73059,200.66202,200.98856,198.14151,193.71262,202.22159,208.6601,210.07169,205.63623,196.54176,193.32504,190.91617,187.75912,176.69528,171.01418,181.47937,189.05588,192.712,201.54015,207.1496,200.09088,199.78175,201.62117,204.61032,204.24896,204.32393,201.95047,195.56917,196.94368,203.63747,207.66003,208.13707,205.7024,198.17986,201.98886,211.88412,219.44287,216.80238,213.30853,207.56387,202.58574,197.06567,204.7237,203.6836,197.55937,197.44263,195.07597,195.48657,192.51279,207.92102,215.57286,219.32062,224.67636,231.59787,232.60254,222.54755,212.50195,206.60312,201.3884,196.31998,195.3575,190.98328,190.99292,207.18907,212.21194,210.04689,210.8523,217.09903,208.13025,203.51584,208.39749,207.68658,202.22446,205.7203,206.40988,214.00613,215.60571,202.61053,188.21878,192.0816,205.33649,214.70172,214.25418,202.56044,192.93855,192.64548,191.65617,192.88225,190.14261,187.09369,189.95584,192.61798,192.77905,194.01474,194.68365,200.81096,213.52472,208.06644,203.60455,205.02356,197.44296,195.5442,201.93054,210.01718,203.90623,193.54346,194.4079,201.34268,198.32477,199.24954,198.34706,193.32416,188.85016,180.6578,176.6184,190.53944,199.60727,193.7516,183.3316,185.80106,202.28351,207.69246,207.68097,204.39679,202.0114,212.55325,217.09985,211.85828,202.30771,184.50061,181.99777,187.26443,187.74503,182.37354,193.50153,191.24771,178.8248,174.71019,185.13441,204.09987,204.25049,189.52335,182.19983,186.33636,190.18579,187.84741,189.95837,194.16199,194.87177,186.66652,191.9321,209.91406,214.1206,201.56528,199.0421,205.01494,200.60732,198.26129,196.65826,193.10007,188.34149,183.30988,182.13443,183.04532,196.63498,202.5419,206.37859,204.02191,202.48334,195.14813,194.94278,194.15598,189.47166,198.65771,198.19609,191.89493,194.07422,204.5509,210.2352,214.28839,217.8345,217.61618,222.94266,229.56635,211.56548,197.54022,194.88779,203.56995,202.64203,205.65427,202.63145,198.93933,197.83228,199.51404,197.30905,200.484,202.91266,200.76407,194.67114,201.19708,210.0463,206.34622,209.08475,216.08353,213.43219,211.51712,213.33939,210.08154,207.71873,203.41623,202.30862,208.35956,220.85632,214.98402,198.01425,198.57788,207.1586,206.94772,204.69876,199.59625,194.63562,196.91672,193.88074,187.57858,191.055,195.2407,198.78873,196.74887,188.60568,179.03043,184.92847,203.90353,214.1438,210.97272,205.70262,206.8375,203.4505,199.40546,203.34805,205.05986,199.08206,189.04807,190.84158,203.6467,207.35345,197.16238,203.68002,202.82898,209.23367,215.74187,212.77747,205.38638,209.91634,205.52748,193.325,192.08664,199.48935,210.79224,215.71011,209.04793,198.78676,193.55215,197.38332,203.48737,203.02188,206.47536,213.86194,211.51675,218.76382,220.76761,209.97809,216.36172,223.69211,220.91177,213.87723,221.6394,223.00607,224.64534,221.06747,204.67075,190.16345,183.36821,186.94849,200.05563,203.90984,201.12384,190.78366,190.044,195.28699,201.29428,204.02963,203.97003,205.92188,202.34839,198.57372,198.24191,201.4573,215.45898,228.10959,230.60085,220.00766,210.91505,209.84372,211.7775,214.85666,208.95645,205.94435,202.98404,195.63062,200.18533,210.10419,213.41756,206.24765,192.50244,173.46187,163.32712,166.74127,189.96643,202.91504,201.35251,194.40147,193.20735,191.28563,187.40955,189.09985,185.14551,186.48218,189.44675,178.74377,171.33243,168.1579,171.09853,191.11453,203.4645,196.85019,193.53589,202.20988,198.13982,191.87167,192.70944,190.24805,192.66982,194.28076,198.6347,189.80884,178.4856,188.3645,202.52313,214.86969,214.41678,205.36322,197.40703,195.19566,194.25,192.95654,188.19809,178.42346,192.49002,193.24518,187.45103,193.89995,194.47842,196.87253,197.67584,190.27864,179.91519,166.60251,163.53857,172.22546,182.43794,184.16481,192.40631,210.82993,221.7919,229.89255,222.19608,208.77133,197.0498,202.39891,196.03125,191.33682,188.16856,191.60513,200.92934,198.24167,199.54823,202.6078,206.28912,209.15765,202.74576,199.61816,205.36865,212.83002,215.38309,217.09927,218.04364,210.8909,205.9136,205.56808,206.64014,203.36511,197.06454,193.90245,193.11829,191.54861,196.36372,208.53647,210.93597,204.44415,190.1283,199.96948,205.03644,201.84448,197.80324,196.25967,196.47054,204.05319,198.78772,193.16443,195.73354,198.43951,211.70255,219.527,220.37192,211.97331,202.6668,205.97641,206.2904,205.0827,202.91359,207.30093,204.5647,209.78357,213.18567,209.54243,205.79572,209.1009,203.3349,198.84766,193.6912,194.07687,206.47159,207.9168,217.87396,215.01904,211.39532,211.4207,213.33688,210.11412,201.12674,194.58089,188.33624,193.1716,206.181,213.22998,214.01918,213.43442,215.56833,217.521,208.52365,208.64973,216.99504,204.06622,195.24118,199.21852,204.5026,211.1646,214.99586,212.8934,213.09966,218.9603,229.5502,231.10008,220.94493,215.03314,211.7124,206.54123,198.97595,193.27939,191.23474,195.70831,205.31526,206.98178,213.1437,217.98822,227.4219,225.53188,219.50287,211.77576,212.10081,206.67886,198.08633,210.83852,221.37576,219.6068,212.82835,216.57101,209.52045,199.76042,190.30612,186.97177,180.8728,181.75677,176.47295,184.60555,190.73618,186.85101,196.09648,201.73502,204.41988,213.9703,213.97836,211.55292,206.30255,203.41245,198.96866,191.46742,193.5405,195.78903,194.53935,187.54834,196.22925,204.89786,214.81754,210.38554,199.63632,199.59721,200.07755,199.31625,198.53021,195.76974,191.52219,197.18988,206.86351,207.50937,207.85852,207.07019,203.81316,203.76431,202.54503,200.05202,201.56006,208.02536,209.08978,200.66873,203.35477,204.14731,205.81635,207.98367,204.2702,206.18463,207.22777,204.07538,205.43494,202.72104,199.88412,196.46776,198.67313,201.15286,207.64984,208.33856,199.29807,194.88635,197.82103,207.64542,210.98238,214.57724,210.69714,209.07715,205.72073,197.22214,195.72742,202.02574,206.72012,207.14241,214.39665,218.93234,213.84729,205.8165,204.78079,200.65796,192.25671,189.27281,189.77408,192.9974,194.01413,196.02626,203.82002,200.76804,205.22006,215.39742,216.78558,218.54901,206.97093,188.8258,183.2502,179.7122,178.10883,177.85889,175.81859,181.25865,197.43628,213.62534,216.91125,202.90115,199.39714,195.06238,198.1816,206.76924,198.72153,191.63654,194.09863,192.44516,195.55064,195.62706,193.63513,204.39328,206.69217,198.5035,195.9049,191.72699,191.46393,194.68594,207.37875,212.86908,210.38773,211.52731,209.83545,206.09375,206.71565,206.8471,204.63226,195.13141,191.95547,189.68015,190.99916,195.19524,203.06622,210.2275,201.46655,196.373,201.07596,200.84164,197.25507,193.22345,192.34235,193.31308,196.8529,205.281,203.80078,197.33023,206.71207,206.70872,203.26834,204.7406,201.67358,199.41637,207.84831,212.44829,208.22668,207.66925,216.57568,222.37726,221.00012,216.29694,215.46017,220.00412,218.88095,213.13101,213.43672,218.60379,217.76314,216.29523,213.57007,210.53369,202.1659,201.48694,203.82507,201.58716,198.18835,192.97528,197.52983,196.72778,197.71622,212.79466,214.72855,218.9295,219.88127,226.23895,226.6214,215.83263,204.98428,204.62881,198.81561,188.31435,192.35196,189.72972,185.86488,198.07147,210.2822,223.28107,235.02194,232.08646,227.5727,219.45154,209.51309,211.44737,211.10562,196.57523,182.23106,184.07803,183.51843,193.68802,198.37137,204.23251,210.00325,213.89502,204.39331,195.33112,201.60355,203.98088,188.45059,185.51564,191.55075,192.84515,191.95012,190.57993,197.74042,198.65976,199.88153,196.54727,192.34647,204.2765,209.06155,214.18677,212.40399,211.75912,210.40237,203.08383,197.75214,192.88892,191.4133,192.46735,188.28671,186.12894,181.1241,188.01764,190.56767,189.96118,191.62502,186.17741,184.0167,186.18459,183.0653,175.79227,183.92856,193.44954,189.90765,189.04153,192.94014,195.4791,194.49011,192.47693,191.77913,194.85175,200.60666,201.61554,206.11995,205.87602,208.3101,210.78812,214.17197,210.95178,204.00891,207.19395,204.89224,205.23785,197.28442,189.3812,182.21909,178.21384,196.58646,201.7941,207.05609,209.62885,197.7656,188.7128,190.57547,192.41635,187.68831,184.30392,182.73483,183.47318,182.87404,191.17195,208.60254,210.3104,206.49997,199.99315,195.33546,192.60788,192.79114,196.79723,206.08304,210.02693,202.84836,190.89447,190.72061,191.6718,188.50732,193.47675,195.49255,200.01778,202.34998,200.09499,201.92935,201.8268,201.85626,190.13428,178.88309,177.49043,184.63724,189.5032,200.08026,200.61093,200.12607,205.42612,207.91068,208.2052,209.31078,215.87927,224.88461,221.98581,211.33023,208.68826,207.4638,208.60892,201.04501,192.52765,195.72632,195.24709,187.34511,180.78253,173.41945,168.05057,164.5584,171.6641,184.71542,190.89322,198.1315,203.39433,196.6347,186.7174,192.32068,205.05666,202.07858,207.23514,205.73528,209.40625,206.27747,207.05246,210.3179,216.45224,214.03116,201.84378,208.67914,209.99268,210.971,205.2887,207.97394,215.00264,213.12366,213.67896,217.7178,217.2089,214.22623,205.47185,197.59644,197.25699,206.70435,220.2356,219.82281,207.32245,201.3911,199.25114,191.52957,191.31369,195.32208,196.10352,191.42303,189.73854,185.99292,188.72095,206.27692,222.66644,214.50528,204.8575,203.37201,207.01566,206.01901,202.93289,200.62643,209.13846,209.9092,204.98172,196.19022,193.09044,195.2045,196.95016,194.18134,197.56808,196.76138,194.02225,194.36557,197.49506,190.04489,175.70511,184.05136,187.06845,182.76688,188.44803,199.67905,204.36882,204.97412,200.955,199.87946,200.3833,197.23935,197.83264,211.96011,214.40102,192.4467,184.92017,192.25784,193.87138,191.14548,186.08632,183.11642,178.96475,179.99448,169.6146,166.34143,159.92548,156.903,155.59573,168.5774,187.71545,194.61703,196.63504,186.96655,180.10558,181.87576,171.46365,184.5969,197.91405,205.05971,207.28104,205.93666,202.48517,205.39926,209.69855,204.95175,201.54309,206.81573,211.43076,214.70807,215.44016,208.5817,204.61533,204.09631,202.52477,203.54999,207.31253,203.9697,199.05931,194.06844,183.64014,198.65457,212.51666,214.85587,206.59482,198.34946,200.50937,200.98026,195.67169,196.70071,198.06772,201.00526,198.70633,211.78548,209.28302,201.37225,201.41286,209.80933,208.05168,204.49155,206.96927,208.27728,203.90314,200.23466,198.72987,192.54984,186.22665,186.59512,190.83536,190.4002,192.89339,185.6471,184.85,192.86343,197.06631,198.58615,195.36783,182.02951,177.86856,178.40216,183.80331,201.38919,205.1059,205.33694,208.19847,205.9927,201.06726,203.40088,205.8703,204.03355,206.50009,206.4123,207.21004,199.88565,200.11041,198.36707,200.8044,200.52173,194.40506,187.75839,180.76546,176.06183,175.29837,173.40195,172.99689,169.44193,169.11713,164.92648,159.23456,153.54126,149.7727,151.14447,152.37233,167.78375,177.54887,193.17827,213.10052,222.20209,215.36353,206.44978,203.94818,202.25072,207.4053,209.22794,211.43567,214.58122,215.00739,216.29297,215.73975,213.45335,216.50043,217.22438,218.00473,220.2035,215.7555,213.56754,211.50076,213.01927,199.46413,205.72922,204.52396,201.28253,208.16486,208.2271,206.84969,208.27118,212.4949,213.13321,211.28638,214.10394,218.9782,218.93857,222.64899,224.43024,224.38821,224.70251,221.49426,218.27644,221.70708,218.3552,215.79913,218.31091,210.9219,215.93472,215.08322,208.80557,204.02689,196.25842,194.00504,202.93106,211.7178,209.2091,213.70238,218.98633,214.45322,203.54752,204.33658,209.43924,207.27164,202.96338,198.95265,201.0888,199.28595,195.75755,193.12819,196.29395,196.1093,199.38983,199.17572,193.12173,191.02551,188.26498,188.90674,183.57147,184.22412,180.92291,177.42828,179.63567,183.1012,182.30707,178.85771,173.40897,173.4682,168.74008,168.55725,165.43433,163.60106,166.54266,166.05531,161.08221,155.07654,158.34119,161.36325,167.04947,177.33862,187.49155,205.69269,206.31139,207.93234,217.46169,212.07004,203.35008,191.02428,178.4645,172.4613,174.22986,178.97287,184.78514,185.46655,191.22467,188.67583,186.86948,186.25153,182.76103,185.66812,185.58475,180.49326,184.22339,182.90436,181.852,178.60178,175.02267,174.28429,189.1276,197.2654,196.05843,193.48978,195.49896,202.88182,207.33337,208.45764,206.05316,201.15839,195.54872,199.76959,213.88254,200.26991,184.32266,177.03125,170.74185,179.01775,190.82803,198.06218,186.60362,189.78851,190.3057,189.99161,186.11346,182.71202,183.4953,182.60223,178.16977,183.79825,187.20596,198.69434,211.99435,204.41238,177.29588,176.87672,175.45026,177.38315,170.73462,166.82254,168.77426,166.60458,165.69385,164.88202,165.7424,167.03983,163.18349,164.72478,170.49738,174.48698,179.59985,184.51938,182.84302,181.72128,183.27863,178.90805,179.28479,175.49188,178.32263,185.11334,183.3193,184.78021,187.00368,182.2829,182.23314,182.23026,183.68631,187.05246,187.20036,187.94363,177.71588,177.17398,176.45038,174.73718,170.92667,181.71902,193.38873,198.73766,222.4058,223.2244,209.93576,214.70428,227.62335,223.89049,214.20253,217.58688,221.07007,223.84552,218.62047,220.23907,222.81871,211.87387,216.82175,218.22968,211.18668,208.13094,202.57965,200.97708,196.32077,190.73993,189.0292,187.90608,187.87643,189.84201,195.61868,192.38422,194.67993,195.4768,195.90968,197.96672,198.73477,199.31439,196.98813,191.95227,188.67426,186.49887,183.99904,206.65814,224.15062,220.0682,215.8062,231.93323,230.30621,212.2703,201.52638,199.34637,200.24576,203.37413,212.04692,236.01071,242.15088,233.82901,227.84633,232.16663,230.55916,217.59895,213.92755,213.55037,204.65712,195.43549,192.73352,192.13457,187.24695,185.88269,182.92706,180.24857,176.87418,180.31133,185.42032,181.68088,181.32944,180.08026,180.68585,181.74747,201.58049,220.67296,220.75876,202.85434,200.7197,203.14139,203.16278,190.06805,180.89189,168.2901,167.35808,171.2042,171.02896,169.33682,187.81497,194.86974,193.20572,193.63821,195.393,193.96497,191.56409,190.08563,180.51147,168.99402,162.73636,190.80383,209.77994,205.92638,196.48204,193.038,196.08205,198.54303,197.76178,204.81044,206.15808,206.89105,209.48111,204.69322,204.86969,196.8266,191.83577,184.49298,184.15498,186.6968,184.43066,184.59328,187.31808,194.66077,196.28802,193.4503,201.70325,230.5716,223.35782,199.10133,183.7843,182.37332,173.05362,173.9262,172.70264,165.95567,166.77661,171.61992,182.05685,199.15945,199.31287,189.81999,187.03987,187.72284,173.54828,175.92984,184.94205,190.17615,191.25449,187.45575,184.39024,186.82988,192.62537,200.75885,208.06068,216.56113,220.22107,203.37964,196.39061,204.17719,206.74207,203.78346,204.51053,206.82292,206.19089,207.16125,206.38959,208.91315,205.35196,199.59152,202.89194,206.23383,200.37634,204.88281,212.18155,220.42773,219.54456,210.75165,211.41406,206.3479,205.45312,203.54205,195.6095,188.40158,197.40799,197.05042,188.84865,193.89494,197.94247,193.70679,188.53265,187.62758,188.95358,194.25705,201.712,204.81244,207.93878,211.17606,212.13914,202.70145,207.07045,216.95479,228.49844,217.29971,202.05707,197.60184,195.11798,199.50195,202.78336,200.96417,202.14993,200.18564,201.78694,200.30066,192.06783,185.42215,181.70038,181.5228,179.49783,180.49939,180.68448,178.4815,178.89636,180.72174,190.12537,212.21965,226.74997,215.53207,198.14633,190.12157,195.41852,189.9451,179.2944,175.63033,178.76463,176.59189,175.77591,175.49634,187.59409,203.51083,205.76746,208.68161,207.7937,204.34128,200.15833,203.42137,201.13037,200.22278,207.10707,212.19641,214.39691,217.38217,221.47818,219.42049,207.07547,200.07999,192.75185,185.08273,191.28827,195.2933,200.96254,202.99161,200.99576,198.35065,190.71774,189.52356,191.59512,194.55844,190.2862,184.40808,185.60956,191.66217,192.45062,189.13898,201.48749,214.55725,207.51146,201.03781,199.90598,192.90996,181.23312,178.54395,178.6993,179.77716,186.02768,179.47443,185.82037,194.78859,193.54437,195.18973,193.01266,188.49951,188.94556,186.8677,183.46417,179.96788,182.69482,184.09608,195.9842,213.09457,219.9809,212.01389,203.36856,198.74374,200.15753,201.87932,201.00429,198.85333,202.99187,207.73355,202.57178,196.04117,193.86676,194.04875,191.96098,181.93867,176.241,170.81854,170.94104,167.9552,162.33414,163.06264,181.5661,209.36469,219.86902,215.01193,204.23676,194.26102,202.73058,201.66945,198.2043,194.12616,192.74812,190.70154,193.90495,189.19418,208.87595,230.8793,231.97589,213.16441,205.97498,204.16966,207.17653,213.1868,202.96317,198.75848,199.02051,211.28761,214.98257,201.83191,194.02649,194.52069,195.67722,202.34775,203.17426,191.12173,190.07677,193.14801,191.14868,190.37518,189.94891,199.05109,208.90948,205.66905,201.50888,206.34381,203.61368,197.23425,195.80089,189.0004,198.23361,209.74323,213.84984,209.83292,204.87062,210.54921,211.85098,206.78607,201.11896,203.8982,199.32797,197.64143,194.82248,185.64102,189.32465,195.11223,195.20909,196.0423,201.58946,199.29303,195.33028,193.883,191.18948,187.91655,192.21158,204.6691,212.77435,221.1138,215.8357,213.0848,219.38681,212.20026,206.98622,206.73145,203.85832,203.05652,198.8097,198.64078,196.6672,192.37183,191.79651,193.20006,193.96085,189.47113,186.61746,183.7049,187.82095,188.99016,191.54782,208.28036,230.16551,232.32834,219.10898,210.98845,207.87564,201.62767,201.69879,196.64337,195.55501,197.08142,199.06854,195.01215,190.5886,205.33875,214.2152,217.85605,221.90137,218.26,209.008,208.18657,207.09656,205.3784,209.82544,206.30426,205.68225,206.87296,209.40791,213.78152,205.315,202.07513,217.65147,210.69214,197.64018,190.48816,183.19241,174.98694,179.72073,187.60214,193.49832,202.41644,205.48929,204.58218,204.62291,204.05429,206.60791,202.79309,198.87344,201.61526,204.19954,205.70973,211.41333,214.21375,208.81499,197.69983,186.19075,177.21321,177.72055,175.39966,173.64935,184.06937,185.4725,183.24478,190.5105,198.4049,209.58145,211.80988,208.61987,205.14572,209.04099,206.98746,199.71896,196.35019,187.91489,201.57568,228.1297,231.37894,213.41878,207.3628,203.15451,190.78467,181.18419,180.3471,189.25491,191.1972,193.63705,194.94214,196.25368,201.77164,197.48175,194.50876,191.5235,195.86038,204.81786,206.59918,209.30652,207.57553,203.84418,207.72913,228.41592,235.21631,230.80562,221.5523,206.90843,190.2138,174.3584,168.15936,164.44183,169.33197,167.96722,165.2096,173.9433,203.4784,221.83629,216.21225,210.40897,195.28252,180.68353,186.99341,191.74272,198.61415,202.21774,203.40646,204.19112,206.11815,208.66458,218.07533,220.37048,215.57211,204.85483,199.53229,192.51837,192.09543,197.3556,194.53874,193.08046,192.5444,200.32848,212.47586,209.62657,203.39886,205.31781,208.54585,207.9523,206.64726,211.74316,210.75195,207.32239,219.79968,217.42752,209.31842,214.37366,207.17676,203.93814,201.12274,191.69025,190.01155,189.56989,187.95705,191.447,192.54672,188.05753,188.90498,193.27206,193.9396,192.64568,197.23409,205.31009,208.48703,210.34024,206.71332,204.23729,209.9328,218.10013,219.60168,217.57623,208.81468,207.89041,206.98175,204.39163,201.19139,194.10446,193.34616,198.45248,199.0698,201.03171,203.4216,202.82045,201.77875,198.1846,197.36217,196.45706,188.11386,187.80576,189.22675,197.2069,207.77536,217.47826,216.66841,212.24336,198.54231,188.31555,193.07756,187.9162,183.59958,181.67633,179.72815,180.96239,186.75708,200.18213,218.36858,220.63683,212.36519,213.48207,216.49538,216.37897,212.4194,207.71371,207.47928,209.85657,210.26552,205.64972,201.99768,203.0523,209.63689,204.7691,195.73047,187.91148,180.00946,177.9231,172.87708,186.15076,193.75955,199.98465,202.4349,207.1815,207.479,196.01834,190.5567,190.62784,183.78833,186.2192,191.77905,196.67839,213.77878,212.27179,209.23581,207.09785,203.43536,207.6271,203.66325,192.01813,186.93549,184.6005,184.75427,182.7156,179.72983,189.14398,202.27945,203.34093,199.5983,195.4411,185.25275,180.09192,184.2695,184.35263,175.46475,170.83675,179.55795,197.0712,201.86624,215.04567,224.98476,219.7463,217.7463,207.21658,195.478,188.83836,184.91519,197.7975,205.52542,211.10512,212.13385,208.48549,209.89345,202.12048,202.98096,197.62404,191.22287,186.7038,187.8457,185.90254,182.5553,199.80716,208.17715,212.75333,214.59724,212.02933,210.05746,209.75568,206.27896,211.51152,221.58838,223.85257,220.10712,214.71033,213.90164,217.95245,233.51233,229.83772,217.6261,211.14297,213.49438,220.44293,225.37762,219.76767,221.15317,220.4226,221.72174,216.75528,219.67937,215.2269,209.43124,202.20511,208.07385,227.26913,223.72372,203.82205,186.34953,182.36658,189.45804,194.8147,199.07474,197.79684,207.0239,212.2126,208.46152,207.29361,202.33543,204.4961,212.74138,210.46388,209.66559,217.35129,227.99492,230.4819,222.1246,224.93405,222.84802,213.89713,206.86737,202.82195,195.97641,188.95107,193.63712,198.61263,197.75685,196.66006,193.96103,190.11682,188.2229,186.19792,184.0384,198.80115,208.32706,211.70053,225.32364,223.48079,216.71194,213.24045,212.50485,216.8888,223.27142,226.37344,227.49637,223.3356,218.99283,212.65005,206.49815,204.35776,206.90683,208.64474,208.941,203.98978,205.97607,206.34714,205.2966,205.06578,203.60274,207.37186,204.9873,214.9376,223.3631,217.94006,214.21512,209.62823,204.91524,204.03458,205.03613,202.85715,197.47406,193.0953,186.8175,212.70776,220.65271,224.10088,226.01944,218.34982,210.75314,205.18063,206.74811,204.66422,201.04471,202.89874,197.46626,202.48785,211.52126,207.38327,200.18356,204.2308,218.24448,220.61755,206.42664,204.32083,200.95978,187.60211,186.76779,200.15172,205.04489,195.84445,199.9167,207.27869,207.73172,209.40976,209.50565,204.9328,202.05655,201.84323,201.31935,204.61017,212.55325,212.26038,204.068,203.76819,201.00455,193.52036,192.54817,187.48451,183.35669,184.16925,177.14716,176.21645,183.13596,186.7771,194.53035,206.83539,208.57446,206.25342,210.5639,209.13889,200.14438,199.12071,194.67963,194.1058,195.76486,208.81656,220.93263,215.79451,206.87155,211.36377,212.06078,206.12888,199.55276,196.5513,198.90233,200.74731,206.10913,193.81148,186.82509,193.88837,199.9726,198.81625,192.94186,191.67908,188.59149,195.18094,197.66245,210.7845,222.0651,222.52563,214.03894,197.01924,187.62173,178.99547,172.68427,171.02893,165.43936,166.20468,165.98471,166.54684,178.73056,196.72348,200.69086,191.69403,189.54813,194.28201,197.94177,197.57767,202.35483,207.55922,207.62524,212.53458,211.78342,203.81448,203.63345,209.87764,217.33408,225.20119,225.10928,214.59042,199.2268,189.2431,186.97302,186.37306,190.68713,187.85498,184.775,198.31403,205.5168,205.62895,204.86783,210.81384,215.84988,211.59808,204.0611,200.08365,211.29282,221.15631,212.43658,214.99359,206.68134,200.10767,198.52512,187.5716,181.09528,175.0083,172.54066,170.30923,174.31982,172.99289,171.67471,170.21548,171.46262,174.8498,179.59406,188.14746,188.66048,194.44482,206.95876,212.55687,213.58353,217.34067,223.77548,216.05139,214.17351,217.79443,215.66837,208.85579,205.85086,203.86996,205.84288,200.86057,191.28937,195.0985,196.05627,192.46664,184.23303,181.1942,188.86829,187.10681,185.05487,185.4183,185.26639,184.56226,182.57507,181.17963,200.43735,210.58017,205.41885,200.68262,200.79895,195.33356,186.06781,181.89885,180.47867,180.93295,183.81657,183.51552,196.52081,210.67055,217.79887,207.66237,197.33221,201.37894,200.53531,192.22731,188.83542,192.14148,201.6471,205.74869,204.61935,204.62889,205.22783,206.88141,206.13701,197.54228,191.0402,185.78983,177.67365,189.32318,198.2174,203.92328,215.62233,212.82117,212.92245,208.4183,202.33176,204.44731,204.59177,204.26007,196.56949,201.65358,197.83844,214.28171,226.92395,221.5396,213.96921,210.09,210.84079,205.69962,201.57526,192.59064,188.73041,182.82346,181.05664,182.49617,193.00055,192.07095,193.1189,189.1789,194.88086,197.09302,196.71548,198.63306,192.85309,194.45584,196.17603,205.79749,217.78268,222.43909,216.26746,209.99603,227.20926,221.44084,200.45981,189.04301,186.84583,189.23445,182.79694,183.05255,184.09299,185.51352,180.45795,169.83565,171.94914,177.35614,175.9165,181.65541,186.6418,185.05963,180.93442,180.10501,179.86987,186.7681,191.03069,202.85088,210.95496,198.86713,198.9375,204.4631,203.64151,201.32526,209.15887,217.61588,215.53487,214.70258,218.63803,212.79456,224.53366,229.25134,226.41116,229.94266,233.76839,229.28662,223.3165,217.22806,214.87262,213.92505,207.95828,202.68799,205.21428,208.04248,217.39896,213.86423,198.53464,188.87338,186.34462,187.75082,192.91025,188.18317,191.21896,202.7768,212.37762,215.78189,216.92334,216.84393,215.621,216.65721,208.88971,209.8587,216.93091,223.75763,223.07608,214.03627,215.15512,216.44084,213.28793,213.14148,207.98602,197.3621,191.0086,189.71251,194.31293,204.1533,204.85287,190.22298,186.38449,200.98502,202.77708,200.51599,196.70982,197.45602,196.9184,201.83383,198.759,213.91199,220.69626,218.25186,215.78387,221.13446,218.9117,215.07565,219.71512,222.53989,219.2525,217.02466,214.37924,209.18985,210.62924,209.45444,211.08301,207.82338,202.55043,200.97586,203.51904,205.82187,202.90678,198.72011,201.64786,219.09625,228.44739,221.21378,213.13937,208.52876,209.27989,212.19528,215.3446,210.60825,210.5127,207.53528,205.5024,204.55725,201.8649,203.98776,221.55588,227.99457,222.97015,215.9627,209.06331,203.99939,204.78978,205.11378,212.25284,217.80283,214.06674,211.66641,205.76553,203.34781,207.52304,218.78537,217.58755,208.57202,205.70212,203.54047,192.89133,197.28369,206.18036,211.30585,215.45059,214.0551,206.02458,206.79074,207.26317,207.57703,207.50046,204.11362,201.07199,206.30122,212.72314,215.21266,212.14478,204.32224,197.3959,199.92227,202.94263,193.37292,186.11751,178.00505,177.37682,190.69815,199.66354,197.0344,193.8145,199.43518,205.51999,203.36115,200.84406,196.68155,199.87762,198.3753,199.397,207.66412,213.10345,223.30365,226.3315,221.43942,215.83481,218.50104,212.32893,204.79858,200.26857,199.70668,197.23126,199.1803,207.60062,213.58133,218.331,216.82938,205.87903,210.9576,215.69934,208.2284,215.0719,212.34879,207.65724,209.81485,220.6312,226.18307,223.1623,211.41946,193.4594,184.84074,181.70566,178.14368,177.75467,181.2842,177.56885,180.1302,193.43478,207.875,214.99359,214.38437,217.17558,217.31694,214.4252,219.49278,217.13852,216.93298,212.16138,202.1255,207.6847,210.81458,212.91109,220.18819,219.06197,208.03854,203.36745,200.04224,196.31836,195.38412,194.04382,197.81317,199.56691,201.9508,208.88821,218.05008,217.66524,208.55151,207.87498,213.63051,210.86787,212.42258,211.90302,215.97386,213.99176,215.91634,215.26569,209.38876,210.20764,211.139,209.71515,211.5935,205.52838,207.56387,211.28027,211.4867,209.58884,208.04884,212.9389,211.82227,207.40608,208.8378,212.62656,212.87291,214.03519,220.32458,220.17468,211.9313,211.80707,215.6916,222.78366,218.91995,209.7038,206.60425,206.7174,199.23904,199.39957,199.36334,203.1424,209.34363,211.54324,212.42322,210.63446,211.1315,207.78635,207.77141,203.55191,199.44615,199.41623,204.1294,202.57626,203.83334,218.80232,225.02843,218.56383,213.78706,202.71066,195.30078,200.34735,197.70581,194.0686,196.53964,192.44044,190.38571,183.8194,203.59683,229.30634,224.07956,211.52487,204.00168,198.58508,190.75516,182.2445,179.66681,190.3059,197.32828,201.7739,200.4297,195.97665,194.57204,206.54095,208.40392,202.56525,193.20256,185.42981,186.85712,184.96596,184.5186,190.86098,204.8135,217.75665,217.70628,210.83603,205.18942,203.50366,201.30891,198.2367,191.35641,190.82394,208.31033,202.63159,181.50586,173.21588,168.63339,175.62108,185.62975,209.39165,207.0654,198.93103,194.49567,195.71852,198.89996,199.10345,199.88242,184.02696,173.77345,174.45392,173.90901,174.08612,175.32379,170.47069,173.52539,184.75745,187.44171,210.45506,223.38132,221.22446,212.70465,210.04642,217.48499,212.97256,204.70198,201.0893,198.54124,191.07889,190.36636,196.89012,202.18825,202.72058,197.24481,194.56744,199.63766,200.89447,198.50339,200.5724,207.04956,210.21402,204.67075,206.2998,215.18054,226.09457,225.2211,213.15797,213.40756,209.80733,210.34189,202.08223,191.70586,184.77092,178.76863,181.53925,187.03033,206.21896,224.28964,217.19481,205.94598,194.35976,197.7703,207.14813,207.96054,203.93332,202.99811,202.6145,203.07222,196.64334,185.67798,189.94003,200.63158,206.47498,198.08777,203.05078,203.75278,206.48923,200.82079,203.33583,205.81546,202.67673,203.65509,208.10715,202.20975,209.1145,211.57411,209.90535,215.02829,216.03134,224.30325,222.53021,216.71346,210.83524,201.10825,199.81058,194.11717,190.33435,192.75479,194.85992,192.84451,191.77042,185.94865,184.37027,182.23448,180.19081,180.73785,175.8405,173.9115,177.49338,178.48053,180.4141,186.17642,190.83609,195.63931,196.47202,192.56903,195.72145,204.00613,211.57632,211.11316,215.00789,219.24655,217.26624,215.22682,212.0122,211.66898,214.677,213.87631,208.12335,204.88187,205.58606,207.75018,215.1561,219.02478,218.24942,218.3023,219.1388,213.55492,212.04544,200.16513,191.85918,199.74931,220.44226,226.43558,214.95517,203.69406,196.17867,200.17834,203.22289,203.71327,205.82968,203.05463,203.91214,195.06743,196.00664,211.49883,215.20502,203.87627,198.60022,201.34314,201.40974,202.84378,207.84741,210.39148,210.67987,205.28223,201.1384,200.51877,209.64355,213.23856,209.87552,208.26666,210.79591,212.081,196.21765,184.73856,180.44708,175.9227,180.94925,186.27443,198.98743,198.65152,197.37714,198.46805,201.6823,206.66525,207.44052,208.85487,204.67091,196.7561,203.68994,217.81253,218.72061,211.93239,213.12074,208.29552,200.01324,201.68216,201.87564,196.84755,198.37082,200.15317,204.00919,207.00629,210.15675,209.5162,213.69794,217.07785,214.29407,211.15167,213.92691,212.39359,212.38028,216.92514,220.08163,218.4365,225.28851,230.55164,238.00763,231.85333,225.30441,215.62888,209.02634,203.17268,203.02344,202.87488,202.0018,201.90146,197.3373,198.75052,201.16629,203.11829,202.95863,205.43625,210.07104,208.72404,209.1756,211.80948,208.52678,221.37158,228.14209,213.11194,204.7477,194.29869,191.52405,197.88177,200.4523,203.63138,200.73883,203.3615,203.62068,205.35112,219.25162,220.23746,215.08478,211.96489,211.89507,211.3786,211.74564,213.44595,215.67017,215.36325,217.72232,215.82417,211.87099,210.8013,210.97824,205.46158,196.3867,200.62341,208.668,205.55411,207.12477,207.37672,202.98785,202.72597,203.51918,209.27562,211.91212,209.02759,207.00587,206.26611,207.50171,204.25082,204.20877,208.56396,205.82797,209.89316,204.40639,209.15906,218.89807,213.93388,202.59097,204.2258,207.36705,214.28738,220.0057,211.9867,208.74469,210.03612,210.92873,215.1973,215.5074,213.72043,216.1683,212.04033,204.69879,199.54604,198.2992,190.70486,196.49141,212.61398,213.46371,217.37897,220.29749,219.55954,221.9695,214.90254,211.25133,209.00021,204.7171,202.5227,205.49042,204.95439,211.13571,214.31206,210.898,206.28122,198.97177,201.75098,201.38782,200.46176,210.86621,216.3879,211.42607,228.79787,239.54752,233.00061,215.85873,211.2659,210.6832,208.97357,210.32446,210.64378,214.4808,211.90952,207.80254,207.5965,209.37012,214.21155,211.54251,207.82812,207.18283,205.77386,205.61398,203.4403,201.10635,204.82867,200.51859,195.93268,199.61288,209.24155,206.02032,202.2456,207.43692,205.12045,212.5112,206.67514,194.7442,185.94762,184.57674,183.51047,190.58484,193.7962,195.37262,195.2915,194.23138,195.22414,193.66844,193.90102,201.27078,208.80493,219.91937,225.45206,217.90814,208.47354,214.30692,226.17819,236.74423,225.4789,198.91963,194.78299,189.9768,181.73709,173.36649,167.6929,175.9367,205.906,215.67642,212.99637,218.7862,219.30931,214.17316,219.41318,206.93579,187.65573,190.39122,193.96945,203.33015,221.23372,233.89781,230.16583,215.46625,205.78378,204.64319,198.14122,187.13795,178.38474,183.12555,187.03354,182.12817,179.83263,189.33134,192.44669,191.79819,191.87393,190.96506,189.97852,189.21408,188.40904,184.34384,180.55753,182.2949,181.65442,171.26486,168.95374,172.76971,174.44164,179.67664,176.57722,178.70432,174.16031,172.38837,166.49286,152.2529,157.67268,167.02545,179.36469,190.86366,191.0492,187.47076,188.93466,186.53891,190.01767,188.69836,186.56573,190.10957,188.85925,192.2998,190.71808,183.50903,176.14734,163.33109,157.23798,157.64113,153.57587,153.60406,155.73198,159.4158,154.53879,156.05751,153.46075,157.86629,163.07079,157.88474,173.82571,173.76918,165.95622,167.46106,164.2902,166.72191,165.10226,163.50812,162.41096,163.6659,161.96826,163.15535,178.887,186.56494,185.37506,185.25177,185.23837,185.4092,187.27641,190.79408,186.87338,187.73209,192.40643,197.37134,195.69351,190.57994,188.99028,193.85622,206.09863,214.71289,213.65012,208.25342,200.80139,196.4676,212.43994,224.31737,223.66452,215.53293,217.27274,227.82108,233.14114,233.22311,234.06508,231.28383,226.53752,220.004,220.55995,220.58064,213.47946,219.20854,219.66214,213.62325,211.52603,209.06421,210.38629,214.45486,211.8416,214.83516,214.03769,213.69058,211.20694,205.34906,197.91956,197.28345,198.4154,197.73032,195.07245,195.7728,189.32571,185.48758,183.35199,184.7785,188.18019,195.42603,199.32639,211.29324,215.6871,215.74756,214.3174,217.00482,218.49315,219.41928,217.7163,213.28786,215.10883,219.45978,218.3417,215.50685,215.39148,211.2251,207.0054,207.40106,203.96365,201.43364,207.32797,205.01518,192.91176,191.49779,193.66325,193.0635,190.31187,188.39311,193.31921,196.01837,195.9015,197.88763,194.2854,196.88103,199.30673,203.49481,210.76575,228.20963,227.84271,213.92847,208.84863,204.74579,200.92014,201.68054,201.31018,199.35016,192.8174,186.54752,184.44786,186.32191,186.77083,182.04587,182.2026,184.05002,198.13144,204.51138,204.47482,199.5809,197.65128,188.88768,199.07858,208.74075,211.94482,214.59335,216.54205,216.27328,222.64233,221.56693,219.3071,225.58362,225.20175,223.08704,225.96744,223.08987,210.40887,215.20389,215.30545,221.43805,223.31549,219.5586,215.22536,214.07062,212.64156,209.37666,204.65024,210.26929,218.89499,222.79376,212.57617,202.13275,194.75594,191.55661,194.77637,198.94263,201.94644,205.08963,220.56659,220.48917,208.67026,210.7268,220.33078,218.10057,216.48175,214.38766,214.79524,211.942,209.24658,206.17572,210.19577,213.24129,209.58939,206.70322,207.31125,211.21219,210.36371,204.91724,209.43922,209.66512,208.33427,209.24835,216.64388,220.51929,215.78462,216.4169,213.19905,212.69687,215.1948,214.03018,216.64722,217.80412,215.60052,214.55908,211.462,207.73874,206.44336,206.47061,210.47238,211.97229,206.11078,206.5115,210.90248,212.3498,211.21625,207.8501,205.38953,210.75888,213.31503,210.61154,207.2819,211.42862,211.96503,209.13649,213.84573,212.82846,204.86035,195.11714,196.2323,202.462,207.70328,202.77264,200.56268,208.39569,212.6012,206.22983,198.23831,192.48877,197.42719,194.0516,195.33821,197.33228,194.8402,189.02377,184.57782,183.781,184.99423,185.29994,185.60463,182.19011,180.57776,183.11882,178.36584,199.92044,217.76486,210.75891,200.5792,192.42699,187.33386,185.40385,186.99406,193.35114,195.73001,194.35263,192.77118,191.19598,199.3215,207.90123,205.93382,208.372,204.21521,195.01605,192.2334,190.85489,196.42152,196.64426,199.20535,198.82278,199.68701,198.99652,196.10184,193.23752,187.78049,189.97327,195.69987,197.52505,193.74944,196.48886,201.25089,197.48648,201.31877,213.65796,215.09134,206.98918,207.51819,199.94034,193.22499,197.23157,196.79272,196.02292,191.96269,189.67242,194.9076,186.19392,181.68793,196.78561,203.47412,201.39476,203.80397,202.72073,200.20132,198.54147,196.17638,193.44855,200.29567,202.24051,196.97679,194.98549,199.07541,202.93494,199.5115,203.87958,200.45496,199.13055,199.62216,198.49414,204.47438,206.52673,201.05566,200.4502,196.43991,183.81534,183.25592,185.05011,182.48077,181.28282,178.7249,178.2598,181.39725,176.6758,178.23053,184.43497,187.30736,187.10152,192.46121,191.8143,187.25717,183.91893,186.69138,187.7751,194.06497,201.16428,205.17828,201.53578,189.4216,182.46805,183.91481,187.14127,191.28886,191.25754,185.76584,180.93832,189.62347,194.29623,192.65344,201.6478,203.68286,194.66788,194.70294,197.33458,195.9549,197.08218,199.82367,196.89682,193.87325,192.98193,187.97037,195.74023,195.5195,187.38617,182.27043,185.72203,187.93135,186.48318,187.53745,191.56871,193.12222,191.73743,201.0759,202.53917,185.23672,184.53918,191.16725,195.53856,192.87308,187.0454,181.98477,178.53326,180.70587,185.57678,191.75436,204.5401,208.27942,218.84024,209.86891,210.65173,204.43799,198.29518,207.16231,211.89322,209.72345,212.4739,205.98523,205.49815,214.815,206.84427,197.53482,201.48358,203.0214,194.98862,188.30722,192.71985,204.78574,208.46228,206.41075,206.52623,196.29745,196.63007,216.92273,224.54263,223.9419,214.16824,206.36848,200.26132,196.44574,200.01462,202.37822,201.06631,187.86374,183.53508,195.2779,203.13861,201.92493,205.40167,205.37488,202.80017,205.68338,201.2403,202.82964,211.85565,216.64778,209.92972,199.09,195.96765,194.38092,194.92068,201.9353,203.8728,196.67746,193.86859,205.98264,206.04619,208.98947,209.89856,204.12195,202.92122,206.0748,207.5656,209.12463,213.65091,206.01562,201.77118,197.87546,194.25725,201.43372,210.07726,211.03864,201.38058,196.20854,197.69702,192.46313,186.26181,185.20645,188.17412,184.61444,184.34929,190.93948,203.61526,199.03574,184.73755,183.51361,184.87073,179.0989,171.40247,171.0528,170.3354,180.94766,188.31155,189.10953,194.61472,200.51971,207.96948,207.9927,205.83429,209.72688,213.30339,210.15033,209.4198,213.1935,207.61557,199.9167,202.61954,204.02396,204.96286,206.7659,202.11118,199.60472,197.02118,198.72083,199.05469,206.6586,221.65552,225.56062,223.9829,225.50587,229.16583,233.97925,220.41452,207.51694,193.59607,183.69426,184.08905,188.02783,189.0852,188.91504,187.00003,180.80441,188.1954,193.4179,196.2527,195.41968,196.01114,199.5138,201.14804,216.81314,228.59505,221.05109,213.12448,205.62318,201.38394,198.44244,205.5993,208.81467,198.81119,194.1724,201.11984,199.05115,193.07112,192.47673,197.92264,201.64792,197.31741,195.1514,199.11572,201.29713,202.61868,197.7442,195.42456,196.90121,194.61885,197.87283,199.93167,195.50273,198.09267,201.09015,198.82162,199.50172,198.16513,192.50793,190.39792,188.11293,185.75925,192.30853,193.82233,195.71121,197.98404,191.39746,188.646,191.71677,192.6561,186.81522,187.63702,190.96613,186.24734,187.83044,201.82281,213.37947,211.33102,207.99542,202.92813,201.39914,196.38695,188.00266,189.02121,194.81664,191.87325,184.90866,184.13467,184.64484,189.28908,186.77371,188.034,181.96298,177.03323,178.1192,180.6502,182.01492,190.16174,194.70018,195.1749,197.64935,201.08931,199.13417,192.57541,192.3126,197.32681,200.65718,198.67546,196.64072,205.3342,211.94302,214.51915,222.13934,224.92224,226.18951,223.34909,217.859,211.82016,207.96487,208.25262,209.39987,221.04831,220.8699,207.61627,198.21887,198.17215,197.33745,198.71481,197.37527,197.18408,197.67424,197.66714,199.10728,203.17079,220.23495,217.53015,197.80594,188.44385,192.39478,194.60223,196.53351,194.58145,194.97794,198.4483,201.91293,211.55382,214.69084,204.4953,197.32256,189.85956,183.9948,182.62805,185.52869,183.94772,179.96762,175.7958,163.75926,162.19873,176.36812,180.90521,180.60504,180.264,186.9643,194.05309,195.80751,194.73352,198.96371,210.45145,223.6673,233.18901,225.51128,220.46758,219.97662,210.17252,200.39627,193.45811,193.62128,193.97563,194.44308,189.84024,183.53615,175.2582,179.0291,188.28537,198.11072,193.22586,197.66489,199.35062,196.87535,202.84377,206.24268,203.19409,203.30272,201.76358,204.07025,206.35527,203.53647,212.97531,205.19315,187.26132,181.68883,181.95862,174.51501,171.15591,171.30069,178.56967,178.57129,177.52966,180.79535,180.44688,183.67365,183.87073,186.40474,193.08266,191.74649,187.57051,180.34344,198.26642,211.06393,205.09366,199.57114,194.5217,191.30162,196.84065,196.5134,195.47699,187.08362,169.4826,162.9262,172.27814,180.83652,188.8537,199.9502,200.46591,191.90958,200.87198,202.1318,201.74243,198.79723,197.08945,199.72797,200.8306,200.09825,199.15024,191.94687,198.33496,194.95517,184.5273,179.15479,179.14175,177.84329,173.60869,168.38397,165.05763,158.5175,170.15643,176.7606,180.43376,184.89099,181.17856,186.63759,181.4794,182.11916,185.91711,183.95639,188.79498,189.07516,190.2927,191.11244,193.65685,190.77216,188.2561,188.10336,195.41339,193.89929,199.18983,212.10463,216.79297,212.40453,208.43619,208.30634,207.1279,211.41095,213.01213,207.99335,210.87924,222.90909,232.26245,226.4017,223.23618,228.22098,228.8174,229.05664,222.25244,219.73637,207.88513,201.00711,207.40189,214.83974,219.81216,215.62823,215.2005,215.28522,219.88791,216.02908,212.91483,209.62878,209.64926,198.15637,201.3398,202.8522,206.43958,213.50247,217.24014,226.93707,232.35385,214.40688,200.06607,196.94669,203.36469,202.925,203.78387,200.17549,197.06636,198.66399,196.35988,195.52432,204.85208,201.62509,200.11346,198.16501,198.25485,197.33162,196.3938,199.11874,197.61697,197.20746,194.48154,194.2442,197.4806,193.85617,202.09282,222.89804,225.35634,218.39836,210.621,208.34048,206.74823,209.86444,209.05417,202.33539,199.69714,200.561,194.44821,186.71584,189.28969,193.62363,203.34357,204.7685,200.52075,198.35767,205.4024,215.26956,205.58914,199.83163,195.9132,193.41385,196.43515,214.11409,218.77582,208.84909,203.3648,207.06158,203.76376,200.95355,200.59149,194.07954,197.02524,199.06635,198.35043,190.81256,186.43582,183.39264,186.4588,192.93686,200.1303,209.2082,210.97247,210.50288,200.94305,193.81754,205.7938,214.36917,214.6824,212.35214,213.90881,221.0715,225.482,224.49127,222.07507,221.96188,220.61746,216.758,215.19626,211.68402,213.6865,210.8039,212.68564,211.90907,212.15848,222.57205,227.44662,219.12344,209.55586,209.65643,206.33682,206.63968,212.0303,207.46231,212.044,209.92964,210.80556,214.07452,210.19702,205.04817,210.14352,207.93286,210.94109,215.47098,217.04874,221.09409,215.5864,207.80064,211.99538,212.91687,211.70282,217.54196,214.5249,211.29538,212.8252,211.00893,206.94292,203.79785,205.05173,200.97032,200.18764,207.14365,212.19653,208.21042,203.1287,200.63269,203.61627,212.85788,213.79486,208.25848,209.61084,214.26956,213.79037,221.26405,222.7956,212.12897,211.10791,214.9968,218.33365,218.55283,220.7141,220.02385,216.0028,213.42105,211.74796,213.36336,210.03421,209.935,214.71289,217.36493,215.57465,212.71086,211.6124,210.78464,211.3639,212.67532,210.5617,204.8612,216.0862,218.70848,203.66888,210.7869,214.77722,210.59297,211.18301,208.4531,206.87851,206.5325,215.76479,233.58499,231.3081,218.94055,210.98676,208.51553,209.25102,208.63776,209.8002,201.18086,197.00429,217.99075,229.23953,230.3224,232.04468,222.59497,208.977,195.72565,197.06537,201.69583,198.91986,202.62303,204.93333,207.37424,211.1585,223.28848,217.09244,201.97052,201.11426,201.47226,198.4217,198.40628,200.45828,199.93732,199.24982,199.77376,211.87543,217.79361,215.0653,206.42682,206.42407,205.0585,203.3612,201.43936,197.20331,196.88472,195.76335,211.2868,224.72923,217.26031,208.26973,205.4347,202.95523,195.35648,190.70859,193.551,195.45149,198.77768,214.7612,214.57474,212.8123,210.54398,203.84503,200.93457,208.30756,204.88043,202.5227,203.73679,200.9141,199.8231,214.40305,227.11029,230.07443,217.0029,209.04135,207.34784,208.11865,208.56213,204.98242,195.97183,191.53522,190.6683,194.20291,199.97717,211.49548,209.22284,210.36499,210.19064,206.59496,200.25601,200.41888,204.53006,195.90903,185.66985,184.54134,189.05344,203.03125,211.87148,214.52304,210.09927,207.63583,201.79962,202.74341,197.98676,198.56303,197.32755,194.33763,201.33464,218.45944,218.34686,217.24115,208.52505,193.22815,183.69785,181.86263,176.73782,167.43977,160.72101,162.40475,160.81989,158.1216,157.63486,162.61829,172.22719,174.17758,166.9407,166.18658,169.0913,169.26917,160.49846,165.17749,174.53217,194.5872,205.24515,208.05573,201.67484,200.6643,198.27802,200.66664,201.89644,200.63571,202.56497,199.54811,203.96835,203.9443,204.54272,208.63702,202.86702,191.59393,192.7219,193.48692,192.96468,189.65244,181.31322,181.96117,181.97906,185.18216,194.31718,210.13638,211.55911,198.92278,189.18048,180.57266,176.93253,180.38074,183.42337,182.58693,176.71725,176.64348,182.49242,183.95486,187.01541,190.92862,197.61609,203.35518,206.23256,204.8118,206.95688,208.66345,209.73495,212.49323,216.59491,221.12154,219.21048,213.48071,209.45685,206.76825,201.47604,195.03131,198.74832,203.71484,205.17377,201.9515,207.73358,211.55334,216.05576,216.10193,213.56252,206.69926,203.06299,203.10135,210.20375,211.80313,205.16385,196.78387,197.97859,206.844,212.77718,204.62753,187.90605,169.10559,155.43628,147.96298,144.79231,151.5759,150.13193,146.66714,141.22757,149.28516,162.639,165.10068,173.18008,177.68262,173.89142,186.32169,191.83893,186.07541,185.694,188.22168,185.62105,186.95953,193.18637,199.14264,207.84314,211.09256,208.73746,203.40486,191.60706,193.38562,200.83327,196.14874,189.88722,188.92181,187.13214,185.64468,194.688,200.95511,202.09955,204.01404,206.61224,203.40776,195.45084,179.2362,172.43068,176.76491,188.05585,184.26291,184.41742,186.49173,184.2096,180.33849,174.8266,165.77432,161.08481,165.68115,166.21962,166.20016,165.78275,180.47826,184.44862,182.0921,186.80602,188.04457,186.37917,187.24582,197.51627,212.88333,214.05493,214.02649,220.27234,222.38141,225.393,235.06128,231.42685,225.76189,222.77098,224.7805,222.47467,222.54065,223.70065,225.53174,219.92485,210.85602,212.49356,217.2409,220.28993,213.74864,204.99005,201.42836,201.63011,204.77509,212.13605,220.06918,214.78958,212.85855,214.32515,214.52278,212.53667,210.33344,204.3028,194.44931,193.59784,187.59964,177.2287,172.19711,181.01404,193.55917,196.31482,189.35637,185.74234,185.30399,184.84642,193.04385,202.17117,208.49088,204.3034,200.15364,203.14246,211.31085,212.88783,214.63168,221.061,217.02594,206.3721,193.39621,202.3214,202.1784,194.34964,196.85704,195.69794,198.00958,205.96017,217.26848,217.43256,205.95688,201.60895,198.99506,204.89053,200.81573,200.31085,207.52316,210.5355,203.40945,206.71057,206.07834,200.47685,203.3817,202.16281,198.14458,189.9768,182.768,177.81073,174.35008,170.73886,180.38316,191.91043,203.63263,215.79922,221.90877,225.68141,222.18858,220.27606,222.51517,216.69858,226.11536,229.09398,232.17525,232.42822,234.33914,229.34677,221.72247,212.94897,219.63055,224.73912,227.30739,229.34872,228.21114,222.58173,209.751,206.59236,207.64377,213.95819,219.6574,223.90848,217.9331,224.97421,222.28632,219.8954,217.78561,218.42032,217.39471,221.7378,219.46448,214.66272,211.65147,212.01892,215.26578,208.6714,203.95386,205.28072,209.14355,205.01746,214.75356,218.49457,207.46234,211.46074,215.07843,215.47932,218.19781,214.2528,211.92789,208.87486,206.8828,194.85773,195.13373,206.79337,211.65034,208.48535,208.22296,201.89987,201.03262,197.80585,192.7432,190.1229,186.05048,182.35226,187.14572,188.1391,190.54758,188.31131,187.74506,197.84625,201.94641,203.54858,208.64743,205.82574,201.73277,200.33682,202.80597,201.2316,199.34439,199.5682,194.58446,195.66354,193.22452,190.16367,189.89488,191.53574,189.13177,183.12756,179.70255,184.1216,191.66058,190.3597,185.49846,181.4123,175.81734,167.55423,167.34775,166.67139,165.69217,185.70697,199.0704,211.32837,217.24469,221.88702,229.12668,233.31006,234.882,226.33727,218.22833,219.44373,219.28197,215.16301,214.8111,212.08719,205.41228,209.46909,208.00708,203.82645,204.34506,205.27737,204.13821,203.74574,206.35043,209.23853,212.80508,213.38171,212.61066,210.11604,198.87265,191.33945,196.04749,196.59052,188.09338,180.88861,177.04192,173.18982,168.67633,180.04306,200.76483,203.27875,193.84773,193.81143,198.67606,208.65468,212.18547,204.85413,205.70189,204.26338,208.80475,215.19418,217.8892,221.82355,220.11552,215.81282,207.16602,202.91837,195.1478,196.07617,197.74255,191.40398,193.6484,202.30743,214.23123,218.139,219.14394,210.91713,204.80783,209.07156,210.46295,208.6745,208.54993,205.34583,208.83968,227.67737,222.35657,218.08173,220.8183,212.92578,200.08865,192.22403,188.58936,187.11198,184.00839,177.62787,175.14539,176.06386,178.88031,183.63168,188.50021,200.91469,211.00925,218.19351,220.48618,216.22629,211.29335,218.61713,222.61287,224.45496,231.5163,231.73535,231.97763,228.0861,225.91806,218.57483,212.17062,209.62378,213.90341,217.34793,221.36914,218.4679,217.80911,214.79532,215.76648,213.68309,212.32877,210.65419,214.99997,217.609,216.49445,218.89557,220.89597,222.98154,225.97049,217.87637,203.42477,187.98378,192.73114,196.86217,187.8407,187.38928,187.0462,181.37248,173.62297,182.16313,196.65927,195.53177,192.91116,191.6116,193.09503,198.3495,198.39264,196.77867,190.74454,192.32207,192.50243,197.11163,207.74709,215.43784,219.19821,219.76814,218.10133,223.47429,218.6618,217.49835,214.56598,209.80055,204.87045,205.54318,199.01526,197.91595,206.33824,212.54196,215.29393,211.45192,206.47684,203.15187,203.94237,206.4534,204.33505,197.55402,197.88809,205.31299,207.5695,201.44266,202.62552,208.91031,213.58972,212.28598,204.54285,197.25018,195.81757,192.63335,181.7778,188.5999,198.08423,201.68964,204.34201,207.05652,209.91989,215.08372,215.3428,213.45265,210.01894,211.5209,211.23225,213.73999,216.47365,216.35146,215.10947,220.01807,216.60864,207.5086,205.11765,206.67291,206.66544,211.78406,211.775,214.42897,215.89145,215.46634,210.67581,205.22743,200.46747,200.25766,204.17941,200.78427,201.32422,203.9967,203.70023,208.74539,210.6567,200.98587,190.23302,186.72974,193.04117,191.00143,192.97672,190.50288,180.68639,184.19403,195.45804,196.2792,196.16861,196.85258,196.79504,197.30988,192.43686,198.1402,205.39575,205.79507,206.65692,209.63872,208.81668,207.80615,210.9837,212.4106,217.81065,213.03473,215.46729,211.0613,200.16635,193.81273,191.25795,200.50981,209.00644,216.17976,215.79184,211.45963,208.68433,205.46976,210.89468,202.62851,192.63612,198.95189,207.85909,208.76492,207.87677,208.11539,206.54483,200.53577,204.95642,199.62677,189.94373,181.96252,177.22629,178.9382,178.34692,182.63461,187.25697,199.96597,202.98677,208.61902,217.46066,215.53001,217.65475,210.80786,206.2283,205.18748,202.11485,210.26746,212.19858,205.5028,204.10883,204.16077,203.2619,200.65019,214.06976,218.06625,213.67004,212.06334,210.73332,210.91974,209.46112,197.81412,196.60188,203.01553,207.85791,207.19434,209.11064,204.10587,196.20581,191.02911,193.42883,199.63342,203.79538,207.0755,213.21277,209.13162,203.29843,199.78828,205.45354,208.28476,200.73013,198.80664,195.79475,191.40518,204.8146,211.94662,210.9874,212.08804,211.45695,201.6615,198.9263,201.63298,196.15454,196.97614,191.15076,190.83466,195.108,193.69084,187.30872,185.42245,189.36398,195.31035,191.00496,193.01822,191.0483,186.32544,186.3648,192.48756,189.67915,189.40662,186.51762,186.31686,192.29385,197.54832,194.62213,185.51488,187.18155,188.24597,186.87111,192.35094,201.12573,194.37723,192.64792,193.47961,191.21594,184.85107,188.38376,177.99321,167.56503,177.05435,179.68254,176.0597,177.06876,180.00572,186.1666,184.13554,180.54,170.32384,158.1394,154.90662,159.68103,163.10588,166.25926,184.73994,200.4541,209.47783,209.24283,204.38867,203.34534,217.07062,220.08932,210.58945,208.44748,211.56017,211.49724,206.86983,208.2473,211.79007,213.85919,213.9537,214.70052,214.02097,210.85153,208.65698,209.77405,213.33646,208.21802,203.33444,199.58624,200.55556,215.24695,214.84288,205.97879,205.10066,205.22804,201.67632,195.32162,192.74484,197.22177,196.4831,191.1115,191.60944,203.69078,207.0167,212.76309,220.07336,212.86212,197.53848,201.31088,206.77023,213.27982,212.79553,209.18213,209.7212,213.29407,208.67526,205.76932,201.89798,199.8009,206.42163,207.68646,204.76392,209.97319,223.93787,231.41821,227.77841,227.56943,217.26257,207.37413,193.8483,196.50497,198.82387,198.32292,200.5328,204.09044,206.09848,216.3213,226.07846,221.91359,216.99039,219.52524,217.3109,210.62392,199.5986,194.14348,202.10202,206.3422,206.44693,211.71338,210.9368,209.69351,209.39261,210.26712,211.96284,208.40704,206.71043,208.94882,213.14233,218.8436,220.37564,211.00037,191.38878,197.7371,208.62056,214.4758,211.35374,210.95436,210.97342,210.95255,211.65839,207.87561,209.00143,206.06064,201.33061,197.76358,201.05911,194.87659,197.45004,196.70404,200.8537,201.72577,200.2287,202.88687,202.82425,203.90005,203.83075,212.09312,216.58746,209.1383,211.49023,211.46631,213.76273,215.05591,210.77524,209.2386,200.46297,194.82666,190.60501,179.74722,180.70308,185.15292,196.61719,200.10028,195.76877,196.58133,192.84128,193.90485,192.69995,191.80893,190.69049,194.96658,197.80731,194.66055,193.55421,190.24869,187.16142,190.04839,186.19295,184.97662,179.27763,175.88689,184.35107,202.06175,204.39456,189.88358,168.86494,154.37567,163.72571,193.21165,206.57947,202.40591,201.5595,202.87318,202.807,203.59232,204.0188,209.01428,215.95645,207.6246,196.11229,186.03809,182.07704,196.67319,213.29614,212.6554,206.19905,209.89339,214.07202,205.27805,199.46727,202.75375,210.06592,201.25458,198.60262,205.2731,214.28859,213.00256,212.26389,212.14465,212.77602,210.40517,207.30084,205.783,202.39105,209.75598,217.71375,215.5163,213.08125,215.1972,214.70375,208.94557,198.47949,197.79738,198.06204,192.4245,188.76773,190.67181,197.38089,200.1398,198.932,195.26839,192.62497,212.01248,218.79053,211.13687,211.95175,204.94736,197.78728,203.37518,203.66862,203.24635,195.74988,191.29704,191.23615,190.71909,207.31464,214.90668,205.8606,199.7764,192.46106,189.47345,198.49683,204.00565,201.5913,202.37213,206.37747,211.83667,211.18057,213.49376,217.09949,220.84827,225.15445,224.20389,220.24747,222.6261,226.62524,224.92825,211.19211,206.57803,208.07574,208.62325,207.88388,207.43341,206.7825,198.86438,199.7252,195.97627,188.09392,183.6498,199.8296,215.23999,211.53757,211.2768,203.6743,202.29124,207.59143,198.08502,200.87666,200.39037,189.71179,196.8118,210.2161,205.32018,198.19472,197.43277,207.47874,213.32352,212.58212,220.7587,208.75844,198.65665,202.98053,210.07611,213.76114,221.51312,224.45145,222.81815,223.97646,222.95767,228.45605,229.6774,234.46127,233.61536,225.42953,215.75838,210.59308,205.92308,197.65408,190.413,188.92519,189.78928,200.44121,216.65518,218.09325,215.51428,216.8125,213.31615,216.63739,225.91138,235.3164,223.6182,207.3934,203.15262,209.68954,211.04263,209.26926,207.33658,208.91446,208.38472,206.49416,205.66618,203.80849,196.87144,209.48557,214.26144,211.7101,211.85944,206.85654,202.43314,205.27022,208.77747,208.48431,212.67139,211.70908,206.80643,198.88809,197.04868,199.51073,198.72308,202.12056,203.33612,206.3263,209.7219,203.77258,198.89569,198.59323,210.22069,214.85876,208.53136,206.20016,199.54816,194.81412,188.72908,189.60156,187.38742,186.6865,189.2503,198.52165,205.84753,198.36105,191.05777,190.81284,196.9205,204.50693,200.25092,192.27982,188.7945,180.46277,178.18405,186.55646,188.11807,177.3123,169.4942,179.88779,173.77896,162.46304,154.17203,168.17484,189.82819,192.81705,195.18298,198.09705,198.00348,201.69154,212.0464,215.21051,210.88176,207.7291,208.9797,201.14897,195.95026,196.35303,199.29784,206.34448,200.32266,198.21085,200.99988,206.65329,210.86847,214.85849,212.18022,205.59076,208.85825,208.7749,205.46146,208.1625,216.63141,215.02203,214.604,216.30342,218.02365,217.85571,212.36609,204.88623,196.44757,199.69078,211.75589,210.45877,204.86588,205.53609,216.09167,223.86574,224.75217,223.25098,217.41858,208.13284,202.18622,207.93729,217.658,223.38322,216.22507,212.11679,206.02164,205.91293,216.95683,224.34003,221.44637,217.36575,214.4852,213.90039,211.75264,211.7092,202.59453,181.85107,180.95709,185.78964,192.39719,190.50668,192.72852,197.66621,190.75735,186.41098,194.50812,207.59521,222.59082,223.01245,212.25171,208.44208,206.78575,203.57631,197.61514,189.79721,188.09991,180.5484,174.95352,189.7436,198.78964,200.7818,209.89551,209.16336,210.66248,215.38872,212.22185,213.7768,212.92581,215.01212,215.34517,208.49419,218.29463,230.98163,225.17319,219.15025,214.68166,214.12004,212.48569,204.94687,205.78925,198.42676,190.3023,194.92316,196.78455,197.01508,199.14833,199.81244,204.49712,210.37411,213.46066,211.46219,210.24759,209.40804,206.89505,206.0232,220.71152,225.6388,219.17856,211.38737,211.32367,222.7821,212.71198,205.37738,204.95706,208.23515,205.9087,203.32068,202.12228,204.48424,199.68587,199.60461,202.94339,204.41418,204.60934,208.1847,212.21136,209.67725,210.90405,211.53226,213.0908,223.16292,219.70726,209.50412,207.24193,213.47131,215.87582,214.7561,214.36998,212.0909,207.27795,205.5116,202.07759,204.1293,206.74445,202.0004,196.1601,202.23047,207.04639,203.96066,209.13284,215.14197,209.72025,210.78973,215.92596,214.71754,207.95535,209.40279,212.47115,211.40717,207.54758,209.60135,205.00824,202.11035,198.01392,196.41672,193.8812,190.4906,194.93878,197.18254,210.01276,213.90204,213.96388,212.7182,207.32759,200.12686,192.54799,195.62494,207.3465,213.70367,211.69615,203.42828,202.45819,202.59781,211.97308,214.85504,216.93753,212.40454,209.97772,206.21136,208.12431,205.24196,197.03165,194.66907,202.43637,205.66113,198.81474,202.70847,199.93323,191.1548,200.91034,197.87225,203.16971,217.86081,220.69781,210.0649,204.3384,212.25449,222.14114,216.61098,197.16228,197.43338,203.81285,201.84946,208.08598,199.89392,191.07544,189.2247,196.68741,202.93634,199.67401,191.73993,191.38904,191.10294,189.67145,200.08093,205.81378,205.85678,204.22467,220.56543,229.18579,228.7869,230.64055,228.89151,215.98431,206.94223,204.77649,202.2016,209.80038,217.86649,213.94719,207.17029,204.41989,210.03006,200.03558,182.72952,187.09155,203.02164,215.61562,218.32892,213.78133,203.29388,208.12924,212.89215,208.59653,200.2582,204.97253,215.67926,220.67923,217.23688,207.6506,203.29832,209.03613,209.96478,205.45813,211.80185,210.62836,203.94907,199.94199,199.76454,207.14508,200.25952,180.33984,170.83006,180.60123,196.06674,206.83258,213.1293,211.21075,215.10284,214.86671,212.54446,209.51463,196.5082,191.96051,192.88492,189.73894,190.10982,187.00116,190.19151,201.51027,205.96217,207.51138,212.81229,212.23474,210.71657,204.68005,204.50981,206.17865,222.66705,222.03714,208.98315,198.27849,196.0262,192.04257,193.59096,200.30814,203.37146,205.57648,209.61838,201.03983,196.69684,204.71556,205.45683,204.09048,206.98453,209.24509,215.6153,220.41748,224.71127,220.19911,208.42044,200.63551,200.177,204.43805,209.2276,204.94287,207.40886,218.26582,221.83147,216.95651,213.34634,208.03741,187.89539,178.76111,180.51997,184.33572,190.4139,200.03062,205.67178,208.64937,202.48967,204.069,207.58115,204.13182,210.64758,210.3677,203.56458,194.24115,198.97974,198.28995,194.74814,201.9251,202.16016,198.26126,191.59892,194.41542,191.87405,177.58185,168.01596,167.70892,172.84506,168.53217,162.48093,163.51242,159.71124,162.0444,161.5405,174.79533,187.9655,200.42152,205.81659,204.59842,203.57007,201.4198,203.86621,200.62294,200.54395,205.84528,212.67749,215.95908,209.63858,203.08344,202.60663,197.89145,196.10611,192.5947,190.81285,190.88869,191.07701,184.74588,188.04468,189.41982,210.83533,225.44649,222.77393,217.12102,205.66501,199.514,205.18947,206.98102,199.32121,195.34538,190.03711,194.8612,196.72687,201.4365,201.21863,205.37265,203.54173,203.38272,208.34698,210.80872,215.8569,212.6759,210.51639,213.55322,212.13766,207.2919,196.3657,192.85527,196.33298,202.36487,207.93271,206.18158,202.82733,204.78162,208.48944,207.50342,207.89236,201.21939,191.47803,196.20822,190.33768,186.86734,194.679,195.7786,195.459,203.68768,202.15579,200.7632,199.16864,204.36787,203.7883,202.2951,200.91913,203.59473,204.60175,198.4375,186.84262,179.90549,189.00577,193.311,189.2974,186.74251,178.10507,157.69553,156.53464,176.07451,182.49475,188.68243,187.95273,182.39824,185.4896,184.84384,186.59616,184.90405,185.57947,195.62213,206.57834,205.61473,201.45624,197.43028,197.5346,195.69028,194.77759,201.07335,200.0875,200.20015,200.5614,205.54039,198.33536,197.70789,196.13885,200.12326,196.98936,194.02753,195.37286,199.12915,199.48802,204.68121,222.98647,210.37323,213.13663,209.8425,205.73273,201.44275,193.57681,185.69986,181.23409,180.96112,184.445,187.22241,187.06058,192.98697,208.06868,209.88376,200.79039,196.5485,196.79115,198.39087,198.0192,193.55461,197.92108,197.91853,198.75592,194.22437,186.06174,186.84209,192.52838,191.06598,194.11008,192.29526,191.2922,193.90941,194.03864,191.28749,191.36136,199.28351,188.0391,177.7869,185.68204,196.39832,196.62733,193.18924,192.76404,192.64464,190.86368,207.55478,218.70613,213.54143,205.37924,201.38248,198.74405,199.49251,200.68811,195.5575,192.57896,193.41364,194.17212,193.06094,186.27777,181.34648,172.14658,166.97226,183.58765,189.23059,185.9631,184.76958,182.03351,181.72159,181.81244,189.7779,186.85184,192.21753,196.68697,195.3168,202.75293,202.34436,197.08838,196.43622,197.50414,202.74979,209.94527,213.892,209.94781,203.43845,199.43146,196.00482,197.24928,200.71701,198.07932,201.48355,204.40166,207.06433,204.6577,210.16792,227.06943,224.06839,220.6156,215.43681,209.11688,198.94218,195.80386,193.74228,192.99222,194.82312,192.93266,192.1567,197.79657,205.59935,211.62729,213.45699,209.1747,200.09233,201.98468,208.87036,204.83353,207.58823,207.61188,208.99063,208.7283,199.82275,189.07741,185.80179,187.4165,186.06448,188.04593,191.22168,192.20114,190.58102,193.00897,193.06062,186.99945,181.78986,176.01596,175.22293,185.99355,193.36363,202.9046,199.64029,201.40866,201.29105,195.10645,199.1254,204.24667,212.04315,217.844,213.14938,206.85071,204.99245,206.30365,195.64035,192.33566,192.42786,194.24013,195.90424,192.95708,182.33353,172.56035,171.3778,170.90396,174.33353,175.50412,175.16809,171.87396,169.77463,168.74829,162.95163,170.6095,193.39929,206.3359,208.16751,206.5635,211.27649,215.46463,209.34467,210.13568,219.74133,220.0127,220.99765,222.8856,225.16473,222.75496,219.84332,217.51877,215.45381,212.10147,211.86899,212.80936,209.01772,205.85045,205.15164,203.01099,198.87996,200.84776,202.44203,203.06201,197.29031,193.84334,196.80212,202.53189,207.1658,209.01297,206.33456,212.08154,213.80142,212.47055,208.76263,208.9093,211.71558,212.8011,209.2794,203.35944,203.415,200.2036,203.93951,204.92313,197.00728,191.95972,192.7771,194.52208,193.68013,196.11787,196.77237,195.21066,200.92502,209.79944,209.0043,209.28467,205.39023,204.15321,204.04037,206.39575,201.9638,196.73163,192.98865,188.34656,184.73203,187.54007,185.6824,183.93637,182.33398,183.59985,186.88428,181.86125,176.08199,174.36037,166.70497,165.57144,171.39975,170.14963,164.89229,162.73755,160.2323,161.35072,163.87387,159.7463,157.38876,161.52014,164.12964,161.2997,156.63153,154.37622,150.93611,149.4866,164.98816,176.3369,187.51814,197.32428,201.43759,199.75876,199.35675,208.62921,215.72543,212.19974,206.65611,206.98329,204.08253,203.65741,207.72884,209.4108,213.87259,212.2059,203.55367,189.2653,193.74954,196.12668,187.37018,185.4562,188.21402,193.75702,196.47961,204.7019,206.21548,199.05374,198.97815,195.74152,204.81061,202.26425,189.80327,176.5458,173.68106,175.57463,175.49982,171.82407,169.10522,178.87982,179.61424,176.43164,181.82373,186.70073,187.75186,186.38892,198.84732,200.60052,205.32109,208.44684,206.03151,205.32748,201.55182,199.7938,202.14383,193.03307,186.98462,186.14148,189.71457,199.61612,190.53664,179.77454,178.60533,168.86633,169.27185,167.24898,167.67975,159.53482,157.80258,161.89664,157.86545,166.77444,168.90656,175.7411,177.1141,172.63145,175.8325,176.37282,173.5326,169.36357,168.57349,171.03795,173.26913,174.64713,181.77046,183.49716,185.47287,184.13193,183.12933,175.16489,169.40558,166.85242,168.5798,168.82114,172.73882,176.57211,182.09741,190.76495,188.51233,189.95366,194.20358,195.93356,196.08044,197.48741,202.42877,215.36438,218.78271,209.2674,196.65186,194.40555,210.45416,207.56998,195.0256,189.80441,193.53796,192.30884,194.99564,193.44144,189.00076,192.87512,190.54736,186.82703,187.90979,177.8717,175.31607,180.01118,179.32889,176.29572,174.49466,159.86427,152.37589,154.92592,156.15118,154.23172,156.41525,159.09715,160.69719,166.31943,163.70059,163.5831,168.98898,165.7844,154.60048,154.30792,164.85631,198.20497,220.96191,225.06903,219.03575,231.98755,247.95212,242.14056,230.33203,221.00012,220.70013,222.90855,218.5942,208.89551,213.76129,217.64627,219.24332,214.42096,210.3512,202.57843,197.42159,195.23897,197.99731,199.51991,196.63657,194.39764,194.74771,188.61261,187.54614,183.39484,182.57515,182.05634,177.61722,176.07182,183.09106,189.3017,186.86676,183.10548,198.13263,211.81645,203.84149,189.14902,183.34447,181.93576,176.57867,176.07115,175.30905,172.59436,172.04642,166.7902,164.20749,171.39645,174.85587,187.85768,198.33331,195.28738,189.18236,192.63849,192.64459,186.8532,175.32439,164.99005,185.45317,210.19742,210.05838,200.20026,200.16626,198.44315,196.91959,193.83102,194.25372,200.21088,201.96149,197.58539,206.24646,208.2493,207.63654,211.87466,222.31183,221.9545,215.50795,216.3539,215.43361,213.75406,212.07797,206.19148,203.25757,204.87323,218.18623,218.66797,205.59976,192.59654,194.1028,198.62308,198.45377,196.63159,196.27899,193.16554,188.12099,177.81029,188.44656,203.81088,206.10065,201.20287,193.57278,192.86783,192.36804,196.24527,197.7636,200.61383,202.09253,197.7012,194.19492,191.73737,193.75659,203.62112,195.41992,179.11127,173.90039,171.6879,173.30742,174.58188,172.17401,172.85431,182.68549,193.97284,192.16269,192.46329,193.88107,197.87012,200.91374,202.6782,203.97943,201.20682,207.60052,205.65297,219.91772,218.00226,201.05704,203.73033,217.79996,216.27214,208.92462,205.22723,203.36646,204.15677,206.30865,208.87518,210.45288,213.69958,209.00995,203.15453,201.64963,203.46207,207.18997,207.92255,209.11066,199.51071,196.61496,195.16321,192.42502,204.79614,219.7335,222.10355,213.92763,193.29868,181.28168,191.09776,200.98087,202.7124,202.08139,200.37442,198.53934,197.21475,196.85426,189.25157,187.08115,181.49706,183.08557,183.82932,182.12027,190.0867,193.44717,192.27827,186.53175,203.33305,217.7865,211.5598,202.90979,202.49902,202.20378,201.30766,203.40988,204.41856,204.69229,202.97464,199.88754,207.21773,214.63254,214.18164,211.62277,212.70648,215.02834,212.8262,207.17932,208.39857,205.42877,202.28111,202.38075,205.24664,208.80756,203.96149,204.12418,204.62845,197.43939,189.76764,186.66809,183.36588,185.14984,184.98811,186.40755,190.63524,198.3237,214.3038,217.72144,205.8406,195.87495,195.2719,192.68039,191.07324,194.2005,202.83969,202.73416,200.3504,207.56718,210.02774,206.21382,199.14694,196.53427,198.92465,195.93736,187.68074,181.43793,184.56857,191.22205,188.3053,191.0304,187.92606,188.85587,183.62692,183.19028,182.74759,182.61662,188.97359,184.2718,178.27156,179.55707,191.6398,210.09486,214.7016,203.88145,211.10895,216.48416,206.6848,193.14784,193.2026,195.59949,203.66061,203.48874,199.84552,202.38593,198.46576,192.88818,200.22836,198.29018,192.80627,188.18628,190.29187,192.87451,192.60028,195.46373,199.09692,202.7958,226.44273,227.19543,210.61841,200.48062,200.77065,189.11642,173.79877,172.0108,170.29144,163.52484,161.14706,163.32047,159.12128,171.63844,192.11661,190.82141,181.25394,184.74454,198.62701,202.44913,210.89111,213.50613,217.1012,215.65007,205.82864,202.66144,204.29337,198.98758,192.80832,181.94421,176.62634,178.28384,178.8686,178.99867,178.32805,180.4269,187.65643,196.1954,203.95445,210.2845,213.86404,212.00302,211.48941,216.45676,213.55833,213.30704,217.58842,213.59402,218.04016,225.04262,219.11728,213.34088,206.71442,211.81055,208.59895,207.58496,207.04048,196.89996,190.17606,189.26205,184.2551,187.61444,193.17038,195.94809,203.54285,206.50082,209.64207,206.04234,199.35104,199.94481,195.74988,187.47382,210.7181,222.16269,219.37346,217.56935,216.3898,214.56284,212.65271,204.21848,184.03973,170.84865,164.7528,164.02979,167.65573,168.84619,159.16586,152.32306,151.61719,149.79077,147.04636,150.31664,158.4884,156.67117,158.249,160.35178,161.33072,189.39188,202.56403,193.12404,191.18265,192.05417,188.71265,184.1366,175.54326,177.289,183.4707,180.0862,172.7917,174.33215,170.45604,174.04169,187.16321,194.1886,194.04672,198.53543,203.54135,200.6477,206.57884,210.91946,208.76202,208.65851,205.92229,201.62727,204.82056,205.60674,207.33081,213.13681,218.94006,210.898,202.97137,200.28645,199.33893,196.45467,201.85881,208.9773,215.55612,218.74512,208.22789,209.03635,211.81058,210.49097,213.27405,209.86374,209.87196,218.85556,211.42575,213.52972,213.87924,211.96136,214.28253,218.48163,222.7371,222.80144,211.54147,204.61166,206.74243,205.28616,215.15079,221.98546,224.21852,219.18588,213.31818,209.12659,203.59302,211.39822,213.3085,211.65076,212.23407,226.25327,229.66006,224.55434,216.94803,211.4469,211.50403,219.62756,230.89987,220.04926,208.36444,204.11713,197.07727,189.06094,184.1099,178.85919,180.43213,183.10815,188.57086,192.18988,187.28949,176.76187,183.54898,194.76706,195.48874,197.44562,210.63687,219.1198,221.85394,219.14621,212.67986,208.3381,198.3041,191.92552,186.59174,176.38411,177.2186,177.29044,181.86208,192.52965,200.30777,204.72095,210.93617,211.88977,209.3811,210.77238,203.62297,202.48718,205.81071,201.55449,192.11192,195.4326,203.12488,212.1058,213.79723,211.04391,207.18927,205.64743,211.30338,205.96399,199.49,196.66902,192.23389,196.535,201.78766,209.02594,208.99252,203.50516,198.99216,204.58507,212.77713,216.22693,215.76004,215.03491,207.70442,209.2698,219.69443,216.58798,204.8125,208.22684,202.43506,193.80154,180.95059,183.36212,188.1653,189.93433,187.2685,190.5101,196.04153,201.39642,206.36652,207.36543,205.13965,210.53348,206.01434,202.89662,199.2839,193.98825,190.09924,211.13577,222.25784,223.00195,218.5972,225.76556,221.00278,208.68466,205.90305,202.95491,202.63814,200.05444,193.73875,188.50327,188.44736,188.3039,188.64136,193.42603,191.71637,192.89403,192.86668,194.51572,197.05313,199.71648,197.34387,203.90544,218.05237,221.50235,213.20087,210.89307,210.48303,202.9588,208.72339,211.42224,202.75568,202.02985,204.59956,204.40042,207.26053,213.37645,214.6044,216.65916,214.12576,207.96733,207.86586,207.90875,204.90564,199.4815,199.32907,203.37427,207.10385,207.28812,208.76686,207.82481,208.14185,205.3732,197.04192,189.97089,187.98715,180.97122,175.2908,181.59865,185.82292,197.88322,200.20157,202.65958,206.12643,201.6824,191.97597,189.1897,183.15106,177.29822,188.45114,191.2729,188.0683,192.90508,197.81099,199.9667,202.10062,206.14777,198.19135,193.17833,190.70486,186.62277,180.1099,172.99042,171.58301,179.88385,192.55966,201.75836,203.62085,201.97089,192.80388,193.01874,189.48103,187.59631,184.23611,182.98943,194.5878,206.3843,211.86363,224.44214,217.5224,202.61282,196.85931,190.91203,187.87016,177.752,180.85683,187.89575,196.71997,203.8731,194.55222,182.29768,180.59145,183.5465,183.25372,177.24371,174.7331,180.55563,196.20296,193.44963,183.5555,207.55576,216.86356,206.12524,207.72284,206.54327,187.98578,185.76453,191.54626,185.10887,181.26451,179.18195,177.84206,181.03418,190.33305,201.15977,206.07419,210.7637,209.07921,195.8924,197.34656,200.5155,206.92479,205.10284,206.09393,200.83281,196.76529,197.65634,198.9534,205.43475,219.48566,210.03198,195.99228,195.06354,198.61383,193.71103,187.15343,185.25421,182.25287,193.43605,198.37054,204.00404,204.97897,198.9518,193.21991,198.21233,197.10315,200.14041,194.7636,191.88509,197.29308,206.30168,204.00116,202.91983,202.77362,206.16035,208.49622,202.84479,198.06558,195.70255,196.37498,197.92325,195.89792,200.47372,202.5361,199.67139,201.70476,207.14876,207.12033,205.84242,199.6072,201.95425,202.17007,202.62567,211.8386,219.23341,218.98431,220.73221,225.84143,212.94489,197.22232,192.68452,191.5491,193.6933,198.4277,197.0682,188.31097,183.19496,181.50003,172.72809,175.91264,177.07654,174.35165,171.75479,171.45163,175.76541,172.1014,173.23445,188.04639,210.87354,213.8325,203.67441,188.08969,173.53867,172.57213,169.26012,172.9833,173.78902,166.65579,167.20926,161.4115,168.15236,188.1257,194.55853,198.71388,209.55241,207.7741,197.78465,201.8074,204.93784,203.5264,197.86157,194.3121,199.03577,191.40848,191.64668,200.23691,213.08487,209.32184,196.29672,192.8833,196.38766,198.93309,191.43944,191.9316,205.04822,206.7091,201.02036,195.71204,194.15308,192.1586,190.73492,185.977,185.71396,187.649,190.82004,202.55396,202.40503,202.36215,200.49217,197.08167,195.68846,192.98732,191.63838,188.52396,178.14906,175.76897,178.96603,182.02304,179.92699,186.69948,189.16602,185.23969,187.61215,203.94464,203.37367,201.6254,204.08081,200.84834,201.79976,199.11581,206.42805,206.91302,211.34055,212.07147,204.84386,202.3995,199.37473,193.06853,186.35239,191.97914,196.82657,198.7517,199.13965,200.97198,202.54807,199.9644,202.8978,215.85788,220.4208,212.60858,210.58626,205.11655,201.82816,208.15971,228.73067,233.0603,224.37296,205.95142,196.96742,188.54208,190.09598,191.0321,191.96729,186.66135,185.10669,175.70322,182.70285,184.72543,203.33734,216.62564,217.20859,215.30753,208.05727,209.79391,212.2349,211.98288,208.10483,199.74692,198.01794,199.14868,203.89767,217.48563,217.74532,205.14032,203.93329,197.53467,193.35048,195.56229,199.39035,195.8629,191.1624,191.79688,195.91232,204.1398,210.51309,205.69305,199.48795,208.80035,216.49438,214.38397,209.4171,201.97244,202.84702,216.10765,217.73523,213.40057,219.1846,222.68408,218.77602,215.88556,215.14351,210.88393,210.36218,210.00587,208.28099,209.25294,207.4065,205.10347,208.05089,215.65329,217.60233,218.44629,210.28453,200.72774,196.72118,199.42395,207.48232,220.04109,223.84003,220.92233,216.25714,215.74579,212.82321,209.93365,216.78302,219.58566,220.4029,218.33128,213.49847,211.04578,208.15576,209.36081,206.09384,196.05853,199.14589,201.43758,202.11546,204.33359,202.10094,199.64243,195.63954,212.1409,224.76385,223.55295,210.97073,198.53815,193.14609,199.32611,200.80984,199.633,204.11382,200.24289,209.5603,213.31874,216.58612,215.8913,206.27475,201.63504,203.28569,207.88731,212.10689,203.61517,201.4921,209.19708,208.84499,210.55267,209.27135,212.41837,210.69614,207.76614,197.00694,193.55406,189.01654,185.622,189.67206,188.4983,182.58905,193.92079,202.3753,218.70993,219.59665,201.82109,187.15775,184.60812,188.85674,189.58223,189.84467,197.45178,206.4494,212.92648,204.96225,193.37898,191.85806,183.02386,181.93698,183.97899,188.32143,189.90875,190.13321,184.45111,184.10751,187.15334,190.78978,193.05394,191.76349,191.29504,188.56981,184.64928,184.96544,188.62363,191.4268,193.69797,193.8982,204.4129,212.4714,210.92201,214.16028,218.84805,209.44856,210.64102,212.08403,211.51996,206.18954,199.72072,195.00145,191.27039,195.56729,197.36969,195.57907,189.83133,195.47047,207.14311,208.97662,208.54526,211.54428,214.19263,216.1062,224.40358,232.86343,226.34792,210.87886,201.72302,202.24783,194.93716,191.10506,192.74513,183.80484,182.39218,183.55045,185.01004,196.47595,211.7349,213.93958,205.6812,200.32,203.0383,209.79532,210.76614,213.55554,213.85123,213.32458,211.56297,210.84491,209.3389,205.63506,203.03424,198.69197,195.70195,192.89871,193.59229,203.88785,195.5191,186.82188,192.45557,203.51541,207.95302,216.95056,214.64961,203.68747,202.48688,205.30612,208.65189,209.09451,209.16307,213.2828,210.47092,216.79384,221.09035,226.27655,226.97525,219.6253,209.9605,213.64972,220.21548,219.82336,215.63199,218.7667,218.40857,215.68817,222.77972,227.08926,222.46771,210.31223,207.53122,207.65231,213.18231,210.43323,204.272,203.62033,209.64116,216.9646,216.6709,205.62964,203.1641,200.45804,196.86783,195.28827,193.50357,189.37036,188.11877,186.91995,182.02475,179.7424,179.82867,177.76703,178.55984,177.10428,172.39365,163.4729,168.13577,169.76724,171.44531,171.6771,178.24457,192.43384,203.44818,210.34143,201.76956,195.93681,193.40219,189.56412,184.70036,184.86603,181.73633,177.60541,175.54347,172.689,185.5214,190.83966,194.72862,205.74257,205.45743,205.8826,210.60019,211.60718,213.54227,214.68747,208.18155,207.33383,205.80438,202.82727,205.40274,223.4295,226.12463,224.03745,220.24246,219.806,218.87961,213.09583,208.4385,206.90424,216.8357,231.81122,229.29236,225.95322,225.51913,227.29453,229.62997,223.9495,219.01598,216.37091,219.61401,222.7205,232.40907,232.67206,224.1239,223.11378,225.2015,221.5195,221.35907,221.44183,214.26306,206.11829,202.6048,207.96759,214.06808,211.84995,212.64532,214.66486,207.84508,204.42404,205.03758,204.56427,205.69629,209.49286,215.67036,215.23059,221.5649,221.07864,216.36252,228.94472,233.60652,222.40018,213.03398,209.59026,205.58147,199.20616,194.44849,189.51651,191.0827,195.4179,190.12816,189.30478,184.38422,185.40457,184.79123,186.81087,198.1731,200.99199,209.03925,216.90912,234.41586,230.22699,211.82321,206.79594,206.94537,197.63823,188.77078,180.488,177.49939,168.92174,168.65848,174.52454,205.03825,215.79532,213.57088,208.09065,205.83513,197.83429,198.31778,204.32349,208.56528,211.45364,209.1416,205.41501,203.54855,213.95752,222.01811,225.88354,228.41403,226.8487,220.38289,213.30676,214.6117,216.0623,220.03058,217.096,220.24586,210.7265,190.3735,196.23291,205.37094,208.99277,217.92789,223.51457,221.30885,221.00981,220.45491,226.15689,225.64548,216.97426,209.67209,218.46661,221.50922,214.57635,209.2209,209.62994,204.63202,204.082,204.28616,210.49481,213.46732,213.65373,209.60622,201.46912,197.95398,198.39798,205.7026,206.72046,202.8919,200.40384,197.95247,206.18071,218.97238,216.9003,214.38934,227.84116,222.49896,210.74355,209.25569,211.34549,211.71115,211.92755,211.82196,216.091,216.9573,211.26663,208.37762,206.98233,203.06686,196.14691,199.95134,200.3742,200.63734,201.94434,207.99863,221.80359,231.70029,221.46829,205.46332,198.14288,199.77429,196.87735,193.84753,191.22092,191.80136,190.01898,191.79333,196.42921,209.38184,218.68158,215.82922,208.12123,200.49515,196.46417,196.60965,199.00525,191.24585,183.82834,183.8281,202.16644,207.36859,206.44437,212.06024,219.98065,223.1091,220.94165,208.92783,201.19138,198.70471,197.11896,197.6813,201.02008,207.91171,212.98392,208.917,205.66571,204.41464,200.2792,192.13266,191.17563,193.58191,203.61374,227.69727,224.5874,209.86096,202.98755,206.35417,210.02238,217.44412,216.1245,218.58228,226.63777,237.6496,230.25983,225.72588,224.91708,221.16266,215.83823,218.30054,221.4825,213.58453,211.72505,217.82843,216.14188,212.4594,203.36932,209.13948,215.9293,213.19684,225.2552,229.71024,221.73607,218.14578,221.12817,218.78511,211.5654,209.10223,211.64133,217.03445,223.76083,223.66809,226.46335,228.37378,223.05579,220.97293,219.53558,220.37048,212.43039,209.45715,211.95798,212.64752,222.4767,230.7899,234.22595,223.95447,216.99057,215.7442,213.40253,213.7785,219.36153,219.77563,217.58524,217.45517,218.62695,225.12405,228.0081,220.20314,227.12762,225.42342,217.93808,217.54611,217.18318,216.00644,213.71704,213.19885,211.42566,213.01138,213.12976,214.4043,204.34201,220.4556,222.72774,209.22937,203.22618,195.10953,195.37192,195.38086,195.15112,191.67583,194.53192,196.20796,208.20358,221.1378,220.45746,226.02756,224.05194,221.51775,224.06766,213.49875,209.8001,216.04805,213.29904,206.34666,213.71466,225.73734,228.22006,229.3597,231.28998,220.20212,211.91646,213.03857,221.73749,226.30136,220.3844,215.90991,217.28738,217.76187,217.95467,212.00266,209.1452,206.94933,205.17136,205.41028,204.51338,195.30252,202.1016,219.27554,226.89769,224.27728,218.06607,213.88803,210.97604,203.48228,200.19519,202.9216,203.01752,199.83058,192.61055,193.48926,195.58504,195.8521,209.06573,215.0411,212.2554,207.67035,204.75444,202.30896,203.78508,204.6608,202.40869,211.28958,226.29523,221.28,211.07892,200.05002,196.11096,196.97366,196.69804,200.71254,201.12906,196.00688,192.39897,188.40149,204.85033,219.2258,218.58417,208.37366,212.085,212.54718,204.98462,203.30667,202.35164,196.27972,192.91219,197.89175,214.53226,222.52983,220.65906,212.48056,203.34616,204.11598,190.39278,180.79726,185.35156,196.89612,192.60504,194.21068,202.14873,213.44376,220.04187,218.07416,214.6445,209.63226,212.2458,211.68044,200.49593,193.92784,193.60883,202.01303,216.36182,224.38228,217.96436,215.33012,222.15799,221.14772,202.12189,198.40808,199.00043,193.28333,187.95193,180.5859,192.33789,196.54366,195.76256,195.79756,200.93307,200.23889,205.19608,201.77313,196.87671,196.54688,201.58765,218.36166,221.0581,219.0772,216.93527,214.37564,220.62402,236.4676,233.17644,215.32843,201.18051,198.84508,195.94098,191.24063,193.09253,193.89575,189.24545,189.81458,181.14833,185.66736,199.33144,209.77612,205.05669,204.0747,205.82642,212.90155,219.57242,222.11362,229.5195,221.56308,215.44678,214.2807,213.99648,204.75623,196.05908,195.30473,194.29988,206.48022,220.26727,224.39561,224.88203,217.39748,215.00592,213.71234,211.33064,209.67072,201.68199,202.86963,205.56818,204.39557,209.51724,214.50977,211.29388,211.1213,212.77861,205.99457,204.68478,198.77925,194.25629,195.77124,194.06584,191.04144,184.98032,180.07477,189.19247,197.4123,198.84595,203.81958,206.66139,202.60199,198.3699,204.46603,208.44305,220.68054,224.39175,217.73079,216.07358,211.2261,219.85004,215.31099,204.14468,203.22922,207.00728,215.56857,215.26904,218.73256,221.36322,218.33713,216.57303,217.28838,217.04727,211.08705,197.89986,190.9011,184.53595,181.35117,193.23465,212.6798,221.94931,213.34842,207.18964,210.66785,208.0272,202.32141,193.2604,192.9449,190.61188,186.37418,199.05917,204.7547,193.44931,183.91766,183.9818,178.94987,171.28268,173.58542,178.46866,194.94482,215.46341,229.13689,225.88704,230.56897,232.05746,222.18604,215.98868,208.35535,209.39487,214.51208,217.44824,221.4719,220.62033,225.39804,226.61945,219.41388,203.81046,196.19023,197.91422,204.04727,201.61435,205.06815,203.4126,200.36589,199.98053,205.50375,211.34183,215.46721,207.50937,202.0625,205.31934,208.64746,220.41089,218.74162,201.46388,187.64099,174.44046,173.94597,172.39737,171.07304,171.76195,169.18411,176.1847,187.13942,191.09952,193.40237,201.57272,207.95824,215.72964,222.44226,219.45676,218.17612,210.72815,206.33434,210.74149,218.16469,211.89027,194.47897,184.09082,180.19537,169.55482,176.09041,199.26382,207.95786,207.67465,212.09232,211.10153,206.23428,204.3251,207.16571,208.56927,195.01155,191.67612,191.993,191.48563,211.25577,217.60223,212.94089,216.29218,218.03745,206.3507,193.91788,190.38187,187.71964,186.34177,183.13002,177.08823,173.8615,176.66537,177.91644,185.99228,192.87488,193.89627,195.34192,191.07693,186.38553,189.65303,192.21463,193.11661,185.89914,191.93129,193.70511,189.32022,186.81271,182.16074,177.22755,172.40018,169.62964,174.72028,173.76897,174.48589,175.04156,172.54568,175.87901,179.04721,175.9225,184.46024,194.76746,191.03732,183.55823,183.08296,183.18172,188.78073,187.0083,186.80966,184.30011,186.91501,185.94308,186.20834,173.4938,152.45895,133.90071,130.65625,138.694,144.67136,150.07573,155.4992,157.50934,160.3394,165.66054,167.88434,169.05374,170.07599,175.16663,173.9304,168.19775,161.53604,158.99765,163.9034,161.7489,159.814,153.40189,153.36922,158.67815,161.10866,173.03992,187.01814,191.9492,191.18716,186.77332,190.69409,193.16309,190.18729,192.72827,195.75977,196.30191,194.30457,191.52078,196.23969,207.02002,220.87537,214.45648,206.70811,209.29861,205.61198,212.94373,224.24788,224.80136,224.58626,217.785,225.38007,231.68997,244.41151,248.61896,245.45624,239.77654,234.97609,232.90439,232.00937,230.90355,230.5693,231.88791,233.39651,236.45425,238.62997,235.22359,231.5723,232.08374,228.19693,226.113,228.6849,225.05272,225.33925,221.91663,220.83974,219.37686,216.50098,214.2804,205.98344,203.9513,200.49048,202.88719,204.82735,196.45529,198.56984,203.9023,204.83246,214.62872,228.00081,230.90764,226.79652,225.12039,227.47668,232.73364,235.78409,226.84738,221.57825,217.06699,218.6972,232.5993,228.04047,220.40146,219.20685,216.96194,215.27429,215.54346,217.83508,215.8416,213.97433,212.77252,206.77078,198.76395,197.52643,199.04262,199.79831,205.6333,208.07849,204.2146,205.47098,215.78928,218.82422,212.85883,208.69968,208.28568,213.7467,218.52534,215.33865,210.39001,207.4017,207.1376,203.01726,197.16714,196.06578,198.78511,195.23758,188.08102,184.49011,188.19702,186.79964,183.60461,187.76964,198.3371,208.92589,209.694,210.14482,200.59819,206.18219,213.1416,219.2673,218.87405,218.02158,212.88885,211.42332,216.0003,221.69527,219.07037,215.56848,218.43683,223.1547,220.06348,220.51299,222.96419,215.26956,216.02283,219.57236,219.3677,217.37271,220.02722,222.77936,213.75845,214.91176,216.62094,225.04706,227.8164,217.65784,206.26697,203.43181,209.33661,206.96196,214.05328,214.89243,214.82889,213.09329,216.68652,222.28023,225.44073,215.7604,207.66978,212.50665,214.2367,210.00406,212.44801,215.05588,214.02525,214.038,207.81522,200.88785,200.90393,202.86826,208.79813,213.81142,213.06525,216.95503,222.14215,214.64261,210.05484,209.04523,214.71196,213.81253,206.58778,203.55844,211.20001,214.46161,215.61192,215.05261,212.41382,209.78021,208.65454,211.991,208.69388,209.85466,212.37747,210.54205,210.55745,213.1677,209.86975,205.77301,202.25766,208.3936,211.24814,217.91751,220.56088,221.08249,209.24078,207.10782,210.2952,219.43683,221.04892,219.5559,220.96524,221.3199,217.55481,213.76408,222.16188,225.92438,227.80518,225.41171,225.256,226.90706,225.61649,223.02454,223.6353,221.27496,219.90195,214.06021,211.57095,208.13449,204.49347,204.5039,204.2963,201.19418,194.24408,188.8064,184.40141,182.78691,183.05481,198.75441,225.0127,223.93631,213.82855,208.67825,207.76663,207.4993,208.20496,209.64886,202.09291,192.77943,194.53754,204.94458,218.24997,217.52823,219.93669,212.47342,197.31635,195.0239,200.96861,196.52605,193.07574,195.68597,196.44328,196.93994,199.53084,200.62773,194.05475,197.25018,201.91428,200.11417,193.54068,195.62354,197.83023,200.56741,211.23233,215.31433,218.36075,223.20966,225.51181,225.81163,216.74127,209.403,203.86523,206.33759,212.09787,209.71164,202.66737,221.58002,221.29803,206.00253,202.73755,211.98138,219.73824,212.28989,204.83356,203.67517,207.04456,209.33817,201.95845,194.82999,191.5805,194.91219,196.05368,191.86954,194.93555,201.26785,196.33725,194.67729,192.48257,189.52113,196.27191,206.83937,218.43344,218.28484,209.06427,209.46744,220.37689,214.80844,194.14764,183.95682,183.88599,184.29938,184.17157,185.91833,186.69499,191.79001,191.7444,193.84311,197.78238,196.35168,197.19183,204.19873,203.32637,203.10628,197.71124,201.56757,218.31583,224.16734,221.71199,210.41032,203.69696,198.3429,197.57233,196.99945,197.24158,194.03844,188.56114,186.68338,184.95163,202.0177,216.02792,204.24089,193.82364,194.99927,203.79425,204.23618,205.03369,203.07603,203.956,202.31331,199.90834,200.17657,199.23758,205.04562,212.07687,207.45801,197.7721,188.2456,182.80354,184.67496,185.41989,187.19073,183.29024,204.40201,214.48413,206.3725,192.79474,197.38377,204.48741,206.55731,208.71912,209.63016,203.91452,196.2091,194.73071,206.50073,207.46902,206.20456,202.65695,206.61194,216.85684,209.59091,201.30737,197.86938,199.63461,200.6506,207.17598,214.05139,211.20947,203.61523,203.89069,207.25706,207.27075,199.65508,196.1781,194.7318,184.32924,185.50702,190.90901,204.52725,210.51096,215.10507,213.81274,207.83778,215.1759,225.72784,228.4157,217.22794,208.8339,206.03824,208.10992,211.12308,209.72014,208.71536,202.47002,202.13483,202.51814,199.39189,200.65295,201.54492,200.8979,205.09773,207.3934,206.51205,212.85254,226.5028,221.5984,211.36636,202.6549,198.15698,202.13904,207.26996,209.57321,210.89099,203.43974,201.7783,200.15565,208.75601,209.7756,203.88016,199.9931,207.93979,203.32907,203.22328,201.69724,194.95874,195.95172,197.05264,196.28326,190.79836,196.66629,198.96199,199.82112,202.43982,213.94873,215.68007,208.14227,202.72957,197.6898,193.85544,197.49255,198.22107,206.87952,210.24228,205.92459,205.43195,210.41592,203.56018,192.28595,186.62079,185.18756,197.91507,203.35251,192.25906,194.77951,198.08228,195.3526,195.73921,208.5279,222.24567,213.86671,211.50757,209.85765,207.34875,215.44644,218.67506,213.54929,214.30927,214.12752,209.3846,214.23895,216.95926,208.70703,204.98914,210.27432,215.6012,230.03047,231.07599,226.95778,229.32532,225.94235,217.35321,222.42128,214.91002,207.28336,206.0405,205.85208,210.30913,205.30797,191.96976,189.84924,194.57352,195.96149,193.80011,197.15741,204.02649,203.85599,202.5849,206.11542,212.16006,218.34015,226.94975,229.56958,221.87704,211.76659,207.20393,214.91266,207.8252,201.13928,197.52296,198.56836,204.59396,211.82085,219.06567,220.63861,222.50232,222.59055,223.96106,224.676,225.00858,219.37105,218.16833,221.06906,219.83469,215.30095,220.04114,216.22237,217.10443,213.64236,211.9206,213.62354,210.83142,212.3486,208.96657,203.32227,195.69185,192.28625,192.88821,191.29614,187.84534,182.60995,181.99945,181.06522,180.98492,177.01715,173.45627,171.37283,172.21222,174.11566,185.95937,194.57227,196.37534,207.18488,204.3146,200.63931,198.80081,193.62901,193.65457,199.26144,200.0578,198.26166,204.02357,203.63983,206.36838,208.26381,207.52466,202.52081,195.90768,189.96487,183.85126,181.17413,183.72864,194.45885,205.75125,212.7312,212.78079,204.26585,212.21127,215.1687,215.05118,222.7851,228.03511,228.2456,231.29138,232.11108,232.64203,231.37308,227.8493,217.16449,215.40208,215.06464,214.27011,211.32455,209.56963,207.60542,207.61215,211.42966,216.07892,223.21619,229.60374,223.61508,214.95242,213.9455,214.77838,215.61826,216.80325,213.11478,210.8561,213.66504,223.67203,229.10876,225.27933,220.4173,205.94936,195.55116,200.40475,206.77353,217.07962,215.95619,207.97726,211.48749,216.40112,216.069,208.02481,204.81181,207.39026,203.87115,202.67831,198.22269,199.23694,198.75156,196.06927,201.73946,198.8475,197.35095,197.08545,192.9072,186.65381,187.57028,193.55457,206.0174,221.74121,224.90125,218.31392,220.95877,227.60909,238.54346,242.10179,229.98863,213.68741,211.37424,208.15196,204.13495,197.00708,201.20422,193.05054,199.94592,217.47351,217.31082,215.73357,216.7102,214.42981,208.27484,206.11946,207.07846,208.17078,209.7656,217.8153,226.16382,229.2082,222.8493,227.59286,226.7544,220.68036,213.02637,205.004,202.4806,203.72134,201.28568,195.68008,196.36885,192.39252,189.86623,199.22751,199.36679,195.91187,199.92578,204.42664,207.25656,202.15884,197.04843,203.90082,218.79764,228.02676,222.62863,209.70396,197.27072,197.7463,203.05957,202.19106,194.63885,177.93257,173.2945,178.33235,189.57372,200.55795,189.46426,193.86505,207.5853,204.19794,201.96242,204.32675,212.8982,212.38864,212.08034,213.77762,209.0441,210.13959,213.62392,214.75992,209.12486,195.68272,186.0516,188.43274,196.3711,186.91498,176.3179,167.83084,161.33649,164.35803,173.14581,176.92001,170.61499,174.43805,178.50847,188.29022,189.2341,183.81044,186.5549,185.72775,187.55615,189.13205,186.33392,193.87595,202.87192,198.71774,189.99657,192.16498,194.95361,198.07172,204.51825,206.62497,204.9588,199.99193,194.72649,185.13873,184.29707,180.50652,183.01456,198.47206,219.94522,227.17273,222.43967,231.46411,237.28748,230.578,233.61533,240.13013,248.78809,244.5823,235.32797,230.48613,228.88216,235.39844,235.2677,234.98886,238.61871,234.02348,235.24527,236.7927,232.8776,229.58673,224.34225,216.35573,215.93344,213.61435,211.95851,217.26573,217.5704,214.2657,215.40302,213.75018,208.68585,205.3475,202.79837,204.48192,203.99858,198.72633,193.67981,192.38914,189.73082,191.6742,192.39551,185.32166,187.63675,191.16019,187.44014,189.38255,187.22795,182.59418,183.79312,180.3587,179.17682,181.66159,174.33609,169.96031,168.82164,168.90366,167.542,162.6416,158.5549,157.24808,154.94247,153.59433,153.70773,154.0072,152.74176,154.89691,157.81955,155.70918,149.87454,148.73656,149.9475,152.28064,153.77426,149.89528,148.31213,147.60039,152.6817,150.34044,142.60947,136.84613,138.79166,141.25885,143.85931,145.93175,141.88414,139.32027,139.20221,138.49954,132.35115,131.80862,132.53522,128.76892,132.38936,133.97067,132.04984,128.78456,129.0849,131.7003,128.67168,126.08194,124.5022,121.31959,116.97623,118.10217,118.33968,112.25151,116.36547,120.11952,118.30507,116.92041,114.68039,109.2222,106.51642,107.364876,106.31444,105.97656,105.232254,114.76662,133.09555,134.2066,128.50302,159.07947,180.1131,178.45915,169.53976,165.55896,161.56244,162.06378,151.53847,148.20946,153.79697,151.58856,137.69106,123.80969,127.08104,137.79782,132.57275,122.06837,123.097565,128.71452,126.44708,122.05057,126.787964,118.15596,123.49089,157.72725,176.02783,177.09631,177.38428,174.04854,177.6496,177.33574,174.63708,176.8959,176.13934,179.49667,181.25565,181.90839,178.86606,175.63904,174.63622,169.62823,171.12796,179.15616,180.86891,176.97887,171.77872,171.18549,166.89226,166.63884,168.59334,169.24327,172.15332,177.9125,178.94875,166.43935,169.23314,172.00446,174.49512,170.79599,156.36514,142.65186,124.52682,115.969635,112.090515,117.81554,163.53604,185.85217,181.99484,179.47655,184.5819,181.42137,180.7175,182.80688,184.91995,180.6815,177.32864,183.12357,185.22194,184.71384,193.35016,195.80316,190.8247,180.71158,181.83072,184.31735,181.3747,177.64243,180.3135,182.67598,181.55917,186.1817,183.8844,182.55087,178.56276,180.4902,178.84201,190.9029,192.62842,175.80386,176.81787,176.9273,173.57687,175.94821,175.23315,175.09201,172.005,173.33154,170.59836,168.0661,171.72336,174.66425,168.43227,173.61316,176.12956,176.70306,181.25922,175.44727,167.05515,165.04242,165.1471,164.31955,161.1659,161.32915,158.02142,164.47604,169.78934,163.61896,162.0097,164.9306,168.12822,173.771,161.52647,157.30081,156.01143,158.32184,157.82693,152.13745,152.41751,152.70193,154.38632,156.5669,153.7151,154.18753,149.54782,147.77063,142.48619,143.50104,145.45157,147.51482,149.05927,152.95735,150.51657,148.65549,148.28772,147.74796,144.8587,144.26778,142.81885,142.79956,139.74883,139.73752,135.19519,129.03134,130.43562,140.02234,147.72316,141.3176,142.69092,137.14073,133.31271,130.65546,123.54876,119.07526,118.00837,117.80359,131.71593,135.27081,123.20999,115.48982,119.30374,114.179886,103.8796,95.98452,91.76191,89.084236,83.65529,76.515,74.92407,71.93759,68.24312,61.411335,63.725838,64.606636,59.460175,53.984825,48.362015,57.328453,58.844193,56.71122,56.722095,49.25161,51.32888,52.232635,46.692135,41.635475,49.11486,46.593758,43.660423,43.74885,45.37552,32.840775,19.007439,14.973793,15.346132,13.723743,15.465067,16.088554,15.289495,14.398629,12.608125,13.853377,15.933712,16.856943,17.09285,16.328842,14.606297,13.841484,14.443012,12.981674,13.933997,13.687538,12.305658,12.334712,12.973618,13.7153225,12.714104,12.949223,14.060055,14.385736,14.2363,12.037741,11.805744,13.459415,13.222678,11.177759,9.888558,8.853679,6.9357843,4.8077245,7.577798,8.356962,7.35037,11.220577,11.407256,11.392501,11.067371,11.553358,11.476825,14.279586,11.852804,12.157745,12.3899765,12.131544,13.410287,10.792272,10.87641,11.190908,11.668282,10.598485,8.996433,7.645437,7.6680226,8.246328,9.633566,11.132212,13.212093,11.476986,9.93156,9.003608,11.509064,12.0753145,11.066662,10.674721,10.511187,9.429898,9.110857,7.162054,7.8468304,7.4854746,7.3408685,5.92064,5.539692,6.490325,7.013706,6.2371078,5.6482162,5.775295,5.8337526,5.6297207,6.5498896,6.312638,6.0772343,5.8697386,5.7116604,5.0282507,6.04728,5.5809145,6.542201,6.6179705,7.216048,5.2818174,4.9102087,4.6855984,5.9347296,5.5615945,5.5189066,4.753228,4.8588023,4.48924,5.0962934,4.571617,3.914973,4.169409,4.2057276,4.5679464,4.063671,4.307873,3.4062586,3.0581112,2.9472582,2.5869277,2.6824214,2.588061,2.4972637,2.471409,2.4559503,2.4838583,2.5683916,2.4577324,2.3510876,2.3236225,2.3361404,2.2475069,2.2944543,2.1592069,2.123398,2.1101933,2.0390515,2.0492299,1.8754086,1.9851582,1.8696145,1.8102127,1.783769,1.6325914,1.706599,1.5036294,1.5501515,1.4500232,1.2938675,1.3855835,1.0866153,1.0525197,0.8013551,0.77727425,0.6474556,0.24410842,0.10284413,0.0,0.0,0.0,0.0,0.0,0.0,0.0,0.0,0.0,0.0,0.0,0.0,0.0,0.0,0.0,0.0,0.0,0.0,0.0,0.0,0.0,0.0,0.0,0.0,0.0,0.0,0.0,0.0,0.0,0.0,0.0,0.0,0.0,0.0,0.0,0.0,0.0024469441,0.0,0.0,0.0,0.0,0.0,0.0,0.0,0.0,0.0,0.0,0.0,0.0,0.0,0.0,0.0,0.0,0.0,0.0,0.0,0.0,0.0,0.0,0.0,0.0,0.0,0.0,0.0,0.0,0.0,0.0,0.0,0.0,0.0,0.0,0.0,0.0,0.0,0.0,0.0,0.0,0.0,0.0,0.0
0.0,0.0,0.0,0.0,0.0,4.146071,6.542015,8.822796,10.343358,8.977149,10.863064,10.591654,10.735252,11.45106,9.857617,10.1050625,9.386349,9.755196,8.861296,9.871267,9.969748,9.390745,11.067003,11.748323,11.91468,10.470488,6.9808,6.600399,8.448336,10.0306425,11.026224,10.744577,9.387375,9.973652,12.859877,11.56612,24.034843,34.566547,33.708237,32.179005,31.315826,19.610367,18.185913,15.840521,4.69314,-20.331598,-32.087044,-38.90205,-30.661455,-29.475407,-34.451557,-38.784554,-32.293633,-22.379482,-28.446495,-31.711231,-23.077066,-26.142002,-12.406147,-9.827711,-15.05465,-12.756439,-13.009613,-14.951151,-24.283247,-17.543655,-10.076973,-17.316566,-12.938543,-17.416338,-20.735743,-21.260866,-12.330994,-16.985172,-13.108847,-4.8850403,-9.325819,-1.9233961,-2.0297709,3.1671112,0.5100065,-5.888211,1.5821888,-0.22107583,3.6308904,9.532778,4.122253,7.774728,6.191878,3.879621,12.987429,18.247774,20.34125,23.306805,23.604742,23.548061,26.754906,20.47422,17.898746,26.16093,19.167755,11.8026085,13.45036,12.261895,8.066505,13.164712,18.499977,16.343239,16.810673,19.674644,16.988577,14.948646,22.181215,30.183336,29.322193,29.91329,28.936043,27.989841,26.111357,22.575397,24.885303,23.762024,20.745977,16.206713,-4.7387094,3.8228045,21.555172,21.254463,23.679111,18.492126,15.746455,17.626606,17.236671,14.397234,11.272867,1.0703602,12.874191,22.016796,23.926748,20.963692,23.558426,32.878563,26.675032,25.71876,30.22746,29.88459,11.723845,8.303715,20.25888,9.414175,-4.7657723,-14.233845,-27.089134,-30.684444,-22.96896,-26.04691,-34.372814,-40.612762,-43.26236,-31.208797,-24.572542,-27.826519,-17.785698,-19.091389,-18.359936,-12.361302,-23.917446,-31.223196,-23.991161,-29.106564,-31.453773,-22.992546,-23.659887,-31.03061,-18.62426,-18.233202,-35.590157,-26.861038,-14.133417,-16.055151,-15.29362,-11.608381,-11.565259,-19.717592,-8.678416,-7.2547407,-11.772078,-2.1440768,8.524351,3.7599387,5.510747,17.54998,16.567316,14.752003,26.275051,19.423828,7.450634,16.193886,25.717083,30.0798,39.48928,43.40889,52.00759,54.156036,56.361366,61.849792,61.190758,60.8965,68.20596,70.009964,70.03791,72.54914,74.69467,65.20251,67.663895,67.715416,63.10711,58.818398,55.980064,56.665638,54.210434,46.351166,44.275818,40.633316,42.45032,33.45643,31.480549,33.780922,23.220345,28.294804,35.6529,24.523022,20.98814,25.777872,22.607765,22.344893,24.405056,27.242039,30.782679,27.727064,26.953888,29.485916,29.322025,41.163998,48.838375,47.381668,42.665565,38.405327,31.873161,24.807491,8.133362,-8.2098255,-32.74627,-51.2035,-52.48742,-40.70115,-30.822437,-30.284653,-28.897758,-20.950912,-13.0704365,-6.033761,-0.6811376,6.0829706,3.5101056,8.850592,17.483303,15.368104,16.212048,9.591959,10.911432,8.575113,7.0902343,2.8815703,3.8998013,7.2647667,1.7758062,-0.05063045,-3.2209666,6.1611137,16.810905,15.026623,14.484087,13.478094,17.801704,23.084637,12.804594,12.214621,17.075,10.080531,11.419739,15.287322,4.155173,2.9770133,2.6273513,0.7117235,6.468793,6.175315,7.911725,8.405756,7.554449,12.271809,11.615868,5.4585643,5.159885,3.8389144,0.45681903,4.491311,1.5037124,0.1884565,7.4887466,-0.04450377,-0.13594687,14.568871,7.4326,0.9637097,5.769958,3.6207619,3.037589,10.861954,5.5731945,-1.150985,3.9676845,4.710349,-3.3721688,7.9284773,10.264612,-3.8393333,-5.706787,0.4638515,-8.770018,-12.273061,-4.6902313,-12.985254,-11.572678,-3.905962,-12.913,-15.37484,-9.14213,-20.291775,-24.508081,-16.899437,-30.146584,-42.051674,-32.300827,-35.322628,-43.29213,-45.83808,-38.10076,-45.56704,-45.08244,-40.59802,-46.491623,-46.479115,-49.533264,-60.217834,-58.219536,-53.492023,-60.132637,-69.14385,-58.236214,-60.058533,-69.03223,-69.00311,-69.57546,-69.21698,-75.00582,-81.15457,-79.5957,-81.065506,-91.64302,-90.292046,-89.68118,-90.05028,-86.35154,-75.30557,-47.07048,-20.076118,-12.746316,-0.6160962,2.2047813,5.6542583,13.623945,11.904472,0.47336486,-18.848242,-4.8680596,13.272137,14.648071,5.9711814,11.895648,21.027225,21.657978,17.679272,16.776665,13.9817705,22.354412,25.042719,25.92903,23.781746,21.022608,21.3675,25.715797,28.458054,27.972862,22.477398,25.004883,29.614805,35.197536,30.3265,30.980633,30.915543,30.996517,29.772705,21.777966,25.42429,33.963215,36.10508,37.56946,32.277325,23.191406,30.292116,36.7629,39.975296,37.459866,31.69091,22.020634,-13.886049,-16.868553,0.3595489,24.436508,36.00785,38.106934,33.987007,33.606438,38.642372,36.223732,33.736668,28.232933,30.298447,37.88521,35.550953,36.122047,29.35704,19.111156,30.581463,35.507442,38.631416,39.31515,36.80547,32.01174,34.976723,41.81263,39.756237,38.200462,32.734535,29.133347,29.377708,32.19718,33.26187,35.561325,0.32092673,-43.796013,-57.1538,-52.308502,-43.17022,-44.23945,-46.314487,-41.24197,-37.86635,-42.11632,-51.849182,-43.974174,-39.118477,-27.793392,-18.42073,-15.0898,-12.3053665,-10.828649,-12.919275,-8.858175,-5.383827,-1.9880741,0.22770941,2.5894554,3.6994355,-2.7425885,-25.63407,-37.316338,-40.23516,-43.232788,-48.05983,-44.830544,-39.821075,-20.990973,-12.508207,-10.19438,-7.8162384,-15.392754,-24.177404,-28.912188,-33.197533,-48.83509,-69.849884,-72.15018,-61.581757,-58.912636,-58.74436,-51.57817,-50.27875,-45.375435,-40.1575,-36.462288,-33.03762,-31.595432,-31.143723,-24.088234,-17.254826,-20.088037,-23.189903,-20.530361,-11.394915,-6.8835325,-4.981117,-0.16777873,7.8843045,9.637581,-10.059402,-51.838287,-67.046875,-58.300316,-49.449356,-50.224167,-41.4239,-33.39216,-34.56388,-29.346302,-29.469902,-25.218172,-37.86299,-55.507324,-64.3819,-74.03181,-74.35328,-63.452892,-61.773064,-57.262367,-49.03016,-41.74373,-38.216187,-38.268574,-30.885387,-29.921677,-37.190662,-41.974003,-42.61602,-37.479805,-24.623993,-15.182236,-13.974091,-10.505178,-8.413834,-9.877588,-7.6112223,-19.05823,-52.3795,-81.202866,-85.81264,-82.19348,-78.30337,-73.6677,-68.590546,-61.622322,-60.451042,-54.15863,-53.18092,-43.68348,-43.278,-37.570763,-39.35537,-36.898903,-27.468721,-23.576538,-23.185005,-20.369942,-15.220844,-10.766316,-5.9991913,-12.891753,-42.349827,-63.75482,-78.03467,-74.222725,-65.478294,-60.211136,-58.31761,-60.352135,-57.569046,-47.484955,-47.524883,-46.45085,-48.82586,-47.12494,-49.5763,-64.97154,-68.45372,-63.596478,-64.3322,-55.345184,-52.321793,-56.695427,-53.995705,-53.70508,-48.91181,-49.56124,-41.988396,-39.195267,-33.501938,-27.57332,-27.671055,-27.086077,-25.4124,-20.95435,-16.076532,-17.405125,-12.328707,-7.1616144,-4.158164,-17.762636,-32.10238,-43.746925,-49.67274,-58.68618,-59.439255,-55.131386,-52.48536,-47.84609,-49.037346,-43.752563,-41.709625,-51.723206,-69.5215,-77.645325,-76.04446,-66.90962,-65.94043,-62.188255,-62.420296,-63.316093,-66.09778,-62.942238,-53.840004,-46.784927,-42.63491,-42.55973,-39.996883,-36.44567,-31.20871,-22.178244,-21.169415,-13.387507,-3.0437226,6.4537086,9.722261,-9.174253,-57.11988,-88.78742,-91.30754,-78.80524,-73.811874,-69.28601,-62.8981,-61.830532,-56.5169,-51.32959,-49.012726,-48.464058,-44.27734,-41.45633,-39.906837,-34.69168,-34.059296,-30.815239,-28.058645,-26.816214,-24.258957,-24.11589,-15.790289,-14.481316,-22.78049,-52.408844,-71.42566,-72.64873,-67.135025,-68.67913,-63.642982,-53.73002,-48.424744,-42.368683,-43.95764,-40.67556,-35.95407,-30.615837,-24.608097,-39.939713,-63.858665,-73.45538,-71.08693,-69.18588,-66.15451,-59.80934,-54.183945,-48.97995,-46.84008,-49.410774,-42.67444,-36.655205,-26.953045,-19.975063,-16.588718,-13.116723,-11.849735,-8.60608,-4.284571,0.13323712,7.9897842,11.086522,13.46533,7.489036,-20.806892,-52.36341,-65.03946,-64.60423,-63.007862,-53.223175,-51.35824,-48.415794,-38.59298,-31.148655,-28.813969,-27.949112,-47.20243,-77.21824,-82.9236,-75.03038,-73.16594,-71.190094,-65.821625,-58.227455,-50.133255,-43.48249,-45.955086,-45.85916,-42.347572,-38.3989,-33.62872,-36.814423,-41.025932,-32.71128,-28.381157,-22.783962,-20.728838,-19.153801,-15.598527,-17.254269,-22.886408,-36.56871,-62.06267,-75.96068,-82.304016,-75.52617,-63.118206,-60.617027,-62.212097,-61.307526,-58.167774,-54.947853,-47.75037,-44.947144,-40.801533,-39.97934,-36.636147,-30.173672,-22.720142,-24.186298,-23.90908,-22.434738,-12.686258,-14.712515,-7.0542603,-3.3494911,0.32971346,4.6764154,4.0754404,1.8904514,6.037158,5.9590154,14.118631,17.14935,19.75467,22.500748,28.369553,33.02514,34.34762,39.781136,39.31373,40.748123,41.759808,46.72126,45.49823,44.3272,42.79798,39.96538,42.33072,41.68402,39.799603,31.399532,25.584217,33.6979,30.005558,32.565403,34.07603,23.743736,0.6542213,-9.948394,-29.15315,-39.622482,-47.593163,-52.356632,-48.372856,-44.989372,-45.607162,-44.84884,-40.512478,-30.904076,-19.803265,-15.254604,-18.423975,-17.615967,-24.742413,-27.345074,-21.002632,-14.138786,-6.7799273,5.269512,8.315152,6.469793,12.339003,5.4949408,2.6001472,-16.035397,-30.761007,-49.56901,-61.036575,-74.8161,-82.6999,-88.00792,-85.553635,-75.61254,-73.50935,-92.114746,-101.8038,-104.8672,-95.70781,-92.40173,-89.80963,-86.55301,-83.32757,-70.23186,-37.273373,-4.1626387,0.69305813,-13.959034,-24.37202,-27.33413,-15.9004345,-34.091507,-58.13432,-58.720634,-61.66271,-69.697464,-68.00238,-72.70135,-71.148735,-74.62692,-80.70813,-74.39301,-73.407776,-70.627625,-66.0702,-69.36464,-69.932396,-68.796326,-63.6461,-58.794197,-52.65676,-50.035652,-42.795864,-29.58202,-24.904613,-25.85759,-22.410263,-19.99952,-22.610092,-16.921103,-16.861393,-23.148928,-14.115632,-7.385107,-10.537815,-13.489185,-11.409729,-9.171519,-11.020241,-8.961425,-2.1077523,0.282285,4.0142097,4.055535,9.055177,9.632959,9.41016,18.853432,22.118418,24.914413,24.320366,22.910517,28.941936,25.391634,19.718485,16.766495,14.926631,6.343764,-41.901142,-62.961704,-68.3981,-69.46283,-70.82819,-76.16702,-88.51094,-94.20566,-90.8887,-83.22975,-58.170593,-28.82648,-11.991943,-12.829159,-4.3995786,6.5420403,9.740406,-0.86743784,-36.03122,-49.398205,-47.776676,-40.325035,-35.73211,-39.354637,-39.433853,-42.441338,-48.8898,-50.211964,-37.722137,-53.422234,-72.64475,-88.19896,-90.81697,-91.18352,-88.18156,-94.13109,-97.98139,-91.48137,-81.57497,-78.45361,-72.63896,-66.15135,-45.14762,-22.258547,-17.047705,-18.161016,-18.939869,-11.847212,-9.351017,-15.099498,-32.041035,-45.919514,-48.680454,-54.693855,-59.981354,-72.15323,-74.319916,-78.184845,-72.754555,-71.57663,-73.29329,-74.02614,-72.93668,-73.605896,-69.443634,-66.69916,-63.496452,-63.032875,-61.947712,-56.36416,-50.779003,-47.857697,-48.41671,-44.966892,-40.681023,-39.273174,-37.64337,-31.04053,-30.330818,-33.19064,-22.745426,-13.352291,-8.478485,-11.382107,-14.546074,-14.928814,-12.396168,-8.720769,-7.8644104,-5.5445185,-11.007797,-8.983498,-6.15057,-1.8955383,-1.1492562,-11.315086,-32.738987,-36.324448,-16.969372,0.8996151,-8.199456,-33.338478,-35.387375,-23.354376,-7.6069202,0.28680184,-6.106821,-23.21321,-36.438908,-38.596565,-35.58013,-26.134441,-16.720604,-10.634127,-23.943113,-39.685005,-47.174164,-51.216164,-58.046272,-65.921486,-70.515884,-68.89824,-69.31485,-55.340782,-26.068798,-12.930018,-16.648441,-21.633875,-15.640775,-20.557034,-18.598469,-10.739668,-14.550216,-32.915947,-48.275036,-38.74821,-25.612913,-19.635921,-28.399212,-41.3888,-45.840897,-46.250275,-44.699867,-41.91051,-44.596153,-43.05647,-32.21758,-33.583412,-30.40449,-29.151484,-23.765533,-20.94748,-24.494717,-23.610989,-26.131504,-29.213875,-32.540123,-40.766525,-46.83867,-48.16525,-41.985977,-39.086517,-47.21946,-53.14582,-65.16125,-68.76071,-71.40195,-71.00048,-67.81972,-70.38788,-71.01948,-69.60347,-68.822876,-70.55211,-70.614586,-70.70955,-70.87016,-70.09738,-71.50978,-68.038864,-67.02724,-66.25735,-52.672028,-31.558802,-25.239584,-36.989155,-54.517334,-50.415497,-51.679623,-66.44646,-73.76555,-76.736404,-75.79179,-75.58649,-78.11199,-76.34645,-74.7318,-70.80175,-81.77863,-89.43673,-87.96239,-88.227356,-85.10319,-84.57174,-83.8277,-82.07579,-87.35974,-83.59201,-81.542915,-84.741165,-81.79559,-75.97745,-75.18304,-76.07091,-75.803055,-71.08156,-66.69376,-69.00833,-75.022064,-76.8358,-75.12785,-76.531296,-81.10211,-76.33167,-80.016525,-83.478485,-83.545456,-79.304535,-78.40017,-81.346146,-77.81003,-76.978836,-79.41235,-75.59158,-76.88399,-78.533676,-85.665985,-96.41283,-91.50131,-85.505356,-82.014496,-82.9892,-84.374245,-85.731094,-85.33835,-83.71358,-80.29184,-80.60902,-77.70419,-78.785645,-82.37973,-81.03526,-82.60281,-82.5795,-88.43254,-87.938,-89.40317,-87.58441,-80.97886,-83.57432,-83.46559,-85.321945,-88.667114,-85.35007,-81.61587,-79.43858,-77.60846,-76.739395,-70.6212,-66.54044,-65.49185,-61.42328,-58.206345,-52.67636,-43.02265,-43.20642,-39.879925,-30.76044,-28.720806,-30.695318,-31.098999,-30.136189,-28.17847,-25.326584,-32.31436,-52.55977,-71.39468,-75.57016,-70.8297,-65.62066,-65.305664,-59.122467,-56.48085,-54.53203,-49.963463,-39.640526,-39.832497,-42.820602,-39.63096,-45.977478,-60.015976,-62.069412,-62.27243,-60.8212,-57.499714,-51.463387,-47.78218,-45.4797,-41.196243,-28.456818,-26.478909,-43.812622,-52.178673,-54.13758,-50.466805,-53.136467,-58.052765,-59.642654,-61.028534,-69.42001,-76.0247,-82.34358,-86.57152,-90.96698,-89.24771,-85.134476,-86.125656,-85.89462,-79.17028,-74.70637,-75.59956,-76.506226,-82.12425,-74.55434,-56.975086,-54.08442,-56.632454,-66.47454,-79.06074,-90.80223,-89.144226,-88.0966,-76.38197,-81.79228,-85.48136,-80.961494,-87.86635,-85.92641,-71.59366,-53.291504,-40.60359,-37.0542,-37.539627,-31.895718,-23.08616,-19.344002,-19.570961,-28.491041,-41.945004,-45.031063,-50.85437,-61.33139,-66.91801,-70.83645,-74.9684,-77.68701,-75.971436,-74.45523,-80.5959,-79.60594,-77.32907,-77.82953,-77.5693,-77.67973,-75.29066,-74.43387,-76.64987,-79.74049,-82.5645,-77.365616,-76.92699,-70.646904,-67.9295,-74.453415,-68.06181,-63.704624,-66.24153,-78.51982,-85.980774,-87.492966,-88.22948,-87.07536,-85.31678,-89.611595,-95.3157,-89.69341,-80.71074,-79.64017,-77.1848,-78.7632,-78.480034,-69.50398,-51.038147,-54.913094,-55.531548,-48.186005,-46.97905,-47.56887,-43.121223,-39.970234,-37.083954,-39.038837,-49.140694,-53.68512,-64.937744,-79.258255,-76.91472,-80.309685,-82.938324,-83.014145,-90.04464,-103.21487,-100.38081,-93.2021,-94.896324,-91.142136,-88.701965,-93.33917,-88.84105,-88.38335,-88.712616,-82.28799,-81.63514,-85.29277,-87.25766,-88.12361,-96.98651,-92.27639,-88.443344,-93.26143,-99.99335,-96.882965,-95.020355,-92.52017,-91.408325,-89.38463,-84.13621,-84.141846,-79.348145,-70.840065,-69.93392,-73.78342,-78.43048,-76.21423,-72.08345,-73.51503,-70.22802,-73.67148,-72.88394,-59.713493,-53.29138,-49.892853,-48.500732,-59.14226,-58.685715,-46.805847,-39.986004,-39.973854,-38.728756,-43.913128,-45.266388,-42.639477,-37.784683,-41.230736,-43.971504,-41.601685,-35.898697,-18.702187,-17.83482,-17.429508,-16.824554,-20.207697,-9.819118,-7.8801436,-12.850393,-16.2485,-42.599777,-59.405807,-59.337364,-61.25644,-62.303417,-61.656273,-63.57881,-57.459297,-47.177017,-43.556267,-38.348442,-30.712639,-31.419827,-31.597504,-31.517868,-46.435524,-55.065887,-52.26794,-46.17261,-43.71219,-35.631485,-27.90569,-22.453829,-19.950304,-16.48795,-18.98074,-19.846502,-23.464863,-27.718266,-14.235889,-15.895643,-26.340258,-37.526478,-45.93386,-46.807228,-42.33496,-36.8803,-27.52929,-19.516235,-26.959175,-37.88056,-37.66862,-33.195538,-23.740849,-17.852596,-13.637926,-11.082458,-7.912513,-3.7073414,-3.3534465,-3.4677916,-13.313765,-41.39226,-45.81737,-35.085457,-30.840147,-32.07171,-41.123314,-46.6809,-48.656525,-47.967773,-49.518482,-53.71354,-53.34338,-55.60166,-55.553024,-60.661934,-66.40904,-66.15516,-61.587082,-55.760445,-47.46972,-30.317146,-5.0726557,2.597023,-27.324492,-45.136814,-49.190826,-48.47991,-32.90339,-30.391088,-48.316193,-59.720253,-55.55452,-44.16613,-36.48375,-37.31006,-34.03504,-25.836327,-22.830757,-20.930817,-19.959282,-19.864573,-22.047676,-19.43942,-14.836057,-18.87222,-23.623325,-23.354858,-22.164263,-17.917072,-28.64705,-47.96772,-48.945343,-40.148323,-31.134312,-28.699694,-29.787909,-25.686817,-25.557472,-24.434673,-28.525848,-27.985043,-26.56119,-31.30579,-38.839798,-38.349243,-40.451344,-35.650387,-25.583382,-24.006618,-27.360394,-23.661648,-24.085106,-27.017672,-27.721363,-30.553776,-30.108814,-24.080435,-24.08205,-25.789215,-28.21098,-27.363228,-26.949924,-25.934254,-24.271069,-26.094727,-26.919456,-35.855392,-42.45782,-40.6893,-32.940155,-27.220154,-30.021927,-32.213997,-34.974724,-35.927246,-35.479763,-39.637524,-41.850883,-44.58528,-59.934242,-66.50737,-61.561897,-59.166313,-55.09902,-54.809097,-54.003525,-58.409042,-59.099373,-57.6213,-58.24318,-55.561726,-55.039455,-56.713745,-53.27104,-56.330757,-57.814476,-53.94526,-54.520157,-54.237602,-51.56003,-54.073277,-57.993183,-57.163475,-61.830036,-63.454052,-62.95787,-55.903915,-52.42434,-52.05458,-50.855247,-46.101627,-47.0179,-41.60878,-36.53489,-31.032326,-25.81474,-20.902964,-16.73942,-11.402886,-6.093104,-3.0930557,-0.6822966,6.5232096,1.773643,2.3552208,7.0194664,2.9714653,-31.909235,-57.399445,-61.346203,-58.17936,-49.662987,-44.475502,-34.204437,-27.668543,-28.17123,-26.301723,-24.160389,-22.989819,-21.129581,-14.37553,-23.72491,-43.18698,-56.43445,-53.79125,-41.938534,-30.051334,-18.033335,-10.436161,-11.057177,-9.452723,-8.073965,-4.863345,-10.226124,-6.181968,-4.6426992,-9.07047,-7.57723,-8.175362,-6.3923917,-11.899702,-12.092885,-14.111134,-24.908346,-28.99813,-18.116539,-3.2049527,-5.0953803,-1.5598031,3.8010316,5.8994474,6.8436785,8.938283,5.355575,13.311012,17.865528,10.661175,-36.626427,-54.086464,-53.62492,-53.95589,-44.532333,-38.732,-44.97778,-50.459366,-46.813477,-45.1453,-37.779243,-36.31988,-46.870045,-59.073425,-68.850845,-62.52958,-61.756565,-55.744087,-46.784103,-39.51112,-17.887953,7.9218187,25.188679,25.059765,-1.8337197,-25.397514,-39.91628,-37.342865,-34.458366,-29.931442,-37.479774,-45.866608,-55.185276,-60.159492,-62.616325,-63.0488,-64.36683,-61.171883,-57.88829,-53.27842,-52.331436,-48.193123,-39.622055,-28.985317,-12.978685,-3.849172,2.9752247,7.027796,-2.4307847,-23.812996,-43.949013,-58.661194,-60.00557,-56.80612,-54.540085,-50.239788,-46.021034,-43.407013,-41.112373,-35.398132,-31.604942,-25.127102,-23.002903,-26.914267,-41.042847,-46.87374,-42.7033,-35.881554,-36.28865,-31.818153,-27.370003,-26.474545,-23.70982,-13.964396,-16.460903,-26.512398,-21.349913,-12.648825,-10.74576,-30.240923,-42.42942,-52.47928,-57.91428,-69.82454,-81.64625,-82.227615,-74.21485,-49.050194,-35.73413,-50.878494,-51.994034,-42.61615,-34.802246,-25.57029,-19.842514,-21.507076,-20.019821,-22.447985,-21.567083,-52.514816,-63.45765,-66.44604,-67.29195,-60.149464,-49.997345,-54.66751,-67.8054,-77.31627,-78.2458,-70.011986,-71.77141,-82.10326,-80.879196,-75.2655,-69.53094,-62.654236,-44.71278,-24.298157,-8.529621,-5.413788,0.1871819,4.1813436,-1.5348516,-20.96181,-24.602917,-31.050812,-48.291756,-55.429535,-55.567978,-54.518547,-52.541855,-67.34029,-78.732956,-67.815704,-64.70006,-66.52406,-68.87251,-70.70918,-61.06754,-53.120556,-52.71011,-57.089775,-54.119167,-52.966362,-50.70774,-44.90701,-38.567337,-35.734703,-36.723114,-40.198326,-58.63624,-69.87453,-62.349762,-59.531242,-59.32908,-65.49775,-55.967896,-49.491905,-50.640923,-51.534447,-45.915962,-37.622375,-33.777573,-34.816048,-42.266487,-52.93848,-57.31608,-54.433228,-49.587944,-42.31382,-33.888012,-34.96428,-27.882862,-29.396774,-43.157875,-43.299667,-48.14059,-47.18816,-45.942745,-39.93413,-31.467121,-41.79264,-56.050728,-65.37354,-67.00746,-68.68576,-73.364624,-78.4359,-77.649475,-79.209564,-74.46484,-63.244396,-44.514507,-29.475843,-26.786938,-26.975988,-25.485834,-29.448902,-29.787151,-34.469685,-60.783535,-67.165054,-55.394665,-51.30835,-45.892403,-42.233154,-46.986786,-47.32646,-48.44944,-49.05014,-46.17945,-47.823685,-48.748512,-49.275826,-46.34591,-39.987144,-38.74119,-38.86142,-36.196262,-38.06025,-36.40405,-39.55802,-48.39489,-45.644615,-39.786694,-39.902412,-47.9991,-37.841248,-29.673004,-39.776848,-63.312027,-75.22501,-78.18126,-78.600006,-76.80249,-78.12419,-82.90808,-82.88078,-75.43316,-75.57442,-76.82074,-82.25183,-90.649124,-85.97868,-79.22801,-55.788345,-30.325462,-24.832901,-32.715355,-40.23371,-56.71812,-66.14993,-62.684048,-60.563545,-61.417095,-73.0253,-83.5025,-82.845566,-76.77536,-77.12659,-80.58066,-78.17757,-74.35959,-63.467667,-58.030113,-61.958183,-61.572628,-59.36676,-61.262608,-59.672386,-58.636063,-58.908737,-61.471184,-61.81797,-65.81863,-70.816925,-66.35798,-56.3721,-56.78425,-63.38309,-73.512115,-74.98184,-69.838745,-70.48782,-70.11153,-71.97084,-70.78601,-65.93605,-67.12649,-69.24725,-78.1492,-78.81522,-78.23049,-76.25421,-74.971855,-75.99156,-74.429306,-72.55366,-76.805336,-77.624794,-79.39404,-79.216736,-79.441696,-78.77342,-78.42828,-77.525055,-79.205414,-75.54347,-75.16176,-68.67162,-73.917435,-78.73921,-79.809586,-76.4577,-79.30841,-77.80121,-74.99765,-74.95527,-72.03893,-68.40144,-72.247574,-76.588615,-78.342804,-84.25417,-89.79265,-83.61084,-80.74657,-78.67499,-78.76618,-80.79516,-77.56313,-71.24992,-64.392235,-60.82054,-55.329674,-50.2511,-45.639996,-40.973682,-41.56512,-41.43769,-41.913616,-39.616135,-29.180561,-25.110027,-21.832523,-21.521072,-26.507416,-29.559242,-50.542313,-67.62134,-64.21554,-61.73922,-62.17241,-65.78729,-63.339275,-59.111332,-55.26049,-53.042248,-49.485924,-46.932663,-42.553062,-39.562836,-40.632362,-46.4268,-49.461426,-54.14093,-50.705658,-46.25895,-37.794334,-40.394936,-37.258614,-35.33843,-51.885,-60.514687,-61.973595,-62.443104,-60.39427,-57.614063,-65.85777,-79.057755,-86.18039,-90.743965,-93.48419,-88.65991,-87.37488,-92.76459,-91.61292,-85.6875,-87.91055,-83.00326,-80.35866,-84.58759,-69.70463,-53.163666,-43.0168,-35.92341,-36.436584,-40.436592,-55.005432,-71.717064,-85.54267,-89.52181,-87.36064,-87.84162,-88.12796,-88.306305,-85.638306,-90.80673,-94.71534,-88.75978,-71.32776,-53.707146,-44.313873,-42.622055,-40.730972,-41.06678,-31.488182,-26.4718,-29.299301,-25.870388,-24.650692,-26.08564,-33.211105,-49.54213,-55.271633,-67.566895,-72.35541,-78.20616,-86.45262,-89.68917,-91.06377,-90.94371,-85.316315,-76.23359,-72.44337,-72.46121,-68.81296,-73.02148,-76.82904,-71.99646,-70.00357,-72.04321,-71.04254,-68.25552,-69.82086,-71.09331,-70.715164,-71.95497,-73.370804,-78.75523,-83.60551,-86.17607,-90.9944,-86.471924,-81.57722,-87.58942,-92.72937,-96.31008,-88.114784,-84.42357,-81.99766,-85.31757,-84.9828,-73.27352,-61.701576,-58.800026,-54.190437,-48.373043,-45.680466,-45.29808,-40.237877,-36.68039,-38.34253,-42.032192,-53.06855,-64.12917,-73.865875,-79.21095,-82.542465,-84.66034,-81.24041,-86.79637,-101.33046,-105.02211,-104.3864,-99.50691,-94.37331,-86.67825,-86.03838,-86.4791,-79.356186,-74.407715,-69.42818,-71.004654,-71.47687,-73.46133,-80.442505,-83.11517,-86.57616,-89.26868,-94.11609,-95.40738,-95.555084,-94.74373,-93.9274,-87.36012,-80.975235,-77.745285,-76.35208,-68.54492,-66.1987,-65.9599,-64.618515,-62.2302,-68.54779,-70.32773,-69.50999,-70.92375,-72.938095,-72.51192,-59.46726,-45.460533,-39.551117,-36.06691,-34.87469,-37.079704,-45.31154,-49.36764,-50.660778,-56.50633,-55.329563,-54.62092,-49.838985,-48.42492,-46.40995,-39.688667,-34.94963,-34.686512,-34.005825,-25.941406,-21.712658,-21.322472,-15.110778,-11.395931,-11.749056,-10.428768,-7.8436356,-18.842316,-51.92912,-73.966095,-69.4023,-62.295017,-59.048206,-53.66077,-51.041927,-53.620014,-48.777214,-37.657494,-34.62996,-32.046143,-29.825243,-30.442482,-31.290787,-35.78931,-43.658684,-44.955456,-34.716858,-27.091782,-29.833712,-24.560955,-25.536064,-21.740475,-16.552057,-20.016953,-24.937038,-29.114555,-20.141407,-15.965977,-32.69211,-36.99049,-35.24543,-33.437508,-18.673756,-7.2753735,-4.4073224,-15.730869,-34.82459,-44.324463,-42.400642,-33.183487,-26.489147,-20.260109,-11.962708,-6.6063576,-10.003025,-9.576151,-27.01786,-50.596092,-45.794437,-33.02885,-25.882103,-25.710413,-41.006348,-54.458817,-62.21189,-63.914375,-58.044777,-53.51516,-60.43092,-62.02607,-64.7688,-62.71672,-57.44204,-60.61445,-60.287857,-51.089344,-33.32976,-11.610065,10.830486,14.888592,3.4924436,-33.374863,-50.83899,-49.317055,-32.111305,-30.504604,-45.53479,-52.452194,-46.837902,-41.545723,-47.34651,-49.09124,-49.12094,-51.760914,-51.902428,-45.875694,-41.97867,-40.302116,-36.273876,-38.968384,-39.097786,-38.48355,-37.32653,-31.52003,-20.513348,-12.555607,-18.818373,-25.894403,-21.842136,-20.167698,-18.789227,-18.517878,-30.756746,-40.658524,-40.861893,-38.166653,-38.538296,-38.514545,-40.083946,-45.459724,-51.06028,-49.01937,-43.11649,-35.782578,-38.515907,-37.36372,-28.918365,-26.759403,-27.415424,-26.85532,-25.680555,-23.66322,-27.715405,-30.554684,-30.56744,-22.90561,-19.30598,-21.481647,-22.388302,-18.155996,-17.08802,-16.319992,-12.746489,-20.728199,-26.022972,-20.147755,-15.783853,-17.266666,-15.179265,-11.865204,-9.347971,-12.550318,-11.9373,-13.272347,-34.797855,-37.989212,-29.670914,-37.43827,-35.517265,-31.166004,-28.215147,-25.626255,-22.345095,-17.691708,-15.408836,-5.873042,0.41472128,-1.7566541,-7.9880075,-21.818886,-26.855953,-17.889935,-9.6334915,-4.9198303,-2.5220966,-3.9761837,-0.84204257,-0.21894833,-2.703188,-2.1179473,-0.10407251,-11.736106,-21.587624,-13.349656,-3.7926717,0.49643138,5.359668,6.366288,6.1820016,5.8841887,9.7848625,11.622705,12.604908,16.222542,14.670555,15.309426,16.892855,23.688183,27.302622,24.830223,31.478758,10.104116,-0.26426682,-4.774849,-22.380672,-47.94195,-50.582222,-40.81736,-32.860886,-30.943419,-26.382462,-21.301046,-8.7564945,-3.7174056,-19.985493,-31.37149,-34.598217,-35.796112,-39.97956,-49.139008,-42.01525,-35.367516,-32.054955,-23.030039,-23.625706,-18.461582,-1.9447436,9.680766,10.25538,3.219278,5.2795696,7.396797,7.991749,9.234693,10.724455,12.423672,10.634508,9.3088875,9.352406,10.3390665,15.377276,14.811736,5.102021,-13.811957,-20.691242,-13.522444,-8.229319,-4.9448586,2.3532157,6.2327404,-4.700162,-33.530064,-50.027363,-44.62816,-37.83537,-33.44201,-27.710754,-23.098907,-16.91746,-17.951788,-14.359603,-10.279097,-12.682725,-13.637257,-17.72779,-25.821877,-27.104313,-23.24879,-19.868498,-8.816086,8.895209,29.188696,41.715202,33.18856,6.163474,-24.534584,-49.386295,-62.798363,-68.573,-73.152374,-75.98392,-76.15553,-71.812225,-67.02027,-75.65134,-80.47307,-74.73848,-69.77558,-72.59327,-72.27019,-74.82301,-78.86743,-71.73802,-74.59559,-77.93185,-73.88977,-74.14947,-74.99368,-81.685486,-83.027664,-80.29231,-85.12134,-90.422585,-92.05853,-87.93033,-85.95282,-81.18341,-82.80922,-78.7789,-77.227066,-81.39183,-80.152084,-74.681984,-76.89113,-86.7664,-93.03227,-95.94128,-106.762985,-115.02566,-112.55786,-99.26192,-80.68127,-69.04207,-74.35086,-88.26614,-99.005356,-96.218155,-92.33409,-88.08212,-75.9368,-79.57454,-82.20002,-85.65698,-81.74557,-79.19432,-79.11134,-81.56108,-84.26856,-82.83025,-79.57958,-79.89064,-82.48941,-81.772675,-74.43092,-75.97057,-75.1525,-76.62694,-75.17244,-73.406784,-71.361015,-71.35503,-68.20241,-75.42685,-81.25061,-84.4223,-86.58454,-83.87598,-83.230064,-83.898674,-85.06889,-82.205414,-85.536285,-84.74378,-83.71206,-83.930176,-90.15263,-86.53413,-94.43438,-93.52398,-83.44974,-70.22354,-68.56732,-69.33702,-71.770195,-80.87753,-81.61451,-87.88689,-90.042145,-85.731186,-77.23017,-72.70764,-67.05434,-70.254524,-73.982574,-77.938644,-77.7244,-73.71355,-77.23647,-78.46691,-88.50903,-88.99138,-88.582855,-88.13378,-84.0093,-76.13568,-75.00212,-75.880066,-70.09384,-59.88128,-60.911144,-67.90547,-74.538025,-81.30238,-83.9415,-87.26114,-85.73158,-89.146225,-86.43233,-80.66652,-80.80504,-87.13834,-90.18291,-86.30666,-86.25437,-82.724846,-77.70118,-76.993095,-79.62309,-77.75706,-75.83043,-76.04473,-77.50346,-82.18233,-90.09503,-97.665955,-103.274445,-96.46584,-85.86006,-78.97234,-69.68408,-75.5649,-73.51159,-70.81504,-67.63777,-65.602196,-63.17246,-64.03032,-64.04027,-64.73922,-66.75963,-70.29447,-68.28201,-65.58125,-70.86604,-72.00922,-67.99625,-65.04856,-65.172195,-70.532455,-70.8246,-76.17561,-77.31441,-75.23571,-64.45061,-64.43252,-64.88366,-61.23297,-59.826096,-54.957054,-53.785744,-58.429024,-74.324554,-77.32862,-74.51195,-75.262474,-73.31435,-70.26301,-72.03537,-75.99597,-69.86645,-58.510674,-51.241005,-47.467957,-35.1407,-33.547073,-35.09075,-43.64948,-39.547703,-35.632122,-39.358727,-42.847736,-46.516155,-53.383553,-56.54319,-56.604332,-58.332413,-62.590836,-63.243828,-61.77458,-55.71286,-60.755203,-66.10474,-60.345894,-57.406143,-55.08303,-48.698277,-55.79628,-67.937195,-62.856544,-51.851776,-50.82454,-53.82396,-57.069145,-65.05759,-74.19917,-72.59154,-75.69614,-76.03105,-74.330864,-80.37988,-89.99458,-86.85323,-81.52554,-84.08205,-93.49443,-95.744934,-89.00452,-86.203285,-69.61403,-47.694626,-41.25433,-64.11046,-76.132,-77.06821,-75.29258,-70.20029,-65.11844,-62.570393,-57.021484,-53.265274,-45.848145,-48.30417,-55.963528,-61.931725,-55.681747,-55.685894,-60.25505,-53.137188,-49.657562,-47.49585,-44.58189,-41.85473,-39.5801,-41.632683,-40.490417,-55.82345,-64.42401,-56.019455,-59.321808,-69.57545,-73.46653,-76.74069,-72.361374,-70.325226,-73.112305,-78.69715,-79.767944,-85.66265,-81.31098,-82.01558,-85.19597,-79.44926,-70.779144,-57.03103,-45.619392,-39.427673,-33.09742,-33.278645,-29.980158,-33.137688,-44.673737,-48.249123,-47.888184,-46.292374,-41.02823,-35.683422,-36.697052,-38.024376,-33.921257,-36.753056,-36.50406,-39.12783,-43.72271,-57.13552,-65.010025,-69.01996,-58.584873,-45.728294,-42.83358,-45.2615,-48.11313,-42.670425,-33.610733,-35.881535,-41.44316,-50.046314,-47.85643,-42.509727,-33.86016,-30.332853,-32.63438,-36.62603,-34.75112,-31.55822,-29.933254,-31.285433,-28.863647,-33.80423,-46.627552,-60.78334,-56.016834,-45.164074,-41.569466,-40.020283,-38.114567,-33.01345,-31.667324,-34.368523,-40.54345,-42.922554,-40.65101,-48.28662,-52.305065,-45.63145,-38.907,-34.881775,-28.565304,-19.73014,-11.968317,-20.860321,-27.361979,-32.33677,-38.83519,-48.96352,-44.412945,-45.15676,-42.738342,-32.05837,-25.659718,-20.19853,-31.691315,-47.031776,-53.127823,-64.98689,-61.858086,-57.344208,-57.75731,-50.25309,-36.59533,-26.276516,-19.94421,-12.079045,-20.46713,-33.908127,-38.84646,-37.215565,-36.81094,-35.132698,-28.89085,-21.313972,-20.663555,-13.725353,-6.0480824,-5.51131,-21.963684,-29.863281,-33.345886,-47.27761,-56.31074,-56.395065,-52.755585,-44.41745,-49.18544,-63.893967,-67.399704,-68.99904,-67.09335,-63.649338,-65.33669,-66.06977,-62.26321,-61.087418,-66.08487,-70.58682,-72.066025,-63.07452,-56.09097,-48.01907,-44.120308,-48.70415,-61.1009,-67.54614,-63.460487,-57.470245,-65.68652,-77.46577,-79.583084,-77.419495,-78.094505,-82.64775,-85.99507,-90.16923,-91.51704,-94.12129,-91.038155,-92.49408,-97.793015,-103.56059,-104.09804,-100.893875,-92.94035,-86.8407,-76.44806,-61.926483,-65.240845,-73.39059,-78.434456,-86.76665,-91.52365,-89.54877,-82.25752,-72.82506,-78.85507,-82.07321,-75.71677,-70.33708,-66.83699,-66.23337,-64.90022,-67.32914,-67.418205,-70.64905,-69.407555,-65.26787,-61.34066,-57.626396,-55.211487,-56.84371,-54.16789,-54.240883,-62.780716,-70.96022,-63.93299,-52.295643,-57.419807,-71.34798,-79.176796,-80.268364,-79.25923,-86.53258,-92.96242,-87.58705,-84.51575,-83.75605,-88.64789,-90.5564,-93.10752,-96.666954,-92.92948,-84.75073,-74.68324,-54.36777,-43.840782,-41.98355,-54.485065,-71.61032,-85.052826,-85.07716,-81.561775,-77.17038,-74.09029,-65.573,-57.697926,-61.32998,-62.143723,-58.75032,-59.39518,-65.54367,-67.98451,-72.89958,-72.746796,-72.87773,-73.00299,-64.54479,-57.46499,-54.04326,-49.784412,-42.9964,-38.112732,-43.854733,-49.296463,-64.45622,-72.77684,-74.55636,-77.568146,-74.99674,-80.57825,-85.25456,-88.41045,-88.47229,-78.160965,-77.274734,-82.4224,-82.627335,-84.372444,-79.39903,-71.36873,-68.63077,-75.26909,-74.61907,-70.87773,-80.58923,-85.370895,-84.924,-93.833725,-95.41374,-84.838486,-69.46127,-55.734863,-54.142708,-54.842064,-53.22352,-52.37161,-56.433266,-56.76512,-53.096466,-57.07515,-61.79593,-60.44506,-56.841812,-52.5998,-50.710827,-52.45234,-50.495407,-44.65065,-48.87667,-51.995842,-55.30002,-60.921276,-61.728104,-60.63675,-56.088932,-50.10923,-49.09942,-51.866398,-53.18811,-45.110813,-47.762703,-52.459297,-53.30567,-51.83862,-58.79081,-58.299576,-59.437717,-59.897617,-61.19014,-56.280952,-56.657715,-53.91224,-47.402077,-50.604115,-46.45969,-50.66749,-52.6036,-43.104393,-41.147522,-44.084404,-57.543106,-68.56105,-71.06441,-70.60209,-73.62401,-73.061775,-71.52986,-68.18419,-61.013443,-62.920853,-61.996162,-69.6154,-70.70326,-64.15502,-59.08793,-55.52304,-52.01957,-51.103447,-61.04988,-69.93421,-67.27582,-59.817924,-60.297363,-64.182014,-73.41337,-73.182526,-75.21884,-79.46611,-82.044815,-78.449615,-75.16313,-76.14754,-78.95861,-81.35751,-83.7921,-85.91734,-93.11804,-94.23474,-84.94974,-62.083527,-50.810448,-58.94094,-75.04112,-78.32436,-84.803825,-83.11441,-78.306854,-73.13254,-74.00227,-67.790855,-65.287,-64.09906,-59.747437,-59.761852,-60.268715,-51.64853,-56.770393,-58.43428,-62.304577,-69.89244,-58.133327,-54.34927,-56.889404,-51.543163,-47.001858,-44.85554,-43.001213,-56.981167,-62.001877,-62.649952,-61.478577,-74.61896,-77.443695,-77.37544,-83.01305,-81.13937,-78.38748,-79.58554,-87.096405,-93.16658,-99.33824,-93.45596,-72.50566,-66.10329,-54.40499,-41.63649,-37.72284,-37.843086,-35.99092,-35.29171,-34.6151,-39.45857,-38.34188,-36.590385,-33.848194,-35.615837,-37.60846,-35.968327,-36.681786,-42.051994,-38.702087,-37.404564,-36.279404,-34.418983,-40.950893,-58.880585,-67.11546,-69.82854,-68.910965,-64.10356,-60.891747,-57.94046,-53.379967,-51.813263,-49.363743,-50.59116,-41.39909,-45.317127,-45.143295,-37.94584,-37.931213,-38.90079,-42.17248,-47.853333,-45.231422,-37.722294,-44.427803,-48.518955,-48.643394,-48.335304,-52.670036,-51.095787,-40.892242,-40.594063,-44.115894,-47.13068,-43.117283,-29.067562,-28.799088,-35.074615,-47.48703,-53.040363,-54.980793,-50.937172,-46.727814,-43.618507,-40.065884,-43.356045,-44.34147,-41.079,-31.813084,-25.921024,-33.14367,-44.064438,-49.53798,-44.037094,-41.889908,-37.257744,-34.61592,-37.38984,-34.862694,-30.924309,-25.049652,-30.941847,-53.14514,-61.841763,-61.230095,-56.19976,-51.204117,-55.739758,-55.763504,-45.356537,-42.912903,-41.242226,-37.977585,-44.74366,-47.54108,-54.54747,-58.474297,-53.57249,-52.50368,-45.880333,-42.203617,-37.07848,-31.263058,-24.308865,-15.119548,-22.29451,-50.4933,-62.449276,-57.11155,-44.86103,-39.07953,-33.647697,-39.59973,-41.088295,-41.882584,-50.221756,-49.150093,-47.10018,-48.597614,-52.684696,-45.22444,-32.908386,-28.83458,-29.54972,-37.188145,-41.04173,-45.448402,-46.678055,-45.068115,-43.28994,-47.7732,-56.434315,-63.414825,-59.05551,-52.931465,-47.822685,-54.427216,-70.39198,-87.54312,-105.778145,-112.97316,-111.02654,-101.453835,-77.174164,-57.627075,-56.03444,-61.742165,-58.55809,-56.08751,-53.885544,-60.850964,-57.689278,-58.09329,-65.38899,-72.98071,-71.5773,-60.71315,-58.428146,-61.472275,-63.341972,-52.600945,-54.584404,-67.789154,-76.85089,-83.25657,-93.238075,-92.32942,-87.497765,-73.97644,-62.295677,-55.927597,-46.79913,-35.418175,-39.403076,-41.54268,-50.92399,-62.971146,-64.49312,-55.663734,-45.275963,-45.246162,-48.08497,-40.367878,-38.707115,-48.496918,-58.999157,-59.109825,-61.106384,-70.45558,-74.55359,-75.16348,-74.78314,-70.93669,-68.53102,-72.02043,-58.68904,-50.133568,-65.1573,-68.20456,-63.80789,-60.37607,-50.01367,-48.18898,-66.75203,-68.369774,-67.96995,-71.15809,-71.04909,-64.59158,-64.09007,-70.147156,-71.61627,-71.08331,-70.0872,-74.043,-78.77759,-79.084076,-93.56415,-103.87046,-102.27794,-91.994354,-74.113266,-56.198822,-49.759792,-47.54614,-43.302322,-43.15719,-41.38688,-35.549644,-34.538284,-43.89707,-45.143684,-39.46898,-49.731094,-59.62207,-60.759644,-61.235977,-60.311295,-63.44097,-65.04792,-58.433918,-60.885277,-65.55388,-72.01253,-75.54803,-71.36013,-80.85895,-94.602844,-95.62701,-91.01828,-80.15932,-80.90242,-83.60921,-77.81235,-60.92137,-66.12302,-67.00368,-62.89023,-59.662704,-62.968452,-77.361176,-91.55226,-101.66646,-100.58946,-102.9518,-101.64789,-91.602165,-81.07418,-73.68991,-66.11093,-62.38373,-63.108498,-55.411728,-64.52223,-82.95326,-93.822464,-91.56802,-92.53803,-89.39734,-74.45372,-63.26586,-60.42488,-67.88192,-79.67137,-80.7337,-75.51445,-79.52758,-87.27338,-82.76793,-78.52475,-82.33859,-85.01924,-72.02127,-64.02628,-74.50697,-81.88893,-73.68454,-54.81096,-35.471645,-28.805168,-41.7912,-55.82981,-55.23616,-52.509384,-46.118683,-35.80258,-41.895634,-58.221756,-57.03968,-61.164635,-75.802605,-71.07501,-56.62249,-46.114483,-40.580093,-33.666412,-35.713432,-46.044666,-49.168213,-48.7853,-47.078613,-40.884506,-40.72365,-40.542793,-45.18382,-54.318794,-59.73436,-60.60288,-60.621727,-67.58613,-73.024704,-76.349236,-76.8533,-75.222496,-57.2164,-40.95446,-37.559517,-36.92415,-43.064568,-48.138626,-47.2587,-53.771774,-78.11369,-88.77989,-88.80847,-89.187485,-74.86824,-46.305634,-42.416565,-57.539253,-64.01019,-65.649704,-71.61447,-83.12836,-86.23393,-94.99123,-102.15416,-94.80187,-78.425934,-56.991302,-48.381035,-40.30429,-39.135284,-40.885857,-45.203045,-77.118484,-95.24031,-97.04294,-98.41702,-86.70024,-61.862686,-47.575577,-45.59417,-56.58123,-61.49402,-61.801834,-57.08139,-48.680748,-63.62838,-86.33261,-90.957085,-81.31655,-74.15013,-64.293465,-48.66329,-49.55287,-56.14393,-61.896965,-60.869926,-61.07158,-66.19032,-63.987473,-56.30388,-58.91002,-63.079727,-58.990013,-66.615135,-57.368042,-42.851196,-35.895798,-37.712914,-34.222435,-26.020908,-35.6958,-51.924877,-65.138626,-69.01662,-71.223694,-71.939316,-68.07189,-65.90583,-69.31348,-79.41105,-78.67421,-71.54549,-65.33066,-59.770454,-56.22515,-58.012337,-55.90931,-54.700974,-53.05253,-50.26175,-55.644463,-66.07082,-70.5393,-70.14061,-72.50099,-73.174515,-67.90701,-58.069057,-47.823746,-37.87111,-34.475952,-36.834404,-38.096855,-46.651176,-60.34282,-75.43476,-86.81307,-88.87966,-84.2497,-89.02697,-102.140015,-89.16145,-56.475197,-45.561806,-58.03955,-62.38478,-65.47096,-59.09354,-53.86276,-53.090954,-64.62357,-75.723976,-77.83002,-82.89834,-84.64372,-87.671486,-84.517715,-79.11937,-78.373,-66.91815,-57.861988,-54.595917,-46.245857,-41.234436,-36.693043,-33.91533,-51.699528,-70.62911,-76.7585,-79.510544,-66.27804,-60.85005,-63.068886,-52.324116,-50.592827,-44.88347,-39.92221,-35.33799,-31.288836,-40.040955,-56.812317,-75.13803,-77.106865,-68.90964,-53.100437,-41.017857,-38.54563,-33.854725,-38.284077,-37.725525,-39.05869,-49.038292,-58.23309,-63.68816,-62.536186,-55.03495,-43.50663,-43.097458,-65.96099,-86.07695,-95.764786,-93.18694,-85.3797,-73.91156,-75.42659,-62.47966,-56.08323,-52.742767,-46.235924,-41.125504,-43.96383,-66.73949,-83.447174,-92.26131,-88.68625,-84.819626,-81.03808,-66.67474,-57.007244,-60.5905,-54.963596,-50.72158,-59.801895,-64.292435,-65.669754,-77.53629,-96.912224,-104.55078,-99.3114,-89.480835,-85.77466,-81.67743,-76.51004,-70.4397,-68.27066,-55.6286,-56.68853,-56.089302,-66.73961,-79.00403,-82.835815,-84.934425,-88.28745,-91.9789,-81.25138,-60.409004,-56.00655,-67.49198,-71.95742,-69.65859,-68.78374,-61.716583,-59.60015,-58.614075,-52.072876,-37.79675,-33.23577,-41.425278,-54.594505,-60.090023,-71.04764,-74.37328,-72.4052,-61.902855,-43.814606,-41.333748,-50.349365,-49.8591,-36.84712,-38.16636,-50.733215,-58.889076,-64.11757,-67.42934,-67.390976,-66.28851,-71.99895,-77.89365,-74.42505,-69.61248,-68.197525,-58.56576,-49.72895,-43.53882,-50.661766,-71.711174,-74.86635,-62.92791,-55.456257,-54.26838,-54.22243,-63.760353,-70.04196,-64.48584,-54.715717,-47.719177,-58.592773,-67.599304,-65.04393,-64.821526,-72.19658,-73.2948,-69.37396,-69.14296,-76.61827,-85.186874,-79.537125,-68.60402,-55.019917,-46.379456,-38.974953,-35.36803,-26.803684,-33.884296,-38.739044,-41.119537,-55.454533,-70.022354,-86.64695,-93.60876,-94.96103,-89.42816,-82.656204,-77.610405,-69.46565,-61.073036,-58.72164,-59.214767,-66.52745,-72.578995,-81.7753,-93.00396,-92.721725,-88.77185,-77.389496,-57.058975,-53.943584,-51.71821,-51.751774,-62.096443,-63.44848,-59.727367,-60.351105,-66.03839,-75.258026,-85.0361,-79.88754,-66.81566,-54.539154,-51.088894,-58.777275,-58.44056,-61.401634,-61.045128,-59.756977,-52.219864,-50.22889,-53.20773,-56.513683,-50.484596,-47.126915,-53.283234,-51.830505,-53.17862,-63.7677,-68.89174,-65.696686,-62.570435,-58.06056,-52.52323,-55.801434,-61.770447,-59.682648,-57.92644,-62.366142,-67.22556,-70.25274,-65.00264,-60.48857,-60.322388,-55.55989,-45.36284,-35.43299,-31.965204,-36.748802,-40.850956,-44.03028,-46.431435,-50.750675,-54.639656,-65.7714,-72.68704,-74.13112,-76.689926,-71.88783,-78.6898,-89.563354,-86.21785,-76.81241,-68.03279,-56.497627,-49.754326,-52.64042,-62.25208,-67.16966,-67.21836,-59.646126,-57.20601,-58.965668,-62.1192,-74.340866,-88.73005,-92.12581,-87.81319,-80.92163,-77.73155,-77.199295,-80.679436,-80.76604,-78.41237,-77.86087,-76.77256,-75.10038,-67.6664,-56.095627,-63.77677,-74.19675,-83.95067,-85.23268,-89.691376,-91.38284,-87.504715,-75.683655,-69.33042,-67.16775,-64.69731,-65.31163,-65.27905,-63.68,-57.076347,-59.17707,-71.22419,-80.027466,-82.41146,-83.28638,-86.03696,-78.87671,-65.16382,-53.456226,-40.21408,-37.200676,-38.753,-34.060448,-34.623505,-41.351894,-48.665867,-51.10498,-49.013195,-44.93241,-43.223263,-36.820515,-46.673607,-53.902847,-58.598526,-57.615936,-60.865227,-63.175446,-64.525955,-62.194687,-56.7799,-50.26424,-45.880272,-44.578457,-50.97202,-51.200806,-52.504852,-51.05813,-51.918247,-56.010025,-62.77092,-67.46549,-64.32204,-55.6036,-46.42327,-48.77082,-46.05304,-38.690315,-35.62647,-37.213547,-34.163254,-28.914537,-32.927155,-33.075455,-40.809723,-53.803516,-76.22972,-88.337906,-93.648605,-93.35524,-82.799225,-80.907425,-76.13783,-61.66352,-56.678528,-44.803295,-39.748398,-37.39427,-43.366188,-63.86464,-71.57661,-79.65613,-76.739456,-61.568222,-42.66587,-26.423504,-27.878204,-39.70322,-39.62322,-21.03569,-18.317417,-27.68488,-53.468246,-66.89456,-78.404495,-75.82363,-68.73374,-59.33821,-50.880524,-41.297104,-36.781708,-33.406036,-42.953766,-51.62822,-48.502567,-51.739105,-54.921173,-54.860855,-50.444035,-43.20939,-39.22,-39.289246,-46.126877,-43.50677,-39.559948,-49.610672,-53.910065,-53.33629,-53.4343,-46.250816,-40.084957,-33.13184,-32.310825,-30.62513,-27.253513,-29.252764,-35.212387,-51.60746,-53.75156,-42.213997,-27.731602,-17.853289,-21.190971,-21.774416,-27.004465,-42.09555,-58.918056,-67.17104,-69.697334,-68.93236,-57.36989,-51.29673,-46.069138,-39.884735,-36.210533,-32.269974,-27.10522,-27.249557,-29.91047,-18.808132,-22.464952,-53.301033,-65.47531,-62.85943,-59.95806,-56.81261,-47.72251,-33.03,-22.841827,-21.654902,-24.609034,-19.569626,-19.894382,-16.588606,-15.932087,-21.377403,-20.779978,-25.323906,-21.90839,-14.783494,-8.473944,-9.52873,-6.33043,3.0890641,-7.528445,-28.06586,-51.16259,-58.67507,-52.560547,-53.1672,-49.786106,-37.018974,-27.990343,-26.254702,-25.261398,-19.98179,-15.27272,-14.515673,-15.339886,-34.63974,-51.494125,-63.67389,-69.43761,-68.71539,-61.754913,-52.351456,-50.79989,-40.51969,-33.549633,-33.02269,-32.778175,-28.309505,-17.053064,-15.433334,-14.562025,-14.197866,-9.665531,-3.768851,0.27280524,4.580585,5.0598927,8.52913,-8.493213,-19.514254,-17.795374,-15.119892,-37.01659,-57.760483,-62.536846,-55.86129,-40.21206,-33.22573,-40.319862,-40.641663,-46.889717,-48.87778,-35.278515,-38.580753,-47.29576,-47.049217,-41.20852,-43.55196,-50.9524,-42.919956,-32.596054,-20.835041,-12.834478,-15.929569,-28.479122,-22.580578,-28.54804,-41.484962,-42.254673,-29.721031,-13.802624,0.6239574,5.071512,11.039108,11.896265,3.0845568,6.7670174,-12.805738,-41.46431,-50.21778,-49.795494,-52.29934,-44.639793,-35.69783,-29.425455,-21.595787,-21.335354,-28.026928,-35.329002,-29.94487,-21.313374,-20.98276,-17.059929,-19.307629,-12.940442,-7.302568,-10.758202,-17.207928,-20.73597,-35.96469,-40.584927,-49.609802,-63.93551,-70.80345,-65.73013,-61.178528,-52.448742,-38.345127,-35.81549,-31.708061,-30.05193,-32.064392,-35.072304,-35.002346,-41.930748,-49.0551,-54.253494,-62.14344,-63.012337,-57.254295,-53.228355,-46.32713,-37.6471,-35.502052,-41.322834,-39.05422,-39.199112,-32.28289,-20.493645,-20.303465,-18.184082,-14.086102,-15.65315,-9.580689,-0.69767654,1.5326189,-17.78787,-30.770367,-34.35991,-31.867472,-37.993515,-51.18589,-56.771828,-52.134506,-53.859,-48.488796,-43.59712,-43.849922,-47.992153,-50.005676,-54.92147,-64.151474,-70.93782,-72.22396,-64.86548,-54.805065,-54.736588,-46.741444,-37.479042,-21.962585,-25.124153,-38.847584,-36.340416,-25.902609,-21.241953,-23.799034,-30.508663,-33.230556,-19.79044,-9.2423115,6.135222,15.320968,-11.960461,-24.40141,-25.269526,-28.524935,-37.29241,-34.51593,-34.060867,-36.612747,-32.262955,-28.69458,-19.35011,-19.871502,-24.048504,-29.386625,-26.798874,-26.228582,-24.75821,-25.195213,-21.137775,-16.785843,-11.202925,-7.5651455,-7.375193,-9.261965,-31.598993,-46.899345,-49.576733,-48.225346,-43.903534,-40.278526,-39.938683,-41.39766,-42.431442,-38.690125,-32.567265,-26.092587,-22.3941,-27.708342,-44.418285,-52.952766,-56.781612,-52.58281,-48.02629,-42.88066,-41.875175,-43.97416,-46.915848,-46.428215,-44.550102,-45.449974,-47.81462,-43.81916,-33.973724,-29.284695,-26.829601,-27.99068,-22.748917,-13.480526,-7.2162495,-1.778388,-15.725409,-32.32289,-28.240602,-32.87681,-48.979996,-45.76263,-48.25262,-48.40828,-39.754265,-30.420319,-26.546791,-25.235086,-21.182413,-30.771805,-53.644463,-64.39746,-65.229546,-58.29574,-52.236755,-55.83339,-49.712425,-40.267162,-31.134174,-27.008165,-31.959843,-29.68972,-20.229456,-12.50024,-5.307081,-1.3165301,-1.8513931,-6.0970087,-10.753479,-3.4527907,1.1726112,10.867702,17.103466,-13.348419,-36.113903,-50.33406,-55.821556,-52.426228,-60.624214,-57.32682,-50.41144,-41.110416,-25.534828,-20.548182,-20.681248,-17.320267,-20.34033,-20.37592,-17.636585,-15.929989,-14.118534,-16.628864,-13.971534,-9.717806,-7.37502,-5.513045,-5.8175893,0.51236475,-28.04489,-53.215603,-65.4497,-68.091835,-61.4236,-57.534767,-52.99984,-47.410088,-43.465393,-38.75551,-38.43676,-32.20399,-27.041569,-26.427809,-26.843758,-26.139893,-20.475887,-12.940628,-11.883831,-13.10647,-11.272788,-11.255609,-8.559273,-4.6904793,-17.117346,-46.269264,-59.48764,-60.425823,-61.053383,-62.845123,-49.220657,-43.582184,-36.04754,-41.48703,-45.930172,-44.442528,-42.85862,-41.773052,-37.451363,-36.70124,-32.3877,-28.164875,-22.769611,-15.245913,-11.360392,-5.9173574,-1.1745653,0.71174586,3.177231,12.305441,9.202425,7.8829913,9.259655,6.4363174,8.232172,6.644345,10.106852,8.102566,6.2056503,10.724852,7.844819,3.1489553,-1.1742305,1.8310064,9.584724,15.368496,26.75423,36.080097,35.49509,36.660164,33.99695,33.40283,36.980938,36.401947,28.581839,17.335321,-6.860821,-30.3173,-41.998116,-53.94171,-61.930298,-59.44112,-62.99925,-70.52797,-78.449356,-83.33163,-85.06277,-79.12618,-77.22963,-77.12273,-75.843765,-72.57929,-77.347046,-79.497475,-72.505745,-73.29918,-75.85907,-77.2672,-79.18656,-76.21341,-73.10209,-78.10291,-82.23175,-77.86302,-77.817696,-60.182026,-43.725082,-42.74405,-42.883125,-35.592705,-27.085403,-19.995037,-10.322971,-9.780487,-11.991838,-10.452353,-17.746086,-45.88304,-68.90855,-69.920074,-66.87148,-65.84633,-65.514015,-60.654602,-36.95897,-20.57392,-18.203892,-9.396904,-7.4786906,-11.17159,-14.15538,-12.778645,-8.762193,-6.9943867,-5.1949043,-7.1738896,-22.651001,-46.779682,-57.098385,-65.13178,-63.146797,-61.325615,-56.997795,-61.505447,-67.711945,-62.336906,-61.948532,-65.27028,-65.671394,-62.47914,-57.865097,-57.266453,-61.67426,-61.677467,-66.22221,-66.592545,-63.835663,-63.91114,-64.24198,-65.81091,-70.13069,-66.15222,-63.57456,-68.55777,-71.37589,-70.21936,-69.93146,-71.94017,-72.65222,-74.17433,-74.093185,-72.58607,-68.12358,-72.81741,-75.275375,-80.392136,-81.5767,-79.53717,-78.86905,-90.437416,-87.50745,-65.85191,-42.251053,-46.496853,-44.68525,-48.699642,-56.725666,-68.27112,-75.80521,-71.26717,-56.1164,-56.41353,-56.9247,-54.23812,-60.32489,-60.141045,-53.29661,-45.23282,-50.108223,-49.87712,-47.635933,-51.73498,-52.24008,-51.64286,-52.170937,-54.382248,-56.705658,-50.191128,-45.599586,-49.000885,-51.02792,-50.92238,-56.38008,-64.24422,-60.571552,-56.717297,-50.574673,-54.249855,-70.96785,-74.2155,-63.935703,-63.571514,-71.81291,-73.43695,-66.3481,-53.977108,-53.19998,-56.37363,-50.141922,-43.33043,-43.123375,-40.172256,-38.527756,-32.757187,-50.060257,-54.217922,-38.35754,-27.854847,-29.343748,-43.050385,-58.01121,-58.387566,-53.018654,-57.01239,-76.672775,-82.33674,-88.33696,-88.34587,-80.45276,-76.18495,-76.58806,-74.73333,-67.79953,-67.78367,-72.71506,-85.97084,-88.72158,-85.83134,-92.34454,-103.81999,-110.98064,-100.85579,-88.746086,-83.62445,-82.3566,-78.90966,-81.47142,-79.33687,-79.73074,-75.61105,-74.8796,-75.56372,-80.828964,-71.03067,-47.718887,-33.862007,-32.365997,-29.945713,-30.568571,-36.80918,-35.826054,-39.471542,-50.802124,-59.811977,-62.409103,-66.05328,-73.58415,-78.63675,-84.37683,-81.51182,-79.36708,-81.11151,-76.410164,-71.90568,-68.374016,-70.75974,-75.06368,-71.268555,-70.98729,-73.9344,-78.14575,-77.75383,-73.103096,-68.33911,-62.54175,-56.28071,-54.66837,-54.628624,-55.39289,-53.94912,-54.890854,-74.13925,-85.4417,-94.02615,-94.98708,-97.73459,-97.57572,-92.11493,-85.54718,-81.26364,-83.086784,-91.23146,-93.34944,-90.39136,-92.54866,-95.8836,-92.17666,-95.42207,-91.65155,-76.4738,-71.40097,-71.74946,-80.88318,-84.564125,-75.44652,-70.083626,-65.06903,-61.334194,-55.97281,-56.686592,-64.71044,-65.25015,-69.63797,-68.20497,-64.15321,-65.02288,-66.36531,-67.85562,-71.75271,-71.86713,-68.73954,-66.00127,-69.66231,-73.212555,-62.43606,-54.694084,-53.62889,-52.88308,-65.367485,-74.04221,-69.88414,-69.33718,-69.556564,-68.831894,-72.79979,-79.65426,-82.74097,-76.77618,-81.18919,-85.55003,-81.51199,-79.827545,-80.84254,-81.57263,-84.2916,-82.16559,-84.110504,-78.449326,-61.67341,-47.697884,-35.90545,-24.198559,-34.15235,-48.617416,-57.59751,-57.962463,-68.074844,-69.47329,-69.44414,-70.26285,-70.754974,-74.62685,-74.40967,-72.32806,-77.89006,-80.91342,-79.99817,-76.68425,-73.86487,-74.81533,-71.899025,-70.74277,-69.535,-73.51611,-76.314575,-73.19069,-73.08918,-72.18749,-76.8755,-84.17389,-84.45035,-82.52361,-82.94896,-81.72231,-84.73561,-91.584274,-93.7794,-95.54259,-96.82359,-94.8967,-92.6246,-87.838905,-85.23738,-84.2141,-83.76682,-83.37682,-77.40369,-84.045265,-87.715485,-85.01192,-78.96927,-65.059944,-47.752777,-44.934273,-39.98208,-38.745872,-46.19463,-55.363705,-58.08228,-56.2043,-58.57246,-65.82053,-61.747917,-39.92876,-19.801067,-30.335815,-47.16172,-65.40566,-74.88542,-78.00037,-72.680954,-73.87785,-71.55853,-57.798645,-44.389164,-47.947716,-64.54055,-61.992023,-60.527554,-57.82167,-50.235188,-48.111,-48.564537,-55.280792,-58.537033,-58.630455,-59.60254,-52.837555,-56.729343,-55.713852,-59.36477,-61.854053,-55.96602,-48.71961,-41.965054,-38.212036,-33.06157,-29.446682,-29.71001,-38.160698,-65.94142,-73.5678,-72.731514,-78.019356,-80.21279,-81.66489,-85.42382,-85.0936,-80.27818,-81.98603,-81.933815,-85.152016,-90.49399,-87.482025,-81.652985,-88.86894,-91.1268,-93.40794,-91.16755,-80.4584,-84.3797,-89.35666,-90.31273,-95.320854,-100.02237,-91.33135,-84.49864,-75.676254,-63.486595,-59.315918,-64.63904,-57.985344,-49.67563,-60.29704,-71.68799,-66.11859,-58.702644,-57.039467,-62.186127,-66.35593,-64.92587,-65.11778,-67.66637,-62.277428,-56.505505,-54.032726,-46.47286,-46.886574,-51.44335,-51.31739,-39.09298,-38.37252,-45.223892,-47.237663,-46.198765,-44.94593,-47.15719,-50.161728,-54.998016,-59.577805,-57.398838,-59.564186,-59.38074,-62.825676,-68.19142,-69.98046,-67.0854,-61.92563,-59.39022,-58.080414,-59.005886,-59.058563,-65.41199,-67.40158,-72.61824,-71.99942,-72.37114,-74.303345,-70.87434,-67.18117,-62.593006,-62.983555,-67.32199,-71.18906,-74.79883,-80.06185,-78.77952,-73.70457,-70.878204,-73.94722,-72.3642,-66.05373,-52.82892,-45.615997,-47.632324,-50.637337,-52.25837,-51.339794,-51.006542,-58.614082,-60.711525,-57.205902,-50.133057,-56.814465,-64.90076,-63.805855,-61.233772,-62.14109,-63.799507,-62.931293,-56.982014,-55.16255,-55.84539,-50.812687,-47.11953,-49.169266,-52.720707,-52.844368,-54.727703,-52.721493,-53.475655,-59.25371,-59.548126,-59.92041,-59.7541,-60.105278,-60.100456,-58.310387,-69.88165,-66.46739,-59.71678,-60.18107,-62.573917,-65.483475,-70.256744,-76.20697,-77.26817,-72.42267,-67.34977,-60.779312,-54.230183,-49.41233,-47.499752,-44.758575,-37.881607,-32.664425,-33.358498,-36.617455,-31.011265,-22.947203,-23.147734,-28.789213,-29.857082,-42.471825,-55.02175,-59.346443,-64.04433,-70.34761,-79.55272,-82.7736,-86.073944,-80.19778,-71.93563,-72.26622,-72.952095,-66.24889,-62.381683,-59.799686,-62.251236,-65.21358,-78.623,-90.61554,-80.86366,-73.902,-80.5085,-77.725204,-77.25141,-79.565735,-81.44158,-78.71045,-76.285904,-78.27118,-75.64513,-76.70291,-80.83326,-81.099815,-76.21518,-65.68716,-53.874622,-37.77028,-25.354084,-21.352367,-23.98786,-28.036846,-32.60305,-39.962563,-40.54312,-50.393284,-66.197495,-77.63895,-76.300186,-77.34303,-80.47075,-84.052795,-83.59757,-77.56883,-80.5219,-77.710434,-74.6193,-68.20195,-59.781734,-70.01235,-72.40882,-62.38508,-55.492714,-42.32194,-37.148716,-34.3571,-36.85357,-50.53549,-59.51999,-50.173813,-49.913853,-53.909187,-59.799408,-76.43637,-90.36025,-93.82082,-94.33687,-85.16542,-81.23083,-81.95293,-81.79118,-82.56976,-86.54155,-90.63583,-90.31741,-87.7704,-85.35581,-83.05105,-81.61659,-80.657684,-75.68891,-71.27222,-67.87888,-67.72936,-65.87196,-59.11052,-51.51912,-53.52674,-58.248207,-64.176605,-65.83286,-66.085594,-65.53221,-68.192764,-72.47124,-72.011246,-66.93359,-70.71765,-76.92765,-79.32516,-80.275894,-74.20178,-66.91698,-60.12216,-55.453304,-52.208336,-56.453873,-68.56061,-75.36165,-77.66678,-68.97919,-71.87273,-81.47696,-78.06107,-76.36398,-83.7847,-86.55966,-83.654045,-82.2834,-81.74272,-81.44927,-78.47146,-80.18473,-82.254974,-78.16272,-70.86957,-54.840607,-33.663963,-30.13383,-34.454327,-38.612938,-46.611282,-56.40437,-63.163605,-62.514633,-58.618584,-59.73716,-62.63626,-70.566574,-74.28253,-76.10487,-72.132545,-68.05412,-67.16277,-64.843285,-62.267357,-61.550613,-64.643776,-60.464573,-62.26644,-62.634922,-62.797794,-64.08879,-66.42047,-73.00805,-79.9283,-75.00239,-76.73951,-84.62466,-79.56615,-74.39882,-77.80553,-73.73555,-75.7769,-78.06654,-83.4093,-90.677864,-93.1968,-92.99002,-83.64549,-78.90864,-80.146576,-74.70685,-59.765182,-62.313103,-71.22524,-75.76903,-74.22366,-71.18843,-65.83708,-58.12275,-42.769753,-34.73334,-33.777092,-34.98246,-42.304695,-46.54883,-54.461044,-64.216194,-66.14862,-62.235596,-48.14631,-34.128716,-32.941547,-47.17022,-66.3071,-69.3145,-73.04159,-76.861374,-73.84091,-74.594925,-68.22052,-55.78192,-40.832718,-49.991425,-58.14583,-44.790558,-39.85472,-37.42807,-33.799446,-27.909779,-34.447746,-44.886642,-47.038864,-47.32631,-52.132336,-54.05165,-53.65969,-49.73375,-40.394028,-38.642143,-46.91719,-50.0391,-44.9456,-35.915886,-35.229935,-38.10299,-40.58332,-51.769337,-66.58036,-79.3824,-68.22925,-58.793205,-63.830597,-70.5464,-77.976875,-79.25099,-82.234116,-85.04976,-81.3725,-80.9102,-88.13136,-82.8616,-74.8456,-78.59076,-84.7381,-78.80412,-74.776825,-72.301056,-75.615875,-72.83275,-72.947075,-75.925095,-80.81693,-86.25726,-94.084564,-92.29569,-77.751816,-66.966064,-67.70615,-68.91713,-61.207047,-51.80175,-48.7567,-48.56965,-44.405766,-44.911484,-56.768326,-67.06554,-72.901596,-76.5647,-72.33322,-67.602264,-59.605465,-46.462727,-36.11612,-30.145622,-29.687382,-26.889265,-31.872463,-31.043064,-30.044361,-31.228374,-32.58513,-29.18507,-46.362427,-60.935143,-64.37607,-68.9393,-74.20384,-72.46721,-70.29417,-69.20073,-79.809395,-79.442604,-68.622894,-63.057636,-65.72127,-65.48865,-62.333385,-63.86712,-63.435623,-67.738785,-72.85013,-73.292114,-73.477615,-77.30438,-77.692856,-69.523224,-67.134995,-72.48077,-79.84448,-81.64967,-78.86676,-78.97623,-75.57715,-78.1469,-82.71214,-82.78702,-81.81428,-82.03035,-83.13724,-86.23732,-79.30594,-64.99539,-49.184723,-45.63646,-58.943287,-70.371155,-76.18861,-79.183075,-68.79457,-58.337624,-57.04903,-60.01533,-61.747486,-62.85325,-65.13187,-63.179344,-61.498634,-56.277985,-51.380844,-49.808243,-57.90291,-55.27851,-52.609566,-50.55736,-49.635685,-54.89604,-54.657463,-56.008553,-65.55437,-70.26178,-66.50725,-57.630722,-60.776188,-64.34667,-62.52314,-57.85843,-59.248154,-64.45242,-71.63878,-71.16675,-67.43536,-70.01006,-58.739204,-57.191612,-56.38862,-39.589676,-33.18766,-31.388199,-32.962883,-34.41674,-30.31454,-28.623665,-31.40246,-42.84353,-52.395283,-57.14578,-50.97339,-42.23803,-45.33168,-61.09445,-62.730072,-59.162766,-63.480415,-68.76552,-72.0943,-71.67059,-73.37013,-78.087875,-74.160484,-68.71489,-64.19458,-57.71788,-57.600777,-60.53309,-72.16841,-82.35671,-84.01048,-80.427795,-79.32515,-79.46065,-79.80402,-78.29557,-73.84787,-67.53804,-68.9597,-69.41865,-72.19186,-76.77676,-77.47884,-74.21977,-76.39783,-72.85265,-56.96181,-36.122833,-27.496132,-26.656288,-27.401695,-27.148914,-27.05569,-28.172003,-39.47721,-59.385433,-57.01216,-54.502426,-62.829483,-70.20975,-73.62616,-74.37717,-77.47543,-76.37663,-77.78981,-76.52152,-74.73363,-69.53604,-69.27942,-69.764145,-65.534195,-64.79367,-62.156143,-64.255455,-60.603592,-56.810143,-48.4135,-44.456764,-46.219276,-58.913597,-68.54474,-70.51778,-78.4129,-83.78645,-82.73877,-85.07129,-86.34564,-89.388016,-88.03119,-84.36326,-80.81705,-86.025665,-83.06955,-81.24916,-82.882614,-85.38634,-90.22016,-91.284134,-88.80186,-68.674484,-62.28164,-69.15239,-64.77666,-62.175674,-65.522224,-61.040604,-55.091763,-50.732784,-50.95381,-51.943,-59.904682,-59.870445,-62.30202,-61.449562,-61.34427,-66.973045,-68.56793,-74.930565,-72.52127,-75.13952,-70.85393,-65.36857,-66.25394,-66.98381,-63.079556,-60.798378,-56.5438,-63.54544,-71.09657,-72.55777,-66.51762,-71.2026,-79.0256,-81.87724,-89.38313,-90.17038,-90.46011,-91.49312,-94.55733,-88.25964,-81.12039,-85.53866,-86.80404,-87.79523,-86.32202,-80.59384,-76.072395,-71.41464,-57.881714,-35.809105,-26.792717,-25.857035,-46.144733,-58.663845,-62.180344,-57.293518,-53.982647,-60.067192,-67.18909,-69.67735,-73.85275,-71.93683,-70.582565,-78.72835,-82.00924,-81.922455,-75.60541,-70.7207,-72.76167,-75.88164,-79.72781,-81.24045,-77.70282,-75.70199,-78.4247,-76.60921,-75.55829,-78.447136,-77.11774,-70.827,-68.908165,-70.28229,-75.809494,-80.47717,-91.81543,-100.94911,-99.048615,-93.09102,-80.45233,-80.94008,-83.3231,-77.62709,-76.8006,-81.46817,-76.05935,-74.528984,-78.45891,-83.6008,-85.38161,-77.74005,-65.511566,-63.987022,-62.75894,-65.516785,-66.82861,-70.19357,-74.58052,-78.36488,-81.85751,-82.10687,-66.09262,-39.02929,-29.1391,-25.753586,-30.991615,-43.248604,-71.50804,-75.36191,-67.46477,-65.71048,-68.81203,-65.00472,-46.173523,-44.654892,-47.04345,-59.929367,-56.4813,-49.511314,-60.03453,-57.91813,-58.67273,-58.628807,-61.501377,-60.847923,-67.841,-68.33325,-67.64317,-61.51669,-59.43035,-62.60366,-69.60556,-65.41771,-60.36284,-57.922535,-47.550735,-50.10134,-50.930748,-42.723606,-38.820244,-48.21804,-49.70611,-58.50602,-64.90245,-70.01645,-79.34563,-80.20088,-79.01462,-78.28373,-78.4745,-81.38966,-81.13129,-81.62749,-82.95007,-83.33092,-88.29885,-86.13176,-83.94962,-82.273155,-84.96947,-92.5542,-97.14057,-93.26987,-91.90196,-97.09424,-101.32475,-96.88824,-83.74397,-64.5018,-52.97901,-54.448456,-53.30391,-49.485558,-53.57492,-50.17992,-43.929665,-45.036118,-44.819386,-53.309475,-59.795708,-55.53029,-54.40889,-59.797188,-59.016037,-59.33467,-58.062874,-48.066574,-46.64791,-48.625797,-50.89272,-53.567482,-51.902115,-50.101173,-47.186653,-43.86194,-49.546154,-59.6957,-71.421234,-72.23224,-69.90184,-68.8446,-69.11671,-73.559944,-78.2662,-75.32103,-66.27539,-56.973957,-48.268852,-46.664593,-44.746284,-51.39113,-55.15405,-64.08125,-72.45744,-70.53497,-69.498924,-66.962234,-64.67261,-63.529457,-63.162796,-67.802414,-74.6311,-86.099495,-88.37616,-82.01596,-73.75801,-73.370895,-79.33613,-75.97087,-62.555862,-56.373383,-47.588623,-48.301373,-50.030403,-47.779297,-39.66421,-50.0711,-60.374695,-61.71617,-51.077206,-42.565224,-53.32399,-64.94926,-57.959854,-48.43879,-52.451233,-51.759438,-47.663994,-47.831833,-52.805103,-49.56614,-47.85949,-43.332855,-44.159477,-48.769787,-49.43612,-42.577007,-40.254837,-43.10708,-48.7753,-56.035694,-58.08464,-57.972183,-57.66729,-61.229065,-64.69017,-67.294395,-59.860733,-52.633904,-56.99813,-60.273426,-62.40215,-61.774414,-59.43631,-60.445854,-64.8242,-63.849358,-57.40452,-42.902603,-34.879837,-29.67035,-32.85132,-32.327984,-31.319225,-23.360289,-18.009739,-18.44624,-23.059807,-29.692411,-33.96396,-33.046272,-30.920633,-43.34059,-51.05858,-56.557175,-55.40477,-55.99453,-60.048336,-67.245926,-71.31926,-64.06903,-62.14528,-57.308487,-52.177044,-50.54782,-48.098156,-42.927017,-44.91134,-58.47448,-70.81114,-73.39064,-74.376114,-72.47587,-70.52898,-70.93735,-69.50508,-69.51901,-72.750244,-66.736755,-62.986557,-65.75641,-63.946716,-70.44223,-74.865265,-70.7762,-63.087673,-52.25045,-37.56716,-27.691006,-30.832256,-30.199764,-30.680025,-41.124855,-57.767586,-62.94429,-56.060913,-59.582916,-73.39952,-72.184586,-69.053894,-72.8358,-74.68783,-73.93504,-70.203575,-73.09326,-71.89036,-58.20665,-53.525017,-46.383575,-44.52478,-47.889458,-41.22632,-33.003662,-30.77375,-18.752884,-21.55257,-38.05156,-52.36152,-59.209763,-58.302887,-59.181778,-68.42699,-77.40465,-77.42644,-73.83841,-74.46899,-77.7332,-80.04129,-79.38209,-79.82924,-80.44356,-77.40456,-70.04268,-70.15716,-75.455284,-72.30441,-59.754646,-53.32332,-52.075073,-55.764015,-55.44471,-58.525085,-59.761536,-55.42228,-52.429234,-47.88775,-54.988377,-62.00956,-62.129875,-61.146515,-62.042725,-61.424297,-61.608765,-57.463963,-56.156166,-67.74036,-67.301285,-56.138405,-51.20553,-52.93554,-51.97421,-50.18946,-47.79339,-41.114693,-49.565758,-60.704605,-59.000355,-52.86615,-51.67945,-51.352272,-57.106018,-65.22934,-65.9873,-60.854362,-64.64438,-68.86803,-66.19313,-66.92694,-66.57588,-65.729225,-69.05622,-69.314865,-65.62129,-55.197575,-39.11799,-24.861948,-16.846909,-12.469345,-11.192817,-22.907867,-43.90038,-55.910164,-53.50776,-54.09539,-61.02437,-59.03745,-57.625088,-61.42508,-61.478012,-61.71512,-56.95562,-47.243332,-32.518883,-24.95879,-17.749514,-9.814283,-9.406681,-5.429023,-8.745,-16.242989,-15.168259,-8.158239,-8.066081,-18.689352,-30.925468,-46.878967,-58.193954,-53.1606,-49.318645,-45.85289,-40.859764,-43.750954,-51.780514,-53.083046,-55.518044,-51.230965,-55.138107,-60.39836,-50.38702,-41.26708,-40.337357,-40.18612,-49.075356,-60.497345,-68.0441,-61.241356,-48.36561,-43.612114,-25.359278,-5.8899746,-6.018011,-8.393635,-9.249779,-21.769684,-45.29127,-62.137215,-64.832596,-67.43109,-74.13225,-71.051,-56.338932,-47.480083,-44.25397,-37.66039,-33.51983,-35.0785,-31.665897,-26.048374,-25.875378,-27.367325,-27.93729,-47.275246,-55.92505,-49.179405,-53.119476,-54.408943,-40.907085,-32.43407,-37.379524,-59.10463,-67.737495,-69.63476,-62.03302,-53.641243,-62.954025,-67.846115,-68.24657,-66.65859,-64.568405,-63.68821,-61.211586,-60.43351,-63.91819,-59.841805,-36.723534,-4.2219725,-13.053434,-29.437735,-28.319485,-32.260216,-47.60004,-52.427906,-57.559208,-68.0311,-71.41278,-67.74425,-69.10297,-68.875534,-65.12207,-61.753517,-59.10406,-53.79145,-46.927673,-38.364937,-30.815086,-27.200235,-26.780243,-17.366165,-10.957168,-12.982288,-24.702036,-43.73086,-47.121643,-48.999405,-47.537846,-39.330452,-37.25805,-36.376774,-50.16942,-56.050938,-58.841682,-63.992004,-62.40252,-58.798935,-54.444794,-58.87342,-63.09276,-58.42987,-58.16823,-53.17531,-37.926582,-29.92701,-35.296516,-36.35449,-26.316721,-23.959358,-29.494612,-34.41568,-31.839314,-32.201996,-39.899277,-54.371838,-53.008537,-52.361435,-55.584984,-57.329185,-57.539993,-58.05227,-60.063553,-59.539238,-58.50244,-76.4715,-74.960785,-70.60282,-68.77017,-65.114716,-62.67267,-58.16456,-47.985558,-47.35205,-52.308746,-63.365097,-69.767525,-70.55504,-65.35004,-63.694252,-67.60214,-63.639057,-58.488953,-67.47669,-73.60585,-73.93933,-66.4088,-62.770393,-63.37758,-64.103195,-59.076134,-63.757156,-60.641243,-43.268482,-24.233332,-2.0832691,3.316626,-17.366638,-44.997925,-50.333946,-45.52736,-42.988052,-39.52543,-49.321377,-56.27498,-65.37952,-73.67682,-72.86685,-69.36307,-68.06494,-68.59932,-68.434425,-67.19986,-68.13432,-58.098885,-39.304047,-23.652641,-14.431988,-2.965332,-3.0962744,-2.013158,-24.996359,-52.954075,-53.867676,-54.307804,-57.25093,-56.037758,-48.348465,-42.487503,-38.711365,-39.592407,-36.03952,-32.049015,-23.817324,-23.834152,-32.073406,-43.750984,-49.261208,-52.10838,-52.389088,-49.661667,-44.168503,-35.55206,-33.492615,-31.391691,-23.098404,-21.595901,-27.909817,-26.229492,-19.323013,-11.8490095,-6.1290665,-11.511059,-14.202747,-18.080318,-31.219097,-44.5124,-50.026768,-52.72187,-61.103268,-66.05092,-73.701744,-74.22313,-73.32083,-65.61976,-61.201015,-52.23243,-42.139626,-27.929474,-11.827139,-7.59674,-12.914526,-19.377672,-34.599415,-33.021988,-22.972023,-34.959435,-56.43905,-68.5479,-71.59829,-71.98532,-68.1472,-58.251095,-51.712574,-54.504036,-56.19954,-49.2425,-37.301834,-23.185976,-15.448766,-14.65494,-15.320773,-9.732749,-7.5333776,-3.7609918,-14.525785,-28.297146,-31.17079,-27.520557,-26.774021,-33.46508,-49.542202,-53.700226,-57.94156,-64.21713,-73.99245,-73.93636,-68.45146,-68.73816,-70.53784,-69.94331,-65.05649,-60.47632,-52.281395,-29.06583,-14.730192,-12.534967,-14.306099,-12.433703,-18.414143,-31.991909,-42.075417,-45.265705,-51.607956,-61.31074,-70.81418,-77.17267,-75.764824,-74.7166,-72.61282,-70.577255,-68.19472,-66.93319,-65.25843,-68.32082,-70.06037,-64.51475,-62.754322,-68.64545,-78.739655,-79.79074,-71.60245,-62.324146,-55.129765,-48.203514,-43.19828,-47.94275,-53.607224,-59.585213,-61.796654,-61.86164,-58.997314,-50.824173,-52.593216,-53.76789,-57.614056,-57.49535,-58.445976,-66.924225,-68.33469,-65.58119,-64.90263,-69.3663,-74.4256,-74.43914,-69.61865,-64.781586,-60.5367,-61.46305,-75.41733,-85.235115,-75.49741,-66.43989,-65.83589,-63.626408,-59.72741,-61.92723,-59.466812,-52.506386,-50.883507,-45.675663,-43.143593,-44.640938,-56.474552,-65.079025,-63.143135,-54.546116,-56.35794,-62.7672,-65.53156,-64.91015,-69.344086,-73.32243,-72.10155,-72.91618,-66.643585,-65.97015,-69.41611,-65.85504,-69.50421,-70.05129,-65.718315,-68.519135,-68.57439,-68.26385,-68.264,-61.73017,-63.30875,-64.99772,-67.71425,-70.885605,-66.24676,-59.596626,-53.53407,-47.094505,-43.694305,-44.130116,-46.095444,-56.57274,-59.81196,-53.272186,-44.161247,-42.20999,-40.14776,-41.991333,-44.249504,-40.931595,-39.45311,-36.907364,-42.237816,-54.183907,-60.876648,-52.79277,-45.002983,-46.320923,-43.557156,-39.306458,-39.463352,-32.72596,-31.241768,-30.032024,-28.145924,-32.616295,-26.952766,-17.429497,-19.59924,-16.971458,-16.35118,-12.310549,-23.62304,-48.526604,-63.435333,-72.8072,-78.128845,-84.21672,-85.40328,-80.12407,-78.429794,-80.62367,-76.70413,-72.632,-70.196014,-67.45112,-60.644478,-45.425636,-43.66594,-47.075657,-41.36956,-36.62494,-30.399918,-32.576508,-55.094566,-71.381256,-75.32478,-76.49291,-78.43709,-76.315414,-73.780846,-74.87514,-64.19131,-48.30726,-35.1534,-25.468945,-17.591045,-18.020935,-22.240158,-30.430225,-51.846756,-58.068226,-56.451973,-47.24297,-35.054047,-38.474197,-51.65413,-62.82569,-70.54661,-68.388565,-70.78898,-74.603165,-71.83449,-64.31467,-68.57327,-68.45055,-66.273056,-62.82875,-60.19847,-57.0957,-54.41552,-59.480873,-60.93831,-60.663166,-62.43805,-63.401398,-64.32221,-66.64844,-68.779816,-76.25728,-77.194824,-75.04001,-75.78001,-70.51275,-66.07662,-74.08792,-82.568405,-69.47073,-63.520126,-69.23288,-65.5265,-70.018936,-66.886635,-55.429893,-35.38133,-24.159645,-20.70578,-20.469097,-19.367672,-19.802258,-19.899883,-20.709156,-21.237371,-29.147827,-51.886925,-55.62123,-67.09822,-77.07254,-77.889824,-76.84375,-78.05501,-81.146225,-84.3723,-94.24704,-101.928314,-91.83607,-91.34744,-90.08781,-87.902405,-90.804,-80.0735,-75.44435,-73.43075,-84.26704,-96.12049,-98.56744,-95.319885,-91.535965,-93.3687,-101.61856,-109.7144,-106.54027,-100.2736,-95.14395,-85.73462,-74.66242,-73.19327,-73.94881,-71.47496,-72.45969,-68.92184,-64.18244,-64.394516,-63.5744,-61.447838,-65.07166,-70.26163,-69.46199,-60.040443,-44.680878,-37.954445,-34.500458,-38.416584,-39.00615,-26.519724,-24.108541,-30.48869,-48.226505,-59.10103,-65.865036,-58.345177,-43.618942,-33.072426,-33.47885,-39.66482,-36.936424,-27.288818,-26.334011,-31.936283,-28.70271,-24.130291,-19.39259,-16.856884,-14.102604,-9.256534,-6.0402546,-6.7254558,-9.553562,-8.27025,-3.0930676,-0.6368273,-1.3101923,-2.9999943,-4.7691555,-2.8790944,-2.873026,-2.0327523,-0.29882583,-2.7136946,2.0200186,1.9929965,-14.857637,-45.314655,-51.915344,-52.062874,-58.03784,-64.7908,-56.79991,-46.87355,-45.547707,-54.790253,-49.98301,-40.483917,-29.531828,-23.422165,-18.417286,-39.502777,-55.886017,-35.33799,-36.879887,-39.717865,-40.964195,-39.955147,-30.046732,-18.524384,-14.391205,-19.552132,-18.858046,-12.263019,-11.431573,-17.383781,-15.879226,-12.143478,-12.659344,-8.61191,0.29711103,-3.961193,-15.294213,-36.160164,-43.93079,-37.002975,-41.687172,-55.591476,-58.951958,-55.51673,-55.853844,-53.35598,-51.95617,-57.105995,-58.35901,-53.993507,-45.008507,-45.02534,-45.33425,-44.248016,-43.643738,-36.320965,-24.589931,-0.4402176,13.579632,13.875452,11.572826,-5.1004934,-44.6041,-58.13555,-51.263313,-44.92255,-42.532852,-42.933502,-36.213562,-26.186123,-24.365004,-29.492048,-33.100624,-33.014534,-30.172127,-27.576395,-28.96107,-32.066757,-29.115688,-21.776373,-15.4244995,-7.010743,5.092678,7.7900662,8.731326,7.326409,-7.7375193,-22.300768,-30.045525,-33.680267,-30.045647,-37.90314,-44.60471,-47.477257,-47.867714,-47.066288,-40.15171,-36.08375,-30.745577,-36.833084,-51.995155,-46.79146,-34.803825,-36.714874,-37.824966,-32.930897,-27.503635,-21.35521,-18.691505,-19.821842,-19.197674,-16.937092,-21.137234,-25.719334,-22.43422,-15.885139,-16.330427,-18.522955,-20.423624,-18.441292,-13.892397,-12.289053,-14.640318,-17.667412,-13.141232,-12.05825,-28.95131,-37.58462,-35.610184,-29.894375,-26.2943,-20.963669,-18.387825,-18.161465,-16.565128,-22.774853,-34.72103,-52.86396,-48.438526,-39.874268,-40.12063,-38.003433,-32.837395,-27.490614,-26.192228,-23.13343,-23.170391,-23.347645,-25.930286,-30.713017,-36.323334,-34.72853,-29.292332,-24.67358,-18.641811,-13.418465,-13.358658,-12.532385,-12.295596,-13.686934,-29.22281,-45.56455,-42.49521,-22.52452,-19.052242,-17.202229,-14.91851,-12.653925,-15.424953,-13.300066,-12.835681,-11.478781,-4.6654406,-0.4250049,1.4960479,0.8754292,4.0641875,-0.6257092,-2.8588912,3.6090953,10.297342,11.137093,4.727657,-20.78429,-32.460266,-45.509186,-56.138428,-52.617584,-51.381836,-49.2181,-42.986618,-36.42179,-29.959057,-25.55278,-22.478065,-17.615221,-14.606518,-23.597807,-33.413246,-42.713085,-51.692604,-53.57537,-51.34513,-42.516792,-41.3497,-37.623756,-29.793058,-22.670444,-18.853325,-16.702877,-17.729012,-19.621561,-21.707504,-22.09537,-15.461608,-15.8467655,-19.422749,-21.142162,-16.738657,-14.431963,-20.443579,-18.091267,-10.848147,-16.731588,-24.375587,-24.745323,-30.245955,-25.501724,-21.916594,-20.55186,-16.146687,-18.719707,-37.93828,-48.371964,-45.349922,-49.031143,-43.232628,-42.09774,-43.89556,-46.47588,-42.033394,-39.57173,-38.403557,-45.274887,-53.932083,-51.06391,-47.20086,-48.89212,-45.072327,-39.569633,-23.855675,-3.3778307,9.780019,15.799465,23.50246,32.902634,28.199724,-16.15831,-44.568497,-52.875866,-51.538895,-51.380424,-57.223568,-55.97239,-60.66544,-59.955605,-54.58555,-53.892647,-54.30624,-51.35164,-52.210423,-50.737747,-43.579136,-29.893341,-18.939367,-4.240157,3.343073,-1.3932749,-7.113757,-8.4276905,-8.936058,-19.949408,-36.482677,-43.037003,-40.245438,-39.72912,-36.52648,-31.174738,-26.93795,-29.734795,-29.427214,-26.177654,-21.946964,-26.879318,-26.95657,-22.32747,-36.424812,-44.628098,-43.63615,-42.777596,-36.19371,-28.341925,-25.689568,-23.775414,-19.900549,-14.697607,-16.68923,-23.960608,-24.146656,-37.35346,-46.26419,-59.93988,-71.04186,-76.11801,-73.10458,-57.68133,-29.183384,-15.070431,-30.12502,-37.94992,-40.54829,-49.060234,-48.06962,-39.076683,-32.714134,-28.06476,-20.961735,-26.753178,-29.366993,-22.454914,-25.702473,-42.656647,-52.104263,-45.312546,-51.09784,-66.82356,-73.64249,-73.07058,-70.18167,-70.43376,-68.26244,-58.446815,-51.202763,-60.2739,-53.712944,-34.653862,-25.247173,-24.968416,-15.851446,-10.272705,-10.930664,-8.9488945,0.71720433,0.3370763,-21.022163,-43.664604,-49.162285,-52.729713,-42.696472,-34.26672,-45.531437,-52.499542,-59.658707,-64.773964,-60.832115,-60.07978,-57.893257,-56.573853,-55.558388,-60.700005,-58.437286,-51.97155,-48.869896,-46.787624,-44.32469,-33.31652,-23.361227,-15.873096,-26.17435,-52.318275,-58.933937,-54.82942,-48.08057,-50.455532,-48.016914,-42.949142,-35.65712,-30.859472,-33.043,-31.733047,-31.079487,-31.83694,-34.238678,-35.630264,-50.73536,-56.37496,-48.56415,-42.835705,-39.88768,-29.877113,-25.480183,-32.05876,-41.3143,-46.40206,-48.091156,-38.709732,-29.488747,-35.972237,-50.47683,-54.598732,-57.80237,-58.093964,-57.975433,-58.032524,-53.66607,-49.515232,-49.09913,-53.118088,-49.480255,-49.81852,-47.976532,-40.8937,-38.020813,-35.92578,-34.398758,-30.125471,-27.833687,-38.779915,-54.242134,-49.845425,-36.9335,-28.653393,-26.990532,-26.993797,-27.849932,-20.499962,-17.805822,-20.876148,-22.099918,-17.280504,-18.627697,-23.540476,-26.197504,-28.957088,-29.404102,-22.869179,-18.691034,-21.704277,-27.209858,-27.052025,-31.451097,-44.293076,-46.0218,-38.27929,-32.34891,-27.32156,-29.160595,-32.674103,-47.744976,-56.497353,-60.563465,-64.57126,-65.993,-61.545937,-60.26729,-63.170273,-69.16354,-74.38937,-69.67888,-59.961964,-61.992744,-64.997314,-54.15983,-31.692173,-14.1919775,-20.822351,-32.571316,-40.466034,-35.04419,-37.57563,-38.67553,-38.079384,-41.324585,-56.223907,-67.5974,-67.220955,-66.206116,-66.46976,-66.09835,-67.150955,-72.6746,-72.467255,-73.289505,-71.143524,-66.084015,-66.12114,-66.60408,-68.61511,-68.87778,-70.4369,-73.625824,-73.24807,-63.98295,-63.09183,-60.700287,-62.618126,-66.44095,-65.52431,-63.62075,-66.036835,-71.07262,-75.17988,-75.974335,-75.695526,-76.24756,-73.40262,-73.34286,-71.19935,-69.80672,-74.226685,-71.18312,-69.35687,-77.4433,-73.052246,-73.82088,-74.8434,-78.07153,-73.77132,-69.00137,-68.0285,-70.94647,-70.36371,-70.305145,-71.168015,-70.643936,-65.869286,-66.20943,-71.85309,-77.59632,-76.56355,-72.547104,-74.89436,-75.405594,-73.986694,-71.11804,-77.391205,-81.070724,-78.981384,-74.54942,-72.40426,-72.001175,-76.93004,-77.096176,-71.70338,-70.307846,-69.99852,-67.39641,-68.71149,-69.63887,-64.08092,-56.576202,-53.42691,-50.386753,-41.762154,-35.62937,-35.82445,-30.659464,-27.3401,-24.715523,-17.077831,-14.26252,-16.116184,-26.36853,-47.835808,-58.44795,-58.21341,-57.28063,-55.24036,-53.449707,-48.87697,-46.762924,-47.34839,-45.6617,-42.973083,-40.589508,-30.189167,-35.072533,-55.183487,-59.664604,-57.673897,-50.279823,-40.45532,-40.402573,-39.818443,-36.064934,-34.812187,-27.315243,-27.875658,-37.418793,-43.95522,-52.251846,-52.561703,-52.293327,-52.9795,-64.03118,-74.14064,-81.60285,-80.839584,-81.301506,-85.26865,-90.6291,-89.12184,-82.42205,-79.36367,-76.04303,-76.90987,-75.93477,-72.28132,-62.934326,-44.960163,-33.53839,-35.685402,-42.09069,-58.928993,-72.06653,-77.68656,-74.41893,-68.94289,-68.60985,-73.56225,-83.57991,-85.88984,-80.658104,-73.378746,-59.97843,-36.98825,-34.09414,-30.652618,-23.999123,-14.553564,-8.1425495,-10.539339,-15.676373,-36.8135,-54.256035,-48.452675,-48.34571,-55.531147,-60.045357,-65.39267,-71.253235,-76.67366,-77.330536,-75.3259,-70.479866,-68.08719,-71.36693,-69.93266,-70.14804,-71.90765,-73.33641,-71.17027,-66.710236,-64.33913,-54.778053,-48.10179,-50.70558,-60.80799,-66.64242,-70.26871,-71.30211,-76.823044,-77.503555,-71.60638,-61.74092,-63.077812,-66.67851,-73.720215,-76.46138,-73.98534,-69.552246,-76.612915,-73.86178,-62.112595,-50.0501,-49.6474,-47.648758,-41.15663,-32.993774,-34.605186,-36.34276,-36.480377,-27.65053,-27.218025,-27.702122,-32.302883,-36.06624,-56.78673,-72.59233,-69.9394,-68.46053,-76.901115,-81.59668,-89.33156,-90.0047,-91.40524,-89.865204,-81.73819,-82.86394,-84.66374,-84.986206,-81.93529,-80.45474,-78.95899,-78.56209,-78.38542,-80.07232,-85.828415,-88.79666,-85.79639,-79.645744,-78.40234,-90.35252,-106.77045,-106.36411,-96.31179,-89.75072,-77.01154,-68.42188,-66.465,-65.890915,-64.16788,-61.4499,-58.5048,-62.888493,-71.62723,-68.822556,-54.928932,-41.143562,-37.486115,-44.46695,-48.9518,-44.709656,-48.0923,-54.184826,-60.535614,-64.823364,-62.324944,-58.329704,-48.0392,-41.920403,-43.843166,-42.740128,-35.508705,-26.370588,-29.042475,-28.96543,-27.49797,-18.723293,-23.016567,-15.26804,-11.435263,-21.07624,-21.349855,-29.331043,-42.902016,-43.42613,-52.16926,-55.390003,-48.42025,-40.785393,-40.158573,-34.698044,-29.599888,-28.223507,-23.039227,-21.558819,-28.329498,-37.29445,-44.28515,-42.18085,-44.415977,-37.603844,-36.705437,-38.25187,-31.425861,-29.279234,-25.568672,-23.31371,-22.159058,-18.338081,-28.098982,-26.1651,-17.091698,-18.45958,-21.131397,-26.493687,-30.471722,-23.355568,-20.58007,-22.65101,-22.627457,-37.839554,-52.876736,-52.552647,-48.254402,-49.414055,-41.749134,-26.591019,-32.040703,-37.522324,-34.447014,-31.187057,-34.557907,-46.53779,-50.52809,-42.45304,-31.903036,-26.402992,-18.95942,-36.420944,-43.442184,-43.948666,-39.409607,-38.73625,-41.829414,-39.88746,-41.03804,-44.89222,-51.686485,-53.543713,-60.88731,-66.26625,-62.129128,-46.879745,-20.632656,0.44488072,-16.894964,-37.027557,-41.61222,-36.730755,-28.2644,-25.313877,-26.832285,-42.768387,-48.850044,-41.429283,-33.08546,-28.178669,-28.634169,-33.52085,-32.070583,-29.844704,-30.19519,-30.635288,-32.671394,-30.553055,-26.8027,-21.287167,-17.350388,-13.456306,-14.890141,-20.529318,-24.539593,-25.72998,-14.628319,-10.245512,-7.105449,-20.824722,-31.71033,-28.181202,-26.920097,-24.717442,-33.65062,-42.62436,-49.933693,-52.351906,-49.46013,-37.998913,-26.950813,-20.746452,-14.535683,-20.090618,-20.202486,-16.075504,-18.992556,-18.504414,-13.473394,-13.551077,-10.9304695,-9.323558,-9.79846,-11.285263,-12.753765,-11.380285,-10.588413,-9.118098,-6.5124736,-19.926605,-41.009914,-47.166775,-43.593094,-36.822247,-31.149162,-25.733555,-21.84238,-18.938284,-18.909973,-21.856524,-26.89471,-36.48589,-43.34302,-40.254364,-32.99107,-22.04655,-16.63266,-10.340194,-4.9510393,-7.548234,-8.041479,-8.078477,-10.2164955,-22.477398,-36.96157,-35.51184,-25.274166,-14.959312,-8.50894,-9.942151,-7.79294,-3.3808835,0.97426397,-7.7900205,-33.846676,-43.28177,-39.67228,-38.841747,-29.543385,-23.32525,-21.375937,-18.889004,-16.287392,-10.208214,-6.678951,0.61498255,6.060746,2.4302926,4.426122,11.490869,17.213768,15.338427,12.100527,18.730186,12.516123,13.4682045,0.7338,-17.450089,-35.515114,-50.92206,-47.677097,-40.18609,-37.66646,-28.150925,-20.538397,-19.060745,-17.823536,-14.110441,-11.75049,-33.27163,-49.5776,-51.25883,-50.553825,-42.86901,-37.64634,-36.716568,-30.782589,-23.256878,-20.785751,-21.049091,-24.787275,-22.830757,-15.010873,-11.374753,-9.151106,-3.302355,1.4010651,6.3765087,8.849548,10.245491,15.74461,12.029099,4.0702744,8.166592,10.586616,-9.739244,-30.48159,-37.948807,-37.169834,-32.746735,-24.479006,-19.729324,-16.904568,-21.769382,-33.60926,-41.475945,-55.471367,-49.56622,-31.06762,-10.447922,-4.628192,-3.0636425,2.1781826,3.0097914,3.5700626,-11.985222,-30.813633,-24.047644,-17.514805,-25.513336,-31.488644,-20.79475,-5.348036,8.618899,14.737318,18.758423,21.156971,26.295906,7.005001,-34.704376,-55.22809,-56.535297,-61.671837,-64.33597,-64.78143,-68.7142,-68.58948,-74.11613,-77.059006,-77.31004,-71.98171,-63.349323,-53.509293,-35.174477,-36.594437,-48.0141,-42.738564,-35.498615,-38.552895,-39.764946,-42.70692,-41.995193,-42.843056,-49.678284,-59.916496,-66.33763,-71.642494,-75.09273,-76.7592,-77.52847,-83.57384,-90.213585,-89.275795,-83.42811,-75.40395,-73.30154,-72.702255,-72.382935,-77.29827,-79.77933,-83.99124,-93.042694,-89.00548,-74.93924,-63.86129,-58.91602,-62.18551,-63.85501,-69.39967,-73.53285,-77.36286,-75.069565,-71.43269,-68.72135,-64.62894,-59.094566,-60.51358,-64.9771,-69.35036,-69.16846,-61.084892,-57.74539,-69.539,-72.356064,-68.33814,-64.34105,-56.516777,-60.99086,-65.96658,-63.266815,-61.060097,-54.596344,-59.33259,-61.555183,-63.536507,-68.44321,-72.638664,-74.274826,-74.861176,-78.916374,-78.007065,-79.62586,-81.87168,-80.97229,-84.28223,-88.25177,-89.33706,-80.53714,-75.44931,-71.94202,-72.11957,-67.32814,-54.132767,-42.411415,-38.872314,-46.93522,-54.20057,-62.64147,-67.70901,-64.156654,-62.916763,-56.626785,-56.961365,-57.955017,-58.992317,-60.545486,-61.27041,-60.022137,-61.18593,-62.943,-65.01119,-69.24049,-73.71503,-71.71863,-68.39625,-67.34016,-61.93468,-56.237114,-60.135147,-64.364,-60.55353,-56.542027,-64.72144,-68.355865,-71.253494,-76.598724,-76.623955,-76.609634,-77.771736,-82.85234,-85.99385,-86.32117,-91.53022,-88.72832,-79.70302,-87.78815,-91.9037,-88.25,-85.4389,-74.7378,-68.57741,-66.7364,-69.05896,-70.946915,-77.15283,-90.18051,-93.50653,-93.938614,-79.24973,-67.155685,-64.07064,-58.518806,-60.431374,-58.282818,-55.728104,-54.517944,-57.911407,-59.426056,-63.50068,-66.682335,-63.87752,-57.79612,-55.076912,-53.74646,-52.3317,-56.581192,-56.422203,-59.418602,-61.981064,-68.4485,-67.278915,-66.59367,-67.59893,-60.207123,-63.933205,-72.82464,-66.16936,-61.152275,-63.079536,-63.22107,-61.022602,-61.98767,-78.24208,-79.038635,-75.38803,-74.733185,-66.17197,-64.29376,-63.257675,-65.944626,-65.07234,-60.04709,-67.34256,-73.14305,-60.96248,-48.130413,-49.001766,-49.522083,-56.583828,-61.845383,-60.192497,-57.344437,-60.36657,-58.287056,-52.99095,-48.856255,-57.407425,-74.45928,-71.90833,-54.233707,-45.814335,-57.70349,-65.195595,-63.843346,-61.508343,-54.159943,-48.92607,-54.334587,-64.04497,-64.50438,-58.627167,-57.069077,-58.57892,-61.117455,-66.37109,-72.32811,-70.254486,-68.8666,-67.94159,-71.66412,-79.103935,-81.355225,-84.005875,-81.924576,-78.45357,-79.77142,-83.06144,-72.61824,-64.70794,-61.466537,-56.990368,-46.04584,-54.160408,-62.17831,-65.07745,-68.22432,-67.18987,-69.05884,-67.21701,-64.294266,-67.2514,-65.049774,-63.012306,-58.213318,-56.57924,-55.110607,-54.251183,-52.722633,-54.86615,-59.753223,-62.33618,-66.355286,-60.180748,-44.567688,-41.426018,-50.127342,-55.515114,-56.947853,-50.807835,-49.507896,-57.437115,-62.35628,-66.06338,-64.76191,-59.19084,-59.030037,-63.709335,-68.86447,-73.05797,-79.31871,-81.19031,-75.92429,-61.330162,-60.355408,-55.485832,-49.836594,-41.18903,-32.369347,-27.251816,-26.36878,-43.744648,-53.174126,-48.782196,-36.85333,-33.56143,-39.139072,-43.189117,-38.82487,-36.91131,-28.543941,-18.442474,-20.857288,-29.266373,-37.107864,-51.724907,-58.467876,-49.974037,-42.32761,-38.53939,-42.9589,-38.975918,-36.415565,-32.479836,-29.980885,-46.464363,-46.809746,-38.979153,-33.33274,-33.49431,-34.607155,-30.894358,-24.463432,-22.75797,-24.999352,-22.756006,-21.569185,-27.994324,-46.7462,-56.354904,-56.062714,-47.362297,-42.95224,-39.845703,-27.754045,-17.830687,-12.183376,-14.27265,-22.905548,-41.64174,-47.72181,-35.072968,-40.24025,-47.189545,-35.350876,-35.018723,-35.313625,-32.663246,-24.484623,-14.979099,-20.909286,-31.69961,-33.727222,-44.02859,-53.133152,-50.828327,-45.51662,-36.252842,-33.772057,-34.58111,-25.287647,-18.336601,-20.0836,-41.77942,-52.97326,-51.037785,-50.021137,-42.92218,-42.91079,-35.42435,-27.938503,-22.616735,-15.704275,-13.831858,-18.371979,-25.906294,-42.222435,-45.453125,-41.61064,-33.088844,-27.64611,-26.252182,-16.843319,-12.588073,-12.256741,-11.203128,-25.61797,-50.44419,-64.7314,-59.286606,-48.924156,-50.315926,-52.796486,-59.151207,-62.48217,-68.14891,-72.523605,-69.29881,-62.446823,-55.878563,-53.814667,-49.072304,-48.546165,-49.61772,-48.46757,-46.191296,-41.352615,-32.50565,-32.055313,-34.91199,-37.7166,-48.52557,-60.797234,-62.204567,-59.25396,-60.19411,-67.79805,-69.33881,-68.7303,-72.19946,-69.04691,-63.92062,-62.38044,-74.21444,-84.0342,-81.92377,-74.558105,-74.39543,-76.84401,-87.090195,-81.518745,-66.90738,-62.77755,-59.787617,-47.554306,-54.54151,-59.919632,-64.52991,-70.98134,-66.78166,-65.70068,-71.703156,-73.6823,-76.60297,-72.0699,-67.63817,-69.68739,-70.211426,-67.33801,-59.354942,-53.433586,-45.21067,-47.43123,-50.916443,-51.811996,-48.21293,-39.965294,-41.59517,-45.55304,-49.41189,-51.89379,-47.309128,-49.123756,-47.23387,-54.075542,-62.73804,-69.60458,-73.864395,-72.974915,-66.66519,-67.111305,-72.097855,-76.499725,-81.668045,-84.908035,-84.20297,-83.7518,-80.15061,-71.88599,-63.470562,-58.272423,-55.482178,-50.206177,-39.03038,-43.44439,-49.22371,-48.47681,-42.067062,-37.260353,-37.88883,-42.949615,-46.08828,-46.30288,-49.022278,-46.13424,-47.572987,-45.7767,-48.6344,-51.376938,-55.88216,-52.170204,-50.83935,-51.11654,-49.883797,-45.530174,-35.097473,-27.185818,-22.919477,-34.08024,-57.369915,-55.855568,-55.39009,-67.87686,-73.09615,-63.00505,-63.181263,-69.74332,-65.87239,-67.18001,-66.43567,-63.410408,-73.29442,-79.10982,-76.78618,-78.29898,-79.474495,-76.225006,-73.30115,-69.968994,-68.72522,-69.7094,-70.7423,-77.69316,-82.6109,-82.40625,-78.10115,-72.40329,-69.87981,-68.190926,-51.523926,-44.36198,-40.961914,-40.004837,-47.45256,-53.86817,-51.097786,-57.507812,-63.79091,-64.56576,-59.550453,-53.484818,-53.439827,-55.085968,-58.45791,-55.134876,-54.4167,-55.861557,-61.612564,-72.8414,-71.51489,-61.911964,-58.93104,-54.32321,-53.071747,-47.527885,-38.318733,-32.778446,-32.851982,-40.38999,-43.33584,-54.348316,-55.833946,-55.585594,-53.307686,-48.119484,-37.26534,-34.56804,-29.536673,-24.382458,-28.734533,-33.625267,-37.628304,-43.062847,-41.091522,-39.6603,-47.177773,-56.325775,-56.741264,-58.249702,-63.802418,-67.086365,-66.38603,-61.747276,-60.608955,-67.855255,-63.75,-55.69247,-52.3079,-54.654705,-54.55174,-47.5614,-47.35707,-42.172836,-39.86776,-43.455986,-60.697845,-73.87473,-70.11856,-66.80815,-69.85168,-73.22783,-75.963974,-73.58553,-73.34543,-70.32555,-68.97102,-75.2789,-73.61008,-81.78465,-80.11958,-70.00389,-74.695175,-78.219376,-81.48822,-80.02733,-63.132683,-46.01554,-43.027863,-53.38125,-65.33542,-71.10164,-73.739914,-70.74558,-62.656425,-51.89708,-53.962017,-56.45636,-61.5814,-60.51332,-59.234016,-56.174088,-57.45585,-58.50193,-51.889824,-46.852478,-47.243275,-52.88503,-57.001698,-51.0391,-50.78344,-57.809116,-52.74652,-46.671257,-55.277897,-61.735275,-59.105263,-59.024216,-69.683464,-72.14603,-69.771355,-66.624954,-67.38536,-70.493546,-68.56903,-69.22102,-69.2854,-79.14865,-90.02037,-93.48737,-86.64313,-64.38473,-51.340538,-45.982895,-45.355667,-42.452835,-42.36147,-39.507156,-29.286673,-33.10199,-38.08147,-31.935787,-22.68022,-16.766983,-18.514431,-23.718483,-39.275494,-55.396763,-60.73629,-51.75953,-44.83721,-56.02845,-71.6409,-73.006195,-68.503586,-61.13175,-57.76132,-53.87854,-53.833687,-61.923042,-71.74991,-68.919754,-64.154274,-67.53557,-64.17736,-56.759346,-50.460396,-45.169014,-43.4737,-40.01576,-38.622063,-40.507164,-38.730534,-41.465565,-45.68174,-52.598907,-58.818523,-52.327248,-39.475883,-33.221935,-39.555077,-39.417877,-37.81155,-37.647236,-32.265587,-39.35294,-55.035934,-62.607857,-61.694847,-65.28604,-56.768013,-55.371895,-53.265793,-51.17321,-41.854927,-36.641953,-32.118267,-33.041126,-34.84845,-39.760895,-53.11965,-61.177788,-52.986305,-44.307224,-43.20788,-46.695923,-52.129887,-41.03971,-33.480526,-38.868507,-55.27412,-67.170456,-66.100105,-47.954643,-36.87172,-35.00406,-31.278894,-25.629047,-36.997192,-42.51761,-36.365524,-33.82617,-33.73445,-47.17691,-52.709827,-45.72505,-39.420464,-31.694275,-29.555649,-37.513382,-36.042564,-21.560825,-24.876133,-50.424156,-59.04524,-52.138237,-42.474823,-33.61391,-32.276802,-30.515991,-33.6914,-45.48419,-57.772224,-54.75491,-50.396812,-50.83378,-47.433174,-43.147984,-40.540955,-27.564686,-17.798677,-16.358025,-16.255526,-19.16707,-21.594408,-24.174137,-25.007973,-32.861423,-49.440784,-55.865814,-57.198208,-52.64912,-53.256035,-54.486282,-53.733597,-58.807793,-65.573685,-72.70468,-69.687706,-63.30753,-58.46933,-56.52188,-48.865456,-39.5298,-40.981194,-44.43205,-45.777504,-58.945168,-70.24936,-66.65882,-52.945374,-48.04834,-55.206688,-61.553116,-60.50672,-50.83159,-41.93242,-45.362938,-53.137413,-57.24379,-58.276726,-63.62616,-66.68533,-74.67503,-77.47882,-70.5382,-65.341675,-62.144558,-58.90821,-55.495426,-49.703743,-49.37275,-58.815323,-61.43488,-62.364006,-61.114334,-54.90587,-50.269814,-52.982407,-57.853176,-62.27088,-56.627728,-53.88268,-61.406204,-71.11409,-72.3322,-71.67667,-66.748405,-63.896774,-66.91909,-70.27425,-69.84706,-68.68329,-66.91122,-65.763466,-64.05449,-58.831318,-58.18965,-54.48248,-48.807976,-38.568886,-35.179672,-41.940186,-49.685974,-64.95134,-76.08185,-86.33594,-76.81919,-60.60012,-56.80952,-56.541092,-55.74942,-51.631714,-62.35608,-68.634415,-75.81563,-69.430084,-66.07055,-60.67598,-55.61072,-49.903236,-45.60903,-47.225266,-45.90931,-43.12686,-44.15983,-42.943718,-38.88535,-46.894207,-52.312866,-46.641518,-48.26895,-49.399048,-47.208275,-50.759056,-45.473,-50.03972,-53.297073,-54.87396,-62.507248,-68.863556,-73.92009,-70.55661,-67.62728,-69.85272,-67.43773,-65.55875,-58.77609,-57.328224,-57.070053,-62.51037,-58.023895,-51.005043,-53.13378,-52.45205,-53.08776,-57.30787,-55.17211,-54.43349,-51.134163,-52.66899,-57.839928,-61.465538,-75.32503,-88.62796,-98.25855,-92.6912,-90.94545,-93.700226,-96.816055,-88.48097,-77.25888,-68.966644,-86.62552,-95.046616,-91.248695,-86.21094,-79.05641,-87.23805,-96.30823,-99.523506,-104.01791,-102.3761,-98.51628,-88.08694,-78.93085,-62.863266,-53.89685,-45.14895,-40.878357,-35.82401,-30.758392,-44.9693,-67.95619,-73.58833,-69.60414,-60.33883,-65.41943,-57.75931,-49.43436,-53.531334,-69.57761,-78.66278,-77.52882,-77.51092,-73.81339,-72.18616,-68.55563,-58.788727,-46.51957,-38.678112,-39.84107,-41.674416,-43.28908,-49.146667,-54.598885,-61.9974,-76.95999,-83.89769,-82.43546,-75.473434,-73.33122,-74.40445,-60.554615,-64.279976,-69.41761,-66.00308,-65.56662,-67.63861,-63.24137,-59.031986,-46.59593,-37.550697,-33.202328,-35.048676,-35.00616,-36.416862,-38.883053,-51.95437,-56.42492,-55.967182,-52.433258,-49.492325,-41.98654,-34.959858,-40.109104,-42.15493,-42.39781,-47.61961,-46.796906,-46.778606,-54.930298,-64.09228,-71.24515,-75.259895,-75.1965,-77.647736,-69.76058,-54.972313,-39.189053,-29.167316,-30.745838,-44.504936,-58.04532,-75.64772,-90.74794,-94.360504,-101.593796,-108.075836,-100.80237,-87.214874,-71.68054,-69.44766,-61.779343,-64.49902,-64.760925,-57.98186,-65.01139,-68.31496,-74.739975,-85.25232,-84.77965,-67.03795,-53.74386,-59.71776,-66.9377,-64.61147,-64.82555,-73.662125,-82.519226,-90.60586,-90.91623,-91.53339,-91.07655,-82.80963,-57.613365,-30.937035,-24.380465,-27.28629,-28.621845,-30.503815,-38.856712,-51.334717,-69.89775,-79.54585,-80.361664,-76.57468,-72.664276,-74.08219,-80.53132,-81.89357,-78.86267,-68.11674,-51.87,-50.195343,-51.598625,-49.06423,-48.55946,-47.699745,-47.933228,-53.15695,-66.99135,-70.56186,-63.067783,-55.810856,-54.545433,-54.451477,-56.38986,-52.831356,-50.574226,-50.66676,-56.56907,-60.325714,-66.229126,-59.601063,-52.591843,-58.070183,-59.38059,-65.00897,-78.99971,-79.6212,-71.46812,-69.213715,-71.881836,-65.10312,-57.593315,-59.026352,-55.647156,-51.888237,-47.214268,-39.86793,-28.698706,-25.698551,-38.391144,-56.68784,-67.90183,-70.812325,-71.983734,-70.362366,-65.63607,-53.82312,-47.261585,-44.10381,-36.57003,-26.918133,-32.209816,-45.526867,-53.964382,-63.108772,-74.115105,-76.708954,-73.89356,-72.88403,-72.17025,-58.49594,-49.775307,-43.532074,-47.834274,-51.892715,-48.15267,-46.854206,-43.02794,-44.986603,-45.565933,-53.160393,-69.64554,-67.52484,-71.79343,-79.95744,-75.997116,-72.12675,-77.959076,-74.12056,-64.61494,-56.536148,-44.50889,-50.689716,-67.89302,-78.76127,-76.69594,-77.66863,-73.82855,-71.59754,-59.747955,-46.937775,-46.420357,-55.249332,-55.162796,-48.101486,-43.35709,-44.982506,-50.65457,-50.346397,-47.31637,-52.341705,-60.3994,-56.51982,-50.903862,-51.836708,-53.603596,-59.57749,-69.15302,-67.54195,-70.69961,-76.858475,-81.10638,-74.401566,-58.88726,-50.899315,-46.037804,-56.24713,-62.37468,-58.57043,-58.997807,-68.75088,-70.57875,-58.58973,-50.193317,-44.697323,-40.213566,-37.98526,-44.45268,-44.15055,-46.711914,-49.238358,-56.924606,-63.336838,-71.24004,-80.06832,-84.179436,-74.87698,-61.56806,-51.35694,-51.39182,-51.280502,-39.61096,-38.921803,-51.659042,-63.518074,-63.764088,-70.893326,-83.867004,-94.64662,-87.88841,-73.55342,-63.686943,-49.430595,-39.224068,-46.088936,-50.046467,-53.29666,-58.626125,-60.944077,-63.88105,-59.855095,-59.623802,-65.29266,-72.596924,-72.7319,-68.10292,-64.501755,-58.55726,-56.852432,-53.36785,-46.689148,-41.266182,-35.644783,-38.49251,-35.759506,-32.25809,-23.339117,-30.203863,-40.304207,-44.09423,-49.130173,-53.066803,-60.32728,-60.044506,-64.09384,-64.20169,-64.12698,-73.73193,-72.998535,-62.88047,-60.08647,-59.178238,-54.639442,-44.02056,-38.944733,-39.123028,-35.347145,-33.724236,-38.872337,-37.17668,-40.983116,-39.549953,-42.827873,-41.237526,-43.00605,-56.97931,-66.445915,-67.59933,-68.833496,-66.158936,-70.55356,-75.27521,-71.833954,-74.15871,-68.32014,-62.594612,-55.620865,-49.88519,-44.19512,-40.871323,-48.225548,-60.80685,-65.04358,-60.604694,-65.06096,-72.03183,-62.1667,-53.684364,-44.94141,-41.058765,-44.116333,-40.1848,-36.020256,-37.51021,-45.974117,-62.70456,-72.30377,-64.0149,-54.073273,-54.040756,-52.413353,-49.300087,-45.012474,-44.531616,-43.00918,-50.46817,-59.666557,-66.14299,-77.54097,-75.92013,-61.457813,-49.55432,-45.654175,-48.651306,-42.811523,-45.36209,-52.813362,-54.531605,-59.03284,-81.86133,-98.356,-94.36959,-87.42592,-78.758194,-58.921387,-30.072958,-22.29044,-31.41077,-45.794533,-53.547367,-52.88143,-50.448822,-45.56082,-40.727158,-49.6538,-63.277206,-69.414566,-72.20485,-72.65132,-64.35502,-51.23014,-47.549747,-46.269905,-37.124363,-36.93824,-46.533585,-45.342873,-40.96248,-46.583397,-56.879814,-61.04612,-54.09716,-45.152428,-37.77609,-41.293633,-43.583214,-45.369465,-45.174316,-42.77323,-40.440483,-46.53596,-51.16921,-62.005787,-70.99454,-67.028946,-61.82978,-58.217865,-47.59015,-46.707832,-51.99916,-49.4677,-39.710133,-42.51648,-48.957024,-48.71102,-45.69852,-45.436802,-45.430786,-46.645744,-54.147972,-55.289375,-50.304173,-46.129383,-53.424267,-60.17591,-64.6253,-63.025406,-58.587997,-55.619583,-51.999065,-52.131374,-47.04522,-36.522545,-33.01776,-46.149437,-49.168182,-61.592514,-77.18037,-93.66195,-96.83157,-87.05124,-73.772964,-56.24785,-44.202103,-48.202446,-45.749054,-46.480698,-53.929344,-60.339478,-59.639267,-66.53012,-78.41733,-84.2572,-82.26437,-79.04634,-88.05899,-90.094955,-89.88315,-77.95422,-68.4669,-60.55594,-53.45216,-46.907978,-51.418716,-68.2025,-81.952835,-85.22176,-83.6769,-86.122284,-76.91524,-55.236145,-46.117077,-48.86252,-55.584404,-56.003525,-55.415527,-59.71079,-54.227898,-59.093723,-62.923203,-67.83391,-77.20389,-76.74158,-72.31073,-69.09723,-66.85558,-60.634853,-61.210297,-61.33642,-58.785393,-57.27343,-56.88729,-53.983192,-58.532646,-57.23931,-58.88557,-53.281143,-50.057583,-51.93519,-69.310776,-80.626755,-93.82938,-88.46535,-78.04784,-70.272896,-69.47583,-66.38762,-59.52824,-50.5026,-48.394875,-43.42905,-47.63376,-40.004463,-38.19768,-47.38188,-47.040874,-43.292236,-51.294544,-63.819923,-72.85304,-69.39812,-59.598083,-50.32187,-46.099922,-41.465256,-29.947203,-39.421005,-44.335785,-47.85198,-58.454025,-63.157036,-54.891968,-42.702057,-35.397976,-31.205284,-19.425228,-11.202135,-22.53788,-46.036232,-60.358,-56.809975,-44.65528,-37.256004,-38.812363,-32.589775,-27.818634,-35.171288,-30.49231,-21.559677,-24.225376,-25.084156,-33.73477,-39.554207,-33.343735,-27.599058,-24.730047,-20.151592,-20.849121,-17.705757,-9.858011,-7.566599,-21.098034,-50.424686,-53.448166,-47.545227,-46.819572,-43.87138,-37.299095,-30.01174,-31.131655,-26.053158,-18.521408,-16.345716,-10.682457,-11.451323,-28.978426,-34.327766,-38.413292,-31.465658,-26.39413,-11.852042,-3.8036265,-4.604446,-3.5366807,-5.3650618,-17.463417,-30.847513,-38.24275,-52.270397,-51.40085,-47.53683,-49.95858,-45.964897,-39.741867,-37.49215,-32.580853,-25.999443,-16.079065,-14.899118,-11.909776,-24.688332,-48.742073,-64.95598,-69.52362,-62.253426,-55.164165,-51.464157,-46.712933,-42.859177,-41.914047,-43.25789,-41.024597,-44.3948,-47.92589,-36.64746,-25.568966,-24.916939,-24.817547,-23.937721,-23.108315,-17.66352,-12.541672,-5.7957716,-10.867385,-24.779932,-32.840294,-34.019722,-45.356045,-57.472748,-60.7762,-59.525017,-47.540062,-39.612194,-38.88263,-34.49659,-27.171387,-37.306118,-47.948227,-55.86637,-56.450626,-50.238266,-43.546944,-35.333977,-30.327671,-20.593616,-11.037032,-7.6372476,-3.1042774,-11.517734,-28.165295,-33.25441,-37.262062,-44.51815,-40.254646,-29.500072,-18.56511,-9.157139,-6.1453147,-5.0825434,-11.624775,-33.94238,-56.886875,-59.31214,-52.87243,-49.060173,-48.29106,-44.203453,-41.496494,-36.32352,-22.689472,-19.6694,-23.376448,-32.357136,-38.847042,-40.355354,-30.190521,-32.50846,-33.940964,-31.216934,-30.288456,-23.342335,-17.444925,-15.196669,-14.346471,-16.487621,-42.344513,-52.213017,-60.15442,-54.33448,-49.33008,-46.570984,-42.869682,-39.32351,-35.84993,-29.780714,-20.703821,-19.61297,-16.932386,-21.814938,-46.517525,-62.8491,-65.48665,-50.294556,-44.631058,-47.965405,-48.57966,-47.544975,-37.68813,-27.703732,-30.056038,-37.934334,-34.49893,-22.734467,-20.420166,-16.43966,-12.83983,-3.1362803,-1.7537174,-1.9482737,7.149268,9.714754,6.386547,-10.0469475,-30.252247,-41.883076,-49.471813,-51.666252,-45.44005,-31.184387,-25.095173,-28.752611,-30.244007,-43.06581,-36.76406,-36.46804,-51.639893,-56.691273,-51.708237,-42.443977,-37.20559,-36.74779,-24.95985,-16.841055,-10.761368,-4.198909,-13.259647,-25.31533,-28.588837,-37.24345,-46.162643,-44.64026,-31.277103,-19.60021,-8.058132,5.178119,3.215838,-8.895917,-19.187527,-26.951118,-42.177986,-53.612602,-59.954952,-56.558384,-51.752277,-43.694565,-34.800167,-31.425343,-29.508266,-26.25819,-26.989922,-32.04799,-40.438744,-40.496857,-34.72116,-30.151579,-23.472412,-18.156368,-13.0381565,-8.134778,-5.2943573,-10.260878,-32.72665,-44.427742,-52.44095,-58.75518,-58.265823,-60.526123,-56.196987,-52.591335,-50.640343,-47.652607,-46.63626,-35.295376,-20.959354,-32.329144,-47.106544,-55.4269,-61.65181,-58.36918,-54.056526,-51.657562,-39.856987,-35.11409,-33.54529,-32.921886,-32.916157,-35.614227,-37.40402,-33.998016,-34.34507,-31.152061,-25.314156,-17.294939,-13.829645,-8.614679,-7.821828,-6.4667945,-7.6546736,-23.863758,-28.462551,-39.136055,-50.540848,-48.73893,-49.73193,-39.999016,-31.468853,-30.22876,-23.402279,-24.541073,-30.738428,-39.87349,-44.069225,-50.318745,-45.65462,-36.015823,-37.656677,-34.587273,-31.37569,-28.163269,-26.622074,-21.517712,-31.274097,-35.595253,-24.189774,-21.278381,-21.36438,-17.535625,-11.848732,-9.920477,-7.2773986,-2.5124993,-2.9174497,-36.52539,-61.70379,-63.148052,-51.273632,-40.191658,-38.15184,-31.474636,-37.147575,-28.780725,-20.26543,-16.405834,-14.744,-18.05789,-14.013641,-15.586458,-12.503469,-12.121943,-14.7422905,-9.231572,-9.384713,-7.013568,-8.56962,-7.4859195,-4.323515,-3.5223837,-22.16846,-48.914753,-61.256454,-67.804214,-60.24601,-50.952293,-44.881466,-45.818832,-35.323685,-34.247303,-31.75795,-29.557806,-25.004166,-19.771639,-20.956429,-20.119919,-15.287175,-11.603651,-7.4937515,-6.818342,-9.312775,-6.275138,5.5980544,7.81361,-11.249746,-48.974213,-68.98584,-69.336174,-62.887035,-60.213593,-45.553917,-36.88295,-24.927261,-22.933346,-21.634077,-20.042332,-19.618141,-21.68518,-18.997503,-8.60134,-12.18211,-19.705168,-16.233803,-13.470886,-9.276847,-2.7189777,-3.748077,-2.3655708,2.429481,8.881866,12.93153,14.443807,14.482233,15.068132,13.106013,10.259034,14.390246,14.441919,13.457785,13.9044695,10.554006,7.0859337,7.9863214,-2.435031,-3.550883,0.86277544,10.993755,16.741238,19.82184,29.184986,36.10396,35.028275,13.457924,-8.908188,-31.478262,-52.865623,-60.656532,-66.90901,-64.01135,-53.99823,-58.107376,-62.34031,-69.59747,-74.79129,-73.79724,-72.68416,-65.73704,-51.11371,-35.404778,-25.121838,-17.939045,-18.940592,-18.22801,-21.86097,-24.425823,-21.39015,-22.859566,-23.855587,-25.2029,-22.694944,-21.803308,-26.211887,-27.97882,-28.910622,-25.122293,-46.299194,-66.03576,-73.43135,-71.48627,-65.95181,-63.46978,-62.985596,-64.03667,-68.7328,-74.09443,-81.44297,-90.94207,-97.47238,-92.49092,-72.63153,-37.86668,-22.116951,-12.708704,-9.916527,-11.401685,-14.5425005,-19.761522,-25.686829,-19.258802,-20.685179,-24.471066,-31.017942,-35.04178,-53.798336,-66.945274,-65.67066,-60.176537,-58.39799,-51.153034,-55.600655,-57.953156,-60.79094,-56.160744,-52.551056,-56.861473,-54.75702,-51.17819,-48.32053,-49.467087,-53.290825,-55.427597,-61.429256,-64.53483,-72.04724,-74.357704,-73.3642,-71.996155,-70.1804,-66.943985,-64.83263,-63.876244,-62.951797,-65.946815,-74.559845,-79.74336,-80.13688,-77.238464,-80.59602,-81.54103,-78.40854,-67.18036,-54.131935,-37.13259,-30.708675,-25.649258,-17.318983,-12.686703,-10.549541,-14.042433,-45.48848,-59.29664,-67.59493,-79.872475,-82.66826,-75.86265,-84.73866,-84.40191,-80.79512,-78.07869,-80.55324,-83.35122,-85.51134,-83.90228,-82.30878,-84.879555,-85.06029,-78.84387,-82.21466,-87.42124,-83.09063,-85.49786,-85.85306,-76.731316,-74.53905,-79.732506,-81.35058,-86.29765,-99.244064,-103.51518,-98.542984,-88.14175,-76.13245,-81.52557,-93.880394,-104.38927,-98.34325,-103.45035,-98.121605,-79.648346,-63.352364,-50.02851,-34.28759,-30.834719,-30.93895,-39.456272,-42.46368,-32.831505,-32.87724,-35.619705,-35.160347,-50.95215,-77.45474,-76.049095,-68.04735,-64.17178,-67.01393,-64.207184,-67.88168,-72.392334,-80.37638,-80.30145,-74.86499,-71.86481,-68.87915,-67.39685,-71.63577,-68.84613,-69.49556,-68.343704,-67.63402,-74.64407,-79.464005,-84.63063,-87.35869,-79.802864,-78.88194,-75.700516,-75.0361,-74.54755,-76.07492,-76.44995,-69.36367,-70.12657,-70.13982,-69.337296,-70.01947,-78.64552,-81.52643,-73.155106,-67.29016,-73.21098,-64.18075,-42.05945,-32.852325,-34.142082,-35.475166,-40.99186,-43.720306,-43.144493,-50.21511,-65.566956,-66.3152,-70.98494,-78.716324,-77.92651,-78.839836,-81.247856,-91.297455,-87.894424,-77.939545,-72.00201,-70.357056,-63.654007,-62.836113,-61.074497,-56.298424,-46.98951,-29.956995,-25.371666,-33.799263,-36.968246,-35.363,-37.60067,-44.266937,-46.113823,-56.857304,-63.192207,-75.93915,-85.18019,-83.29053,-80.339615,-78.14382,-78.06975,-77.20229,-77.89018,-79.66454,-79.47934,-84.47264,-90.24986,-81.65727,-70.19618,-69.06657,-64.72819,-57.058266,-52.807228,-50.839203,-49.72789,-44.899536,-38.794662,-38.378983,-35.608574,-36.44783,-37.199127,-51.427044,-70.153854,-72.30336,-69.69103,-64.03894,-61.739002,-65.70173,-64.20252,-65.40174,-70.641655,-74.18726,-79.50508,-83.86293,-79.15373,-70.87418,-64.84452,-50.361774,-32.60954,-22.389648,-21.00337,-25.639164,-40.966022,-53.350647,-60.76477,-53.925217,-39.911957,-42.25413,-48.97426,-49.219727,-53.095108,-55.94993,-55.944366,-53.52277,-46.023,-38.812916,-44.197884,-53.33924,-57.520073,-49.59706,-40.18624,-30.79263,-19.04774,-15.596411,-6.6475124,-7.723426,-17.610435,-27.503792,-44.41424,-58.368156,-61.51697,-68.24281,-70.92207,-68.41583,-69.18584,-67.02165,-63.212376,-63.656723,-62.25593,-68.09257,-61.97699,-65.17877,-68.38051,-66.56625,-65.74392,-64.41265,-63.955452,-60.993004,-55.868603,-57.080284,-60.47245,-60.410366,-63.292328,-63.45053,-66.33353,-66.99133,-65.095985,-63.998985,-61.72103,-69.89394,-75.41301,-73.38664,-75.64935,-61.567535,-49.38632,-53.021454,-68.10224,-68.71622,-65.33995,-63.547623,-69.23341,-71.36641,-67.146225,-67.42802,-56.578735,-35.22915,-30.188946,-31.461008,-34.268246,-42.111897,-50.692566,-58.326073,-63.79361,-68.072556,-69.42268,-68.609474,-49.11858,-29.377087,-28.075222,-37.871746,-44.112762,-55.267494,-67.87361,-68.8696,-65.913574,-66.49795,-59.37865,-40.938744,-37.24135,-43.969574,-45.57715,-44.760765,-49.183918,-52.63485,-52.276077,-56.153618,-61.530502,-58.097847,-54.06514,-52.361237,-53.877335,-61.13213,-62.751926,-60.686687,-58.408436,-57.579338,-63.28148,-63.58982,-52.59898,-43.17669,-37.654,-32.953857,-28.73404,-41.230846,-53.8004,-51.70536,-57.763245,-60.329903,-62.682613,-60.819664,-58.805832,-51.005104,-50.465866,-61.213943,-60.509712,-62.596893,-64.04195,-68.52672,-75.91176,-66.04239,-56.526535,-56.000046,-51.199127,-45.36773,-41.232456,-44.618637,-40.632187,-35.980667,-39.094326,-37.65709,-41.315727,-52.44423,-57.595848,-55.99611,-64.49076,-70.21327,-72.80765,-74.65927,-76.60115,-78.24668,-75.50285,-79.870316,-78.41365,-72.39051,-79.6691,-78.82146,-73.24895,-58.019913,-48.365173,-47.47439,-46.167404,-41.178207,-34.981133,-34.8555,-33.193462,-35.572014,-42.42679,-42.2081,-46.57429,-55.165436,-58.003307,-62.4586,-62.65745,-54.282803,-56.442337,-58.175224,-56.58218,-68.203094,-72.50699,-65.349915,-63.719925,-57.449608,-46.55389,-46.928665,-49.817375,-48.15866,-49.217316,-58.09194,-63.31023,-65.54296,-65.71619,-71.92529,-66.50805,-66.88269,-67.33714,-66.4413,-68.79498,-75.06638,-76.98139,-88.92856,-84.47991,-78.46782,-74.97485,-64.52922,-56.16919,-43.56745,-31.62968,-23.766396,-20.960693,-17.295012,-20.32038,-20.454775,-45.20935,-53.76037,-47.624947,-34.779266,-35.122852,-35.037056,-49.18619,-63.355125,-64.55403,-71.472626,-68.109726,-62.477768,-56.17269,-55.336243,-56.711018,-60.016987,-64.126785,-62.931797,-62.006172,-66.81084,-75.875145,-73.608025,-68.702515,-72.37509,-79.94167,-82.64978,-84.90404,-81.5608,-80.32768,-79.86946,-88.892395,-96.215515,-92.892654,-84.67074,-91.71217,-93.17126,-86.94942,-80.11173,-87.353424,-92.01967,-87.7209,-79.84343,-68.30316,-56.57856,-52.45815,-48.23822,-45.435898,-43.83184,-46.108017,-44.227066,-45.31526,-45.90737,-42.784004,-41.708008,-44.90564,-54.45127,-59.4542,-55.0067,-50.970276,-49.1722,-50.115906,-58.123947,-59.65705,-58.755062,-59.603203,-54.168266,-43.73163,-32.95916,-38.567833,-37.65226,-42.176582,-44.556145,-46.700207,-52.453304,-59.26887,-62.060356,-57.92553,-49.542595,-47.33575,-43.744026,-43.69529,-41.297592,-47.326286,-45.263653,-44.591354,-44.091545,-41.720547,-45.782417,-50.705803,-46.175148,-34.25645,-21.436834,-9.530005,-11.864306,-13.214922,-13.35113,-24.826677,-44.05246,-45.209076,-49.086864,-49.005928,-51.507484,-46.71028,-51.823273,-63.47956,-76.18341,-77.39882,-70.572525,-74.89885,-81.658585,-81.560036,-78.903854,-75.35496,-71.828575,-75.39205,-77.44766,-81.68646,-76.82384,-62.453415,-43.038895,-37.154682,-31.20008,-48.97683,-58.280136,-62.340164,-65.53188,-61.24223,-66.158066,-69.25133,-67.16934,-66.91078,-69.589035,-72.005264,-69.77327,-75.658615,-77.38809,-74.11696,-72.60635,-68.6493,-58.7564,-53.3852,-54.00166,-45.644478,-35.95517,-38.305984,-45.235947,-45.929337,-47.485886,-46.34075,-48.177216,-56.337402,-62.87445,-66.92244,-63.37794,-57.9384,-59.372154,-61.75831,-62.80532,-63.616066,-71.058,-79.64032,-80.99805,-77.23661,-69.12381,-55.30204,-31.455486,-22.359236,-25.574741,-26.044407,-29.543003,-45.7315,-56.63013,-58.405342,-49.27615,-37.822308,-53.104885,-70.073135,-79.02257,-80.10068,-84.155655,-84.41322,-86.294266,-83.23964,-76.774,-73.009155,-66.6183,-43.233707,-23.948112,-12.459574,-8.916235,-6.497915,-6.9079304,-10.076715,-35.799984,-51.151108,-62.561604,-61.947754,-56.258484,-51.80535,-57.51538,-65.12232,-65.19743,-68.60446,-69.09062,-69.04062,-69.95032,-73.0085,-71.65111,-68.43985,-68.72655,-66.69382,-65.12962,-65.135635,-63.452423,-63.08667,-63.973824,-59.409668,-58.08255,-65.71515,-70.08973,-69.602745,-67.03888,-60.568485,-57.117615,-59.556007,-59.374855,-64.36756,-69.25594,-70.02022,-69.04268,-66.23409,-54.251938,-60.053368,-66.05768,-66.858185,-63.69754,-58.070457,-47.968533,-53.393322,-58.260326,-57.80518,-59.59501,-52.95417,-35.534492,-34.07046,-35.07697,-35.79013,-33.225903,-38.706417,-46.916294,-53.421516,-55.333946,-61.89222,-61.68168,-49.56235,-31.983147,-32.152596,-47.147324,-67.84575,-76.340546,-74.1907,-75.05174,-73.133194,-75.12251,-74.20072,-59.578156,-50.119476,-60.71567,-73.64397,-76.34865,-64.79449,-52.726517,-51.357246,-58.106873,-61.197083,-55.76819,-49.397198,-51.068855,-55.51104,-62.05384,-61.70256,-61.753784,-54.704865,-50.757343,-47.12777,-50.128555,-42.186665,-36.975945,-33.37405,-38.085217,-46.594753,-55.86207,-64.916855,-70.23567,-71.446365,-76.1136,-73.11868,-73.01802,-82.84302,-85.47394,-84.77463,-77.755196,-71.91411,-60.46756,-45.648495,-39.214752,-39.819534,-37.984306,-33.41568,-32.977745,-30.612022,-33.177483,-34.84442,-33.524178,-37.048546,-47.897583,-50.15207,-61.269196,-68.90323,-63.23395,-66.97317,-79.6275,-76.530235,-71.63326,-77.87161,-82.3323,-77.87378,-79.53943,-92.83659,-93.09993,-97.066795,-92.10906,-76.6359,-58.144028,-55.51315,-48.97313,-46.332306,-38.4513,-35.943558,-33.221428,-30.700878,-29.25216,-31.252796,-27.20808,-25.552158,-44.06616,-58.85005,-59.279198,-61.06585,-55.674957,-50.33481,-56.357773,-54.607384,-56.238167,-58.991035,-66.04608,-64.5249,-59.41486,-56.074593,-53.209595,-47.162437,-51.99193,-55.270065,-55.991493,-59.53779,-70.04913,-72.85211,-71.25627,-63.60254,-59.694138,-61.978836,-59.651733,-61.94694,-69.21722,-70.26219,-69.447876,-70.10213,-71.5441,-71.784615,-69.35719,-63.987984,-58.24178,-50.542618,-40.753746,-30.360296,-31.184946,-27.084846,-22.117447,-27.905666,-51.28706,-56.105415,-43.486366,-38.343773,-45.828262,-61.783703,-72.652435,-70.28425,-66.571304,-65.89929,-68.925224,-69.32944,-68.16375,-68.91199,-70.60112,-71.89761,-68.978516,-69.60327,-76.32475,-79.54503,-77.694595,-72.590614,-74.85072,-74.107285,-74.819595,-70.66702,-71.097374,-76.87656,-78.6291,-83.08664,-88.42792,-87.579666,-79.99779,-80.25751,-83.78226,-88.23715,-98.41803,-92.31212,-87.90372,-81.919044,-71.3229,-49.54619,-32.595013,-32.590004,-28.5398,-24.655092,-23.578056,-30.685791,-40.784943,-51.755947,-59.86432,-54.67125,-51.241104,-48.66068,-57.972374,-63.97234,-66.14358,-69.16291,-72.74893,-72.953384,-66.803795,-61.54212,-60.41498,-59.197823,-66.241196,-69.55357,-67.49123,-68.518684,-67.25619,-64.660774,-62.893562,-66.18138,-74.39717,-77.728775,-76.986786,-73.62714,-75.01059,-81.286606,-81.854904,-78.51196,-73.492966,-72.46759,-69.11517,-70.9384,-64.51668,-67.2698,-70.31998,-71.52255,-70.50458,-66.927284,-56.49282,-35.93517,-28.413944,-29.404943,-31.727623,-31.002281,-38.48522,-54.533424,-66.97395,-61.968826,-64.60436,-71.384735,-71.86213,-75.4417,-84.6608,-86.40396,-80.42412,-76.42817,-71.21883,-70.74276,-72.881454,-63.824234,-64.06908,-68.66993,-66.09365,-45.482056,-39.95469,-44.89689,-48.496086,-46.041115,-47.554398,-54.26348,-60.206295,-70.08765,-82.34564,-80.02633,-75.83852,-74.56944,-80.49572,-80.99167,-84.781845,-88.31976,-96.27771,-102.07611,-98.04437,-80.969345,-68.257385,-48.457077,-36.822006,-35.30088,-30.785984,-31.22554,-37.499596,-36.499756,-38.30981,-38.29368,-44.739338,-47.123688,-45.181004,-50.253616,-61.501465,-66.97648,-65.80556,-70.71785,-67.351456,-62.09989,-60.42617,-58.13609,-58.04567,-66.84169,-77.26631,-75.289024,-67.59688,-59.876724,-42.16902,-32.752228,-23.804733,-18.267021,-26.500504,-46.906788,-57.900284,-52.57692,-48.844315,-40.970406,-34.556892,-36.545395,-40.529232,-39.23118,-36.723564,-35.412773,-37.880634,-46.231506,-48.12627,-51.733925,-59.020203,-56.333862,-42.732746,-35.491173,-30.728016,-23.1748,-17.621317,-16.065716,-15.19997,-32.244915,-49.950775,-54.839874,-52.201637,-58.24836,-61.068516,-62.164585,-60.328697,-57.42733,-54.01491,-57.27408,-56.82852,-54.72577,-56.26075,-59.553024,-64.07101,-66.35292,-67.072716,-62.466602,-57.182922,-51.852646,-56.642887,-59.77694,-58.235695,-66.31535,-72.9987,-73.316864,-71.51831,-68.60858,-65.80327,-69.10391,-72.324646,-76.997086,-80.9901,-83.188194,-81.90625,-75.787964,-67.69852,-63.069542,-68.5262,-78.44795,-80.05414,-82.10717,-78.67828,-71.76218,-71.767,-74.5318,-68.2014,-53.267654,-42.619705,-40.211777,-32.59388,-26.526634,-32.837826,-48.696636,-56.77168,-61.09948,-66.266335,-68.43942,-63.123146,-43.65929,-33.306465,-32.641357,-44.828224,-54.33113,-64.39477,-65.346085,-63.58947,-61.175583,-60.274727,-50.032787,-30.554089,-34.956665,-60.67231,-68.96243,-66.328186,-63.57736,-69.08391,-73.474396,-70.05299,-62.12341,-57.370056,-58.0978,-58.06285,-56.893295,-49.465057,-45.11463,-44.48801,-46.117172,-48.37815,-45.98864,-44.422844,-36.434868,-24.975092,-20.170681,-15.943858,-28.511532,-53.52055,-58.114,-53.292187,-55.440434,-63.3541,-68.6651,-58.5263,-52.724525,-52.257042,-54.49334,-58.324947,-56.512897,-57.82902,-59.122635,-58.89942,-72.38353,-75.66568,-60.46597,-46.858124,-44.417686,-31.433636,-19.479979,-22.663002,-35.152176,-43.396523,-52.478584,-58.21138,-66.83012,-70.605576,-66.292854,-66.633,-64.62172,-57.631485,-62.476135,-63.15551,-65.025696,-63.41028,-63.102318,-70.20893,-69.133804,-73.43927,-70.9659,-62.778442,-60.551815,-55.27109,-45.125137,-34.232983,-31.371675,-28.85289,-28.14957,-26.634262,-30.138552,-39.73512,-48.117035,-53.530434,-56.879517,-59.97899,-48.991302,-49.049244,-51.376083,-43.38705,-38.43775,-46.803867,-60.09415,-61.296043,-62.743782,-64.13023,-62.984245,-59.109108,-55.397865,-55.867916,-52.636833,-51.677864,-58.622757,-63.902493,-57.95555,-52.482826,-58.812416,-59.450737,-46.749275,-39.33268,-41.75126,-44.630436,-48.315983,-48.547615,-50.11094,-45.37879,-34.90133,-26.626566,-22.754646,-21.96813,-23.774277,-19.347744,-15.459208,-10.363478,-1.5766004,-7.9470053,-40.02047,-48.912643,-53.639557,-59.48668,-64.36713,-64.076744,-62.200195,-62.89421,-67.21718,-67.99979,-67.56835,-70.56137,-72.63706,-66.96281,-62.02247,-71.44641,-75.06619,-60.12182,-58.435608,-62.548035,-67.40668,-69.58096,-69.99598,-68.48269,-67.67828,-76.77474,-80.9655,-77.29996,-77.418846,-82.66438,-75.91942,-75.720436,-80.487854,-86.12646,-87.51489,-75.343155,-71.87791,-81.03556,-80.780304,-64.04759,-49.274044,-51.43818,-44.192932,-34.588615,-33.806168,-32.949684,-30.282993,-37.506454,-38.692543,-38.15233,-37.31015,-32.00858,-32.62808,-43.682076,-40.730247,-43.445404,-53.50538,-57.5111,-54.99812,-57.145004,-62.89952,-61.640167,-50.99984,-47.386925,-42.31911,-43.559055,-41.176834,-43.937584,-47.98368,-48.31449,-42.176857,-37.80661,-49.5676,-55.377514,-55.823105,-55.465065,-51.197952,-51.740845,-54.739803,-51.268555,-46.13931,-45.01342,-53.00364,-49.90755,-47.374695,-47.412163,-43.048965,-40.085457,-37.575546,-34.030075,-22.536594,-20.489647,-25.415958,-20.276394,-16.148169,-14.257771,-18.811298,-40.439472,-53.70666,-47.912567,-36.79635,-47.727036,-65.60307,-70.83243,-68.019905,-71.06435,-70.12367,-70.779434,-72.303345,-73.868866,-68.57189,-63.465263,-64.215576,-70.22188,-71.46417,-71.14685,-72.54552,-59.26874,-36.343258,-26.365055,-31.778358,-49.825348,-62.866714,-72.87454,-73.36458,-68.90508,-67.94899,-71.03047,-77.011215,-79.81496,-86.17508,-82.37984,-78.792984,-69.78158,-62.99279,-56.472782,-61.858627,-63.50766,-63.6801,-59.464935,-42.293846,-25.285175,-14.479879,-13.516288,-14.162228,-21.888983,-30.71371,-32.619553,-36.465164,-43.066372,-47.858215,-47.506645,-53.151886,-48.35967,-47.035164,-47.860264,-53.89273,-63.238655,-67.42281,-70.25253,-63.931965,-55.56673,-45.135735,-27.688324,-13.217089,-11.72781,-9.341795,-28.084888,-44.06318,-36.323105,-38.683563,-40.690678,-45.362038,-53.31237,-60.416504,-71.64472,-65.92651,-68.17325,-71.80765,-68.31076,-60.91256,-55.036522,-50.626335,-45.77913,-35.849373,-31.388754,-25.641739,-18.308636,-17.15523,-16.838104,-20.454548,-32.06855,-41.858574,-58.04107,-61.488754,-56.97058,-55.78244,-60.744762,-66.50354,-68.123405,-64.15715,-61.57757,-58.865395,-54.20652,-49.855476,-44.19962,-36.652405,-32.44493,-26.694923,-18.421316,-16.622278,-16.10786,-18.605171,-19.038277,-16.411217,-23.389177,-40.597084,-44.961708,-47.847652,-53.830734,-52.917282,-44.3609,-42.10182,-47.70231,-54.114548,-48.406357,-46.712044,-42.891384,-34.52118,-30.720598,-36.876347,-52.29485,-57.64418,-54.441917,-62.08237,-67.033035,-63.65955,-55.090485,-51.193962,-51.836372,-35.274536,-17.757584,-11.089238,-8.145363,-10.791473,-8.846046,-18.675688,-31.267982,-46.06888,-57.290024,-61.71544,-50.96003,-43.51011,-37.44935,-37.819286,-49.64338,-50.734013,-45.74099,-38.833656,-36.623215,-40.872177,-38.282394,-32.294235,-27.956623,-33.176186,-43.96843,-50.89093,-45.482033,-46.33852,-42.95398,-41.3759,-40.678177,-28.348045,-24.328506,-38.38188,-47.984528,-42.65372,-40.950535,-47.30954,-51.486076,-48.533607,-53.182648,-51.293457,-40.29668,-37.380295,-28.722427,-11.111139,-8.73432,-15.048983,-39.368732,-52.84652,-60.458122,-63.299877,-65.45304,-73.35557,-79.19214,-76.061295,-71.209564,-70.21538,-67.61412,-61.08061,-53.734818,-52.25443,-52.175594,-50.142452,-48.83246,-47.010002,-47.405064,-48.507347,-49.785065,-45.994797,-38.021114,-43.89948,-53.692604,-52.330887,-48.681007,-47.1065,-52.220066,-54.247658,-60.462463,-60.24563,-58.10901,-55.332817,-53.44015,-48.151085,-45.289215,-41.012016,-38.05597,-46.26793,-55.204475,-50.947304,-42.682114,-44.871605,-41.906334,-35.94168,-26.422451,-24.19582,-22.624184,-21.892303,-29.048214,-35.96061,-29.40873,-41.617905,-52.468315,-55.599274,-61.005997,-63.506157,-60.47695,-59.607723,-62.660065,-64.04831,-66.56733,-66.320946,-65.21655,-63.130463,-52.77926,-38.545914,-28.247345,-24.33944,-24.161503,-27.449173,-38.778263,-52.77495,-50.80407,-39.237663,-26.009663,-28.258091,-29.387928,-32.418007,-41.62365,-44.0429,-35.49111,-28.68053,-25.726583,-19.58571,-25.594439,-28.870764,-25.824493,-27.23221,-32.669476,-35.61138,-33.497894,-39.42716,-45.048515,-51.144672,-61.36363,-58.626,-51.453228,-57.202034,-62.934444,-70.92717,-77.087814,-77.77568,-79.27994,-78.01718,-73.03607,-74.86037,-77.18039,-78.55441,-69.17433,-56.751263,-41.717613,-23.935806,-8.623189,-13.254898,-18.778229,-19.630089,-20.570904,-19.914497,-19.544163,-24.373209,-39.00068,-47.01263,-44.590874,-46.626945,-55.291927,-51.427887,-46.674408,-52.72454,-49.06569,-39.59297,-32.687683,-31.72248,-34.079037,-36.162186,-49.007042,-49.56069,-43.970505,-38.653656,-44.300568,-48.44045,-42.52594,-35.30761,-28.981417,-15.424026,-5.3842564,5.212453,15.893932,6.387627,-9.817894,-24.532326,-39.601624,-48.627968,-48.351254,-43.133026,-33.849537,-31.444714,-31.070501,-27.921913,-24.044386,-16.308167,-13.645504,-15.225924,-16.382263,-9.664061,0.779954,1.2256706,-1.6596458,-4.0677657,-14.434235,-21.98103,-13.030342,-4.8021374,-16.175821,-29.673626,-43.073093,-64.53538,-66.11664,-59.11898,-57.699467,-57.149616,-64.81144,-56.758835,-53.188576,-53.115158,-47.48871,-27.848246,-13.777864,-10.351381,-6.394412,-3.3881583,-0.36985284,-14.697854,-31.240257,-33.74163,-26.625523,-23.821083,-20.67381,-19.536364,-38.993877,-56.278404,-68.09538,-73.412445,-70.66888,-66.639366,-64.70427,-60.47335,-60.299683,-66.57307,-68.3884,-65.67094,-66.67885,-61.52851,-40.82624,-25.308004,-19.443916,-19.601158,-22.952446,-23.722542,-32.24537,-43.130524,-45.756702,-39.49131,-44.82388,-65.36773,-83.40778,-87.44369,-79.48749,-71.54239,-66.962875,-65.23622,-65.48475,-68.28797,-69.725525,-69.73549,-69.40553,-69.62634,-73.893234,-87.48129,-99.63194,-99.347115,-81.79726,-57.2708,-47.81434,-52.709053,-61.15374,-63.85188,-77.60193,-82.2092,-76.80457,-76.39282,-75.466415,-88.33283,-88.47919,-82.957504,-78.12108,-70.562706,-69.68576,-70.45786,-69.895706,-69.12988,-73.47887,-81.29768,-81.83367,-75.407684,-55.785458,-58.75496,-66.369606,-65.84526,-66.53639,-69.316574,-74.225464,-75.433,-70.1256,-65.06438,-54.879215,-51.302948,-57.323097,-67.48869,-70.54929,-63.391163,-64.58528,-67.404274,-67.03545,-69.34082,-71.045074,-76.24577,-76.19827,-74.11923,-66.232834,-60.21829,-68.81796,-77.76141,-76.42117,-76.67341,-77.48938,-80.46865,-84.934555,-86.36862,-83.489395,-78.37494,-74.93499,-73.66794,-75.67868,-79.919334,-84.56616,-86.33518,-82.05906,-80.46885,-83.039604,-73.564644,-67.05102,-63.22831,-63.40428,-59.70028,-50.60475,-46.281227,-46.414078,-45.6509,-44.475,-39.942753,-38.565086,-45.408905,-54.605064,-55.518917,-50.56829,-55.246666,-60.02491,-60.999573,-56.475224,-56.483383,-49.39627,-48.416607,-47.17885,-45.050213,-41.198093,-30.006098,-19.69605,-22.187052,-29.716862,-32.945084,-32.183823,-23.872862,-32.028008,-50.02489,-60.989082,-64.08497,-57.63277,-63.4993,-71.46486,-71.897995,-73.91998,-79.58949,-74.79622,-72.51388,-71.62602,-67.62842,-60.86978,-46.24929,-34.618454,-41.60933,-44.149277,-48.01648,-48.54253,-44.710373,-48.417194,-64.76378,-73.42413,-73.13825,-77.743385,-84.280624,-76.70149,-70.106064,-72.617226,-57.992176,-38.686752,-22.34808,-17.38417,-19.614075,-24.616522,-29.148067,-46.738297,-54.10071,-54.841194,-55.965393,-49.53692,-45.970024,-46.133747,-48.028957,-63.49964,-70.71187,-74.84015,-77.25102,-77.394,-71.09303,-69.700455,-74.19672,-75.06993,-70.37228,-70.46886,-64.968544,-57.696476,-51.730152,-43.069183,-49.433647,-54.349953,-56.210518,-60.634827,-58.810093,-60.2741,-64.21134,-62.886566,-59.212963,-58.434235,-64.74136,-72.31813,-81.62286,-88.75389,-83.6071,-78.20205,-76.158615,-77.38358,-81.36545,-69.46364,-64.33438,-67.1631,-62.453964,-56.402885,-45.12568,-38.45276,-32.157394,-22.053104,-12.469597,-16.986288,-25.983616,-31.714264,-35.938263,-41.112015,-43.1788,-65.210556,-78.59837,-85.08486,-83.40675,-80.10646,-79.45223,-80.31032,-93.67488,-94.01604,-95.314285,-90.93886,-78.220436,-77.56714,-80.65578,-79.97331,-78.51721,-85.217834,-89.93094,-94.861374,-91.45474,-90.46272,-97.57799,-98.523476,-101.10845,-108.670975,-104.183105,-94.46737,-88.39807,-82.00186,-74.71546,-73.73689,-67.55707,-62.839066,-66.62442,-69.02901,-70.26349,-72.048996,-74.3721,-72.01575,-70.72429,-67.824394,-56.581745,-52.399803,-54.43789,-53.890015,-51.42827,-48.458603,-52.68183,-66.33801,-67.77365,-69.59529,-61.433037,-58.65232,-54.002605,-49.49589,-45.2729,-36.67347,-33.935833,-30.824947,-27.992748,-22.435352,-20.73198,-20.206371,-16.730736,-21.418348,-19.975132,-11.056386,-7.966075,-4.9222226,-6.779114,-6.809817,-2.7837267,-2.7667375,-4.9615173,-7.7130733,-9.953918,-16.065819,-13.6922245,-8.253421,-11.758255,-9.235246,-6.5692687,1.7663428,6.115177,-13.1905,-46.32367,-58.622772,-56.172874,-57.664318,-57.430344,-44.324158,-38.350273,-40.795708,-43.100327,-37.964485,-32.656937,-34.16204,-40.001556,-48.92762,-42.80726,-40.959717,-41.137096,-44.470528,-39.46572,-33.694046,-29.168306,-22.275349,-14.238949,-9.202694,-10.6821995,-14.052332,-17.800219,-30.11852,-30.15702,-26.288326,-26.797562,-14.647253,-3.9041054,-5.721117,-5.763486,-1.4809402,-15.08543,-36.638596,-51.406006,-52.087273,-49.721924,-43.81778,-43.63278,-47.056145,-44.105476,-36.66166,-38.766357,-40.769875,-44.484413,-44.693306,-42.476936,-45.54269,-52.053234,-58.524925,-65.98674,-70.96857,-63.19998,-39.937954,-13.241097,-2.775065,-3.7759862,-30.200474,-47.40934,-51.287445,-54.62927,-61.11558,-64.01738,-72.61853,-75.39138,-71.824684,-66.663185,-57.369724,-44.089874,-36.55744,-31.315123,-31.212063,-34.788345,-32.562088,-34.85784,-28.868805,-22.769665,-21.206108,-13.644222,2.0764096,12.45775,4.5130453,-5.0045485,-14.680254,-23.193256,-26.2402,-29.690298,-30.12927,-31.12879,-31.387743,-32.42331,-28.348572,-27.575706,-21.814148,-20.632915,-31.108696,-46.696297,-52.394505,-54.641796,-53.283607,-48.363728,-36.927948,-35.506622,-36.74491,-34.996334,-34.726166,-31.258667,-29.87922,-31.534422,-33.545647,-30.482075,-26.603573,-26.593529,-26.807674,-30.913105,-28.44197,-28.364655,-28.812683,-30.543543,-44.96071,-57.67644,-59.053806,-55.9039,-56.68998,-55.761993,-51.895752,-49.744247,-49.42456,-48.50724,-46.9045,-45.995636,-53.9967,-64.23148,-61.508247,-58.28666,-58.186302,-56.034103,-57.762318,-58.939972,-55.08779,-49.608253,-47.93737,-50.92948,-53.302525,-47.682476,-48.207184,-58.60688,-59.75644,-54.594894,-52.777245,-49.86675,-44.795856,-43.734066,-47.70912,-53.037548,-54.26647,-53.964844,-49.74013,-55.007042,-53.442245,-47.664516,-46.181,-40.83696,-34.30949,-29.56504,-20.397013,-15.136708,-15.831812,-15.878643,-16.683867,-15.265538,-12.450201,-12.708337,-20.50578,-28.543385,-32.24119,-36.798767,-31.350685,-30.90912,-36.23251,-43.505955,-49.155605,-48.52549,-44.95273,-41.175957,-39.036808,-34.07632,-31.328867,-30.486916,-21.569496,-19.891624,-28.165922,-28.820251,-36.873314,-55.92917,-59.279602,-52.52481,-52.079193,-56.360588,-54.84549,-45.91877,-36.387398,-33.1214,-25.323135,-16.85287,-16.193848,-19.057907,-22.013557,-29.393099,-33.60386,-32.109997,-28.29808,-17.94878,-2.598588,-3.069474,-12.358622,-17.731133,-11.585474,-1.8606886,-28.99899,-44.54281,-40.381523,-26.615662,-17.706741,-13.187355,-15.5592785,-32.597275,-38.769516,-32.6576,-31.57985,-32.98078,-39.682106,-50.128174,-53.913914,-47.611633,-43.636925,-38.88373,-44.54635,-56.03121,-51.82553,-43.801327,-42.748,-46.940514,-46.819366,-41.192207,-38.042847,-20.994041,-13.288292,-5.8301783,9.905237,1.5378548,-22.022644,-40.09877,-46.88019,-39.892075,-32.73048,-46.712173,-54.86661,-56.729084,-58.81198,-60.750122,-60.43062,-56.39071,-53.092747,-51.114338,-48.768715,-42.88109,-36.029213,-30.454021,-17.571981,-5.0635877,2.4738028,3.0998304,-1.8158176,-13.576635,-40.0655,-56.14924,-48.701187,-43.376415,-41.839977,-43.812386,-49.06045,-51.104614,-42.990517,-38.865067,-37.518,-35.716667,-35.5714,-38.179405,-49.569687,-59.3978,-61.413033,-51.89773,-40.08702,-38.630547,-33.518654,-30.190845,-29.992992,-24.5985,-22.533188,-21.91388,-28.171303,-22.717205,-24.16674,-46.98838,-55.120003,-55.740482,-60.44761,-70.32663,-77.95889,-78.446976,-62.831413,-37.797745,-35.361763,-51.02411,-64.466965,-53.615017,-39.82625,-31.351227,-30.486778,-27.668255,-31.585155,-25.465952,-24.224663,-38.321106,-46.704346,-44.389397,-46.847107,-46.02639,-48.171844,-64.662346,-77.35706,-73.64966,-61.9252,-58.6517,-61.84463,-57.495636,-53.433853,-55.817657,-61.294186,-52.468376,-29.519142,-12.957001,-6.664881,-5.919196,-12.898104,-13.335291,-23.76513,-46.20169,-53.36211,-47.095,-38.557426,-39.856247,-29.1675,-25.402697,-41.331963,-53.895348,-62.086407,-62.317543,-61.041725,-54.745407,-52.823544,-47.688145,-47.82834,-50.3779,-54.029358,-48.05104,-35.953705,-30.46642,-26.079548,-12.094992,-7.3732977,-20.184341,-46.143837,-58.013405,-52.78646,-38.953735,-38.495934,-40.283386,-36.129753,-26.771069,-21.7902,-15.468791,-14.8552265,-17.53569,-30.710506,-57.27273,-73.88547,-66.91081,-50.26139,-41.07802,-39.943893,-35.198784,-31.807468,-34.83529,-29.109148,-28.717073,-33.501755,-37.148815,-28.410025,-26.312582,-26.897793,-23.635052,-26.625338,-40.433983,-50.655132,-54.949265,-56.989594,-62.03441,-56.168266,-62.026703,-69.25235,-67.5907,-55.60794,-42.07541,-32.077065,-30.22837,-34.08522,-33.215443,-31.96745,-39.97912,-48.923035,-50.02188,-33.207478,-21.329935,-24.4189,-23.985134,-9.91102,-17.33656,-30.963394,-34.874153,-26.790138,-20.619135,-17.109035,-23.483751,-34.76837,-32.590763,-26.191063,-25.992027,-22.891485,-18.258087,-22.21442,-21.666168,-23.148497,-34.79971,-32.565834,-28.413023,-30.697319,-24.841814,-29.754145,-46.549515,-51.53874,-63.176373,-68.884674,-65.37662,-70.08591,-71.57341,-69.74953,-72.676025,-64.34564,-63.039906,-70.25333,-71.19536,-61.795113,-43.83146,-21.61204,-10.770078,-8.64127,-17.80777,-25.108084,-41.353973,-48.75762,-44.00049,-35.461533,-37.833664,-51.572475,-61.848854,-63.2136,-62.440216,-64.69696,-68.51485,-63.246872,-46.89772,-50.303375,-65.53616,-64.10364,-55.43841,-44.387135,-39.97505,-41.524952,-46.252205,-46.89534,-43.36979,-42.416946,-45.6709,-54.413353,-52.746723,-48.57452,-52.0624,-54.509872,-58.564507,-57.64425,-54.953712,-55.586655,-56.23089,-54.175735,-50.802216,-61.797012,-67.60773,-69.242485,-65.61853,-59.367638,-60.782608,-60.34899,-52.1351,-49.499176,-50.960197,-55.84102,-62.73167,-60.12396,-60.569584,-63.39514,-67.302414,-66.79436,-65.71891,-67.74489,-68.01489,-61.80417,-58.632187,-61.481403,-67.24052,-66.56217,-69.3349,-67.25659,-66.616005,-68.642685,-70.0538,-68.606,-73.03103,-69.39075,-73.18118,-74.7661,-84.470955,-77.45651,-69.73331,-72.682724,-69.16404,-65.36606,-64.92575,-64.52669,-55.610306,-44.725327,-36.793633,-30.521969,-24.834305,-24.520042,-22.23291,-21.795761,-15.081477,-18.111055,-21.03518,-18.480585,-17.014027,-21.623127,-32.645966,-49.39347,-49.081226,-47.178974,-50.121674,-46.48838,-36.2389,-28.302048,-28.803164,-24.544884,-26.199171,-28.496498,-28.859493,-30.014961,-35.339703,-48.197514,-62.302444,-58.687637,-51.73656,-46.526615,-41.234993,-37.352356,-35.48546,-33.415886,-29.212791,-27.669495,-33.0377,-41.43475,-45.175285,-46.652542,-51.585106,-54.36687,-55.606796,-66.48763,-68.85892,-70.69861,-75.67758,-80.56436,-83.32352,-79.71648,-67.65668,-68.69988,-68.63914,-68.56333,-65.214096,-58.807266,-44.561157,-29.822054,-30.337143,-35.817772,-42.612827,-40.28605,-42.74387,-58.617615,-70.01935,-73.63281,-75.03555,-75.13429,-75.11589,-74.61179,-77.96811,-61.602417,-31.675106,-25.795576,-28.27746,-14.1778145,-6.337554,-4.9292746,1.2360231,6.223858,10.855548,2.0786362,-24.262486,-41.74968,-40.41943,-43.53328,-53.258537,-62.768883,-67.89756,-71.463585,-73.78755,-72.16667,-69.910034,-71.29509,-71.88069,-66.42966,-68.15428,-70.39185,-65.141,-62.942825,-62.123093,-57.061134,-57.359646,-56.68496,-55.5759,-58.766273,-56.09291,-60.443768,-65.64806,-68.248405,-70.38502,-79.496124,-86.31994,-77.673454,-72.48166,-75.57455,-84.13768,-88.296165,-85.3338,-78.46161,-74.20701,-72.2366,-65.50627,-55.99659,-47.19765,-44.733116,-36.57389,-24.933601,-24.742054,-25.449745,-25.909718,-32.60101,-33.04059,-26.596802,-27.490852,-54.615486,-75.09668,-83.99477,-83.10179,-80.77165,-81.19507,-88.515205,-99.87713,-102.772675,-94.35921,-92.287575,-87.00998,-85.31969,-82.72183,-81.47728,-89.45674,-87.347626,-81.08774,-81.80667,-84.48375,-88.17128,-84.245544,-86.58101,-86.89141,-94.40791,-104.91638,-112.06368,-105.83679,-98.29068,-89.66165,-82.847084,-77.48137,-78.8152,-83.10225,-84.25134,-87.822945,-87.84122,-90.45332,-87.11087,-75.808426,-65.59653,-53.23332,-48.922882,-55.69922,-63.14908,-63.843025,-52.776985,-47.49054,-47.64315,-52.740337,-52.732315,-51.377365,-47.09574,-43.145145,-41.173706,-42.151814,-36.847736,-34.49189,-27.897743,-20.355412,-14.253517,-6.845874,-1.6297837,-7.029354,-8.414024,-8.466984,-3.1583097,0.64232635,-0.8736217,-1.5464885,4.123772,9.685349,14.847616,17.463387,19.006403,19.02,20.004475,18.845345,18.55543,24.753601,26.96384,29.241796,28.927258,25.102337,33.92103,33.61965,32.741158,38.23933,41.41677,44.71806,43.25128,42.182087,43.26913,44.193874,40.914913,43.98642,45.032944,41.926125,44.13774,47.492954,51.173344,52.81304,49.797012,49.835007,49.217384,52.15818,50.719975,44.837128,45.121265,40.641766,41.072044,42.081596,37.89148,34.125942,32.236862,40.687115,45.421608,45.6829,46.707375,51.53257,55.956062,53.093117,53.536133,58.915897,58.29474,50.570595,53.22584,55.6549,53.86416,54.82955,53.51628,51.55812,51.72957,57.45639,57.525475,52.45518,57.033195,57.89821,56.176765,54.311348,58.467712,56.33815,53.357124,44.166153,42.96566,48.651726,56.802227,54.14238,50.075287,49.901127,46.438072,44.019814,47.23008,49.764286,45.03782,37.940384,2.8737943,9.524913,35.995132,-17.282621,-43.506844,-33.511147,-3.4901953,11.210361,2.9390135,-5.171548,-4.1201515,-4.831519,-5.03979,-7.969284,-12.25808,-2.7798843,3.9151726,3.89366,-5.7359524,-18.413551,-15.1959,-6.165432,-13.751165,-26.45192,-25.460373,-17.717903,-10.085863,8.2525015,28.362076,32.454514,36.81405,50.61218,41.575035,26.716967,24.468876,20.477886,20.629635,23.203274,18.92342,5.3231153,-5.4674397,-7.171588,-8.744609,-14.633413,-17.544718,-12.110268,-11.408613,-10.582272,-8.312584,-3.0656872,3.431714,8.878574,5.250284,0.9198982,1.2227314,-4.6227684,-8.682821,-4.3919296,-11.746634,-17.897114,-18.969284,-15.49678,-4.0751877,15.095792,27.335804,31.985043,31.006123,17.678627,4.6659284,-30.15569,-47.414513,-41.855072,-14.045452,-2.9529471,-2.1055937,-1.6240256,5.320889,9.05067,14.754141,22.736584,26.106483,26.175728,24.595478,28.87997,26.546833,25.765266,29.906261,29.164467,25.81622,19.801777,26.631432,26.254742,19.590658,14.524519,13.777294,23.238789,28.953327,36.148033,38.90547,46.78656,42.697693,39.59912,44.33716,29.354006,20.884624,14.659239,15.059877,17.27491,14.208705,13.459816,12.705631,15.149635,23.929539,32.651962,34.15065,37.037964,37.013794,36.84796,26.774265,18.978642,23.41377,22.401852,25.221622,29.43461,32.878548,27.77698,22.071007,25.52966,28.675186,32.760597,32.986748,28.68322,25.347557,23.573511,27.292297,33.467667,43.34986,46.655136,35.36586,29.301891,33.994267,41.170124,38.260704,32.852623,31.269144,28.269836,30.187653,39.650246,33.3137,34.08278,40.19355,36.671936,38.927765,49.807224,46.779503,44.68848,46.247425,44.04669,40.960014,42.88064,38.580757,33.899544,32.568977,33.409653,34.11708,33.552948,31.059906,40.315468,47.079903,46.805397,44.162956,41.03872,40.48972,40.919052,45.10002,42.120205,39.73536,45.94165,42.712204,32.169334,35.81804,44.126087,41.191826,40.98822,43.472042,31.162138,31.441364,43.253204,41.213074,36.569466,38.58654,39.66093,41.27356,35.28767,31.61441,31.000977,25.698605,20.614021,24.334976,30.985214,30.127918,33.669434,35.430737,32.024925,27.028603,27.988674,31.169502,30.8108,31.416985,31.93658,30.81929,28.434122,31.628582,33.069027,34.501926,31.310966,29.479897,29.345238,18.428,14.343529,14.228069,12.653776,14.603862,15.270901,14.455877,13.472536,11.743248,13.054359,15.119585,16.091644,16.222734,15.494729,13.844059,13.097501,13.654402,12.312499,13.042942,12.874831,11.556032,11.654957,12.273525,12.980515,12.014043,12.255087,13.284218,13.5047655,13.415873,11.474709,11.312012,12.949643,12.862606,10.818775,9.592453,8.694684,6.810254,4.798545,7.304829,8.086278,7.165685,10.821232,10.965496,10.995232,10.68897,11.005602,10.924276,13.663608,11.509123,11.780176,12.070139,11.849118,13.058743,10.48192,10.544496,10.847642,11.249936,10.224287,8.768202,7.456458,7.4297304,8.076079,9.423433,10.83449,12.8411875,11.101051,9.650618,8.758186,11.032097,11.436249,10.520061,10.033975,9.940901,9.017899,8.765226,6.9495754,7.6254535,7.2392683,7.1245003,5.771121,5.4507365,6.354689,6.8453875,6.0925846,5.489304,5.649132,5.697056,5.4876385,6.4240155,6.1871457,5.91881,5.6953087,5.561083,4.9459195,5.824008,5.4232206,6.3102164,6.3685412,6.9351745,5.0771966,4.7091565,4.5634303,5.7237635,5.440652,5.3721805,4.624549,4.7028837,4.3959618,4.9024444,4.411312,3.7936087,3.9715,4.022072,4.431513,3.9933605,4.190592,3.3531284,3.010785,2.9036036,2.5863428,2.681815,2.5874763,2.4966996,2.4708505,2.455395,2.4832969,2.5674717,2.457177,2.3505569,2.3230972,2.3356125,2.246999,2.293936,2.158719,2.1229184,2.1085155,2.0385914,2.0487669,1.8749844,1.9847097,1.8691916,1.8098032,1.7833658,1.6322225,1.706214,1.5032893,1.5498012,1.4496956,1.2935747,1.3852705,1.0863693,1.052282,0.80117404,0.7770982,0.6473098,0.24405375,0.10282089,0.0,0.0,0.0,0.0,0.0,0.0,0.0,0.0,0.0,0.0,0.0,0.0,0.0,0.0,0.0,0.0,0.0,0.0,0.0,0.0,0.0,0.0,0.0,0.0,0.0,0.0,0.0,0.0,0.0,0.0,0.0,0.0,0.0,0.0,0.0,0.0,0.0024463912,0.0,0.0,0.0,0.0,0.0,0.0,0.0,0.0,0.0,0.0,0.0,0.0,0.0,0.0,0.0,0.0,0.0,0.0,0.0,0.0,0.0,0.0,0.0,0.0,0.0,0.0,0.0,0.0,0.0,0.0,0.0,0.0,0.0,0.0,0.0,0.0,0.0,0.0,0.0,0.0,0.0,0.0,0.0
0.0,0.0,0.0,0.0,0.0,4.125592,6.369467,8.459909,9.656841,8.500117,10.421213,10.096045,10.284583,11.039652,9.311286,9.302174,8.598579,8.955179,8.362221,9.554498,9.1531,8.480917,10.187994,10.804932,11.1829605,9.994709,6.5464373,6.327403,8.087563,9.034943,9.975219,9.64485,8.1991625,8.750204,11.64781,10.158379,21.801008,28.572662,18.493021,8.401497,15.971767,21.099976,17.263212,4.273383,4.6107235,18.29768,34.203613,38.199783,33.225407,25.636013,14.096289,2.0028377,-3.4811468,-1.3879359,-6.190175,-9.385339,-4.7603188,-4.957057,1.5544899,2.2869768,0.084646136,-4.04885,-2.8497033,-6.05128,-7.6035457,-4.9928913,-6.737463,-4.990568,2.1038992,-5.1139035,-11.321458,-6.1042957,4.693429,-1.5065641,-3.2671013,7.452705,6.96342,3.5899718,0.7905733,1.8851666,-5.22528,-8.335321,-1.3595043,-2.2743273,-0.7731277,-0.6990485,-7.0393467,-2.2921066,-0.3976267,-5.6380835,-2.3469489,-1.3434843,-5.145779,-5.031704,-5.3044405,-6.435075,-6.5401764,-8.452028,-7.5070252,-2.9316225,-9.013282,-20.2394,-17.898666,-17.617584,-18.17421,-10.760954,-10.382828,-12.976572,-5.750838,-0.70041275,-3.2046666,-1.9428413,3.116273,13.967188,18.35719,22.214348,19.91267,17.831553,16.122416,12.242897,15.274888,14.526865,11.164385,8.998059,3.7639492,7.3062077,9.875861,5.232026,8.710465,8.574846,8.718819,8.852646,6.4175415,6.317993,4.196752,1.602832,2.216332,5.2671623,9.029861,8.37554,7.9284115,16.299423,12.736374,11.346531,16.663834,17.944231,16.572159,22.149025,11.571238,16.15495,32.850433,36.661415,41.74774,46.060463,33.69336,8.789842,-0.84080946,-8.026942,-14.3043,-16.705555,-15.150485,-14.407857,-14.51869,-11.095797,-13.611002,-11.755186,-5.9923716,-5.406108,-2.9797406,-8.575822,-8.278325,-6.849566,-7.2154837,-9.167715,-2.1561937,-6.833331,-7.3694563,-3.3177197,-3.9598947,-9.017721,-10.468465,-12.426385,-11.741934,-11.379841,-6.6545215,-11.258163,-15.827786,-4.3743896,-2.5281591,-7.9576626,-12.617161,-13.393813,-14.875554,-14.303434,-11.682396,-14.402189,-25.476637,-22.816078,-19.336573,-21.01786,-14.089951,-11.7284565,-6.277068,-5.5855412,-9.949947,-9.017397,-8.810447,-9.627983,0.54774404,5.1769457,1.2031147,3.9877305,9.974818,6.137467,9.589842,11.682171,8.319648,4.623797,2.3814774,2.1266153,3.0714688,2.6499622,5.2797623,4.373972,7.289002,2.6177518,5.5195265,6.4855013,-2.2486844,0.6055076,8.018248,3.1380196,7.119169,2.5478199,-2.7653255,1.6543233,3.602511,2.4704528,5.476038,3.6090658,-3.8080535,-5.8285956,-4.3497744,5.345469,14.809857,16.33735,15.034535,11.973923,6.997711,14.102531,14.657846,32.15484,35.98873,36.182686,44.022995,55.659077,45.894806,28.524117,11.658594,6.3461733,3.9416378,3.054517,-3.0269895,-5.752456,-7.480357,-4.481699,4.165714,6.6279893,1.0664465,-8.887021,-1.754091,9.376396,6.15063,2.416038,-1.8186407,-0.044035822,1.4035292,13.102013,14.108942,0.5293002,0.091031045,-3.7385592,-5.5099697,-7.1101694,-6.9784193,-2.2509897,-13.393054,-8.263829,-0.08099085,-11.488233,-8.4667015,-8.219749,-8.72496,-7.9604654,-17.373667,-12.642624,-6.1290665,-15.327843,-13.2857895,-10.62174,-19.089108,-18.338448,-20.5268,-21.927555,-13.897276,-18.421257,-25.46283,-23.803143,-24.841927,-26.117764,-21.524782,-24.326588,-26.21185,-19.097443,-20.280752,-23.247349,-18.552963,-15.084629,-22.5125,-22.092403,-15.8835745,-19.645035,-17.520744,-14.198221,-16.417488,-13.02998,-18.905544,-18.046314,-18.530727,-18.909317,-17.233786,-21.438011,-26.393167,-29.900177,-32.312202,-23.201504,-20.399384,-26.032528,-27.221106,-20.898478,-23.950417,-23.568,-14.7333145,-13.729322,-14.28702,-7.117543,-3.6680846,-19.249386,-17.959314,-8.545122,-15.433947,-21.665356,-16.453873,-17.074537,-22.462242,-7.781289,-8.149574,-25.884682,-15.0413475,-13.069386,-22.710503,-19.68914,-7.6100607,-8.354771,-16.152077,-4.3699493,1.7126224,-15.377318,-9.342415,7.9266863,4.5895905,2.6186063,3.1815746,1.7649413,-5.1383057,-10.008022,-12.658414,-26.034472,-41.85087,-47.67331,-48.20526,-51.84674,-51.121502,-52.00181,-45.83052,-34.65378,-38.92977,-53.62597,-55.031975,-53.35118,-46.63217,-43.038147,-41.283253,-44.691986,-44.949215,-45.40822,-37.59998,-38.560627,-44.242203,-42.956085,-37.890476,-40.84495,-39.611603,-36.415207,-35.57914,-42.73081,-40.537094,-36.437866,-34.50437,-36.50361,-32.070663,-26.51957,-26.91235,-32.428852,-34.140404,-29.183788,-23.659206,-25.637398,-20.579037,-14.282384,-21.283182,-25.915655,-22.322132,-21.125135,-18.105768,-18.536814,-16.603897,18.678814,16.649668,3.5216393,-11.410286,-14.967812,-13.8842745,-19.197227,-22.884914,-16.034801,-12.805925,-14.808684,-16.485992,-13.49041,-10.8260975,-9.493332,-6.651807,-9.081816,-14.785072,-7.1272545,-4.0995426,-4.5882063,-2.5894816,-1.7935419,-5.6191463,-4.5148077,3.0663195,0.119428664,-2.5859342,-4.8855276,-5.7447224,-3.079372,3.0548441,5.100126,0.59149766,-5.7824607,14.806211,23.696613,24.946198,18.990864,15.450329,20.454056,26.39294,24.986443,24.352907,31.679115,34.246162,24.060135,22.830948,23.664005,19.008568,17.136715,13.817993,11.204464,12.514547,10.011035,5.720908,4.2642245,6.4566164,5.9137993,7.6273956,8.081086,5.648673,11.385536,24.690191,29.607643,29.719423,30.753998,26.209282,12.560141,5.847968,3.4019673,10.6151085,18.963064,22.006931,22.96777,32.46968,37.537933,41.015816,43.294548,40.925247,35.41842,34.958862,33.727135,30.24816,25.030247,21.07899,20.159595,18.209778,17.7601,16.765331,11.072574,4.1665797,4.013787,3.6765764,2.2351618,-5.4115705,-8.756608,-3.9620495,2.0130062,3.9967527,6.4435186,22.889954,32.353745,38.969154,41.429646,36.390884,31.201927,26.478748,19.990078,16.741756,18.045296,20.349361,29.411846,34.687294,31.935505,29.85206,39.10666,46.974865,42.796593,37.09133,30.484764,27.600296,29.477161,25.486544,20.186184,22.818409,28.140297,31.109356,26.54541,21.637642,21.878109,17.870565,15.771366,15.975435,16.495323,9.635933,6.233287,6.2862396,38.36346,55.086308,62.823196,64.30562,59.700607,58.586044,59.50797,55.962116,44.306503,40.23609,36.3745,37.700466,37.597427,34.15233,38.873936,37.22487,30.886236,21.047619,11.596066,13.585331,17.206621,16.75989,12.051134,16.14291,31.251158,42.26398,41.355667,45.16895,54.107307,49.771355,43.100574,39.148705,37.747936,34.25921,28.213566,26.475761,27.357677,33.865307,33.295403,43.087288,50.65766,55.073967,52.56126,54.652443,48.255585,43.180664,43.11427,40.97649,35.58716,33.456715,37.52459,34.884468,32.136654,23.744036,15.336998,12.825366,11.783197,4.6618185,6.2605906,8.024904,9.913892,9.658665,8.68701,12.88772,20.151684,21.753572,31.740696,44.499096,49.792458,47.88199,45.29356,44.09189,37.32424,29.73719,29.192059,43.700897,47.112724,42.272957,43.86567,49.136738,52.185677,58.61535,48.70259,41.067894,42.15284,39.293,31.687763,36.242306,33.569595,29.116627,31.091633,26.800415,22.317696,22.323324,18.170006,17.135422,16.248222,15.885348,11.783714,20.79382,42.31366,41.90583,53.319008,59.62665,52.95817,47.65078,46.252617,44.415573,42.088203,32.563747,26.370964,28.498177,34.46763,35.51061,32.243866,31.164948,29.537163,29.125223,24.916924,20.667408,21.799622,18.197182,8.960508,-0.24356067,10.854356,30.204872,38.915756,41.30196,54.264374,51.75772,46.764275,44.355583,43.43269,36.958992,34.311493,33.87511,32.135193,25.737953,26.638245,30.167473,42.148933,46.92405,48.60019,43.208023,41.393612,39.984962,32.360523,27.933931,25.162544,19.913584,17.10563,14.204674,12.584749,6.3235703,2.980451,-0.42830783,0.90672064,5.704376,3.3817644,1.0176679,3.890399,1.9329404,-2.090985,-3.215177,16.526226,34.52238,42.315903,45.458565,46.422783,46.871277,41.760555,40.313778,42.5147,36.75556,31.598095,33.196857,38.252136,35.667164,40.42282,45.912125,45.974144,39.370316,41.035873,47.59424,44.095535,34.812454,29.918161,30.168999,27.976711,25.072088,33.106712,29.396866,24.746464,25.975235,22.998358,18.46291,10.92442,7.5476694,6.21257,5.4907684,5.062538,14.5959635,35.55739,49.592705,56.837532,61.078415,59.567657,51.128872,47.29516,48.21781,44.001358,35.788208,30.236225,23.179718,23.340523,23.093685,25.343277,25.134771,23.409334,23.060669,21.034046,17.70432,17.782791,13.569026,11.90807,11.101486,11.823034,6.6471076,6.284623,5.361973,4.475938,4.831854,9.187168,8.967816,5.2229223,0.7222109,1.66925,0.005518377,-3.0214005,-4.6374125,-2.662298,-0.1269837,-0.82307756,-1.748109,-2.1766713,-0.15438259,0.60584384,1.0415788,3.1330423,4.9786773,-2.3454356,-9.451773,-5.814004,5.462941,17.174961,18.378712,17.774849,23.295547,33.16321,39.303795,37.475746,37.9236,41.570084,48.668873,50.79557,36.5452,29.35091,26.688461,21.917715,15.3290615,7.2101398,2.509072,4.931283,1.9098814,-4.149068,-2.3167062,-1.6997192,-2.839371,-7.5743237,-8.423327,-12.247159,-0.476916,11.240545,4.027131,1.3239923,7.4431663,7.4450665,14.540632,30.19781,42.04129,50.68084,41.21617,41.524944,47.302963,50.316124,50.834183,52.77488,55.145493,56.54901,56.00484,62.913147,62.626846,56.315216,53.07613,43.77444,18.044777,2.639378,-5.7199907,0.5228369,2.378199,10.493821,20.965858,46.60809,55.188374,61.011047,63.671043,62.257828,59.67505,59.434975,64.29715,62.979645,56.580956,56.126907,56.78611,61.954597,58.89599,65.5439,65.63106,59.8644,56.648438,58.358116,51.8807,40.608215,36.548622,28.563232,20.709671,24.062536,24.56702,20.563282,15.448996,17.56904,16.027077,19.343758,20.095886,15.208151,12.45443,12.403463,13.016076,11.529623,9.904467,12.989959,11.127842,6.724722,2.294052,2.7641134,3.1618156,4.6949806,8.449542,7.2125573,2.985294,-0.6754724,-2.7222824,-3.221292,-7.5163603,-3.2344437,0.6349056,-7.125676,1.753937,34.794914,49.351257,51.796883,53.24787,52.278008,50.416817,44.78089,43.19806,42.417625,37.604973,44.357143,37.9501,27.447056,8.146143,-1.0876045,2.8248785,1.1241125,-2.4515657,16.169346,35.298447,37.191936,37.628117,44.860485,50.35472,49.311447,45.94081,44.505997,38.115685,25.107935,18.216787,30.059668,30.382679,28.504547,24.93545,23.91098,16.56713,18.148243,16.822514,12.698023,4.751865,12.928099,10.127245,-0.9124768,-1.0778427,3.5988874,-0.04962206,-7.0689764,-12.870672,-13.080595,-1.495875,11.221893,10.103371,16.494707,23.401566,29.790375,39.296997,40.74539,32.41286,30.867264,30.693075,35.626442,36.506866,36.863716,30.917633,31.420223,32.72557,37.89132,37.69639,35.666504,32.25645,27.986174,27.586079,24.779783,25.48249,17.093735,13.043268,13.518312,11.631102,9.425958,8.552591,8.977789,7.4601955,6.8332195,2.2151115,3.1442897,3.7069883,3.2234085,3.1910877,4.045575,2.7741487,-4.482179,-9.891176,-8.07688,-4.3552766,-0.99481577,-12.028849,-22.22493,-17.615595,-6.585622,-10.50694,-17.479664,-2.4013157,4.289275,10.918766,6.187229,-16.729128,-19.144577,-12.946745,-9.858012,-7.5838428,1.0575476,11.488554,16.172577,7.6667004,4.7796245,15.336473,25.32295,27.081377,30.559202,39.44249,40.219177,43.810043,39.729717,27.1356,13.713978,16.081684,22.08353,20.40699,24.55478,28.424572,29.536217,28.342419,21.743814,-7.1548395,-5.657531,13.602739,12.324795,3.85218,5.527468,8.512946,9.9922085,15.374779,15.6207485,14.60322,15.365628,13.777009,12.109594,11.031162,13.317975,7.492285,9.58843,11.205895,12.296249,12.391193,10.3144655,8.611238,10.281315,6.42451,-4.563511,-14.8993,-6.2208433,14.713572,24.042683,21.794233,22.500286,26.145744,22.096184,22.736855,25.601171,29.38926,25.250689,27.488136,32.110104,31.627739,37.570236,36.357025,37.3666,35.2595,32.838623,30.729603,33.50274,32.298626,22.530956,13.112646,8.573314,21.469082,31.462013,35.521584,23.577988,23.318136,31.343338,35.358723,32.159935,33.478004,29.915293,24.394138,20.09908,16.98608,15.08002,17.435455,23.040606,27.171265,33.713646,32.487488,34.587067,35.956196,33.822983,32.285446,30.780315,27.681913,23.823627,20.475883,17.49919,21.571835,20.162277,19.411291,20.856405,23.593029,23.340363,22.405249,21.942194,21.523712,25.52246,30.646236,27.063726,28.16364,33.59536,27.558088,30.94345,37.98419,43.105164,42.543015,38.594353,35.618263,32.695793,31.657232,38.720665,35.06578,32.52438,30.79845,34.205086,32.81555,31.980412,34.49778,34.977924,31.270279,29.775826,29.891716,31.412296,27.966572,26.640896,31.304638,27.445713,26.536045,28.557604,29.939905,24.5551,25.197037,24.786625,28.400661,28.441624,33.926155,38.314674,37.42958,35.808735,32.456028,28.1813,25.165527,17.97164,21.315376,21.260986,19.175217,12.99711,2.506991,-1.0809252,-2.779721,-5.3164463,-3.9654636,-1.6302261,-0.17797267,4.936896,4.4698143,6.576004,2.1855087,2.7137668,20.701702,42.67784,51.443237,42.90942,41.5478,43.418358,45.628063,39.407192,35.846237,33.129963,28.557127,19.185774,19.82766,15.913656,16.868261,21.60873,24.772888,25.700018,28.20541,29.208025,26.52903,16.26015,5.0551195,4.489353,12.560674,17.44608,35.15907,60.17696,67.1742,69.355804,70.10476,70.10959,63.410744,65.101234,56.6598,49.955647,44.501053,40.297886,36.11495,40.093834,44.471733,42.819813,38.363472,36.688038,34.945324,29.62232,28.035387,16.03818,6.832587,8.824318,13.388735,14.395683,24.1036,25.41903,21.130394,21.758423,24.212387,29.549015,24.999063,23.740456,28.635315,24.556496,24.904799,21.25486,11.196154,16.587967,17.324608,25.424118,33.366104,32.187767,18.249493,-1.7499669,-10.432313,-13.450483,-9.177998,-5.4404473,4.2458916,21.217283,34.866226,38.51539,36.02688,36.815834,34.75135,30.223099,33.689423,33.306175,26.861034,27.817497,35.00112,41.419548,43.350075,41.496696,36.04044,34.886017,38.460304,37.622322,33.97009,31.863007,28.7005,33.397495,36.203484,40.998993,39.02881,34.048546,34.5008,43.79194,48.730026,43.245358,39.37026,29.158503,26.769917,29.715424,32.234715,29.023474,29.577408,33.09021,32.616016,33.10797,34.261127,30.670801,33.555054,29.684772,24.13046,17.229755,14.660313,24.967648,33.404266,43.222168,59.332085,68.32901,65.74585,61.52549,57.589325,52.07572,43.1951,35.980156,31.069393,25.269562,25.111368,21.697807,23.10225,23.455643,24.12238,29.525385,28.898098,25.75343,28.263554,24.914124,24.53408,23.718735,26.305458,24.173367,25.109634,26.53056,25.03663,21.899376,18.133354,18.524849,20.563145,16.811836,8.657385,4.5130277,2.8963394,3.4547324,8.555128,10.374811,12.485095,9.313624,7.8160048,4.933356,-1.0039096,3.043407,2.352681,-9.391161,-26.628475,-27.351856,-6.053074,4.050049,16.612638,18.596289,14.474347,13.482943,7.0027533,6.751564,3.9200866,6.298482,8.068711,10.118744,9.479143,4.658545,3.7748518,-1.0648019,-1.85418,2.7158883,9.116336,16.026308,12.278318,7.4941587,7.821047,1.1587682,6.4575987,37.18254,50.57367,40.98649,34.543488,42.0229,42.84343,35.654583,32.962845,31.928425,23.632538,14.040867,10.985837,3.1965904,2.6918857,11.7516365,28.328615,42.77819,47.447727,36.55692,33.207695,33.381317,23.155636,10.997738,10.305189,7.322459,1.0611343,7.956092,28.130974,36.8095,38.947525,36.17376,38.741486,34.379456,27.321743,27.64361,28.745571,17.1336,9.938628,14.173765,27.540556,34.167297,38.289673,37.82022,35.416565,26.927711,18.349222,9.037823,5.7388115,6.0528994,6.38459,9.997748,35.41392,44.617035,42.294632,37.114933,30.20987,35.171623,43.032833,44.134926,39.538185,42.274113,42.142014,45.35833,50.201393,46.37008,48.4959,48.58704,48.463036,47.071327,44.757103,41.44346,46.81045,43.76557,20.762154,11.44389,21.055454,27.480698,40.61314,48.783382,53.98349,46.786777,40.20261,31.304474,26.323742,26.844662,24.69632,12.402578,2.5642629,1.334213,5.2332716,9.787063,2.3770566,-1.5657616,-1.6023564,-1.3431573,0.73800516,3.4688177,5.532942,8.233107,14.314835,25.629478,28.627678,32.777885,37.903477,37.415848,33.961784,26.164652,25.685898,25.052773,20.488384,12.956764,6.808112,2.0573752,-1.5370755,-9.184528,-5.152439,7.424138,17.09737,21.532948,18.481365,11.253246,6.754751,6.1857986,2.2941747,-1.7221198,-2.6748214,4.192307,12.638272,22.739388,20.118195,9.084429,4.936331,5.5877833,4.9127316,4.5882983,1.5668596,-1.1666253,2.0378835,2.8165956,3.3208604,9.199896,11.007882,13.374242,9.675304,4.099521,4.671474,6.362116,9.936899,10.885824,10.798908,16.653786,22.339355,31.04145,37.486717,26.480598,27.074959,28.440506,24.575848,23.246593,26.380743,22.804836,22.371983,23.27984,21.937344,24.666317,25.401934,25.065876,23.307888,23.324738,22.572178,22.516453,25.927462,26.598068,22.544363,17.130383,19.40786,24.211184,22.900814,22.591179,14.346685,8.223587,8.734907,7.188648,-0.72041947,-1.8046466,-2.290195,-4.153106,-6.9349957,-6.5849924,-4.862847,-3.275113,-7.600649,-12.6124935,-9.246994,-8.309986,-11.110483,-8.925589,-5.628506,-2.4107316,13.175324,17.617401,22.017641,28.07626,38.35743,40.10246,34.950874,24.099926,16.50058,12.124704,6.55457,5.0136824,2.9581892,6.494611,-1.3970989,-9.868035,-2.6544464,15.299951,24.76062,16.469795,1.8801482,0.080153346,4.187446,-1.5264294,2.8034997,5.409338,2.652579,8.023776,3.8234668,-3.5147195,1.6730613,10.270543,10.454948,7.8590317,11.067014,16.263329,25.557648,24.625156,19.654057,10.476431,5.7875175,6.5756707,4.7067375,15.5866585,10.835709,1.8421345,1.6347783,6.183694,4.255451,6.1392565,19.335949,26.670849,43.594093,51.4355,49.766014,47.280296,44.440613,40.8412,39.258755,34.45955,35.448944,37.769703,36.594315,37.997734,40.6753,41.574974,40.959736,44.7229,49.593834,46.77042,38.019844,20.839062,4.243222,5.78609,5.5564184,22.403374,34.131775,36.885357,33.816093,45.815205,60.12857,65.81079,65.052666,63.200104,62.72841,61.57187,56.444904,57.219463,57.93808,54.409187,52.54851,48.04883,48.212585,41.081085,30.419281,24.424355,16.171719,14.0494995,23.453922,28.783203,19.057522,23.861996,41.92922,52.275215,51.44149,46.30607,42.182137,39.86126,31.14196,24.03503,20.950756,15.985844,5.962407,7.6807585,16.800083,23.537313,29.385601,27.580975,18.21323,16.32235,18.069262,13.040096,6.9944854,10.653813,10.005003,9.729944,18.633821,17.995388,15.067507,28.806395,44.34419,50.1466,57.56612,61.615566,57.881195,55.19255,53.91725,49.282455,23.142494,12.700331,17.167522,20.798397,14.370827,6.4244137,2.4573684,10.7450285,18.077026,15.777294,7.346426,7.8968754,22.508904,43.875748,54.016388,58.70179,45.320477,32.822002,19.950336,21.49365,20.108166,20.810581,21.441433,20.858294,18.151535,17.472794,19.79521,25.26242,24.985874,19.910082,14.7607,9.808559,2.9705982,2.673787,5.8485613,11.900013,20.301785,31.30726,44.710457,47.45498,41.364853,36.0532,28.685638,29.391865,27.560978,31.00645,28.433403,29.696333,32.99823,33.074722,39.711823,39.610474,33.541668,28.175568,25.827726,24.789886,27.03587,24.45758,24.276903,18.228561,-0.80538833,-2.8933408,23.382038,46.316414,54.853153,54.542828,48.02335,34.869293,33.922836,29.492897,24.504005,23.409506,24.416824,15.630592,8.678732,10.236876,10.449468,13.823221,27.863867,30.669949,24.209806,21.587543,16.959309,10.818622,10.429586,7.419753,7.812792,16.12553,39.543854,52.357212,43.424202,37.181156,32.754562,28.289494,37.092888,46.921345,49.52185,51.746994,48.175873,49.827614,57.39205,56.067665,48.334328,43.22998,38.325058,37.251343,38.509293,40.21409,37.35757,37.556183,41.00551,39.443657,31.721943,38.742775,54.285156,62.657814,61.33363,52.680176,29.700645,18.924614,17.330196,22.252739,19.804592,20.220055,17.980335,17.655247,23.217411,30.81929,32.10332,25.206692,17.173351,13.823348,19.47502,19.80317,14.1143265,14.398539,3.369263,7.0150623,27.398216,31.761978,21.175156,5.2840242,12.896041,25.167068,33.24666,34.00314,35.988647,35.23061,29.807709,28.8579,34.745663,36.398933,35.695675,35.114967,30.503624,33.386257,37.400692,34.941742,16.149017,11.115803,6.9765177,11.60668,24.457855,25.972565,35.342358,45.6353,43.556778,33.3462,29.282055,30.708096,27.089813,19.596817,8.437859,4.6430016,4.970567,6.919731,6.2105923,2.690538,8.069752,11.094681,7.9227424,9.387362,11.694195,11.338008,11.130606,9.750599,5.2287555,7.437629,14.056696,16.892303,20.357847,25.576328,27.070412,23.191692,21.206743,20.219448,18.606186,15.002983,18.593456,21.99987,23.094921,27.910072,24.618973,22.36716,22.717556,22.085903,20.732498,19.386915,18.282986,17.064402,15.86896,18.184896,26.221107,31.177885,28.983078,24.339977,23.11047,23.140987,23.492088,23.711452,20.926136,29.46569,26.961153,16.676924,15.750965,24.091343,23.638351,17.974113,19.676846,19.192245,22.711006,27.506102,26.052622,20.019482,18.720242,20.875553,26.357746,31.358746,34.500465,38.680946,26.79834,17.827122,16.262764,18.474983,19.249554,14.778976,6.4342318,2.4674032,4.1838717,5.7017927,4.253502,2.6619773,2.4483137,5.3231883,2.2534642,-3.8138814,-6.288167,-10.540209,-10.770512,-7.188776,13.70661,33.918613,42.494164,42.83585,48.295998,52.881752,49.16715,42.175095,37.03093,33.783356,30.962803,25.550144,23.490551,20.099825,14.334896,11.179149,25.16145,41.004345,43.069866,36.384686,28.096184,23.877754,20.687473,29.070469,47.25018,53.39418,57.931976,64.816414,72.31671,77.1425,72.5791,68.841934,68.93137,58.770573,48.193634,45.55123,47.709206,44.80465,39.207912,31.633171,22.559193,25.154478,29.65815,18.876303,9.986746,7.1700096,12.403601,18.329952,10.515546,5.701123,2.6357412,15.226809,27.862827,31.99057,31.514498,35.98851,43.650223,41.452473,39.864567,36.780567,31.809605,32.065323,28.32734,15.849714,16.779142,21.860462,25.346607,23.061972,18.171144,11.464686,1.4975598,-2.640386,-0.0032131672,-1.7121437,-6.808272,-3.9410543,20.652418,32.08137,39.95034,43.555088,45.55033,46.706375,45.178825,43.058136,47.102074,53.17584,53.531326,56.2736,59.466377,51.5485,47.85862,42.219063,36.573975,36.809624,38.085464,38.207832,36.957123,34.737114,39.304146,39.49004,36.93036,26.41056,22.76237,32.807632,34.701477,28.85318,24.717316,28.12089,31.550339,34.277824,30.525494,35.766922,39.23962,30.703205,23.375969,21.80951,25.061985,35.27214,33.459118,23.701,17.383274,8.087732,6.154789,5.355317,-0.38363147,-0.5295111,9.570521,48.25583,64.743454,58.09884,48.139904,47.86899,52.12053,47.697433,41.89505,42.340744,38.07846,32.57241,23.31246,25.69833,27.112629,28.598305,29.26222,24.98971,20.510292,23.79861,23.869137,24.485182,19.196114,15.967046,25.169838,32.99522,35.28859,29.601578,27.817245,22.153183,15.675571,16.903717,16.414524,13.042723,7.456035,10.682476,7.830782,7.6162605,8.310474,10.134611,4.1727705,0.53464746,-1.0809801,-4.3999496,-7.360985,-20.835264,-29.921398,-27.238642,-10.588996,4.641244,14.933817,16.1338,13.690163,16.21774,16.989422,15.336656,17.938908,18.148668,11.75481,6.9724197,5.9567204,2.2124896,-1.3287728,-7.810563,-13.384962,-7.352978,0.5481576,-5.6750817,-10.706179,-7.807688,-2.29115,-2.9395518,-2.1405976,11.869057,22.655182,29.23873,42.958656,48.058994,41.660522,34.40972,30.709042,19.166164,14.509886,17.52341,12.722628,5.502825,-3.3116264,-3.3837948,6.981567,19.53072,30.489328,31.24739,31.182827,24.147087,11.373403,9.134514,6.728229,3.3819914,2.2692864,7.926634,21.435257,24.615929,25.251156,30.168644,39.273575,49.326866,44.577095,42.686546,30.340141,16.243626,14.0590515,8.362729,6.983244,22.34245,33.12699,31.983273,31.700611,25.969463,19.193085,13.182615,5.4330735,4.9726267,-4.4302597,14.178566,40.24521,44.304665,41.818726,40.451546,44.830433,48.319473,45.292473,44.88707,44.536762,43.117416,46.23928,52.746246,51.48665,46.126472,53.37339,61.508953,58.060867,50.392544,41.146133,28.688906,13.054908,10.2853985,8.04811,10.342144,27.749168,43.655533,47.271873,39.23751,38.651894,37.62425,32.220848,25.472702,19.474644,14.05258,14.640144,17.109516,21.304867,19.15795,13.571848,11.687155,15.396086,14.5381775,11.439346,10.963015,17.037788,20.166363,13.850965,15.536042,12.598476,12.889486,24.6681,28.43322,25.254467,21.210953,14.428762,19.971647,16.886482,12.568028,8.356211,3.6030066,-0.5809042,0.22213912,2.6052487,2.6823664,9.8134365,17.185997,12.4503765,8.704548,7.545228,5.5500298,2.1505203,0.027359307,-0.9586977,0.83745825,6.3747888,12.667889,10.870996,11.784832,5.9673448,3.2357008,6.096786,7.8327327,7.3816843,4.8144584,6.514203,-0.72879887,-3.0412335,2.6846988,9.723492,12.442285,6.2989836,3.9123397,1.3082547,-3.2030602,0.23094007,-0.83945674,-4.8864236,10.828981,34.99894,42.513565,49.696815,47.7799,41.564438,35.530266,28.573181,23.318092,17.352074,12.944909,16.660854,16.581493,10.638777,6.00317,8.083134,14.360626,12.216715,2.4557004,-3.1802106,-1.0584997,-2.3454142,-8.611265,-6.7307034,-7.824444,6.041009,15.171568,12.425999,16.698765,21.778416,22.220552,14.988711,12.62615,12.264422,12.352638,12.129385,0.5354092,-0.08240861,2.85038,-2.2275338,-0.98387736,-0.13642195,-0.56493413,-1.4707937,-2.6128886,0.5233745,-4.3259783,-4.8659105,1.6697035,8.261127,11.9461975,23.431376,37.93588,42.206955,38.077496,34.02849,23.827782,19.51909,7.1189976,-10.52204,-12.23958,-10.656539,-6.0208054,12.165119,20.976383,19.935055,17.755493,13.66453,10.747985,7.103656,0.9121075,-1.8618374,2.6228456,6.399189,12.489603,11.453306,4.641244,3.1023011,3.7450333,2.0742502,2.5796764,-1.8036532,-14.612974,-17.001682,-10.464511,-7.31244,-6.2015724,11.309631,20.16325,24.864132,28.427639,23.9169,17.713064,10.035106,7.763398,8.50946,3.9499307,11.989302,36.421562,47.934753,44.682144,39.385704,29.867348,27.600216,25.921965,14.651524,14.017895,7.280043,-0.92853236,4.8132095,8.602696,2.7397451,-3.805049,-12.516254,-12.49785,-10.6024,-11.311266,-10.057087,-7.3607693,17.802296,12.418011,10.590118,31.41925,40.476097,37.206566,36.971542,37.376015,36.854195,32.36492,24.532604,20.507233,21.176208,29.661507,22.599438,18.231113,27.270702,29.154629,32.347454,40.332428,39.161674,36.01139,31.534142,32.405357,26.499752,28.426708,33.938034,32.129025,28.686813,30.860123,39.70851,39.158363,36.10856,35.86015,48.604378,52.769573,51.283546,50.413902,55.046616,54.400078,50.13601,50.53119,54.051292,49.20403,44.42263,39.800415,29.597801,29.472868,24.696808,15.027822,14.02388,23.492153,30.303562,35.51494,36.290718,40.694824,42.23826,45.859413,43.277084,35.89055,30.911062,29.580385,25.103275,25.974094,21.455746,19.720566,19.901348,21.077358,26.479187,29.067604,29.643291,29.938198,26.081184,22.058847,21.694317,24.5932,22.252052,25.916096,36.283195,43.283897,52.696465,55.930935,55.84935,54.121136,52.071037,53.27369,58.507584,52.80876,48.086296,54.487328,58.838623,56.769447,58.691742,51.387737,44.232132,32.045815,22.71988,15.468659,10.50394,10.339684,8.964363,12.994181,20.151226,20.551338,15.890551,13.139771,13.718819,24.232544,28.276897,27.690838,30.777552,26.157856,24.416582,19.730839,26.53922,28.55172,33.12268,35.479195,32.398613,33.77444,32.23223,28.204489,25.304798,23.085094,29.993652,30.404266,32.512047,35.036304,33.968185,38.71714,42.271053,40.806473,34.43108,39.73905,44.88562,43.842472,46.96525,40.648087,33.794678,33.344437,38.919144,49.305336,51.905777,55.29268,62.296936,61.711586,60.29525,55.869797,57.58809,55.215744,54.30933,52.44206,49.392685,39.73316,20.150566,11.303391,7.9187613,8.071292,8.490594,4.983716,1.0459278,7.144382,10.462471,8.529899,8.278156,7.7453613,6.121049,4.2655077,5.44503,5.432027,11.134797,12.797716,9.341167,12.925705,16.412903,17.473951,15.371367,15.204438,12.873204,14.564751,17.340565,16.770645,13.78388,12.571112,14.437006,14.083263,14.196085,13.44325,13.864077,15.448132,16.70806,14.535572,13.920132,12.902369,3.104239,-5.173283,-12.905363,-16.090086,3.429719,17.684498,24.19323,25.18878,15.45419,19.093203,18.564064,18.888325,19.282185,15.895654,11.399376,14.3345175,14.018351,16.86157,21.37294,16.305336,10.745413,4.304855,3.2001019,8.627409,15.1163225,13.631657,10.396683,11.449524,16.181015,27.962902,30.625568,29.768593,33.9544,33.65033,31.988155,31.724724,30.822002,36.031746,34.77163,40.170845,43.547104,40.297035,29.50939,30.296066,42.612793,44.928757,36.687897,27.391235,26.361528,22.959625,19.021317,10.282541,4.830048,16.328026,29.465034,33.801086,28.663519,24.814865,23.491493,22.96238,16.867718,12.68113,14.265815,11.098543,8.635747,9.887058,6.735714,5.617337,2.2488317,10.514494,7.048276,-0.85135,-6.425208,-3.187537,-3.2334394,-0.23474813,8.674063,13.368385,15.589635,21.172651,24.350334,33.10148,38.995956,36.97647,40.79248,45.215424,45.442787,41.929565,42.86138,41.579765,42.906513,36.566517,29.281578,30.032778,23.497059,14.530149,12.738931,16.890068,18.656456,13.750181,16.87881,28.01696,29.508041,21.03417,16.78468,12.2031555,15.8313465,18.039621,21.415361,22.70327,20.828983,18.409546,17.737675,13.491621,22.697208,29.399984,33.75463,29.95034,36.891823,39.592262,35.947586,26.2869,19.368528,22.63356,19.860403,13.710436,18.711826,23.325651,24.799551,19.283756,20.675133,16.848387,16.582306,10.783216,10.112076,11.533331,11.982338,10.083263,12.843624,27.47319,36.861904,30.751356,28.295967,26.920269,25.352922,19.94096,12.84825,15.900791,19.894516,28.639574,34.76364,38.335083,45.67604,49.81775,48.227684,40.06607,32.505917,27.911995,27.673454,24.760178,26.209747,28.453512,39.819557,31.705917,27.055922,30.519327,34.70951,33.10697,36.61666,38.155552,31.943151,26.172426,39.825825,51.63458,57.85187,45.284866,41.639397,52.91326,47.392464,40.021004,34.053406,24.4794,21.66581,25.186321,19.738407,35.818073,40.911137,31.898827,30.807278,35.686485,36.48298,25.566841,18.165276,12.979132,10.91178,13.533025,34.22894,45.52065,40.70749,40.319695,36.5735,37.15703,34.42773,22.875347,14.639807,12.134702,10.497417,9.297198,15.868021,20.955494,19.775356,18.153477,20.155413,13.805133,7.974903,14.689977,26.085049,29.333237,23.545609,16.263607,15.152229,20.237888,29.343798,36.591248,37.450745,36.469578,33.77256,37.483246,35.81953,33.054844,31.311674,33.77697,42.592964,41.925556,42.15484,41.74367,43.228367,39.724167,37.21525,40.51931,39.14167,30.231466,15.876464,7.3462863,19.863241,9.44739,6.0221314,24.57064,31.057913,30.893269,34.080147,27.314041,32.08287,35.178627,29.528557,30.426426,37.918037,34.739037,21.526157,19.399004,18.459122,19.124073,25.162073,32.224915,35.698994,28.188953,23.392315,20.464401,17.313232,17.72464,21.827063,25.371998,31.471601,26.592104,29.399544,39.229294,37.738056,42.329506,45.79402,42.321484,50.58396,46.898712,36.664314,35.481224,39.70549,49.607246,50.680214,49.54152,49.169033,44.66476,39.513496,32.61681,25.629757,20.629456,13.0174885,5.2822027,11.065585,15.971827,12.660496,24.438229,24.144957,20.842148,18.309237,17.227745,21.265682,22.841846,21.231533,20.766674,21.929644,27.260845,27.812305,27.889927,31.451353,28.509016,22.351748,23.241028,21.964754,19.989971,19.54212,19.944298,23.22547,32.408028,34.360786,27.26468,34.175472,37.259216,42.16651,48.778847,40.1286,33.90785,32.033314,39.786423,45.245476,48.916325,47.454384,40.716026,42.900406,51.518986,56.770157,57.630836,59.708565,61.267387,58.11229,56.943085,51.79078,49.226433,41.945503,36.599243,35.7164,33.96634,19.033634,8.586613,13.534944,21.335678,24.85743,12.321644,4.6206613,8.045465,16.121128,27.322628,27.54378,17.999699,12.380725,12.197401,13.507556,12.977852,12.266996,9.154242,11.579855,18.098597,24.284962,24.93602,19.758972,13.81271,9.854107,7.4676585,5.6678495,4.387599,6.4393806,3.701576,-2.0391634,-4.989039,7.4123645,12.674259,10.197249,4.1451006,-1.0197655,-2.7456944,-3.347383,-8.770075,-12.754851,-13.767183,-8.660635,5.8893623,17.98098,21.193974,23.845943,18.810905,13.917231,18.670345,28.50985,34.357006,34.449776,28.933052,25.06377,17.293633,7.1081066,4.9916434,3.1957808,5.704981,10.198876,14.029474,17.215807,18.928848,15.047625,10.506773,11.886377,21.452305,27.388496,33.205826,35.272194,37.763565,39.900307,34.30914,36.534996,41.370167,35.56453,30.897377,32.641685,39.69405,44.321983,32.338287,32.06471,38.921898,40.706505,33.668713,31.464052,22.188671,12.888819,7.1127443,-0.51354456,5.35935,22.646328,34.12416,36.876743,37.525192,37.075222,30.68375,25.971607,25.24936,29.495327,30.868061,21.767761,13.011656,5.734944,4.708614,16.407997,18.390247,11.137892,18.326298,21.66843,17.113317,11.878329,11.978251,18.416523,27.946318,22.385414,26.68999,35.07226,37.3162,29.046215,34.96208,33.90503,34.57962,32.79608,35.711575,34.696117,27.575336,25.849106,24.470665,21.841991,22.583511,25.194855,27.907368,32.848663,34.8697,27.619528,21.793041,19.501625,19.671474,23.568033,39.474617,35.055695,28.5245,22.946579,18.532948,16.20236,15.785383,15.2276535,13.780674,10.500283,6.5443687,3.858153,9.695422,18.84205,23.960705,30.22918,32.80654,27.491154,22.475761,17.092697,14.206077,10.633435,9.684374,13.464453,15.518857,11.376711,17.01756,21.422647,20.189255,15.886106,18.444883,23.917454,24.336304,16.311106,5.169935,1.3994008,2.8046577,3.119186,5.947443,10.598513,21.328632,22.125439,27.159576,36.12808,31.2351,26.823786,22.7849,25.414482,37.95289,44.69822,47.263664,49.52587,43.16619,36.482315,39.842857,46.667557,43.58689,36.540596,31.658148,30.62959,39.688324,50.629124,47.15911,39.681385,31.608181,34.870667,45.66375,48.492744,46.51904,40.752552,32.512115,33.84237,40.287697,50.60623,57.812515,56.41813,49.961105,45.727577,44.09124,46.06301,40.38338,35.426033,36.872833,42.427967,45.957405,44.625397,44.037987,44.255383,44.442974,42.03572,37.4094,33.34884,29.327919,27.75262,28.0107,23.854332,39.46376,53.2791,57.237698,63.175423,53.705307,31.052467,17.491634,24.491045,29.511631,20.74481,22.292616,21.814161,20.450397,18.18924,18.05944,8.524438,6.8664193,6.9447393,6.7146235,6.944233,6.2786713,8.558147,8.990761,11.439901,22.11087,29.405167,33.714348,34.40452,31.53682,33.285202,35.07434,35.3798,45.186836,51.178932,51.073315,42.000084,38.24104,28.591515,18.934841,15.431591,21.175522,25.148945,21.224411,18.919464,13.101721,12.762734,12.377119,13.114502,15.436237,22.631916,34.128723,34.37745,26.858917,16.7081,14.317989,1.0906041,-6.4738197,-3.04215,4.852378,11.291589,10.276107,3.1671863,3.986644,18.969059,24.729664,20.855244,19.254276,17.320086,16.995422,4.5003376,0.116722405,-1.7400305,-3.1720307,-0.89999866,4.1030884,12.5251465,28.960531,29.441364,22.081177,21.095098,26.666607,27.681843,17.225256,3.1127067,5.812191,8.532557,7.6440334,3.618059,2.8199725,7.3679867,9.32798,13.225639,16.45683,6.175909,5.094564,6.177504,4.8041897,14.345134,30.967339,28.756424,14.58108,6.034831,10.157958,21.526297,25.67621,23.256325,22.300037,19.709917,17.312483,13.466114,12.916115,13.098604,13.9400425,16.071335,18.85802,19.704317,18.96957,21.706148,16.538862,8.639391,5.0688066,5.7926927,7.592868,16.490316,31.585712,37.131996,36.228733,21.566257,7.5959496,0.52456963,2.653782,1.7165678,1.2870255,-0.8740057,5.243352,-1.2277884,5.8324766,14.392183,14.606428,16.940266,8.020647,4.8233433,5.6960564,4.2193594,4.460522,-5.9276867,-9.797327,-4.9854226,10.961408,18.418467,19.229605,19.868185,16.86424,14.103823,9.959837,19.142292,26.12267,27.167355,6.3674984,-11.481871,-4.254519,16.88331,26.298134,16.22402,11.245947,9.680086,12.646734,6.1943283,7.6580286,10.489685,9.391871,-0.58012974,-0.104237854,13.398388,23.159397,22.815262,23.037952,14.083176,10.782639,15.347463,17.079544,17.894722,17.217522,20.763752,6.82621,-2.0644968,8.667867,21.828655,15.656973,14.312247,13.370662,13.72081,16.844025,11.91259,21.574703,37.972786,43.85194,34.14554,33.941826,32.442642,26.695356,20.66323,19.097237,6.7114115,15.821945,29.58823,32.24543,22.224745,14.476257,15.848101,23.39965,27.622887,29.802067,23.491297,19.178684,14.816891,7.9977965,6.69596,15.039058,27.09394,33.3767,37.91239,38.01882,32.478455,21.785942,10.270286,3.5169332,8.732039,14.47621,13.292639,9.087698,6.8362284,-3.575599,-3.3530393,7.997135,8.091748,-0.27072394,6.4164066,6.5735393,-7.6497936,-8.591512,0.5913447,-0.83797204,6.4226284,14.136089,22.814766,20.441147,19.26537,27.348766,25.554054,15.046625,3.015348,-2.5211825,7.838078,17.558678,15.643555,10.648999,5.5976663,2.7937508,10.550358,15.757992,22.600306,19.074799,4.912607,-3.4639351,-1.6332978,8.95619,22.431082,27.641142,20.700981,19.600418,36.55244,27.620358,17.18032,26.607323,29.335793,16.658005,6.137038,4.960004,7.522783,11.341688,24.486656,35.545776,35.485283,34.046547,28.525352,21.67848,14.241473,4.6573014,9.154469,6.3491945,3.627363,5.2198763,7.273162,6.253482,9.009205,15.947409,8.848076,7.027895,9.908325,13.114291,9.697458,5.203639,1.3573511,4.935454,17.336653,29.925232,41.05252,41.604668,33.40158,30.874294,30.873905,32.402946,27.589676,17.897537,14.272817,9.281396,2.6993077,4.315441,7.3788347,12.025465,10.786921,3.8946097,-1.8124201,-5.73878,-7.2797365,-5.0477915,-6.524314,-8.432289,-17.424103,-8.38548,10.363327,24.879993,29.62062,31.857979,40.152985,32.199913,9.427847,0.29430014,-1.3184966,16.43153,32.312325,43.43769,44.73476,46.046566,45.843727,41.408913,34.884117,39.671234,43.6792,42.2779,35.371933,21.86998,9.707115,23.181168,32.76844,37.228546,30.798504,32.406715,35.79705,34.386806,26.831474,26.423246,10.9038725,16.504803,30.053608,32.158092,24.882301,13.889662,5.9507637,16.524063,21.314564,18.532143,12.45509,10.383108,15.94063,13.2842655,0.7523009,7.012697,29.215736,32.493523,33.106544,28.604073,19.500149,16.837456,6.4589763,1.0632192,11.803939,27.739292,42.56967,53.9666,57.39598,48.806667,34.501476,16.420567,14.908337,26.150764,32.036938,27.321705,25.894821,24.669819,17.644545,21.829523,20.753256,20.93583,21.294262,19.030807,18.562172,11.922644,15.0143585,12.489417,11.718771,8.073489,6.7821245,17.473564,23.385727,28.733517,33.463097,34.062866,26.511473,23.954956,19.167286,9.086978,6.8380704,6.6844296,12.678994,11.50636,10.026449,8.513182,14.202463,6.263741,-1.3461652,2.951277,0.7860452,0.293321,-6.8166504,-0.80042535,14.8156595,24.898596,31.028938,28.892822,19.326836,17.16345,22.156487,20.093243,21.222107,13.448942,11.095028,18.12318,19.587223,14.760635,11.004585,12.376818,10.186428,14.840197,17.395897,10.096925,1.9251883,1.7202798,0.24060261,4.6312037,10.021525,12.0707,11.55032,21.496597,29.44479,21.546635,14.992128,17.919415,22.305382,17.511282,20.251394,19.603697,12.154261,5.772386,4.0041676,9.514317,13.743462,22.13527,27.372248,24.234035,15.967354,23.353132,27.911118,22.39854,18.060684,13.634167,3.4629803,9.741451,16.771671,16.854462,5.014859,6.593113,16.630816,10.582169,12.848154,13.198574,10.738082,14.895988,16.14861,17.73983,15.319698,15.083391,13.346709,13.872926,12.997459,11.561968,18.743004,23.67374,23.761383,30.178787,29.571945,19.297848,13.789451,16.20118,13.891217,12.308586,4.444874,-4.461734,-8.412419,-8.666086,-5.2931223,-3.89322,-3.1151586,-0.8801716,6.1669655,20.930264,12.588355,12.171612,13.856788,-0.049434543,-8.029007,-4.806614,-2.7859304,-1.9744774,2.8359458,12.667654,24.612553,25.828772,19.85711,18.116396,3.212448,-0.8731259,-1.6483412,-1.9544011,5.117648,7.744977,3.7171624,8.935606,12.247519,23.734545,25.483875,21.850822,20.801785,16.497908,5.739768,6.833614,9.992896,6.3258805,9.376996,19.443016,22.80814,18.500381,13.312813,19.753399,16.729801,13.359333,10.754782,14.967798,14.547047,7.0288873,1.7170453,3.7673254,3.5031238,7.052657,24.019482,31.107655,25.82539,19.784252,14.823844,11.89308,10.114546,8.502327,11.470924,19.946638,23.627666,25.435322,22.88088,23.033434,26.75708,25.303297,26.418335,15.98523,9.5384445,10.524364,4.1042614,-0.4688447,4.4885044,9.166085,11.897172,13.845415,18.190613,16.586376,15.509972,15.236162,15.922668,11.815887,13.966575,21.889933,22.789726,22.627844,19.095152,11.119756,12.844612,20.74245,20.738125,20.672966,21.800278,22.959122,18.793766,15.229845,6.0684757,-7.358198,0.27574408,9.0801115,10.301267,4.8700027,-3.4029663,-13.438347,-7.501132,-6.7130485,-12.1079445,-9.039686,-3.1822906,3.3978019,8.885591,6.665976,12.746868,23.34819,23.610107,27.035946,29.205715,15.47248,5.601783,8.17829,4.3684454,6.018258,5.6695137,14.293179,13.122868,2.737583,2.1128592,11.6479225,13.862539,12.637544,11.510752,12.459223,19.265646,16.406694,25.172403,28.316957,28.657097,30.246964,30.795723,25.84296,20.97444,20.052834,22.698645,16.472153,12.587042,16.870998,22.647715,18.833618,21.659052,26.305313,30.419815,25.544357,12.89587,7.515668,11.668966,14.435179,2.6014988,3.2806184,8.950125,6.468102,3.1852837,3.1034696,6.675579,3.3595903,-3.7587302,-3.997158,-1.7165538,-1.9662848,6.0231657,18.375607,29.826385,27.859047,15.987867,16.602009,24.550192,26.783598,27.917824,22.401054,20.429045,12.848055,13.984748,9.97607,-1.0383599,-6.9681625,-4.0881314,4.1924496,5.379447,1.0658283,-1.2321358,-6.14028,-10.026458,-15.572235,-13.760845,-12.091831,-7.1649485,-6.350934,-6.9694085,-6.3975515,-6.7112923,-1.7804732,8.690044,1.9557302,1.2659264,19.494404,37.14554,38.03492,37.66034,33.20214,35.181946,29.686218,17.856445,17.40811,19.511475,11.969698,4.3657255,1.7099142,23.675888,35.38288,40.9149,41.862988,43.116463,40.23649,34.154488,28.003448,21.043062,22.98349,26.446686,24.389153,24.240433,26.32338,32.60041,36.72406,25.449287,6.4271884,2.0578194,0.5028006,6.6402864,8.684923,6.6763945,3.5059838,12.400457,28.208927,27.515984,19.406525,20.444874,19.488644,19.197737,14.157879,12.080235,14.387306,23.269985,24.358747,45.802315,54.848675,54.884796,48.552284,46.247036,45.013508,41.445595,36.810432,36.173447,37.430923,37.886375,32.244545,25.288181,20.861237,21.899475,27.022968,17.849257,9.138128,8.010808,3.114747,-1.1903476,-1.699571,0.4564324,0.123224795,24.36222,43.766205,42.74493,46.283817,47.07029,46.93151,51.859604,47.592163,49.54888,50.149612,47.127525,42.477875,36.393272,23.762325,16.953907,25.741123,31.847218,41.354294,45.262196,46.65882,45.085926,35.229103,29.849104,26.199677,32.139793,47.797794,49.628014,48.402588,42.81042,32.082382,28.069708,23.79548,18.030907,18.556314,19.037659,10.698133,8.052392,30.559107,50.95168,48.05307,35.195084,42.547516,44.31376,51.03434,45.752106,44.05973,39.880768,30.65361,30.89423,36.0914,29.938385,30.99805,43.832115,50.662415,54.006638,57.044952,53.953117,50.844566,52.282864,41.46051,34.687946,33.854504,48.657684,54.496246,56.09003,50.09552,47.31742,45.585983,36.747845,26.874075,27.646988,32.50584,25.96849,18.844448,38.372353,43.250626,42.97759,47.366943,50.478615,47.269043,43.719376,40.739853,45.220917,47.65484,39.574234,35.391235,37.42028,48.41175,46.979923,35.466,27.80131,31.44753,23.583227,22.779978,20.746008,19.495598,15.154701,29.69365,40.990543,32.550743,23.017487,38.267097,48.23078,55.96145,57.328537,55.534935,55.83763,46.48326,45.291954,39.833427,32.705223,39.136204,32.625988,14.785379,15.174308,35.221733,39.09647,39.90603,43.113598,40.38411,40.349945,32.092182,33.56178,39.636192,40.35333,41.987774,46.860897,41.65802,33.27148,30.509212,24.001028,23.884779,26.963991,25.381891,33.525314,58.32867,50.024437,40.640625,45.198906,49.708496,45.2784,43.790775,44.358776,39.43266,37.885708,32.907387,37.39899,43.66385,32.47876,36.419365,49.71772,52.26107,46.16856,43.17052,43.183567,40.30731,38.242622,30.59076,22.718502,28.247099,46.735405,52.927002,48.908962,43.064888,36.81868,28.946316,29.884733,30.096718,29.18002,30.838932,25.409735,40.514908,48.2228,44.218864,47.379105,44.63513,46.141396,50.096226,47.88217,45.184387,43.39153,39.94935,37.303833,41.4616,43.547356,39.642143,34.999756,32.637306,22.401001,19.452002,18.303516,19.119972,17.474628,15.77331,21.56052,44.646896,40.979248,35.383484,39.869255,50.07975,51.774944,48.004017,43.55285,40.59291,34.337025,33.404976,33.45115,33.374744,17.51713,19.500713,34.76026,38.24459,41.15117,42.69114,37.036797,28.850744,23.061745,20.789791,19.605707,18.312557,32.400757,36.82399,32.298492,32.183563,30.819256,28.44224,30.858517,31.42133,20.54384,16.855137,12.589886,19.90604,36.90149,43.010174,38.9692,37.85855,40.467804,40.672882,37.946396,35.260796,35.038113,31.160013,21.407219,22.04707,28.914198,34.200897,36.718384,41.527294,50.584435,56.356735,51.12124,44.313522,41.943657,41.139908,39.061874,45.336105,50.49337,42.126537,34.140602,31.579685,25.131596,27.843973,34.00808,32.808502,37.22917,27.87324,18.385607,12.241805,43.109917,56.644188,47.21106,42.629013,48.050713,47.96955,54.433136,56.183704,48.460808,43.721893,40.96685,37.843163,32.06946,23.8448,22.917736,21.693764,18.012028,11.936924,7.3357906,6.4897633,5.2914033,8.402329,9.081193,7.606448,4.2101083,33.312332,42.56949,46.83249,48.0292,49.67221,50.83011,48.17229,43.145756,42.540672,40.572395,38.851334,34.29674,30.842466,24.107552,20.043297,17.016018,11.114075,12.081118,11.6742115,7.916146,1.4377177,2.8880794,0.75677747,0.28444856,15.464068,28.859901,38.672394,54.918373,66.23841,69.76126,61.444206,45.253654,43.60231,42.562073,32.286297,30.086033,33.526806,39.249107,33.0005,26.434666,26.035313,21.274586,15.115116,12.695902,10.703758,5.7397947,3.6150737,2.2454498,-2.6759655,-0.7147085,-6.9024696,-8.416828,-4.503431,0.01159209,-0.42966866,-1.5311761,-0.022103906,0.08797884,-2.0951958,-1.7799691,-3.2450054,-5.2043543,-9.313873,-5.2851386,-4.9694395,-7.7129097,-8.895718,-7.5917053,-8.372411,-9.415882,-12.768414,-10.191735,-5.29502,-9.23897,-6.2163186,-3.4304643,14.690435,24.254738,29.8788,37.81169,40.37603,36.852577,36.41696,37.58103,39.234856,43.600246,40.21469,35.043167,34.061737,29.661972,22.60508,22.52197,20.557652,24.69102,28.459038,26.92498,24.891777,23.4164,20.818209,19.794724,16.726294,19.670074,19.526903,26.502832,27.878262,22.030819,11.620138,9.708339,13.464007,18.2823,7.6989517,-2.9474277,-8.18877,-8.775276,-13.292833,-11.047186,-7.337738,-0.41255477,8.626261,17.12476,19.560171,18.820065,17.198742,10.737137,11.835773,10.350197,-1.460475,-3.9481745,-7.3720484,-11.420963,-14.711076,-21.78127,-22.958235,-16.532028,-14.841068,-14.749544,-17.669792,-5.4938745,5.9204707,11.80372,13.806629,16.415615,20.750984,17.028492,9.710977,11.594461,16.07762,17.494783,18.536732,16.280502,17.872852,15.871475,8.434121,6.9521437,0.27857926,0.45812622,3.1737108,6.366589,5.062215,-0.76678836,0.16936892,1.6124542,3.9144838,1.3911536,-7.72001,-10.588724,-9.833991,-11.511755,-10.105273,-4.2798305,-3.837903,-15.2826805,-13.268278,-12.786371,-8.071175,-0.58003175,4.1348734,11.088829,17.671444,14.141732,12.445345,4.2540436,-10.8962755,-24.44723,-23.04691,-18.208103,0.99385047,11.367963,13.656286,12.228714,20.97876,14.608522,10.176212,8.199819,8.465208,8.92531,14.86767,24.927116,18.239109,20.487144,22.493935,18.726357,17.68011,18.09174,19.932468,21.747547,21.608513,27.846378,24.801735,15.263403,13.665085,14.75668,20.88023,20.868786,16.352268,10.108137,5.745756,2.7093318,8.64919,15.90749,21.741714,17.297867,5.334253,0.46312487,-1.9400212,4.223497,3.668714,12.429857,24.064865,23.39228,17.394873,20.315407,19.627523,14.261894,-1.7415793,-5.8983946,-3.7105908,-1.4325519,-4.3751397,-5.0193377,-1.526322,6.9384522,6.553833,7.9061217,12.242428,29.185627,34.772182,38.374905,38.411934,36.01306,30.529589,30.459368,35.75738,37.403107,44.447952,47.140026,49.55876,43.137543,39.638756,27.650057,15.879192,21.309353,40.113235,44.489136,49.05267,50.935677,47.953728,49.511578,48.99926,51.097282,47.1656,48.123585,53.269012,49.92432,32.521065,17.951723,7.9091434,-2.4409325,-3.4647462,0.56759727,2.823661,13.128297,29.38096,46.84051,37.822723,33.270027,42.9998,51.149025,50.172203,53.776314,52.98474,48.95153,43.30354,44.126568,40.921745,37.79298,36.846474,37.730186,36.675682,39.807995,42.719955,43.037357,43.20361,46.315742,41.899727,34.78728,25.30785,17.415302,16.981876,20.70884,15.437168,29.970043,42.569054,44.368637,41.842197,40.8668,42.573322,43.923145,44.293545,42.8282,36.294502,26.84753,22.81749,25.648731,28.85981,28.970226,27.971024,30.913706,27.039272,21.71537,23.863453,18.079548,6.0378103,7.97638,16.047434,18.426582,29.572273,31.203434,22.95263,25.260052,40.674263,47.117455,46.09687,47.427124,48.386185,46.509018,47.62369,47.52923,39.899174,42.24757,44.724815,49.030457,51.37677,44.026627,36.554478,34.47023,29.216183,22.622047,20.890026,27.771366,44.64106,47.539917,47.372017,46.797195,41.96251,32.613056,26.4529,31.818481,24.898804,23.671463,25.019964,26.67537,28.873367,30.324997,27.879116,29.643776,27.235619,28.952703,29.959934,18.21373,2.3774242,-4.3097234,16.912266,37.150528,38.838074,35.177223,41.344627,49.247448,52.368393,50.82525,49.279945,47.56202,45.18553,44.644188,41.48162,39.192314,42.154377,47.396576,50.108864,45.424965,48.632164,47.156464,46.33549,44.54311,47.352013,46.845833,47.355843,46.021645,40.296394,30.39436,39.660904,54.649323,56.175125,47.372036,46.91265,47.678,47.484604,43.41793,43.645546,43.492065,40.995193,32.7004,35.184914,38.611538,37.98242,31.519804,35.706802,38.14248,30.669523,28.99047,31.585716,26.593266,21.793564,21.930008,20.950417,21.12757,22.683594,33.568962,37.47686,45.02442,50.663025,44.93103,41.95424,31.526743,22.82745,13.948366,22.70937,37.610687,43.541668,38.963356,39.264038,39.913086,43.729347,43.30845,36.780064,35.126274,41.49981,40.995804,27.771255,32.79058,44.436447,47.24847,49.37938,52.45424,44.656723,37.896374,29.507023,26.195107,28.3154,26.165028,24.200476,25.501358,31.426655,37.333565,37.14437,28.277187,21.081463,19.307861,23.716175,26.041481,36.1251,37.840027,21.460478,17.582603,25.167044,31.187098,31.240597,34.75647,32.472374,32.423866,31.93136,29.477852,19.883911,19.546684,20.231613,18.267752,22.705563,24.283718,28.366152,32.81736,31.101582,29.460938,28.886057,30.868021,35.01375,35.17202,28.73838,23.256119,24.666296,36.606255,38.122334,32.547585,30.923813,20.523598,21.770597,22.97424,22.415379,18.33334,19.49305,17.241913,10.338593,8.582034,16.970531,17.816124,13.5873785,4.1179447,-1.5460638,-3.775866,-5.5209303,-10.541582,-1.4771909,7.1145086,14.192505,11.721116,9.163951,14.623777,3.2361913,-5.06176,-0.03477618,5.4518104,6.198759,3.9305394,9.636028,15.886528,19.27768,25.691637,25.07625,24.29544,23.640764,21.801624,19.127848,19.18559,21.0424,23.01376,22.512249,27.15849,37.311752,39.06765,30.72152,31.889652,35.652786,28.166698,20.94349,19.193674,23.838715,21.30916,24.990704,27.96502,25.915585,29.464096,33.770973,26.825603,26.618073,26.942184,21.682966,17.801003,13.485638,18.125774,31.466879,32.715828,30.62236,30.865707,31.146072,27.435287,33.71323,32.561172,29.682274,25.226198,24.86467,26.140144,27.06672,29.986786,29.41151,31.21334,31.293104,24.492413,19.329527,20.687435,22.78187,21.444973,15.769614,19.786354,25.568096,21.6492,22.376507,31.63678,30.924068,33.55545,34.488525,34.248077,33.664047,25.005371,24.944038,25.767416,24.428593,19.077057,17.742887,24.363125,30.637691,32.553047,29.488087,29.054028,24.1165,20.807579,17.21856,8.128568,10.396732,8.662071,11.35598,19.767937,17.883583,16.634012,19.864235,19.897827,25.496956,29.25671,30.590263,31.614971,39.969234,48.552284,45.57492,43.488342,41.664047,36.583294,40.81894,44.95668,44.06269,43.775024,44.714085,50.410355,47.92605,42.22745,47.81991,51.04493,45.704872,47.59558,51.557507,58.221428,56.340515,55.77825,51.39569,52.656197,53.720123,54.51504,51.500153,49.91855,45.783356,35.950256,22.39093,19.827646,16.559814,10.205509,8.005728,7.7317743,7.7136307,24.060328,38.874,43.227226,35.77323,28.694288,28.951166,33.709343,40.513206,41.84022,37.169098,39.2355,37.60929,39.726646,38.54487,38.3687,33.743786,33.32717,35.67258,35.836426,32.001778,27.069761,12.669022,4.2665386,12.57161,27.451601,31.07449,32.566322,31.977364,28.810123,28.630074,33.268703,39.42167,35.141975,31.794922,34.87316,34.999886,27.896189,24.983665,22.993666,17.71605,16.512484,17.278559,18.599968,21.835167,26.175896,26.371428,17.709442,15.002095,16.813133,27.964584,34.320686,31.817215,32.71463,27.644794,22.795265,29.566143,39.83207,45.449158,51.382828,49.037514,43.95408,46.210896,49.025078,53.867233,47.12414,41.0167,42.345505,40.601707,43.395733,40.790466,38.292244,36.22557,33.44864,35.232574,34.521156,26.164444,30.560944,42.867233,36.179626,31.75785,34.412804,30.75962,27.288832,27.132761,32.3653,32.41123,31.339266,34.135513,40.486343,38.71212,36.03004,33.863846,30.258698,22.772766,7.940895,-4.403949,-6.7120533,7.431263,19.195816,30.916399,32.8982,40.75717,45.220276,49.383522,51.49601,43.907608,42.3808,43.16237,45.076706,50.80388,51.542736,48.72281,49.987232,47.21468,47.833908,49.972977,46.03347,44.733818,45.60231,51.293907,46.640038,43.431763,39.34433,43.82378,41.409492,34.425697,38.836143,48.487553,47.805668,46.284657,44.483864,46.171394,45.02153,41.03585,39.589516,33.499268,35.483665,33.297302,27.577648,28.427813,30.79725,21.605888,23.641325,30.019089,32.93124,23.011757,15.350464,15.588327,25.795029,32.69055,27.688885,21.783258,25.015375,36.8553,39.817955,37.590874,38.03564,34.81536,32.529873,25.859257,22.876434,24.8754,23.41025,35.098976,45.597134,51.346706,50.35921,48.01161,44.741978,39.392124,35.511486,18.539581,21.152622,39.093082,47.254204,51.61944,41.476883,31.458069,30.313725,28.766392,31.813509,38.63175,32.95983,34.29724,34.319508,35.368324,36.86412,32.866234,26.599424,24.768467,22.230011,25.172316,23.555504,24.9714,25.488157,27.689495,35.45844,40.141357,48.01512,50.321815,48.317245,38.10586,36.07916,38.139828,38.14279,38.25318,32.468994,26.427979,18.796677,16.83435,19.6213,24.442875,24.590872,27.93679,30.839714,29.85387,30.14319,29.32919,26.632832,24.396912,23.382513,27.392483,26.959278,27.299454,32.18919,34.26077,26.888927,25.464188,25.211685,14.729394,10.1836815,5.550378,3.273567,11.143439,21.232162,21.8924,22.317225,28.181028,28.870373,22.116238,17.940027,13.423565,11.229914,6.2754173,2.6290686,3.523316,5.282423,11.702019,14.94874,10.865679,8.564031,8.539818,-0.05045584,4.329336,15.623028,23.684399,18.653515,14.013996,18.625576,31.061556,29.605295,21.762218,16.935883,22.217827,23.8861,22.596603,18.81652,14.8132925,16.878164,17.54591,13.330467,13.399914,12.718893,12.36123,10.145212,9.375988,7.4497128,3.0622048,7.7364125,16.75742,24.28434,26.294142,28.877888,23.312996,20.627537,20.921173,18.011818,19.502426,24.562527,23.10313,26.994427,24.123665,18.238342,21.54158,32.7567,43.311974,40.00451,33.679134,32.342793,24.772337,22.744255,19.115372,20.004948,22.610806,20.53406,26.604767,27.617268,21.73663,18.906244,18.932772,14.764035,15.54228,16.060097,16.819176,16.436337,15.330984,10.10474,15.099226,22.154388,22.020983,26.476631,36.841843,37.74092,36.135895,23.675282,18.126568,16.806808,21.470943,20.964506,15.777824,5.492416,3.6803355,19.460377,25.93239,20.564182,19.100052,19.331406,20.56106,17.908741,12.207291,5.109441,0.75505173,2.9211707,17.820333,33.145226,33.263847,30.13081,32.170612,33.59648,33.750267,34.12213,36.697983,37.6808,40.231644,41.07481,39.766266,44.103138,43.230873,42.955547,44.021248,42.22964,38.965652,36.79599,42.20645,46.46544,44.197838,39.46391,35.27661,43.946026,57.12986,60.23506,54.761703,56.20012,58.260967,59.65311,58.02278,51.43309,51.048466,54.527428,52.18113,49.966164,53.078186,43.14981,30.66791,26.518341,17.28638,10.584814,9.925164,10.936039,15.618933,33.62573,42.3106,46.329094,48.263897,45.706173,41.515617,34.65032,29.947338,34.947395,39.210876,36.85647,37.53553,34.177597,35.88006,36.62787,33.55494,31.622576,27.593433,27.286583,32.136192,35.720055,33.571907,28.409853,30.709513,25.92092,23.524002,24.010265,36.27359,45.39077,39.335396,38.982086,40.44113,39.676018,35.839104,34.85669,34.43902,31.75584,20.1243,26.876204,34.64572,33.865643,33.50718,27.814217,25.362043,19.303844,21.881535,18.831448,9.252674,6.926173,13.635889,20.705896,29.624626,29.133297,21.595877,19.183098,23.213364,35.227497,50.213577,52.545753,48.669388,44.631027,42.726486,46.34518,41.70482,39.46622,36.97796,38.450882,41.836506,40.127983,31.196882,30.261826,33.763878,34.23504,27.97453,24.224342,35.627556,48.980324,51.582153,44.94512,38.176147,28.886328,26.429317,31.180424,35.834984,34.01514,35.911655,40.109577,36.843597,37.28646,38.303223,37.35205,33.87142,28.998558,26.087967,22.891165,15.437996,1.5904225,0.65923727,6.282498,14.262278,25.83076,38.137505,46.76571,44.417484,37.802254,35.698524,34.782516,38.529057,39.77694,38.480415,33.942352,27.29451,36.210987,44.267525,44.826553,36.661423,34.749737,29.872475,28.619905,28.051048,29.66185,38.92099,37.442795,30.998037,36.915016,47.947838,49.918274,45.02424,43.512695,47.50788,40.741505,33.086723,34.73548,32.57748,29.467796,20.283888,19.822578,24.88327,26.314568,26.015162,30.287445,31.060116,33.23551,35.37854,33.561584,27.335442,26.485584,29.485168,35.993477,34.475594,33.789078,38.69953,47.69335,48.581623,44.16204,36.8944,28.08905,24.319052,15.665621,9.327024,7.968176,16.335964,19.312147,31.473843,41.195515,38.120777,32.265053,27.305124,23.58125,20.01986,9.839157,14.456546,31.398314,48.340317,44.64714,37.391495,40.822433,42.24521,45.16134,45.5286,45.283936,46.217922,41.04083,40.144516,43.41411,41.613716,38.103294,35.01116,27.161896,22.684418,22.40219,21.29694,21.132977,20.362362,21.284672,16.339088,31.598444,43.618042,38.88878,18.14777,17.470097,25.853981,32.287743,33.699314,36.119728,31.583996,25.648582,28.57774,30.114471,31.191526,36.07444,33.485214,32.734383,29.948906,26.320301,19.521727,19.087286,20.32872,18.92667,28.350979,31.581821,33.303116,34.663956,35.220306,43.158875,32.688354,24.300756,19.425041,14.821356,10.315441,3.5127597,1.4406228,11.687197,27.23309,38.77851,33.318436,19.026173,7.2316604,2.7779207,0.0083187325,-0.53863084,4.9610996,5.148358,3.923088,5.372245,14.307203,14.224916,5.347584,2.3272302,1.5706196,-1.99543,2.210889,5.9037027,7.6895924,5.185091,5.3382053,11.701887,13.815792,14.230046,11.317795,14.138692,16.469143,16.78114,16.154736,17.155125,16.592773,19.952179,12.128176,11.511485,23.076311,31.88678,25.704807,21.363066,22.98106,18.927435,17.506905,18.739033,17.86557,20.047909,18.305582,17.280281,20.315737,27.087105,26.909794,14.067501,12.97682,23.341446,21.514095,13.379955,10.754736,13.910292,16.853893,25.320366,28.400856,28.224598,29.617283,18.62297,14.8278885,19.841396,17.421764,14.81727,19.428493,20.438408,23.116463,21.952997,17.938614,15.341937,15.373739,11.867777,11.000367,15.472062,15.873938,12.719158,13.61376,18.458769,25.216118,23.058554,23.243279,31.218178,35.47029,31.533796,22.353268,16.099592,23.801056,22.669788,18.359684,18.445854,17.360317,12.275844,19.66739,26.389282,23.78952,18.662083,17.819744,10.703703,18.668156,17.038822,15.420736,9.261698,6.511137,9.220009,12.745455,11.041405,10.942055,18.87797,20.493034,8.240603,8.369694,14.6058,13.160582,18.372776,21.19706,24.561743,24.609262,23.351868,23.79926,20.565666,23.074772,23.501148,24.021284,17.66139,20.307724,22.182007,28.808743,34.665604,38.247772,36.27037,44.733162,52.646378,58.187027,57.366997,51.798378,51.825455,54.616005,53.91163,52.197754,48.612965,41.76614,43.251503,44.094284,27.1231,13.147224,9.956911,4.41291,-0.74696356,-0.3821935,4.704567,7.5118885,24.07658,36.45204,36.201622,28.571999,22.730347,23.171429,22.51337,23.682804,25.713383,29.551563,33.03396,31.424046,26.230774,23.205185,23.200886,16.794432,14.565931,16.32001,11.15399,4.4026976,-1.8359709,-5.439604,-3.534,6.301997,17.91985,21.672686,26.197838,30.179382,30.506538,30.090565,35.990463,41.53512,37.288254,27.678486,21.840174,19.927067,13.025216,8.307127,9.49558,17.753035,15.42599,7.9403887,6.174423,9.421857,3.8975809,-3.2596085,-11.112707,-3.304202,8.901739,12.913926,24.920902,26.687172,27.20798,26.591082,33.43912,40.25238,44.229225,49.816227,50.77215,47.09887,44.513794,46.169495,44.248264,46.64852,44.459305,46.75746,46.56491,42.340473,36.13131,28.304302,25.27386,21.45238,20.069933,25.797554,31.602486,34.941032,33.04296,28.994379,24.850471,19.977955,15.132254,12.145407,10.662418,10.625392,7.963378,12.532312,22.428745,17.075457,17.71526,22.394882,24.650879,20.814417,12.950647,-0.85676503,-7.771904,-2.0213242,4.9560723,10.213873,24.967014,31.960346,42.44128,48.137672,45.12474,47.783737,48.63024,46.28575,38.078888,34.678978,30.015987,24.176685,15.028404,13.327122,11.74383,7.1279583,7.7149105,8.970167,4.670559,2.2179441,3.7861588,7.9458,7.568432,14.725704,23.063013,24.333115,34.60001,41.583252,42.031048,32.00132,29.900833,29.82053,31.182821,31.937384,39.107162,44.657623,31.802183,25.019909,28.1722,31.638292,30.46954,30.97602,39.343758,39.635406,40.37017,40.76027,33.811222,25.318115,19.59504,17.70848,13.572124,18.297388,28.113894,40.02396,50.158585,55.28074,42.041374,41.104336,49.312653,48.729874,29.314833,3.1396847,7.053055,23.21479,14.293639,7.1741047,12.967818,13.258422,12.78248,15.204195,8.678518,24.088793,47.827873,67.882675,73.29437,72.009186,58.820717,38.957794,43.794052,49.252686,45.44935,40.607124,38.01551,41.361237,51.480057,61.23581,61.755856,58.20173,52.272316,55.696987,50.58213,40.97842,36.231064,29.091314,21.178318,2.0237062,9.873692,24.9017,37.58963,31.370663,33.35225,39.20519,40.758377,43.56032,45.208664,49.387096,46.742973,36.340324,35.278053,35.13897,39.07575,36.203606,31.472141,32.023994,32.774097,20.355911,14.449671,13.3085575,21.483019,23.398195,15.276884,18.663574,29.214905,38.564255,40.12047,36.899967,33.263374,41.777615,50.28437,49.536396,49.424454,45.902573,44.270126,38.757923,27.154823,31.076296,46.017498,46.10726,40.68673,36.193016,27.667667,17.800488,6.364183,10.070467,8.732957,10.328062,34.641014,48.455986,43.136776,34.738297,35.417366,33.563896,26.27488,18.011185,21.610355,18.108053,17.513279,20.875156,18.279573,22.430061,24.440529,27.172552,23.189121,23.081963,18.004124,14.05598,11.634379,11.5438595,11.198851,20.49852,38.569122,45.984055,50.485825,53.314682,55.058136,56.16533,53.378487,54.168114,53.49983,52.62422,54.777245,57.391716,60.05713,63.068306,62.825466,64.03925,57.94429,55.59272,55.810165,46.86187,25.280285,5.357101,18.051336,36.051346,41.62173,37.516922,32.499466,29.599583,26.702835,29.981216,21.082016,19.93906,18.506872,20.02927,19.33124,17.594177,13.907557,16.27498,11.464699,8.160093,7.2448664,1.0082903,-5.8209267,-6.9207473,-4.73962,-1.2894192,18.568449,32.784973,45.16249,35.618034,25.83908,29.075613,35.425385,40.112915,30.90647,22.7537,17.025097,10.899603,11.836729,9.180122,8.695532,18.600368,29.730816,30.953728,33.51414,31.937635,25.92102,23.900558,16.285358,3.8891315,1.8388722,-3.4196134,3.3790874,12.941725,15.190025,14.196384,9.611494,14.266645,17.808598,22.832684,35.17575,49.590714,53.389954,48.520203,50.11943,51.171425,43.66248,42.460342,44.91128,47.176754,42.033325,32.81871,24.03764,19.600203,16.317907,17.778526,18.541626,21.566887,9.810507,19.302723,37.970364,35.24279,31.860302,32.141117,29.181522,30.354551,31.518484,30.251305,27.471893,20.953499,20.649178,21.791737,19.523891,13.267804,7.297944,3.6760483,-0.95457697,-5.6499004,-8.304851,-5.370352,-5.0907745,3.4967637,16.657661,15.726444,8.253244,8.098831,8.050901,12.189405,20.431301,23.643,19.690536,20.475794,26.077854,23.451214,22.333206,28.954966,29.43928,31.748934,31.137947,26.90886,15.650654,8.763287,8.926128,6.0838423,18.08337,27.235714,21.233074,21.541023,29.260761,35.410202,38.2535,33.14368,28.600847,23.37144,24.998074,21.409554,16.843904,16.59368,12.823051,11.962532,12.381016,15.039221,16.483486,12.59839,7.5940204,8.847196,5.960847,6.752674,7.7100353,5.634499,11.843879,12.323745,4.9809737,0.27342314,8.39894,10.815134,10.639561,10.536917,8.966893,12.582038,11.057975,9.785889,8.221939,5.5095997,12.802367,22.075813,23.721718,19.603973,15.168848,15.905697,19.02385,21.210167,16.499718,18.534504,24.463516,25.800137,30.835787,25.781647,24.111256,24.947504,20.543724,8.550322,-2.6280441,-4.740149,-8.47722,-6.6153483,-0.4643063,5.3545103,7.548172,8.802789,7.3897123,6.410818,4.5195656,7.349435,2.852623,3.324224,7.549939,11.133245,23.351746,28.63121,29.766125,18.732838,9.17967,13.341358,13.219402,10.233616,16.476261,16.19331,19.766136,19.135208,19.401455,22.224495,16.56543,13.141071,13.692549,14.812008,11.535393,12.741221,12.0875225,2.7159135,-1.0128047,9.618414,6.9039907,6.5999155,13.925853,28.420914,33.56553,22.14964,17.223564,24.09111,22.400602,16.01455,8.541688,5.1355066,7.0807624,5.8146143,11.709901,18.334084,23.445293,18.751648,14.758692,14.381474,8.951301,8.195805,7.2886505,7.515457,11.143757,8.362988,2.8952074,15.732883,16.13029,9.727088,9.095228,17.49496,38.332016,47.405373,53.871563,56.526802,51.136818,41.443565,41.62937,47.47251,40.459118,34.474598,29.307838,29.77046,25.9257,20.296799,16.135618,8.6473675,13.473984,22.562263,29.33038,20.882166,10.792502,1.8109052,11.069084,20.205324,21.927725,25.936832,26.556774,29.632029,36.14972,26.940796,15.916658,14.099308,6.445163,-4.87187,-5.438176,-16.558516,-25.341265,-14.76664,28.793003,47.98757,42.311954,35.94509,29.587446,23.979416,29.506645,32.72676,32.785538,30.907948,31.410118,33.063545,30.72804,35.119003,30.797953,33.188873,33.903328,32.93437,31.269424,32.503838,31.378742,25.200882,21.161892,22.70409,22.999313,25.00673,27.929031,25.433228,27.274994,31.781826,35.89388,32.761436,26.28984,16.83013,16.581882,21.490536,23.653416,29.021645,33.883133,37.831486,39.015327,32.90794,26.59877,11.889631,1.3911995,-4.6590166,-4.5611153,-3.1946025,-3.957576,-5.664811,-10.405916,-17.359314,-15.892929,-15.732979,1.8733649,21.192787,38.161964,49.567627,49.267532,39.566044,37.740646,36.63366,33.086254,25.638662,13.442839,12.650862,11.5138035,6.192465,2.9488778,-1.7176021,-4.195409,-7.9083343,-2.7347517,-3.84591,-0.7298925,3.0573611,2.3860896,4.0467763,6.422511,11.446714,5.571825,4.2331457,1.8914889,-6.5228267,-8.217176,-7.17844,-6.866114,-11.5590725,-15.284225,-16.735165,-18.749416,-24.18178,-29.092026,-27.761118,-25.673328,-27.11728,-29.130962,-34.76928,-41.78507,-44.433334,-35.41768,-23.496876,-20.223164,-19.907867,-16.12407,-14.296425,2.0883136,20.863525,18.536457,0.49246866,-4.4389157,-5.2485323,-0.359605,-3.7278137,-2.3329608,2.4817789,5.3478384,5.4628716,4.857233,-1.021359,2.9163532,-2.6624174,-5.730974,-4.7574897,-5.532151,-6.947654,-5.5688467,-5.8662167,-13.088438,-14.69187,-13.190618,-16.098602,-17.351357,-16.774715,-13.065913,-13.016644,-9.638548,-7.521386,-10.196741,-6.838237,-6.0351896,-4.4458494,15.377024,33.56588,39.28958,30.984211,25.513351,28.106127,27.941282,20.53775,12.956863,15.837566,17.045782,17.844173,8.882403,5.309558,7.532917,3.5067673,15.78322,33.418118,37.42839,36.935883,32.158745,23.008194,8.420001,14.036321,24.237331,20.75381,12.674946,9.773729,5.587987,3.177888,-1.3255471,-3.3883057,-4.9470325,-0.86328065,1.2953061,12.819988,24.53522,33.53344,35.94464,13.415035,8.71339,23.621307,32.845333,33.651886,32.673225,28.721489,28.858406,36.04528,38.61994,32.165024,26.81314,27.28288,32.17125,34.251377,30.381409,10.986249,-3.4161284,0.75367975,-3.567109,-4.8133273,1.1614646,17.64681,26.419216,34.255516,34.957565,34.146996,20.23465,11.539302,9.238792,9.097484,8.470687,10.546642,10.807905,4.7912865,5.29129,10.503698,14.314091,9.428709,8.013529,6.573453,5.7533274,4.745856,3.8012724,5.346122,9.152979,15.490113,23.556362,21.204607,15.747634,15.349985,18.821592,28.311722,28.512531,28.433075,24.321682,20.050297,15.4848385,14.025669,-3.8125465,-9.102707,9.9909935,20.056263,10.67057,8.509226,14.838644,15.88533,10.238131,6.186593,6.288799,2.1257129,0.90933836,3.2559037,10.406399,14.49481,13.82836,8.666273,5.7348204,4.87519,1.404654,6.221306,7.3666186,-2.8503678,-5.4131937,-2.1720493,3.9490352,9.090647,21.795685,23.090595,19.765854,21.447813,20.0642,12.472256,8.416317,9.228794,11.569767,17.724464,27.588226,38.45433,43.4816,39.220657,32.595463,33.869583,31.40242,23.712921,23.46363,22.107914,14.681432,10.940196,8.647405,9.950346,12.742609,13.968648,11.213839,4.034569,4.15779,2.716617,-1.8777252,-1.0758115,11.908802,32.65142,38.957245,38.212482,36.45511,29.365862,26.95131,25.36481,30.379158,28.915756,22.062777,20.67072,16.98515,13.439535,8.0418415,5.9512386,10.4813385,13.619973,8.994032,4.725973,10.286077,14.323862,12.8387575,6.9552164,19.392256,29.853199,19.778955,19.868889,34.975395,43.651276,41.56803,35.938934,28.951382,25.816317,17.709942,10.174633,10.380761,12.813538,5.7487926,8.316945,12.768204,7.098527,14.479537,21.743498,21.745897,14.882615,9.933596,6.598092,1.5207244,-7.1199527,-6.6201067,1.359649,8.631778,12.796378,12.740553,19.077053,23.280594,20.32511,21.466362,18.256916,11.329645,3.902277,10.765614,4.6426973,-4.0460286,6.3303337,18.621017,21.254324,20.513638,17.849113,17.098877,18.850883,7.4255466,4.1168666,16.89756,34.25192,52.34268,50.63104,42.195484,42.850594,40.22754,35.39171,28.508232,25.077831,27.263702,29.000854,29.711342,27.725769,31.812569,40.89447,34.06567,32.252525,24.730806,5.1296844,-0.62835526,-1.3214741,-1.5127385,5.076914,15.179197,27.924606,40.04962,51.152775,57.298435,61.86917,66.78616,61.096603,62.066124,69.10625,66.86165,64.169495,61.990376,65.638596,58.15499,45.698082,39.356834,32.961647,25.30048,20.270466,14.397659,10.759933,9.509054,14.793919,16.652233,11.67675,16.096083,27.186844,37.405144,46.027924,41.420704,32.33111,21.155046,20.484806,20.174656,19.834269,-0.5398259,-1.8098284,12.569017,15.438214,22.079395,26.62859,24.278118,22.411701,19.411808,10.365532,-1.933983,-0.0030383468,3.8426876,-4.2938356,-3.0662448,9.56211,23.637344,37.799995,42.054043,42.925217,46.5316,48.498093,42.59746,34.39052,17.71759,-1.2552018,-3.5687907,1.8319482,18.027613,30.565342,31.25565,25.85828,22.334599,25.272938,29.134012,36.213623,29.534227,23.13427,31.333134,38.491436,46.42079,38.274635,32.16593,20.36258,13.941969,12.627441,8.54353,8.733322,13.781357,14.4641,10.022828,7.331487,9.394186,22.204418,15.740707,5.8830047,-4.258692,-6.2732134,-4.39019,-0.7489416,1.4770143,7.409259,23.412882,46.010563,54.02103,48.39833,26.63345,17.151585,21.140984,27.4798,29.93864,35.245125,35.92595,28.13256,23.581573,25.982672,27.477446,30.66323,27.371628,19.509907,17.587124,10.833733,7.193178,10.117325,9.151167,16.727703,20.805977,30.580044,34.97574,39.52807,39.748955,37.855766,37.87375,32.528374,24.58876,18.073267,18.882544,16.65606,-0.510277,-1.6181526,16.167278,23.239254,24.411362,24.184677,23.546383,19.132776,17.365297,7.456951,1.9399346,1.8888081,9.769066,12.515799,19.043243,17.238234,15.794064,23.768398,29.27145,34.91381,40.586098,40.173355,40.33137,45.7707,49.63884,46.21246,35.944004,30.764406,36.4677,42.77169,43.62947,38.357376,35.154778,34.49162,31.608519,31.871471,20.118706,23.022839,34.981056,43.9225,37.913536,27.06561,24.017067,18.628231,12.113636,5.6319184,8.249891,6.4946966,7.469881,14.014687,14.306679,17.479902,23.494106,25.961132,24.332813,21.47519,16.333477,14.528781,13.159225,11.133783,8.950964,3.8298028,7.4586196,13.330449,12.553133,3.2451816,0.4459382,12.131132,19.80315,26.461235,30.026447,28.668427,31.02359,27.370466,24.951878,25.39031,25.692764,23.324673,22.429146,20.747707,20.288189,17.26057,12.450497,7.711775,4.5029097,12.462518,21.240486,29.922619,32.465218,39.135887,36.033714,19.744934,15.543471,20.052588,24.85525,18.241108,15.801191,17.416615,19.09667,23.526505,25.603657,25.703215,25.666786,26.430878,21.287369,15.978174,12.1504345,17.59084,14.115573,11.120159,10.4541645,13.696901,15.482746,12.396664,4.682832,5.2641435,6.681626,7.8418765,5.930567,-0.36415553,-4.4801636,-1.0114483,6.041086,9.131487,14.537167,17.854338,21.009478,19.479513,12.843849,17.006561,17.281538,8.429769,12.971691,17.599022,18.89051,17.810692,16.761116,20.731274,25.472033,21.616955,16.905159,18.562382,22.52201,22.19997,21.08809,18.137852,18.745207,14.113111,16.209265,21.443027,21.416033,15.567343,16.818111,19.386883,13.405113,14.111184,19.276329,19.985044,25.296713,29.497894,20.101349,22.125603,29.96215,30.16875,30.210032,25.92903,21.35816,21.24576,18.381638,13.655075,11.4032135,1.7334309,-7.0538836,-15.270083,-21.013485,-21.029514,-19.514973,-16.74179,-10.665134,-13.477938,-12.796681,-7.076147,12.763867,35.718792,44.64984,41.767727,41.902237,35.569134,29.69562,25.19917,24.042337,22.332926,16.75605,11.216172,7.027093,11.730101,22.987347,39.055717,35.53647,29.568172,30.956882,29.132845,27.528471,23.376446,15.863764,17.892063,25.02912,40.239105,48.317154,48.408905,52.607765,51.12417,48.42305,41.202965,42.06402,46.948364,46.16065,40.93352,35.758186,37.503937,40.53709,38.963936,34.506317,34.316723,33.814545,26.900158,22.210302,16.947311,10.24256,6.1784754,10.4492,16.334927,14.620165,13.706076,15.71225,18.906609,19.888386,18.622429,18.722204,17.508389,17.43164,23.433495,24.866772,27.977207,21.263931,23.4948,28.23219,19.469086,13.009434,14.164097,5.983327,-4.6280584,-0.4779056,13.937143,35.630836,41.13353,39.90407,37.451508,39.908165,42.655846,42.399303,40.880608,44.399094,48.93798,50.42428,42.024586,40.729248,44.626587,41.65732,36.38543,31.992027,29.130436,23.7894,22.379498,20.203043,18.55043,20.06186,16.683876,21.753994,31.15794,31.772457,29.973568,26.662403,25.210701,21.141949,22.08825,26.610178,33.055473,33.284843,31.864193,25.358261,24.853321,31.54126,39.482845,41.948097,31.950237,27.805134,24.299454,19.701988,21.280972,12.324253,10.507883,16.926786,18.953814,24.087814,28.361938,42.56486,45.647514,41.026752,35.196766,30.913933,34.81063,33.00457,34.65455,33.604233,29.554256,24.778526,23.518326,24.62675,22.688702,24.962658,27.97446,25.646217,20.214108,20.138916,21.235327,20.324507,21.445467,26.298012,28.850937,27.33624,21.504557,8.591412,8.773987,12.215557,7.1785135,1.7195207,4.1065335,5.5370827,5.6375465,3.1099224,-2.6255474,-0.7420799,-0.2926482,-4.615774,-5.3774505,-5.200349,-16.877764,-20.225235,-6.140583,3.263039,16.853107,18.60954,9.596193,13.734455,23.475693,27.192913,25.685778,22.835602,16.690569,13.242248,10.186993,5.4001884,2.242163,-0.1027841,0.29693282,0.06128317,1.7893746,1.2143701,4.6109486,1.31462,-8.73332,-2.655302,4.3792505,8.641443,24.376144,39.342094,47.744125,49.327637,40.29844,29.05468,24.610043,26.549282,25.454685,21.513264,20.174927,18.964718,10.258686,18.53244,33.69349,35.555054,34.488167,29.465878,24.564754,21.68264,12.00928,8.009121,6.6482325,8.217518,14.962986,19.852934,16.675898,10.387695,10.615966,7.9558086,4.668602,3.9438453,9.116105,3.6582801,6.488882,13.863926,16.221317,25.485226,37.138206,44.245445,37.91516,27.571657,21.13195,10.78865,11.957871,13.836671,7.884301,20.932638,34.586647,43.640907,47.120163,45.29667,36.0392,20.994959,21.075563,29.719494,33.42327,34.49959,33.460464,29.389986,28.90163,37.573338,40.029354,40.29915,43.452866,42.74756,45.236168,41.98934,24.787357,14.7198715,12.9452095,22.93084,38.688667,43.496857,45.227448,55.722088,48.76122,39.964523,30.238022,28.619387,31.32716,23.276566,16.936754,17.380049,11.845521,11.06975,11.239738,10.974298,11.975578,16.324928,11.141851,10.823105,14.336746,19.0428,21.336063,7.141761,7.2346163,16.201195,19.999786,31.946644,26.997166,19.190035,10.833462,1.3437184,3.8746057,7.73886,7.074446,-1.7055914,3.4302168,16.6068,18.923862,19.327791,22.803057,17.50025,11.917332,6.321354,1.3975141,6.121609,2.7605126,-3.591838,4.286738,11.07905,12.472168,9.462147,3.3127084,1.859447,0.36427855,-1.8133265,-2.993154,0.6643076,1.3289652,-2.6886215,3.0507445,13.468445,20.575253,24.856907,22.235123,17.057625,15.111002,12.703421,8.951594,4.964528,2.0678658,4.0020256,17.039215,32.744938,35.40712,32.072845,27.721886,22.288975,14.591884,9.60537,6.1820517,8.295695,11.0731325,9.396891,13.047724,12.313097,10.389816,11.658598,8.86042,4.449108,0.19398046,-0.65927124,-2.3442016,0.119017184,20.012486,28.532547,28.420036,29.817053,35.37394,29.685278,23.608849,27.411728,24.67763,23.292309,20.144691,12.311492,8.8346405,11.426831,3.6780124,3.1022744,7.496048,6.0859947,1.1499312,-0.11153743,3.3816714,-1.3525885,3.8306823,1.20186,5.6129026,5.3622823,5.4830275,19.286045,29.615112,29.172565,30.661198,25.145027,15.035092,8.32673,6.193179,7.9106846,-3.2433197,-8.861991,9.39134,34.578716,39.89057,32.06981,23.90697,20.989912,14.68856,8.134935,9.32139,5.1614532,-5.369047,-5.2428465,-2.4288056,-1.4448826,0.33710712,-2.0754218,-0.51153684,1.9596497,0.6883998,3.9965775,0.98782897,-14.240002,-17.966122,-11.306663,5.7391963,21.796555,28.999084,29.780502,28.504257,23.838043,17.411638,12.130966,3.04215,4.1704073,8.779803,18.40152,32.31211,34.47223,26.255737,11.613638,5.053416,5.601162,5.436365,3.635141,-11.144649,-15.30594,-8.208988,-0.29121652,13.252375,9.890113,2.1431382,-3.874525,-8.197004,-10.891138,-15.583069,-18.534077,-10.701155,1.0970862,10.013767,28.32146,37.985638,35.674942,35.818375,36.933983,32.143196,34.353523,29.65211,26.556995,26.01474,23.44181,15.837191,15.798152,15.585691,15.7129135,15.984495,20.978512,22.128426,23.281738,19.04225,7.367728,10.609207,13.912574,15.971729,20.597813,23.846024,28.737373,38.057747,43.307953,46.1296,44.846115,44.667038,48.875732,54.55845,53.021126,54.361595,56.24899,53.68547,48.0254,48.762604,49.223167,38.46942,28.921204,29.580585,26.782944,18.289112,17.611526,26.873169,30.154766,31.891113,33.89083,35.12368,33.255363,27.317253,27.404406,29.446648,26.85015,24.293255,17.155714,14.361082,12.875683,9.608435,14.5873165,22.252499,21.640102,16.293968,14.576553,8.588046,9.401348,12.392661,15.417667,21.312172,13.605642,10.483273,14.767567,22.415478,30.02108,34.62846,36.018776,29.35701,29.29829,29.146706,28.553558,32.53995,34.69368,40.343735,42.71926,44.25595,34.740276,25.672356,21.533314,15.205885,7.4675417,3.741644,10.087738,6.4846363,5.4250956,5.601795,12.582989,25.087471,27.66756,27.004356,24.260323,30.874905,31.241201,27.21492,22.29909,19.805664,14.455203,12.770032,19.803694,26.61787,25.89697,27.917267,31.263079,32.45616,22.020283,15.752682,18.299185,20.683361,21.797806,18.161121,16.623936,23.481628,34.910202,37.735107,42.329876,49.315613,48.406887,42.23485,44.907608,47.627098,45.967556,40.52186,41.894676,47.02277,52.548866,54.61664,54.364117,55.78953,52.233612,47.82099,43.033127,43.008892,38.79503,35.58925,35.233032,26.45211,24.976912,20.006329,12.384438,15.607801,12.580683,3.2374089,-5.8095355,-7.101851,-5.6245418,-8.1504135,-4.2851996,-0.092711926,1.3070745,-2.0480967,-5.181649,-2.8022847,-1.9882829,-7.155493,-3.2444053,0.9358986,10.827258,14.2585945,14.741,15.664759,11.002793,16.110039,15.486479,14.863644,16.7303,16.78637,10.267985,8.035225,12.731495,15.285238,18.776321,19.412212,17.551565,14.3191185,14.777557,6.762767,3.0811973,3.809134,-0.2515611,-10.231304,1.8513573,18.801407,24.329498,16.267048,8.361045,4.3757095,0.7102196,-0.20207724,2.5010133,2.7181268,-1.0245986,-3.001166,-3.628635,2.265383,7.498519,11.162537,13.550617,16.636726,21.993565,24.721622,22.406193,16.879692,13.361656,9.192108,10.322589,24.191769,33.43609,38.635353,37.770134,31.007124,25.660345,22.600742,26.347786,31.48716,34.248707,37.583473,43.215195,42.478027,37.569565,34.54734,31.002659,33.48707,38.667362,39.144295,31.987947,22.108635,14.698294,11.382895,7.8555593,7.3218765,17.169794,30.893274,32.799847,23.7914,17.4111,21.173925,25.506138,31.847252,23.180618,25.454062,21.957375,20.476225,16.3692,12.592235,7.82166,9.942865,13.332863,12.570175,15.767845,13.549642,5.2747955,2.25023,4.086606,4.575189,16.59998,27.85665,32.105797,25.03302,21.56728,26.23035,26.06101,29.775349,36.691216,41.895638,44.00595,46.09517,45.928085,45.148712,43.97177,36.457367,40.55024,36.302387,22.062912,6.792062,4.02359,7.3259315,7.515958,-5.2111063,-6.1714787,1.366487,2.610757,3.4213438,4.9515214,6.826167,7.262472,6.1824226,1.9305339,-0.59980553,5.223034,2.8137648,6.2320805,30.067545,37.275703,36.198822,30.70163,26.240387,26.59505,21.728765,14.647801,11.381745,6.7577577,12.049835,18.679066,24.47923,19.579937,18.162304,17.771662,10.876134,2.3207107,8.186299,10.529364,0.64282644,-6.921089,-7.106472,-9.393732,-11.627505,2.8556151,22.733837,32.499046,24.557459,10.332397,9.117807,11.668215,14.18438,7.5690894,19.448683,32.88797,33.305054,37.228203,37.91085,38.930737,44.20281,41.109077,32.257286,30.173462,35.126453,34.313652,34.519287,40.621258,36.004807,28.096905,34.354477,42.26432,38.97757,30.394325,24.872894,18.841572,20.95308,20.171852,20.859768,34.537148,35.51981,35.34502,41.203754,37.896744,23.622845,16.826794,13.196793,10.636713,9.048609,1.6586635,-0.22892946,8.443431,22.691225,31.231688,26.046104,20.601091,14.926306,5.038286,2.5252752,2.6097236,-0.009257048,2.1638427,18.43993,37.899292,40.751854,38.861603,36.86577,29.33256,19.596733,9.884632,6.4522276,15.663045,23.349596,16.831425,13.143189,10.50453,13.927164,17.014513,12.634025,10.248789,12.731882,9.481218,3.1536999,5.752286,6.297111,4.6763144,6.5774713,14.690956,27.089336,33.43137,33.814278,35.48124,36.831627,37.639618,30.489803,30.18156,37.222637,43.513046,47.994987,43.40657,45.722977,42.342445,35.44808,34.59594,39.93073,33.317657,26.495394,16.989746,15.787155,15.973957,7.1893034,19.774261,35.36236,41.027103,37.187065,27.587578,27.622066,25.370434,23.00677,23.606394,32.961884,31.431044,26.637566,27.499023,22.025623,19.981804,15.000748,10.856966,4.2798834,4.42896,11.914848,6.3685637,0.5525825,-4.313822,-4.6737313,5.327106,11.326578,11.162401,15.315565,20.010376,19.456903,22.428967,25.47924,31.78616,34.42574,37.140255,41.71196,43.61029,39.42402,40.77645,48.67566,52.326744,49.95798,44.179848,35.156113,26.06527,20.566969,15.942736,7.6496696,2.8649373,4.3198423,12.038355,9.808468,1.9561085,6.711688,17.097538,14.797077,14.1158905,15.573538,13.696645,14.616999,10.223532,6.9223876,7.4160833,14.6322,16.359682,21.68214,26.277023,21.474941,18.199207,14.461355,9.987053,8.068213,8.626957,5.334881,7.154965,14.883174,23.926352,27.231956,28.981503,28.913248,27.725239,27.90538,26.500832,25.397785,29.349539,35.966072,26.118778,24.915142,35.022484,38.87239,38.380646,35.12081,36.445763,38.170624,37.13371,42.528152,43.406708,42.62352,47.103714,40.515602,25.216034,20.922638,21.421814,12.206232,2.61311,-2.3503573,-1.9856725,2.6446133,2.799611,3.933775,11.233778,16.159046,15.4119625,19.894611,21.392845,16.10793,12.965252,13.184025,8.430065,12.419485,12.083915,15.461748,23.311556,23.837532,24.954628,21.293379,19.073671,15.502767,7.8721104,11.451515,12.245031,7.4927416,3.3261764,5.8209386,5.810321,6.458295,17.935608,23.055025,15.869334,12.168288,8.81704,-7.2026715,-14.151071,-16.158707,-14.954506,3.2277498,32.135155,42.454735,39.450073,32.626884,26.41906,16.232351,15.565749,19.00745,25.854115,25.54679,15.274025,12.174528,14.224911,14.0671425,10.001087,9.982933,10.862183,10.787992,11.502417,17.240877,12.5955925,6.8784432,4.401506,8.527842,16.164948,27.545357,32.9599,30.317389,31.972483,36.07289,34.34802,30.201433,26.793932,31.231447,36.132225,37.897827,41.33306,31.088875,30.005932,38.90869,34.017178,26.870079,25.12902,24.75349,11.671715,-0.45147106,-6.843953,-8.298712,10.351449,32.159904,39.03286,24.876282,14.355401,16.59636,19.503826,13.311028,10.459761,17.61478,20.450552,17.90496,14.8307705,14.041584,7.2062697,4.850076,9.981714,12.078291,8.798986,4.807803,5.4745235,2.7539487,5.8717895,13.824438,12.503429,17.8126,26.266346,29.397339,24.001883,22.52238,29.168316,42.56562,43.656902,39.994614,43.78221,42.595337,39.32259,36.34524,32.666294,33.75557,28.170254,17.73848,13.028021,10.288644,8.059872,8.17469,4.431924,6.1206064,11.075218,22.96297,37.828476,39.0762,34.97546,25.089912,24.14296,12.142605,7.6449594,14.518314,13.042793,16.498154,14.794824,17.303627,30.374989,36.71593,31.164188,23.65577,18.381767,18.462189,20.992943,23.818565,26.72007,26.031738,24.726234,20.345299,28.288189,29.5532,29.654175,25.214539,18.245422,13.400387,11.396811,6.74319,6.74575,9.110213,6.862091,-1.4351566,-3.1130981,0.31026217,3.525661,3.1379323,6.4067273,11.709833,15.612351,16.819452,16.027733,27.852894,40.769104,39.0516,44.849716,51.65522,58.86393,51.55548,37.97477,42.496353,56.835426,55.784595,48.161003,37.057205,24.991749,31.395512,46.554,55.42364,55.807426,49.76358,41.49689,39.909203,41.37413,41.761147,42.323307,39.74804,36.65821,34.9769,42.796112,49.325073,47.613396,40.000244,36.64838,35.988213,48.068573,52.255844,43.831078,29.63041,32.511005,35.354954,38.47561,39.732246,35.630287,27.238483,36.528328,46.1208,48.547894,45.531822,39.871212,43.55501,54.525352,56.63172,48.374405,50.930077,56.958885,50.56076,35.68853,34.42051,30.488424,29.189686,27.21277,22.366558,22.322443,21.491693,16.603195,15.138781,13.801523,8.890887,8.222725,10.86741,9.669724,8.125933,7.367884,13.255587,25.938679,37.270622,39.692963,32.87539,36.385838,38.916187,30.976627,18.830261,16.987238,20.702312,19.442966,14.088007,12.287325,12.883944,12.642054,2.9448967,-1.0353755,2.1086924,-0.5530752,-0.8010731,5.6379576,7.455099,10.214449,8.33942,13.163487,16.126522,14.513048,6.723398,13.361022,17.32545,16.697353,17.371437,18.765942,13.388685,10.802678,3.2713695,-6.834444,-7.118374,-3.5736485,-7.2398486,-3.8238654,4.666818,4.056223,0.9852019,-0.09954262,11.886696,13.426079,12.318932,17.906937,15.251537,10.296391,12.776287,9.069041,5.970453,6.9517097,12.699192,17.179874,17.605343,12.129913,8.205507,7.221133,11.165821,12.053078,17.170425,15.472902,2.7976522,-6.116576,2.0938544,10.326094,11.92865,9.564434,9.719285,3.9443269,-2.69664,-3.2820854,-3.2225804,9.277918,10.9849415,-1.7289655,0.37733233,9.599266,6.7684,3.2412524,4.392589,8.436814,13.01804,23.13085,22.47662,29.201298,34.98986,39.216194,39.199272,30.624,30.59755,25.137428,21.940796,13.927828,-0.2819811,-4.015342,1.2590061,5.658433,15.741516,17.072598,9.996582,7.032035,0.52460593,-7.5601263,-1.5204539,-1.1995817,0.2099146,1.4268767,8.008458,13.843621,16.682549,18.014984,18.319849,16.10241,14.746451,15.186926,13.964353,12.203573,10.538864,8.920637,8.370339,13.813957,20.873985,19.119286,16.227121,10.870515,9.085968,8.110502,6.0929427,6.3426657,2.6263585,4.232073,4.7906675,9.960133,11.949109,22.07178,29.022892,18.112381,0.57820785,-5.2711077,-2.0096462,3.585638,11.290527,18.99839,28.316643,31.429417,25.21922,14.764889,18.196667,23.07388,18.551928,15.291849,1.6502421,-10.256968,-9.357456,11.1311035,17.039032,15.562294,20.393936,19.648792,11.31265,0.42442033,4.661153,10.589777,7.2139244,5.8649645,9.121139,18.769995,23.983736,16.475622,16.295956,22.949524,26.071938,21.86055,13.845182,8.092896,6.695863,7.5043154,6.9133387,8.56742,16.134996,38.034782,37.29397,24.748932,21.149302,17.95954,6.4168663,10.1188135,13.989586,12.099493,18.01864,33.078403,35.983795,32.128246,34.89898,30.132046,29.602577,26.635387,27.03128,23.507942,22.277235,17.411158,4.1569314,1.0577734,3.042946,-4.7356687,8.082268,22.378132,24.183123,24.31062,20.470118,12.377438,7.7555075,1.6352583,5.378457,26.709526,35.18106,36.07137,34.085243,29.520851,25.42598,19.20126,14.134947,12.028437,7.762182,-2.7438946,-2.8399432,7.9091835,16.114553,18.472633,16.06129,21.04345,24.296146,20.242683,19.38937,18.419863,19.390144,20.751717,25.244036,13.848541,10.268773,17.657404,30.195877,39.579876,36.3521,29.178558,18.801424,17.1429,22.729025,25.61023,13.788584,6.39254,8.383165,20.878325,29.747936,27.19188,26.066048,19.859783,14.62344,18.834812,20.3364,11.796583,4.5882683,-1.894298,-7.4572377,5.209413,16.489452,16.468796,7.7769876,2.5769424,2.6157231,-4.94921,-6.648925,-0.008957759,-0.62661606,-2.408018,6.151599,17.677835,27.62091,34.24646,38.088196,33.313293,31.027498,25.421852,20.520557,16.68085,16.443895,10.196496,3.977239,1.7325289,10.612841,24.518593,23.254745,12.466347,-1.826831,-3.376162,-7.904705,-10.933964,-16.762173,-17.309725,-14.509777,0.33349544,18.319132,29.058922,30.548275,25.350214,15.243561,21.594902,18.699404,12.503967,10.343609,16.85684,12.280925,15.32645,29.394073,42.00618,47.87572,39.280087,34.494194,33.44534,27.66428,25.765175,21.509613,22.787159,25.139175,24.203924,18.23804,15.69499,18.034313,26.971083,30.995796,30.019615,29.824776,37.64344,40.51316,45.465714,43.925224,33.658005,27.498892,34.45626,38.043697,31.64677,20.735788,11.586298,9.367287,10.681038,8.609962,10.045795,18.639427,26.517817,32.462814,30.391443,21.028225,4.7801733,6.300042,25.584473,31.766994,14.452047,4.1617146,23.12252,36.843666,40.357994,47.272484,45.72376,32.839523,23.391096,26.144896,26.211699,23.965302,19.876793,18.562756,20.049816,22.321434,20.690723,17.167618,21.794193,19.93866,18.974768,14.523722,5.1050797,6.868227,12.024757,16.739227,21.283112,26.444578,28.894707,27.231392,29.83368,32.592224,23.57518,13.124977,3.5837293,9.007005,21.493845,24.147295,24.19015,14.257762,8.892975,16.609444,16.138142,10.504532,10.699728,8.872485,3.2567382,0.06669247,1.4413137,1.9375868,-1.6596713,2.4047658,7.5552177,12.716629,18.754074,26.284264,31.388454,22.385351,13.936014,11.684019,6.9272356,-1.1464064,-0.5463695,1.3449197,-0.08361457,5.1173196,25.263062,25.313747,21.443655,22.832268,14.601883,14.168661,11.642622,17.517277,16.711586,23.270517,20.77993,5.069859,11.458595,28.202723,24.45771,21.40284,23.845688,19.292408,19.633123,18.072613,22.648922,26.643654,17.047316,20.493057,25.21297,24.455822,23.576221,21.709831,10.492762,3.5998209,1.604012,3.2789063,1.4219594,-6.586624,-8.636415,-9.640757,-7.0414257,1.868228,8.522144,19.284622,21.839725,20.15567,12.042926,12.125941,12.660881,17.170177,20.025492,20.23357,26.24321,42.414474,50.10376,42.052784,34.56214,36.826996,31.96162,26.81882,23.40276,23.13435,17.924608,13.76528,13.909779,16.864504,9.736671,3.0918155,-2.0105102,7.4416785,13.509348,14.658035,6.3334594,-1.4113823,-5.862705,-8.901125,-2.0418181,11.722886,23.023386,26.556189,24.563591,15.993698,12.246361,8.478103,4.3892083,7.2579274,11.390518,18.8885,16.056349,14.173336,22.524029,13.963934,14.264769,11.199916,6.059824,8.670305,9.274072,8.852054,8.980618,5.728412,11.468954,23.415287,25.188843,22.726673,21.832853,19.475977,17.562695,10.877689,8.728542,8.588981,12.729545,17.26337,19.936909,23.263863,24.026596,23.726032,21.121643,12.227537,10.099493,10.124286,8.419937,9.945147,14.95456,20.483656,22.537888,22.535984,15.692181,8.805744,8.8497925,9.099272,7.68807,14.28988,21.964653,28.83663,38.611885,37.414772,25.557198,17.127144,13.954843,19.563667,26.256878,17.943663,8.183748,6.2463036,13.117804,14.673788,16.33883,9.459763,15.68598,23.417044,25.181293,24.114235,19.990993,16.662249,11.136057,15.721433,21.344545,20.922447,25.854069,33.095287,30.9845,28.189514,32.957813,36.80605,22.825226,10.414692,9.722088,21.778763,26.305027,24.887152,19.354595,14.595217,11.897711,13.587912,10.915978,8.749579,5.6152077,7.4892035,13.020668,12.332724,8.172203,14.5989685,28.634302,41.78511,46.397827,41.214706,27.324532,13.124018,6.2348404,-1.9493039,-2.039592,9.39665,11.943415,16.093954,14.100246,9.0955305,7.078673,10.15598,15.265221,18.887756,11.5613575,23.297,22.617664,14.68048,5.057989,-4.2723866,2.1522965,15.659512,21.850796,25.869001,18.62598,19.245335,25.219173,19.746023,3.5367713,2.7614217,3.831496,2.4667058,7.861708,7.91562,15.724091,17.096786,18.250706,19.405165,21.780453,15.988154,19.689728,21.635483,21.588207,25.495438,28.880878,22.196907,12.077192,11.004154,9.381348,14.494665,5.83311,2.6190917,3.2735524,3.4138594,6.9495077,9.524782,13.887732,19.520308,30.769146,41.51822,45.9255,32.355476,24.730808,22.102865,20.227013,16.761894,15.439175,21.825554,25.546333,20.576473,15.955046,11.245603,18.02796,20.471804,18.521053,15.632882,10.092445,0.7704587,-1.832325,-11.981587,-20.311762,-9.855874,2.1766186,10.988408,21.605484,26.041513,23.976974,18.778103,17.648762,4.131637,0.36017883,1.0802821,4.6610136,24.020794,38.151802,41.51345,35.773357,31.163094,22.61998,9.145924,8.7740555,8.092504,4.4808245,7.8560534,34.47321,46.807426,40.273556,41.984406,45.826736,39.816742,34.354843,27.84856,23.806698,18.284756,12.083834,5.683462,16.191248,34.132713,42.746292,47.575035,45.055054,42.23828,36.83204,34.204903,25.817467,21.235739,22.540379,16.08186,20.998352,48.79103,54.602493,46.993923,37.86518,32.657234,27.56211,18.639671,20.138588,28.615175,30.518368,29.34925,33.542664,46.40818,58.130978,59.22676,53.671906,54.36702,53.128986,49.26826,49.679657,47.342354,41.477497,38.664574,38.1017,45.84006,50.31625,48.16867,44.669136,42.075966,44.352127,39.510426,33.53164,33.255413,28.575884,27.775871,23.554731,30.985619,39.273254,48.357853,54.590797,45.87282,37.741882,38.151382,39.378166,41.15712,43.389233,35.63062,25.93851,21.708256,23.06158,39.61642,55.801407,58.71663,54.087803,50.72663,44.41398,41.4573,35.190727,27.770233,24.919361,29.505772,41.812378,39.154488,38.531864,34.202995,22.081783,17.058956,19.507872,15.565489,10.5739765,9.237078,11.039107,17.974806,50.54076,51.34063,42.501312,50.453697,55.345474,60.096924,54.031174,46.17585,43.9232,40.998,44.431183,40.2352,41.88729,47.060646,53.02581,54.30254,49.40437,51.780174,54.062874,53.44569,43.464462,32.897575,23.853737,21.360786,34.863594,59.21457,52.491318,41.512745,43.275864,43.05171,45.254444,47.806858,42.306816,29.251314,19.804882,28.273445,45.417,41.084213,39.214817,50.07361,56.3988,53.690083,48.15813,45.55407,45.54359,40.004723,32.86051,32.633537,35.02665,42.067726,43.003098,40.638,39.303715,38.558594,34.84837,26.603796,21.533623,19.908361,19.408562,14.26617,10.258574,30.664486,37.534973,39.401665,46.578377,49.95479,54.28147,59.67818,56.52086,52.422752,46.737713,39.130493,33.208324,30.163475,21.22409,29.503958,40.03427,45.439518,50.09712,48.850704,40.019127,38.758987,30.93354,31.139671,33.36596,40.14726,54.674217,53.58397,43.72406,35.457653,31.533941,31.322613,32.100044,32.10971,30.323977,33.864964,30.856285,21.459694,42.680275,59.32544,60.23352,62.19999,59.44469,55.48688,57.439342,52.6269,41.20029,17.599281,3.901133,19.39082,45.3546,49.27241,54.655598,59.13215,53.787376,53.28173,47.236298,40.504288,35.045982,28.97005,27.737396,30.62603,50.213913,56.35501,46.853928,44.66211,46.190865,48.872215,47.084465,40.08301,32.08085,19.090042,33.213524,48.686783,49.2872,47.399002,50.553627,52.88612,54.580402,48.696056,42.861885,38.274796,33.59955,28.870268,25.558605,25.375113,36.270878,47.782646,40.45224,32.246967,29.337769,24.028759,20.910553,17.074749,12.239759,7.5257,10.774664,24.815287,32.285614,35.596745,44.467884,55.336563,54.15435,56.86023,51.64837,42.025852,38.163586,35.869686,37.49318,37.829567,31.703787,29.904411,39.96651,48.14807,46.94845,35.12262,28.631964,27.992025,25.121698,19.875774,17.688202,31.341587,46.02334,41.637177,38.917595,36.686684,36.340187,30.636564,27.78658,21.44167,17.992523,13.535495,17.273693,32.66982,54.211594,57.57241,51.742516,47.91781,43.680824,40.069416,39.859344,36.949356,30.196205,24.430048,19.15001,15.175444,21.120594,35.769615,39.737747,41.664467,42.11058,46.990673,48.074142,36.910866,24.261248,18.660362,18.803392,34.85926,47.457943,44.962414,36.240925,23.057766,20.302158,23.346916,20.357986,14.469808,11.022468,5.688485,10.049247,31.715893,42.79071,45.416656,44.936028,42.34297,40.208984,38.456314,36.719,29.670883,25.243235,21.856487,16.484982,15.3824835,9.9496,3.886805,1.921797,-1.2679427,2.1260648,2.468708,1.1038531,3.6010666,9.282124,7.3286333,5.896001,26.390589,42.087852,47.33829,45.838696,46.629322,52.30626,50.775444,39.60063,37.255188,33.31877,34.24672,24.068932,16.565313,15.699307,13.380426,5.982485,2.498269,2.4876273,4.812969,3.398497,-0.18224834,-2.5112631,-3.5614893,-4.4717326,14.83074,45.49868,46.062553,52.636696,60.734966,59.26553,54.31589,49.245613,36.22515,28.998833,30.102493,28.188366,30.547228,28.044086,21.549913,18.714481,21.27406,23.156765,17.549982,12.923729,13.287402,10.427809,8.163179,3.1340702,-2.4572875,-2.5472703,-1.5792298,0.35047692,-3.513069,-3.3261497,0.64916486,-3.735003,-4.9585643,-5.8829947,-6.6710806,-2.16587,2.1493945,-1.2078902,-4.6031165,-8.41839,0.4081598,1.0059085,-1.0328305,-6.9911585,-10.930754,-10.935938,-9.399515,-8.888677,-8.287229,3.225821,16.853018,19.143202,29.123877,28.12955,26.860035,26.41713,14.600719,10.018879,12.594145,16.067118,23.48516,20.057161,19.20198,20.258038,15.66612,18.323277,26.096792,34.982605,29.121834,18.020649,18.309484,19.895094,16.355024,12.751688,2.7740574,-3.4336295,-5.3900437,1.4831309,7.247745,5.0241485,3.590703,10.062321,22.72268,31.736965,35.12919,33.42191,35.287228,38.485947,37.746643,31.826714,30.686405,30.039577,29.247883,17.220015,11.590801,10.374973,4.4286532,-2.9079165,-7.5866528,-14.276487,-16.556679,-11.181758,-10.266631,-11.914557,-7.2647257,-6.6338058,-1.2762802,-0.85405153,-7.9190006,3.6261158,15.265459,14.779503,14.766801,15.618751,16.418575,7.8958015,3.6298647,13.738314,20.276093,10.690582,7.9346633,2.086529,5.4092464,7.8837805,15.489128,17.472738,15.370401,12.9975395,12.873583,17.334019,25.321247,23.293608,15.876471,13.261541,12.313231,11.9883375,12.436258,12.668339,16.921001,22.331083,24.860023,24.100044,23.529615,19.489672,20.370865,23.333202,18.605808,-1.0771651,-9.832591,-14.79887,-15.177643,-11.411092,-5.959734,-5.663348,-11.969607,-22.908297,-18.613022,9.13756,26.908045,30.320343,34.00139,27.075583,29.994724,34.239464,39.08088,35.89109,27.875126,23.618452,26.4743,32.948532,35.266464,32.119003,31.186451,33.92426,29.199186,27.90925,22.726723,19.46246,21.010426,20.36706,21.273952,20.068394,18.67809,17.52058,11.852504,8.7393875,8.128705,12.956293,17.583105,18.727959,13.788094,13.65298,12.732773,11.507631,11.734032,-2.2901337,-10.186537,-6.3386564,-2.2698908,-10.03957,-17.12103,-11.470362,-3.2924707,-0.91850185,-7.999755,-6.399295,11.94467,18.599735,28.641687,38.12714,38.20423,36.896286,40.753136,38.299583,39.750587,40.89382,38.15419,37.768974,38.42373,38.992455,36.49138,36.583843,37.384716,32.369385,28.945866,29.131023,30.401955,32.246582,31.124311,29.123411,34.498146,32.71551,36.771362,34.97666,33.961628,41.290745,43.988396,43.525932,51.415573,53.962116,48.32912,46.012333,46.128906,49.759956,54.11284,53.14218,48.842003,38.48951,21.207294,5.0634212,-2.803825,1.4530282,-2.2080228,0.1719144,18.021252,35.581295,31.89867,42.59826,50.72015,52.110283,51.372543,49.86094,45.796906,39.310623,34.876503,26.380177,27.476686,30.5141,26.501713,22.114513,15.457918,6.653348,-1.421124,1.4208409,5.610465,1.2257392,-0.36661458,7.2434645,8.834377,3.4627495,5.5717926,6.9973264,12.663199,17.907084,22.65065,29.654541,27.975819,22.927326,17.592094,17.154037,15.523003,14.528715,17.563196,22.826004,13.852529,8.977396,17.878317,27.318815,34.28606,34.590904,34.431633,24.819504,19.755823,16.08499,7.019664,3.949202,10.39523,10.873566,12.468296,15.747593,20.289143,35.46659,44.187004,50.034805,47.216873,44.577248,42.244614,38.540413,34.516792,33.911385,38.91394,42.43181,44.961235,41.976974,35.15557,25.518082,10.25662,-2.0582852,-4.7018175,-1.8090298,-6.0401564,9.665163,36.78862,48.109016,45.60378,36.343277,33.607826,31.77241,25.066223,18.806469,17.686346,17.183193,13.194504,16.263073,16.371181,23.244953,26.582027,25.086494,24.847557,22.986385,12.987722,3.0846663,-1.9935033,0.4433092,9.752129,19.909136,25.272713,29.67755,33.108345,38.138344,44.22689,40.648857,31.79272,28.889584,28.100155,25.579315,26.947857,27.374256,27.63258,30.87606,36.312042,35.921604,30.979528,32.565998,30.171356,27.51504,27.881002,25.919363,27.224764,24.822662,27.438206,36.762768,38.517506,41.508312,41.754738,39.35447,35.967834,26.175087,20.726885,18.84505,12.8235445,9.20437,6.831255,9.0794525,10.57667,18.00866,19.983807,25.2487,30.395302,25.760237,25.227798,21.221115,18.11203,13.710397,9.665775,11.610886,8.229806,6.141845,15.213478,22.996319,26.036165,30.684664,25.148743,18.010572,18.36454,12.356646,0.23331848,-10.546327,-2.9980564,19.614365,34.882195,35.013485,35.45546,39.170757,30.335615,21.954082,19.924473,13.902569,10.550753,14.510778,33.983772,50.541836,53.957,48.764343,40.550323,46.38843,50.87827,48.437866,36.66494,26.936945,33.396446,41.381557,37.48143,38.558525,37.81773,39.63074,41.004562,33.45222,32.326733,26.59974,30.831797,19.226265,9.677524,18.567457,38.581863,46.30471,36.50174,22.06442,15.779049,15.424977,17.768091,18.14364,27.188229,26.799047,27.895145,32.732132,32.63144,34.769863,35.033077,32.559937,31.005836,28.193302,25.876211,19.725975,20.568384,17.77266,12.96588,15.066673,23.978083,33.541023,38.94848,47.01861,57.18193,63.818306,63.351166,59.7614,60.622063,62.05411,64.50448,64.94544,55.270267,51.440716,54.779373,60.84082,59.230976,52.82955,43.44979,27.70522,16.100365,13.57214,8.558682,5.423173,13.447818,21.429972,21.82109,35.056747,51.80382,49.02696,45.526318,41.51138,35.85847,29.43999,17.34162,12.7450905,13.737352,11.922781,16.40736,22.79079,19.202427,18.546543,17.692087,16.014954,10.597906,5.919055,8.268022,13.588583,16.87584,19.917057,30.05949,29.451221,27.429743,20.61906,14.118136,14.3611765,20.272446,16.686117,15.611038,12.4339695,17.205402,19.213882,19.663357,21.745056,17.842468,15.137958,16.979008,24.088333,19.606382,15.872283,5.455745,-3.4096618,1.933643,15.405941,23.306885,30.784399,28.07069,31.553276,44.009056,51.888145,60.64588,56.082912,58.367245,51.66646,49.519943,48.176598,48.13141,49.665375,48.697304,47.25611,50.727005,50.332695,50.60184,55.13452,59.25386,55.449215,42.74108,44.84832,49.149334,52.867947,57.268013,61.762653,50.710976,43.9809,40.159904,38.5876,35.089745,38.954002,46.62629,56.964077,43.553593,37.127365,38.788445,41.769093,37.89495,29.463842,28.577335,23.408531,22.440788,20.928518,9.08572,16.690048,26.812607,24.37642,24.827797,22.083467,21.741379,19.939886,17.850746,20.815674,17.083977,11.785613,9.154011,5.8704805,1.5024337,6.4907465,15.868717,28.33663,29.805511,24.888905,16.877052,19.851032,18.784744,16.850985,10.586449,14.50149,26.070335,44.904587,48.143837,41.529224,34.178818,25.8539,20.862621,23.152248,15.491085,16.264587,16.458965,8.709026,9.873257,9.77426,8.826683,11.299263,24.270426,32.94107,23.470581,8.748249,1.773236,0.92043155,-3.466012,2.2110696,20.809177,32.448196,36.93073,34.694717,28.626606,15.2223215,19.65804,16.21301,13.737169,20.333296,23.440952,24.598894,21.331089,23.440516,22.740288,24.297379,25.413452,33.262344,38.344776,38.17043,28.19528,18.741356,12.007477,7.226597,18.546528,30.380419,37.089355,34.991776,40.564816,42.876312,43.768036,44.06749,44.369595,38.88654,35.82617,33.07535,25.365513,22.992016,26.022837,21.8318,19.27877,22.158487,19.8511,12.640411,8.945708,3.1324944,0.33707735,15.861674,19.468342,26.564919,29.463402,29.160961,26.843811,25.992989,22.48571,16.428167,20.70449,24.002884,26.304737,24.708593,24.628273,22.947742,20.736423,27.266964,29.41795,28.722525,24.715462,22.91379,15.469631,7.5929184,7.321722,17.0574,14.525803,17.983307,33.892982,44.318558,40.480274,42.23533,41.80715,31.31353,28.272694,21.08173,18.02081,17.739708,18.993729,23.530136,24.050995,16.013767,18.562338,16.935028,4.300462,-4.085211,-6.7447257,-9.105543,-1.2608871,18.04839,25.688131,21.676289,27.395597,30.760614,24.308632,20.745146,21.955765,25.494251,24.933712,22.393448,21.145174,24.606354,29.844751,32.60987,33.020973,27.605736,29.155012,30.079048,28.1047,27.482555,22.604046,20.698975,23.105888,27.966953,29.169594,27.118097,34.346794,44.515167,46.6623,38.597076,33.13369,33.727516,28.736038,29.976648,25.953629,23.120096,22.02124,20.622366,18.493496,27.653227,34.79476,30.536175,31.693172,37.719673,28.697771,29.084667,33.49551,26.06405,21.43152,21.231966,17.868557,18.384888,16.266863,15.20205,17.226799,22.45382,30.907034,35.265354,35.731155,33.01187,22.705448,17.534496,14.205185,27.080864,33.021545,33.653145,34.110466,35.611313,32.769203,31.020555,33.81788,31.827366,30.182198,36.293747,40.10827,46.751892,47.36871,41.418976,30.131538,30.408794,33.167015,33.802757,34.965504,41.522312,44.669697,33.56225,26.727722,28.936749,30.767517,21.792599,22.167084,19.774384,19.303825,17.386421,17.29359,19.925146,17.985754,22.020462,31.670067,32.464123,22.737823,23.457157,36.384903,36.47979,29.505905,29.262115,34.603455,37.71599,37.78594,31.164003,26.933502,28.643799,32.21617,36.07954,38.444824,38.885765,44.091522,39.353436,25.449102,10.744553,10.604099,24.696062,36.713867,34.416107,36.22949,43.15217,42.092316,37.46913,38.280933,38.58811,39.431812,38.064003,39.725986,39.49522,30.568867,30.487064,24.050568,20.73478,17.101652,31.77737,33.349014,28.571981,18.682043,16.069218,16.508724,13.832928,16.014952,17.61415,18.13507,21.856747,19.536472,18.679882,20.102737,19.059044,15.736076,18.799294,24.21218,23.484978,25.259281,24.966326,22.791468,23.308668,23.871864,20.123142,15.405727,15.256751,13.287546,15.6344795,18.814045,29.392345,35.775696,32.777138,34.06255,37.51033,42.785824,44.38965,38.255035,34.16436,36.1344,39.943844,41.912468,36.73794,31.725504,27.4562,27.933516,39.378754,46.75417,45.28036,36.939545,22.95604,13.408068,8.457558,2.3732197,7.8736153,16.002567,19.677832,25.97568,31.924358,34.380207,29.279484,32.72804,34.464294,35.798378,36.783596,34.727478,28.645374,25.886284,24.885921,27.916496,25.930998,25.030687,26.005314,22.916698,18.415428,17.482416,15.23667,17.260197,16.841663,20.62556,19.614733,24.749454,24.954018,21.542662,24.783928,24.207628,23.885403,20.296158,16.773228,15.790676,21.228765,28.683577,23.085232,20.422403,20.104485,21.167866,22.474052,14.942765,7.187228,3.6708634,-3.9969726,-10.169396,-8.949148,-5.5429273,2.3623588,20.98698,29.214508,24.401804,22.302105,28.225014,30.325104,33.48455,35.903557,31.602299,32.27254,35.197086,31.860788,36.901375,43.38048,41.4643,35.13078,28.781208,30.262953,30.258324,36.082764,41.61132,38.270233,39.963924,41.794815,48.421295,53.425243,56.849457,59.14435,52.868782,54.973183,56.187897,61.309868,60.308228,54.352516,48.88015,45.263634,39.77083,38.091595,40.38677,42.359764,46.964565,42.01664,31.983799,20.734173,6.0003266,-5.587248,-3.67486,14.477531,34.487045,40.20642,43.714718,40.492096,40.030785,38.33562,36.764595,33.727768,37.63056,40.466652,34.108974,27.473648,17.53801,15.431475,20.515865,16.191395,4.268079,-10.632388,-7.7346153,0.6793252,-1.0240026,2.7476377,8.612173,10.104649,5.093451,16.242123,22.061422,23.792042,27.763618,30.429329,28.343807,18.728191,15.331678,17.529264,20.555687,20.108723,15.935622,16.995045,17.302084,14.941774,19.166344,14.210522,9.257123,4.750183,-4.9149666,-15.975967,-12.8373375,-5.3711777,10.041996,23.443645,31.065838,29.4814,28.20792,33.967117,35.38335,40.173508,38.72426,42.31022,44.005997,36.03012,35.544006,37.50332,32.391685,27.89516,33.67632,33.90856,30.032448,27.129019,14.273569,6.299859,5.03658,8.665079,18.14712,29.747147,42.23649,45.868393,40.416122,28.317635,24.321575,25.325577,22.972672,16.59283,11.568591,9.979192,3.6721878,2.320816,14.445054,17.655033,18.675386,21.00337,20.76073,14.793789,5.918682,0.45072943,5.0879183,9.015762,13.3229065,16.857525,27.640549,36.94522,21.379055,19.23544,26.637854,27.294771,23.229156,22.524738,18.931902,21.944284,24.83322,23.672543,26.058432,29.807417,32.647106,33.192135,27.259615,27.75795,29.88659,23.842096,24.160854,29.393253,28.688023,22.570604,27.100475,32.298584,39.08304,44.94693,41.968826,34.051434,28.064106,28.491676,24.576412,24.908047,17.303377,14.410806,17.89038,25.820234,33.556755,35.351532,25.064976,23.072905,26.624428,29.544397,34.177322,26.79581,16.377396,14.589983,18.32131,14.177252,19.50599,15.74106,21.408545,26.606415,28.285784,21.455265,13.803915,1.4898977,3.0984564,2.8177269,7.0172977,2.5503492,7.7844505,27.989029,44.058655,44.850555,36.77198,30.68948,27.02758,19.069292,7.5398245,7.355995,22.831932,43.685913,45.471092,50.10705,43.71125,39.782047,37.48017,33.431107,32.677185,33.491207,29.787844,25.974781,26.541248,23.644604,25.32611,23.751205,28.201973,26.719957,20.777466,13.50576,12.429884,16.420013,9.55925,7.2586794,20.733227,42.065002,45.75361,31.018095,26.936941,28.834644,22.161066,23.00531,21.773258,15.957842,24.534382,28.271095,25.146366,30.063293,37.485962,40.20452,31.053452,17.201283,12.451939,13.832546,8.346532,1.0195116,4.1248646,8.857837,10.218641,28.916256,40.965317,43.10353,46.023106,47.2829,48.300964,53.113228,49.632812,48.952076,46.756744,45.210117,41.240105,33.99376,37.63979,43.156166,50.82421,52.032127,42.998116,34.218933,24.16919,17.7764,12.675945,8.976957,15.688917,29.2261,38.400913,39.501892,33.787964,25.797508,20.583027,18.363415,24.49992,29.464432,30.826149,27.288101,16.466976,11.331186,9.724571,15.738758,20.647243,24.753017,27.661465,29.985332,26.170057,21.629341,21.380138,24.022957,17.718927,18.4789,17.031345,17.03785,15.692986,17.038948,13.807156,4.356224,-1.0083911,-3.4826555,-3.5953846,-3.6514378,-6.153951,-2.8215482,-3.2151818,4.4092646,17.155678,16.30297,6.0620522,-1.2657976,-5.5476894,-10.26932,-2.4436216,-5.8475695,-6.0200057,9.476377,30.24899,55.746807,63.70501,62.873737,60.529877,58.984306,57.769836,55.97779,54.835873,56.39821,55.9813,57.0719,59.63042,56.46265,49.146175,53.09285,57.79631,55.882126,52.00309,51.017452,50.139416,50.86413,48.2827,39.73944,40.325176,51.71663,53.39905,50.720314,48.996758,45.606316,45.1822,50.106735,49.026203,51.992886,47.214226,31.28785,27.352015,34.96822,36.644466,37.07904,36.092373,28.919632,23.65813,18.468472,16.228573,11.201437,7.225041,13.494523,14.546493,11.081835,7.735947,1.7584944,3.10287,-1.5321994,-7.297738,-5.2034225,7.4398527,12.762825,12.137522,8.072603,4.754625,2.6812782,12.615333,16.953892,16.085173,11.748171,8.2948065,8.1124,10.090702,6.1561303,1.2763691,1.6966362,13.196198,24.754478,19.557934,14.77936,11.830824,7.98787,8.543713,6.114587,5.461291,12.136448,9.141868,7.849081,9.669465,13.48554,17.111988,19.115076,18.02456,5.8401375,-2.2129815,-3.8269794,-9.543108,-5.253001,6.825362,16.810791,27.252907,34.86577,31.299557,26.07544,23.827374,24.863852,24.5888,24.666588,28.60997,31.495497,27.67035,20.144741,19.197227,20.980042,23.806416,25.24862,30.393053,34.881542,34.305206,25.356457,11.661514,10.914551,14.649584,10.441448,19.174675,30.696743,30.23185,30.613995,29.940254,28.216766,22.670918,19.762367,23.419357,25.603413,18.566986,13.701614,16.821676,23.49823,16.689678,14.750757,14.5700655,5.390667,-5.595193,-1.5083146,-3.9251509,-2.273461,12.938866,25.212284,22.613445,17.318306,9.733372,5.114361,6.1894855,13.466757,11.987104,10.746201,6.4501176,9.006302,12.321817,7.0014186,14.607579,27.94827,31.80444,28.559238,23.012596,16.701176,13.509983,10.170204,10.943325,5.6252327,8.191268,29.796366,42.405445,42.838627,40.88051,35.99559,23.356596,9.560918,12.67798,11.947654,6.804597,3.0692277,-1.1848757,6.559507,10.3662815,15.04867,27.502644,22.577993,13.562947,8.277273,0.3966407,0.93517745,3.2053213,6.851439,16.483212,16.908167,20.555552,25.226242,21.322668,23.186666,22.464191,23.022621,19.527225,15.347383,15.495163,16.18594,11.340509,9.126018,10.445868,10.525085,12.451916,16.02028,13.761051,6.186062,-0.33574486,-2.154086,-1.9105897,-0.18709219,2.81968,18.034487,32.010666,40.881397,44.952927,37.647766,33.15698,40.315193,41.643997,44.146824,44.33938,37.562996,25.563423,15.231654,17.10744,24.134644,29.900185,33.373398,31.432417,27.093613,19.926739,22.88588,27.598888,29.301199,24.495811,13.558683,15.994556,14.1132555,7.4720902,4.546543,7.784067,22.149717,14.822901,13.007614,14.792157,14.43548,10.231714,5.6232834,10.832052,19.396759,23.585821,25.91668,36.78886,44.271816,37.353256,32.5605,14.781928,-9.54543,-6.2955503,17.39603,31.739763,38.11577,30.328651,18.149807,17.778059,20.65743,19.750355,8.543892,4.1920094,4.865005,5.661202,8.990828,13.889692,20.93703,20.754097,20.908588,21.222006,21.213099,20.269518,22.958677,23.032463,16.946735,28.329384,29.052645,22.616566,20.242584,29.241255,34.98934,27.570793,24.087822,25.185963,25.243145,25.318142,17.958052,13.442928,11.397792,9.208953,4.8789883,8.343509,8.5273695,5.7544146,-0.16045219,4.810523,5.980195,2.8771493,10.557917,5.2096205,6.856628,15.518024,25.441961,26.19128,17.501316,12.781934,11.495319,7.1636896,7.913579,8.479731,2.5826077,0.9576832,-3.226025,-1.5084864,17.822725,25.428562,22.709661,19.183372,17.116108,13.985531,14.195894,8.342258,8.947496,4.11967,1.1673133,5.598771,5.095755,10.926973,17.870472,21.935734,26.363836,30.036926,38.83359,35.716125,39.33301,41.642097,42.1955,38.480515,30.416132,22.762917,18.882256,18.458485,16.642687,11.980791,9.794283,0.73350656,-2.8800924,-9.074616,-20.273438,-9.613465,14.3595915,32.58411,32.75171,25.06725,17.324612,7.9413576,6.608342,10.189537,12.156642,3.1923676,-3.3059738,2.5990617,5.451293,8.52038,13.5543585,11.256653,4.625495,4.2629004,8.732228,10.501383,6.165575,3.927793,7.987568,13.613014,25.701412,27.671051,25.965515,24.928263,31.637527,37.310097,42.641556,45.070694,44.593163,37.742615,37.67325,37.3664,37.120987,31.787704,26.39214,7.9519005,-5.2352905,-4.4894104,-3.8515062,-5.748004,-4.850671,-1.7543743,-0.41643107,-1.5224972,-1.348422,7.0587893,23.068296,32.391045,30.095928,27.889849,22.593494,12.348614,8.566223,5.029111,5.64948,0.8561789,5.9047346,10.486687,14.76898,21.033764,22.708618,21.517101,15.523628,8.347418,14.495801,16.34325,8.225138,6.246218,7.877569,1.4398773,-1.195631,1.0093178,1.2093301,13.1042,27.0444,37.729134,40.611275,37.579803,31.55232,22.438316,17.351421,9.843604,-1.309048,-1.2329655,0.9877884,4.8636,4.3860636,-2.6873772,-1.9863667,4.552623,4.6009555,1.0872296,4.7203393,10.412544,24.96788,31.365204,30.735317,25.27377,25.204487,29.656044,33.13062,38.087807,39.32636,43.81639,47.46505,47.564873,44.43953,40.376358,35.37672,26.187828,14.468393,2.1101782,-1.4777243,4.1279263,6.224826,1.81053,-2.6044855,-0.27964827,9.039377,11.54973,10.334679,6.212026,2.9989147,5.6989403,9.411757,15.759148,21.533388,28.110695,27.913496,26.665064,26.917076,24.956635,19.561005,19.420822,16.654118,12.225466,9.224384,2.8481398,1.0381413,6.7761393,12.136821,13.820363,9.246957,-0.069269106,4.3164606,11.786572,6.455807,2.7667546,3.4069543,5.190919,11.527456,20.05363,18.333757,15.163639,10.993406,12.902657,12.113677,8.391258,9.273426,6.72641,8.839878,8.479238,2.1168313,-5.212183,-4.1430855,-0.40984225,-5.0115376,-10.682005,-15.5171585,-11.969832,-6.2060213,-0.23872447,5.9550457,3.8677979,2.7175894,5.1601,10.7923565,17.649399,22.67559,26.037415,25.392803,25.078627,21.709843,21.67442,19.07977,16.35295,14.7225,12.182852,19.505756,22.525326,18.864365,18.076797,15.044544,9.497637,6.545312,17.12974,20.999422,17.93598,14.531427,13.544649,13.996513,10.851768,7.912677,9.761261,1.5347153,-5.495395,5.248583,9.262829,12.133383,13.565718,15.573169,16.594126,22.873981,30.16803,31.170486,27.316216,24.127361,27.166782,32.13804,35.296787,30.508842,31.989614,34.977074,29.92829,33.25491,38.740517,39.989895,38.52942,34.379753,33.558067,36.072594,28.498047,17.375301,13.893791,16.667597,17.254286,12.902399,16.951889,28.097363,35.1447,42.43972,37.042473,24.542652,20.393856,12.374975,11.200304,8.346694,4.8908334,8.710146,16.283188,32.5932,36.785976,31.47163,27.594606,22.788853,23.622723,22.200607,17.279259,10.044802,8.050603,8.425295,10.333903,15.595453,18.3815,19.967274,21.391247,36.7665,53.185562,57.800953,48.57676,48.347466,47.580574,41.661064,43.004883,47.884224,39.422592,36.305565,35.030464,30.68217,26.012064,21.950876,10.505471,-3.074648,8.478834,24.532162,25.226068,24.469757,15.1664,6.080245,19.352907,26.266647,23.343834,20.289045,18.279186,21.383808,14.883539,11.465868,15.817226,13.478193,7.9475284,1.8096061,-0.23206325,-1.5085521,-0.3199648,10.5637,27.662119,40.241127,42.18696,33.201782,34.35437,32.745117,29.360909,29.316687,32.528587,30.665894,32.507984,37.803528,42.360073,40.51467,40.29664,36.271652,39.255783,39.58773,34.736885,31.631123,31.27121,29.783585,28.75289,30.18169,30.1277,28.984837,28.247437,26.754444,23.119394,23.71141,26.103954,23.919827,25.707909,30.86048,36.25258,35.096397,29.832993,28.345032,30.766674,31.733116,32.243317,29.295355,25.09672,24.26457,22.916153,11.513189,5.710988,2.1980858,0.8999174,-5.7269325,-8.61119,-7.89375,-11.507891,-9.071051,-11.065479,-14.885815,-0.74641174,28.20544,52.383213,57.408455,47.133957,37.127823,31.213686,28.188705,26.193226,26.128967,20.892681,9.837678,7.1751738,2.4656026,-0.13577724,-3.7664194,-4.8411827,-4.7627745,-7.119322,-9.425068,-3.228998,-0.90288615,4.2005763,11.503706,17.513802,11.968464,12.767402,6.037307,-4.2260485,-14.40384,-20.253422,-25.17499,-25.66676,-25.192902,-24.376175,-24.612629,-23.006165,-22.724293,-24.62202,-20.34069,-22.202402,-34.845455,-43.111137,-40.94428,-36.674767,-34.547585,-29.27786,-38.387863,-22.12236,2.0717468,16.598595,18.660175,20.61459,14.627251,4.0999203,-2.4042513,-3.2374172,0.5373987,3.3219872,5.9606133,3.9855099,0.36466634,-2.7406356,-3.3151147,-3.9455328,-10.424175,-6.540081,-4.1740975,-10.098864,-8.104701,-12.863512,-15.010817,-12.48723,-13.588092,-16.78791,-14.409729,-11.436281,-10.037405,-7.7724457,-5.459058,-3.9924636,-6.585846,-10.182442,-10.63134,-6.2666845,9.627811,22.08274,29.832008,39.25789,30.859352,13.399656,14.611282,19.941057,14.987097,9.466133,6.058075,11.834653,21.964403,23.462555,25.505714,22.592787,17.438435,24.58915,28.171974,25.17604,20.35355,14.449385,6.175497,-1.01413,3.5903778,-1.2019405,-6.4999695,3.629764,2.6658578,5.379975,13.418318,9.110662,3.0874548,1.7551856,-4.3458014,-3.6584618,-3.2919006,1.4089541,23.299923,32.262157,32.524002,26.287045,26.2601,26.193333,25.71319,28.946083,35.5755,36.65766,37.115074,34.57869,35.434113,40.309975,42.806664,36.16056,29.09371,34.09018,35.081497,29.996628,19.28389,7.4441996,-6.0663347,-5.5764065,12.418226,28.86802,37.953983,38.127388,39.181854,41.582832,33.594234,23.118992,21.36274,20.24917,18.665943,18.63221,8.937452,5.494005,5.5706167,4.277076,5.3041058,6.042632,5.1036406,7.631046,7.9250956,4.3608727,4.904832,3.6440268,5.1447535,11.597261,13.43128,8.1629505,13.357693,25.548698,32.997284,27.612436,19.194324,18.27094,12.487503,8.513712,8.963912,12.386409,-1.0590799,-4.559105,9.6299,21.55262,22.46281,19.756435,18.303062,12.21369,12.963986,8.587204,3.6129131,3.5947924,12.661373,18.25931,19.000572,16.558922,9.907904,2.5098846,1.4809068,-1.6866943,-0.6243497,3.985196,8.993596,10.743936,4.8707504,5.825905,20.689415,30.833305,26.849354,23.325893,21.983772,23.460503,23.489738,20.234583,16.096851,15.679211,23.41241,21.056423,31.35374,37.665703,33.414505,29.485043,24.916832,19.015388,20.965454,16.614195,16.857346,11.595051,7.6037464,12.1529665,16.276144,18.242867,21.397694,20.978428,17.403671,18.282116,17.410168,12.151585,11.397945,8.396697,9.259806,17.058477,26.21317,21.663067,20.356607,19.60709,18.40767,19.83641,16.39856,15.654387,13.811598,18.348814,16.054756,12.317762,10.605017,8.137155,5.6588125,4.32008,4.4626236,6.073033,8.58818,7.392113,3.7021828,-3.3919115,7.4483805,19.481373,28.880234,35.409798,34.346176,30.82542,26.536358,24.054222,20.101847,19.5209,19.252037,4.8450227,-6.3768063,-2.5344665,4.844849,11.772852,26.416565,37.568012,26.50481,22.157269,21.628948,19.474907,16.031336,10.766137,4.553485,7.9364433,14.170333,12.318169,19.339462,25.311926,30.96806,37.336952,38.50599,25.734604,15.008728,9.74588,-6.174486,-11.182629,-8.87165,-0.7021634,14.448998,25.799221,31.263187,31.822643,27.808535,28.41158,20.608604,-3.6276445,-7.5313444,13.845252,33.78076,38.763428,36.39904,40.16542,47.63565,44.30108,37.535835,32.990967,33.5005,36.92926,47.364567,46.545883,42.23002,43.34134,40.835712,39.729675,37.975224,35.246933,25.372957,15.560598,0.2328895,-0.5274666,3.1879034,15.675829,29.76226,46.07544,51.307697,50.87542,59.251324,59.644867,56.523285,54.91397,58.375816,58.924572,57.403645,56.4173,56.15495,50.25611,48.617012,43.00686,31.05523,23.337929,16.788765,14.27178,13.000624,12.586853,13.991102,20.246822,34.592815,39.80102,44.012527,43.714523,32.88985,20.944012,18.227674,21.576124,21.229137,18.701632,12.79305,6.7594004,9.301666,32.27275,42.182213,42.550575,31.275644,25.225634,25.999393,23.180798,13.388953,12.460182,7.4395885,8.539635,5.52588,5.791596,17.230694,33.788937,41.735115,50.931965,55.236786,51.596046,51.34565,46.697414,40.32367,20.33154,5.1265845,17.20301,27.759352,36.542233,32.855656,24.847025,7.1044226,6.4326296,8.681461,7.9673347,9.227983,5.5797734,15.831213,38.371807,42.9541,35.25959,25.15297,24.395966,24.211205,26.962107,23.507439,17.677296,12.435753,15.810149,18.341267,17.595633,14.993749,13.764145,12.940865,11.346868,7.4206448,-5.2604723,-9.330723,-11.381229,8.554878,11.687628,15.089444,30.084465,35.810238,31.325222,26.791311,18.497845,16.573866,20.455442,22.6208,27.42205,22.517483,20.164589,19.60389,24.698973,24.070545,22.718523,23.159786,23.628342,18.870596,16.802757,11.025372,11.842363,7.061704,15.38764,16.497913,15.13381,25.262121,37.685875,38.128204,37.559658,30.836283,15.820992,7.3781686,4.2225842,0.515435,2.7513099,9.0277,11.400503,21.297226,33.93548,38.24769,29.46931,25.297626,19.007074,11.371231,3.6760402,-0.0914247,5.5973845,19.794554,24.616882,24.323914,23.190449,26.71622,22.68146,14.055845,24.840685,34.05605,34.705544,31.37012,26.388172,27.671373,26.292824,31.115492,33.480644,36.289772,31.492027,18.050707,22.002417,20.046003,18.381132,16.037294,7.7128305,19.751442,34.921665,39.319183,42.857483,37.327217,25.541685,20.783836,14.947344,16.003897,16.912298,16.790863,14.623409,10.710047,14.773238,21.453411,26.202724,28.450247,24.780361,18.579597,18.802883,14.920866,12.006588,11.554558,4.0183907,1.9713734,14.56452,16.86919,16.806295,12.8316345,1.2747782,4.4947243,15.551775,20.878466,25.009502,22.065514,19.253082,22.243103,24.721985,30.712973,25.923634,18.23288,24.151665,30.369091,27.123562,20.99044,18.022179,6.7785196,4.2338986,14.038427,14.081228,15.147409,17.515715,27.536144,28.24916,16.075516,21.15948,19.40387,18.81073,17.450073,6.6933002,-3.4722524,-7.1328945,-3.0030403,0.004016988,2.5678205,2.3886147,9.336451,11.477468,9.738233,5.3243093,-2.1803858,-2.4554915,-0.37769008,-9.545422,-15.253096,-3.1351228,4.2347994,3.1896176,6.3754854,3.4012542,4.6307244,8.549908,9.191807,8.43651,14.181902,20.778336,17.636513,20.251007,29.395279,31.379383,28.096226,27.374205,29.981373,27.011095,27.010994,29.447853,26.518038,19.790419,23.624876,25.510452,25.09922,24.299997,26.60733,25.742365,16.56461,13.195673,5.6884274,1.967324,3.7536337,2.9106748,1.7511802,6.9342775,9.584042,14.997347,19.589031,23.424206,26.390434,25.377121,28.486355,26.956936,26.134583,19.73693,24.400364,28.142784,25.524673,21.590946,24.457405,23.628065,12.85976,12.638351,9.260891,5.7035623,1.9669502,-5.622448,-9.760811,-8.103802,-2.1472297,0.42450637,-2.5235665,-7.4130754,-8.592567,-11.277781,-8.460686,4.1985774,21.766262,41.209976,36.819622,25.066671,29.740808,33.752834,33.030296,22.94495,12.149417,14.102116,9.26795,14.113255,14.245939,15.944099,18.802227,17.429972,20.662971,24.29454,31.451141,29.55534,21.136063,9.890423,9.266823,10.772171,11.965019,21.78955,33.715412,47.267326,54.15097,55.00296,57.645798,55.838272,52.394352,48.21084,43.154423,39.050797,34.369793,32.045586,28.88286,35.592583,36.120754,33.798798,32.132286,28.803009,19.004066,5.366331,9.516052,14.178629,19.074917,13.303547,7.2722006,3.117498,9.756243,12.738136,11.949436,11.6069145,11.084654,13.884163,17.351685,21.470963,20.157173,9.628109,9.715036,9.566311,16.410618,14.410265,11.203566,10.541355,4.715308,-2.4418263,-5.684949,-11.684553,-1.6584015,8.686516,12.4345455,22.486643,28.845089,28.11977,29.046429,32.648476,33.085163,32.486465,31.490973,36.85057,40.956566,40.872864,41.85309,35.801468,38.33403,42.89995,35.601543,21.452333,17.642458,21.428051,20.247162,20.969002,13.264726,11.971441,21.646187,32.68609,40.03746,35.745735,29.293287,23.015186,27.960003,38.655586,39.85829,36.48524,35.809696,34.939514,31.156704,31.037231,28.495995,31.21919,31.06159,22.355877,20.942204,18.032965,14.498532,9.406587,12.127722,14.274061,11.877756,23.29604,47.39203,53.60708,48.72355,39.652603,31.743515,34.741432,36.319523,35.916016,38.830914,41.41892,35.702225,36.41147,35.419704,37.26271,36.83368,26.870384,27.346684,29.65857,29.679026,28.373522,23.152163,24.27301,24.04018,23.205414,19.392868,12.719265,11.218871,10.850624,5.7730894,1.2731707,-0.5174329,0.27365255,-1.6806991,-1.5679914,0.7927131,3.4530044,2.8969338,0.3304423,2.4627712,-3.07158,-23.110231,-28.166933,-19.50393,-13.221044,-7.6335325,-4.872879,-0.3050806,-5.624299,-7.0145903,-2.2196412,14.017843,21.404854,16.276173,14.404083,12.912615,7.8605003,5.957044,6.682119,4.442602,4.6884174,3.4889715,4.1502733,7.8540945,-0.55355567,-1.8644975,-3.2485814,-7.0853453,-12.283429,-10.133425,-11.916527,-10.059428,-12.949301,-14.642855,-14.423808,-14.748188,-14.221093,-16.233906,-18.913105,-19.820084,-15.409835,-13.712292,-15.4039955,-13.6661415,-14.510851,-9.991312,-12.378651,-17.274872,-12.740124,-9.303106,-6.9987144,-6.1516743,-5.5073338,-8.155802,-9.1533985,-9.447913,-4.359267,-4.941166,-6.6871405,-5.5089417,1.0385699,7.5246973,6.493333,0.50150675,3.648855,3.0507197,2.3868034,4.34931,1.9036562,-0.6842494,-4.6773896,-2.1643877,3.5553358,-3.4035273,-6.7065907,-6.2854705,2.5053103,5.9538665,2.6011555,-1.611978,1.9785354,9.870941,12.42461,9.198214,12.484741,9.582795,1.7950428,5.065835,7.8828726,6.7211075,12.24958,15.734768,14.649771,14.239628,19.474112,17.101227,13.8375,16.148418,17.247652,12.988062,11.457773,17.08922,15.599276,17.432657,13.381771,15.879612,17.114536,22.522562,23.632668,16.542547,13.113426,12.253279,11.334459,13.398882,17.22638,14.096288,9.892063,8.85268,11.035994,11.114254,10.539396,13.403956,15.966084,26.502335,17.931654,1.0933955,1.3206172,9.9622135,9.751933,10.009514,3.0919783,5.736718,10.859716,1.8810743,6.9257255,13.060863,7.8341074,6.7392287,9.419928,4.1551237,2.6335783,3.5080826,-1.2650633,-6.425096,-3.3869693,0.708748,7.27573,7.794027,-1.4345503,-12.603442,-11.258236,-6.385728,-7.8575583,-8.73521,-7.367263,-11.899746,-11.277503,-1.2485405,7.5894117,9.070721,3.2918673,4.418588,15.157091,15.68302,15.28449,12.590349,9.794793,10.528396,13.222713,12.771908,11.741249,9.905412,6.349537,8.094579,12.062195,3.1650288,-9.138566,-9.355328,-3.5578232,-1.4859788,-5.512819,-10.656637,-5.6848984,4.293724,10.466222,25.508648,44.517296,51.89501,48.95749,17.838509,-5.31017,-0.40869734,1.559975,-4.084977,-8.907242,-13.658415,-13.89126,-13.345799,-9.63755,-13.991854,-15.491747,-16.35585,-14.156752,-17.581284,-19.233248,-13.124475,-8.352406,-10.430336,-10.743607,-7.5550094,-9.703327,-12.514626,-6.2738237,-7.044304,-6.635648,-2.4663749,0.9831492,2.9095793,0.35314032,1.5543168,-5.6004314,-9.9251795,-6.6428165,-5.030769,-10.31105,-12.629286,-10.682417,-11.223347,-8.655104,-5.2034464,-6.15449,-7.3352537,-3.6275196,-5.9753532,-6.6487074,-10.760884,-11.483177,-7.6335773,-12.576939,-14.114236,-14.43075,-10.030864,-14.040989,-16.123083,-13.245395,-10.201595,-9.259782,-11.349583,-16.301865,-13.341721,-12.255793,-9.488728,-7.769794,-3.9223619,-2.1093893,-3.3586435,-8.267303,-8.242365,-5.798085,-7.7515254,-9.873528,-10.707609,-12.504875,-10.197556,-4.576166,-12.267969,-9.133984,0.7561113,-3.4461842,-4.144829,1.3535331,-2.2895737,-4.56658,-4.7157044,-7.8866367,-6.369709,-3.1075203,-6.271167,-11.671392,-8.5041485,-6.2584677,-6.9542646,-9.512909,-4.412857,2.3862827,4.167794,4.0468855,2.9889774,0.3844225,-1.3470573,1.2183486,2.4649756,-0.43100667,-3.437088,1.4206507,6.4056025,4.5074053,-0.6893767,5.010457,-2.1687102,-4.225306,3.1327333,0.40988734,0.22855344,7.0197015,11.52565,13.650719,18.708103,17.116827,19.987362,16.296143,14.117488,11.25721,8.507011,6.504611,8.475295,12.709014,14.763055,21.40599,25.155842,17.542265,12.487526,13.767761,17.86628,21.128075,19.206966,19.809322,22.61908,21.923744,18.347492,21.251036,28.028097,25.397429,23.249634,25.426432,17.50294,13.348052,12.696207,11.215973,13.334471,13.983962,13.14653,12.018595,10.383645,11.799151,13.8332615,14.8830185,14.851307,14.1803255,12.643226,11.928309,12.414244,11.263751,11.644884,11.599285,10.400417,10.589973,11.175394,11.836885,10.917128,11.166384,12.065447,12.126755,12.1333,10.590988,10.534996,12.144909,12.286863,10.248512,9.122835,8.440277,6.6102004,4.7836523,6.8724804,7.657425,6.8711514,10.184579,10.261358,10.36125,10.083579,10.13297,10.084457,12.717091,10.956749,11.176419,11.557648,11.39417,12.491963,9.984922,10.012278,10.3025055,10.592858,9.632928,8.402826,7.1535587,7.0481057,7.802619,9.085827,10.3566,12.244131,10.49825,9.200031,8.36487,10.276269,10.436445,9.65822,9.022963,9.042902,8.368026,8.218463,6.6122355,7.2732444,6.8481216,6.780257,5.533923,5.3090944,6.138598,6.5770607,5.862708,5.2374153,5.4491935,5.479965,5.2621384,6.222949,5.987029,5.6666994,5.4183407,5.3217664,4.8156004,5.4720063,5.174755,5.944892,5.9755054,6.4917984,4.7545853,4.3924427,4.370989,5.392042,5.2506723,5.1400356,4.4216046,4.457482,4.248892,4.597666,4.159451,3.6033506,3.660726,3.734138,4.21736,3.8829985,4.006455,3.26998,2.936771,2.8353605,2.5853693,2.6808054,2.586502,2.4957595,2.4699202,2.4544709,2.482362,2.565936,2.4562519,2.3496711,2.3222227,2.3347332,2.246153,2.2930722,2.1579063,2.122119,2.1058078,2.0378232,2.0479953,1.8742788,1.9839625,1.8684882,1.8091222,1.7826945,1.6316079,1.7055709,1.5027237,1.5492177,1.4491497,1.293088,1.3847488,1.0859607,1.0518857,0.8008724,0.77680606,0.6470656,0.24396136,0.10278217,0.0,0.0,0.0,0.0,0.0,0.0,0.0,0.0,0.0,0.0,0.0,0.0,0.0,0.0,0.0,0.0,0.0,0.0,0.0,0.0,0.0,0.0,0.0,0.0,0.0,0.0,0.0,0.0,0.0,0.0,0.0,0.0,0.0,0.0,0.0,0.0,0.00244547,0.0,0.0,0.0,0.0,0.0,0.0,0.0,0.0,0.0,0.0,0.0,0.0,0.0,0.0,0.0,0.0,0.0,0.0,0.0,0.0,0.0,0.0,0.0,0.0,0.0,0.0,0.0,0.0,0.0,0.0,0.0,0.0,0.0,0.0,0.0,0.0,0.0,0.0,0.0,0.0,0.0,0.0,0.0
0.0,0.0,0.0,0.0,0.0,4.097046,6.1446295,7.9787827,8.755821,7.8731785,9.831063,9.437296,9.676284,10.486015,8.604297,8.280502,7.590099,7.923527,7.707974,9.131097,8.119132,7.3298144,9.044228,9.587871,10.236294,9.36935,5.989358,5.9813247,7.6231294,7.794921,8.655742,8.263911,6.7439275,7.2427297,10.110863,8.403515,18.999561,22.188599,15.1115885,7.9255333,12.869261,23.341307,25.258444,23.007706,28.190735,32.63597,39.77368,44.091347,31.679668,29.627945,28.018368,33.07419,34.683548,32.555603,31.933723,31.413254,29.079105,30.879936,31.70683,31.657627,30.696587,25.563604,28.750927,31.406157,33.512856,29.396168,27.99543,31.54002,32.237778,27.796959,24.08731,28.949402,39.558044,38.39953,34.39579,36.257584,39.189133,36.862396,33.794346,31.349716,26.576769,30.76008,32.843384,30.69883,31.60665,33.188286,31.486835,37.34774,40.64743,36.40532,31.692125,33.41532,30.802074,31.594063,27.415333,23.958157,21.260277,21.357645,26.479412,26.140255,21.830585,15.093571,16.654364,14.669858,16.607136,16.329638,10.086433,5.987528,9.368153,12.917885,11.755741,15.384616,13.6025715,16.877708,19.159494,23.211544,20.46849,17.911713,20.077631,18.393291,18.826637,20.736794,21.62638,25.57262,29.72509,29.427803,20.431927,16.264935,18.073174,21.086994,24.778168,23.827946,21.819061,22.618979,23.89787,22.346458,15.527306,9.343628,10.433332,12.832881,14.499779,15.138277,13.90679,15.120588,16.331806,15.934992,23.60095,26.075672,19.340519,18.798466,28.561077,34.86272,34.002525,24.388927,16.471281,20.613558,23.373493,25.52562,23.011532,15.361881,14.976797,19.420124,16.276474,21.625198,16.250063,16.847406,25.841751,20.488136,17.747595,21.383541,25.909477,22.118277,26.384731,32.644386,28.584946,24.583076,29.879585,29.94794,28.859558,31.06333,29.830492,21.887218,24.095156,32.03667,25.536934,20.920334,23.542612,32.36793,22.110601,23.392673,20.512833,14.418333,15.354717,18.5116,12.700579,16.756798,15.527952,14.150937,8.536743,1.83537,0.11538629,0.1107676,-0.5609722,-2.1763978,-9.898808,-12.175913,-12.238148,-10.066229,-5.9583845,-5.1566534,-9.596037,-10.101849,-6.7210884,-6.1363664,-3.6482084,-2.4046044,-5.4298263,-6.4849796,-8.42024,-9.535055,-3.985465,-0.2942109,4.7617083,6.4506826,8.392622,12.618753,13.098296,11.155879,11.6272955,9.153921,10.033291,12.996353,19.33248,8.478085,6.6178207,14.0410385,15.565886,11.135086,10.414252,10.038282,3.9953775,0.08755094,0.8501706,-1.4605482,0.19208395,0.5094103,1.3272016,5.0632267,5.5815067,11.3053665,8.758248,3.7099338,-4.580452,-8.390408,0.96328074,19.07304,17.605507,19.989153,28.521849,28.973095,29.19424,30.996635,17.88431,13.246613,21.159363,21.020151,31.307676,35.274437,33.23302,32.661896,32.7996,37.153584,33.61857,29.013535,27.790188,27.993023,30.453728,20.699623,23.322475,28.98407,27.33863,26.99425,22.300014,21.4356,18.729885,20.05724,19.212006,18.131355,21.476662,18.195305,15.21122,18.43757,25.842667,25.138268,19.984589,17.95148,17.819859,16.552853,10.889671,11.254885,15.930384,13.697549,13.725988,14.009141,14.296896,18.709953,13.15007,11.181528,17.127516,16.504921,19.017605,20.300255,16.15755,14.225531,15.624383,9.020931,14.688856,23.180855,14.374831,13.2462435,21.396324,15.929604,15.535204,23.725384,21.154219,16.985332,18.045704,19.399416,16.802303,19.37939,22.342365,13.342987,11.757069,15.416164,8.304593,14.847353,19.572899,12.559473,10.482222,19.718279,12.047148,13.408466,23.926586,22.80978,22.644768,24.148804,21.421036,13.812084,14.897237,19.759613,13.946348,11.88973,12.719717,13.741325,11.954107,7.7692256,4.10126,4.9441733,10.231354,4.144223,-1.9449923,3.8737934,1.8590735,-1.4872875,2.1477313,2.7380672,3.2139037,-5.590192,-4.797973,-3.9144278,-4.5997076,-3.0686705,-0.6778459,-5.348054,-4.9180765,-7.0423937,-10.7501135,-16.769089,-17.764133,-16.216078,-14.435957,-18.219349,-24.0721,-24.91555,-23.956692,-21.044182,-17.71611,-28.477028,-32.078903,-27.092236,-21.139698,-17.320915,-14.8246765,-18.047436,-18.427742,-17.215801,-14.063713,-17.14237,-25.269001,-21.55743,-14.922625,-21.793411,-23.54929,-21.778917,-21.772509,-27.104313,-25.05537,-25.470366,-28.520676,-26.909733,-21.71138,-14.9937725,-15.711123,-21.0624,-18.374737,-18.120872,-18.290943,-19.062271,-11.351293,-1.0112816,-5.83496,-17.469753,-17.756638,-20.877268,-14.60081,-11.422299,-6.0967913,1.4950831,4.8032613,14.621897,3.372024,-10.693768,-13.414852,-16.524,-21.665298,-16.057337,-5.93858,-6.6793766,-9.720868,-9.48979,-9.318111,-5.965108,-1.4846077,2.5791333,2.6441169,1.217691,-2.2086368,-4.903182,-2.919477,-0.7607833,-1.7550564,-3.6248074,-2.3976204,-6.7564774,-7.103527,-0.14022517,2.5047102,4.530676,7.9169106,7.877139,4.2517557,13.245382,29.305336,31.700518,34.58354,40.12878,39.88852,41.040005,41.662308,37.412483,38.014446,39.24207,37.156227,38.0673,44.508575,42.362938,38.59979,43.174347,39.048634,39.8347,40.30812,38.111626,34.765594,32.515545,34.788033,33.82302,35.11174,32.01363,30.994102,32.573814,33.783443,35.84125,37.398376,32.209816,30.16351,33.585007,30.997574,27.730686,29.44168,35.987545,39.60783,36.601074,30.348793,19.553413,21.391567,29.75441,34.574368,36.21862,32.94489,32.45546,32.850655,28.428902,27.002907,25.648882,26.471989,31.360691,33.943707,34.27403,29.847555,34.157852,37.244286,35.39412,32.74258,30.861244,29.605871,31.343098,29.173372,29.64268,31.717728,28.15469,27.724655,32.82435,36.388153,36.637325,38.52243,41.26097,38.12592,40.0718,39.90416,40.99813,33.98736,27.540792,26.71447,30.120865,31.242981,31.549818,28.87278,33.94582,37.32202,36.013203,29.652409,28.317764,29.530842,31.014288,31.030853,34.275215,33.69232,36.920113,39.349678,34.814545,33.177494,30.54048,28.455662,26.71096,28.710997,25.402782,22.38143,18.731308,13.728257,21.179722,25.84598,29.198008,32.992752,30.963297,32.097736,27.995224,30.415977,32.14474,23.99428,14.814854,14.90133,24.548828,30.552908,33.99137,31.92591,31.802261,38.831684,37.112507,34.464146,24.407444,22.46659,22.039444,28.11293,39.20141,38.49357,37.196556,36.80968,34.945316,39.955887,37.711437,41.060165,39.79123,35.825157,30.888985,24.864973,17.857187,20.543324,20.80217,24.84148,28.160091,31.757078,33.366013,34.58754,35.405212,37.506165,42.981403,37.289246,36.817562,34.923393,35.934788,36.11058,37.97045,35.4385,38.595627,39.361946,41.70873,44.122925,43.64293,41.949245,35.778275,33.94139,34.547318,34.879944,35.027878,35.127373,35.052917,34.03484,37.213974,37.044136,33.588078,33.88246,28.706276,21.088455,16.913134,22.855034,25.3154,37.65978,42.156254,43.788784,42.742218,42.647057,30.565577,23.375893,23.62886,25.358528,32.359913,38.530876,35.839195,38.90638,39.87558,37.522915,30.637888,27.248856,22.776268,25.124008,19.057007,9.446373,18.29109,32.126434,31.47992,32.50981,38.93058,36.97451,36.20027,35.76094,38.09278,41.5658,42.550682,43.444283,42.359375,44.628777,45.47741,42.152134,42.39003,43.660236,49.233364,47.04071,41.0523,36.54152,34.561752,34.94525,23.390865,21.272938,33.52217,38.10005,37.815464,41.183296,42.238907,41.65119,44.21717,44.486122,47.743595,44.023746,37.066624,29.019314,23.718771,20.673935,24.576942,31.758793,34.356735,24.859203,19.585938,20.039951,25.95888,30.629467,34.448982,30.203533,28.248318,26.665754,26.023994,27.203499,31.221739,36.4123,34.89864,32.839058,32.979126,32.359245,30.552692,25.522274,26.063221,27.579622,32.310005,40.796997,43.291023,43.2675,43.57913,43.47957,43.91971,39.62565,38.98545,37.927414,32.67953,21.89671,20.51382,24.178585,29.451828,32.938026,34.50712,34.52527,26.572216,24.107876,22.93435,28.238283,31.810349,32.285522,29.270258,28.400654,31.447723,34.026886,34.823036,34.929863,30.745115,30.993893,29.044727,25.816826,28.737045,27.088356,11.521227,3.2306514,6.0033865,16.727394,22.965954,26.308418,29.268635,29.38885,37.213943,40.68621,40.565166,39.051376,39.834797,37.900856,37.945507,43.20124,41.1379,38.55144,40.07825,40.34525,36.37875,32.223095,35.316948,36.184723,37.218803,35.230804,39.299633,41.20632,37.392746,38.13938,38.678024,34.51023,32.01461,28.968151,24.47256,22.051775,20.131485,16.204704,19.35825,18.093292,20.378677,17.61687,15.613802,18.69311,21.536821,22.198715,20.963942,21.477915,18.203037,20.726175,20.857807,17.642982,23.81527,27.264297,26.364212,29.925606,37.49798,37.687035,38.809265,40.004646,41.765717,41.13897,37.82629,27.99044,29.125076,32.245083,27.189327,28.838062,27.965408,27.335678,31.483253,32.406067,31.414806,33.95907,37.71927,36.29837,27.675575,26.006039,30.952595,43.0711,46.433144,43.384033,40.49788,45.66449,49.369675,44.680775,37.582626,30.490705,36.675167,32.930946,29.728436,26.58932,25.195213,24.049929,28.087086,29.6389,21.207413,20.790087,28.841349,36.305817,37.252365,45.202896,45.350418,38.321518,43.863205,32.791534,31.115326,38.848816,46.225193,39.58661,37.342632,39.332214,33.11808,32.43357,25.125181,21.31725,25.409184,34.48918,38.90249,32.942703,34.529804,32.009796,32.19832,31.927658,31.562477,32.707718,34.671318,36.43357,40.206524,36.781456,38.97505,36.836082,39.869858,43.469482,44.976746,42.741135,44.439873,44.517845,44.416214,44.170784,39.158875,42.69126,43.901268,43.656544,45.030518,45.4281,43.597687,41.153248,41.721203,43.023598,41.031364,39.258186,36.291634,36.173126,37.750057,36.05284,34.29574,30.336178,23.655376,24.79353,23.935871,24.74132,32.943775,35.372643,27.569078,36.585014,45.286934,41.6752,38.122425,41.33735,39.059032,38.903374,44.673584,49.285503,40.72239,33.3278,39.083652,40.973072,40.02001,38.023285,37.307518,36.867683,37.093864,38.633705,37.121758,34.904488,24.997715,25.360712,26.411934,27.197697,26.540977,21.27103,21.136337,26.629833,33.339558,25.373362,14.87575,12.27704,9.952826,12.237925,10.657803,9.157454,13.075821,14.462671,17.291216,15.739185,21.460762,25.015896,31.15425,35.104233,42.75216,40.849068,34.049458,18.938332,22.270485,34.400284,33.66527,38.73998,42.31503,29.567926,20.552189,23.365234,25.569489,17.626839,18.301537,20.806005,29.641106,30.288282,27.151848,17.91521,24.272648,26.549332,30.096085,30.02027,34.241783,40.162064,40.718,42.566715,43.512398,44.41558,42.06048,40.774414,44.544556,48.217194,47.91072,44.84049,43.91517,43.81553,41.993156,41.069622,42.08485,39.359936,41.57483,43.00881,43.522263,46.181526,42.379456,36.959274,38.893265,37.776413,38.34591,33.26528,29.29702,29.217978,33.89122,33.172695,27.135687,15.013994,3.9376674,6.862214,14.650166,22.98673,29.905237,31.5807,30.411453,33.162083,40.440018,46.152565,47.24002,44.13743,39.50283,42.272583,40.004807,34.88537,34.635334,28.473553,24.344566,27.8633,30.145676,37.031036,37.1914,26.538002,19.481573,12.171164,19.08073,17.702187,12.66342,12.454203,11.896757,-9.274598,-6.2064586,13.037512,22.759083,26.753159,41.824776,42.92971,39.07978,39.531357,33.552418,30.65664,30.066101,32.10668,28.46962,23.541409,23.277935,21.529655,25.022781,23.85885,28.6417,25.859032,19.983156,21.057186,27.05844,27.484163,24.495926,23.05278,22.379063,25.78823,24.306194,19.988636,22.922,27.996864,25.051758,20.195862,22.982494,30.980854,24.998497,23.303936,24.012482,28.501993,19.611492,13.99362,22.954994,23.657938,25.214752,23.925232,17.264273,16.291443,22.663376,32.204334,38.47245,33.16348,30.941029,27.77752,19.55509,19.36793,22.544924,22.543665,27.138521,34.814537,26.140541,23.534933,24.164616,17.859642,19.218527,16.465172,21.013088,26.105534,19.883286,16.809988,13.999147,15.4466915,23.953957,28.070606,17.764645,13.695862,19.272118,21.698723,14.899033,14.210865,13.814935,18.895359,23.33675,22.4398,18.285557,13.867695,12.233326,8.469435,9.598926,6.7954216,8.813844,13.115284,16.455254,13.33688,14.030742,15.150129,18.81216,17.812265,11.208477,11.15238,10.956825,17.835482,22.570229,18.889757,14.840219,17.656126,26.42554,27.171448,30.668781,26.900051,20.452324,18.03703,15.935493,16.539627,20.204533,18.778854,20.048908,20.794945,13.484993,12.875955,15.266695,17.864515,15.232537,20.90963,17.896376,7.37566,2.8901505,8.951742,13.594771,15.155007,17.045029,22.390572,28.760319,24.251587,20.479763,25.001122,22.988499,21.307917,22.175762,23.71857,29.548676,36.200924,34.841164,29.916523,36.351067,43.4302,49.17151,50.27005,46.312767,40.66458,38.39689,30.872047,28.440367,25.893734,15.157335,19.34935,22.67407,31.534195,37.655,34.40689,32.813206,31.540981,31.673203,37.76573,36.71016,36.61624,31.276203,20.834127,20.59702,24.691048,27.134361,30.788889,32.352802,32.69621,33.250423,40.3185,50.19037,44.796265,37.582977,34.114304,36.610226,32.73403,30.22564,28.352882,34.491924,36.113865,28.455477,15.76563,15.155733,17.306122,16.322025,20.629568,22.16653,20.316244,17.77227,19.528364,15.500191,15.498798,21.211535,33.045486,35.54641,36.72876,26.850927,13.2803,11.970834,19.21103,22.658987,17.649815,19.429873,16.528603,11.827258,11.05616,18.41052,20.920168,23.695856,23.92892,32.359077,26.608658,23.402214,32.329445,37.689735,38.323906,35.25445,36.062042,39.13807,42.029564,43.719284,38.36767,29.874596,22.57567,18.34456,17.292828,16.39225,13.022455,14.820656,18.000748,14.274012,11.96751,10.499541,13.948702,11.948383,7.925767,10.421659,13.516386,22.014713,24.253769,25.542702,18.713346,16.642193,20.21465,19.661217,20.78899,18.111929,14.843245,12.060823,9.317532,19.342144,29.1176,31.451035,30.665134,29.044521,25.883492,23.716534,25.78107,20.174656,8.6162815,12.318899,29.326363,31.506573,31.277,28.848217,26.556782,33.118256,35.798252,38.278168,45.613518,51.08651,55.48536,47.77533,42.598152,30.804855,24.548283,12.8647,14.306933,11.59809,6.2841578,4.408683,7.676125,5.3205366,3.561219,6.8312263,11.157827,14.23757,16.966866,21.747877,24.920153,24.346855,26.398888,20.866219,21.383526,22.275208,22.140728,18.822681,17.884937,21.71043,28.314064,26.31505,22.516563,25.040842,25.890814,23.431952,15.687118,11.662413,20.315144,25.796146,20.774197,17.499456,21.836056,17.76161,14.29442,18.153017,13.711949,14.611071,14.832925,11.262247,6.175023,7.1855197,22.828266,23.360113,16.716663,17.344337,26.90839,30.913021,27.4286,25.798782,30.527805,32.982822,31.282099,31.213617,32.754875,34.327084,36.239357,37.22554,36.252094,41.37623,46.342827,45.255867,40.955334,38.99198,39.731064,39.30339,36.718964,23.627075,23.050388,17.687782,19.524975,25.7513,29.39837,28.480537,27.834942,25.092121,27.973469,27.070889,26.212147,22.66584,25.837143,30.469769,22.208065,21.26597,32.521328,39.05978,40.34584,40.1073,40.635334,41.76188,45.565773,41.999035,41.861256,43.957977,39.791344,42.073265,47.70967,52.62353,50.492638,45.95635,44.113266,42.35914,46.62327,40.810272,38.88525,37.45493,36.846542,30.289064,28.04062,31.835419,36.109818,39.389725,50.321754,54.376766,48.43943,43.372448,45.490448,49.421997,38.239883,30.925886,24.274975,21.980553,26.98767,35.04003,33.58297,39.412178,42.475136,42.47386,38.770607,39.79626,44.625664,43.148117,42.286827,40.6643,41.89843,45.774998,47.7401,48.592525,38.709183,34.597527,36.665962,38.74202,48.317566,41.208023,29.340847,27.906088,40.19182,48.238518,54.592407,51.548462,44.60618,42.770084,42.688965,34.031567,31.436161,27.994236,29.645008,31.381409,32.261948,33.84449,37.319695,39.023956,41.73758,43.50115,43.724716,43.892838,43.643448,35.75818,28.122833,18.122334,22.251589,24.943947,32.696686,30.780483,36.4199,36.590736,34.82988,32.6278,32.09552,34.60638,35.27289,27.679508,24.292126,28.05431,29.87357,28.759895,33.496933,38.804497,40.933357,39.10624,34.20027,34.300903,33.566093,38.13105,34.030365,31.227179,35.306786,38.798237,41.161102,40.341724,38.57351,35.972847,35.5031,35.214706,34.18403,35.516396,34.23338,34.379387,32.95063,34.109703,41.42583,42.878853,43.870865,42.523296,39.558773,37.907494,38.812065,33.724957,26.888195,21.465448,27.72713,26.145836,25.08097,29.766422,32.75769,33.516926,32.887466,31.165894,32.784927,32.61394,32.82946,33.413914,31.726997,30.642626,29.926628,30.971033,30.37686,32.32819,35.498642,31.908394,26.847836,26.808678,34.89542,36.638664,38.198463,40.048027,35.50843,33.938526,36.619194,37.805145,36.895233,35.2135,32.27124,32.07025,24.772453,21.013062,23.40727,26.652557,27.480507,29.222517,31.303642,27.931124,29.909346,29.383793,30.711588,32.00049,40.528473,27.204945,18.92326,20.983688,29.86081,34.000244,36.02964,31.701405,35.16266,35.017883,32.922626,35.000206,34.306015,35.977196,29.1684,14.793161,12.877691,23.983284,30.7809,33.641693,30.282156,27.171385,27.73759,31.905731,30.75147,33.660065,27.38519,31.592365,32.103962,31.42099,36.255123,46.460617,52.643353,53.018433,52.299347,50.49147,55.226753,56.571705,55.518616,46.86586,39.123177,38.68174,30.104412,25.229897,27.346521,35.88319,38.246937,34.394203,33.49924,28.412039,26.471992,16.038479,20.342361,34.077415,37.551598,40.184944,48.932587,50.815903,47.41581,46.440926,40.847553,39.30041,50.889503,51.28693,49.571022,45.847904,46.75766,55.00023,58.558983,60.176033,55.51525,43.797462,35.374023,38.280815,39.63791,39.324356,44.294937,49.72233,48.358234,51.388275,47.792595,43.922043,38.750336,35.46443,33.843803,33.200626,32.28091,34.39457,39.495358,40.537956,43.966827,44.08597,46.533325,50.19294,51.871025,49.62605,45.577053,47.10838,43.28232,39.177147,24.306656,19.231342,23.000721,30.112028,35.352417,45.106197,46.561928,49.203594,48.374207,39.60888,39.607628,38.053177,32.389942,23.695894,19.804695,22.82112,28.729057,31.25465,33.191452,37.67002,39.252686,39.426514,34.48469,40.625057,46.232346,44.908627,47.475594,46.412086,45.29088,44.220886,44.28489,41.772415,41.707474,42.950546,41.729828,41.28717,42.623894,45.83174,45.318924,43.63717,49.85649,53.95591,48.135902,42.029427,36.509872,36.33578,41.088367,42.796097,33.8992,26.9945,24.576122,27.146746,30.258099,39.77056,35.480713,31.888592,32.319103,35.144875,30.367985,22.78946,19.487755,23.159771,19.312206,18.195244,24.28488,25.820667,24.381725,22.624146,26.167343,33.735657,31.423994,34.582954,36.991486,37.341057,40.548317,36.184483,39.715904,38.076252,33.650093,31.95779,26.2927,24.050041,22.598654,26.840853,21.582718,21.07999,22.205193,23.75742,28.025465,33.76327,36.28965,36.497086,41.121014,48.31414,53.89072,51.26726,52.708477,53.97432,38.993538,22.036795,9.360769,15.356201,18.637123,16.361694,24.803804,33.402786,31.403816,31.20071,37.595387,37.61419,38.188675,31.34056,24.725243,30.122387,23.03061,13.453746,20.691143,29.196705,31.940115,34.47865,37.808273,40.241055,41.07368,35.184494,39.588486,44.149773,45.260788,47.19594,51.194363,52.81125,49.93641,46.809853,36.43934,31.937588,28.993801,29.77353,26.54095,29.421669,35.758713,40.34739,35.85194,41.13244,43.243053,34.626854,30.998585,32.242382,31.05026,28.774818,25.440418,20.382496,14.134949,17.182451,23.266958,30.864998,26.80103,29.830246,36.791683,33.348495,26.406193,29.749687,25.014214,27.959621,28.93452,26.371838,27.962301,27.266613,30.69265,34.330452,28.101423,28.034107,26.109987,22.461695,25.035473,30.859837,27.851307,18.59808,21.589493,24.734295,26.691742,24.558651,28.65091,25.798145,17.950403,14.3805065,16.236923,19.398027,16.763474,17.280586,18.683346,15.911354,12.7137375,19.881794,18.7289,16.10894,15.385014,23.882544,32.719173,39.14647,37.151627,23.758377,12.844886,12.805326,19.736206,24.99132,25.014317,26.025585,25.679775,27.172075,22.26162,23.224491,25.35133,24.683563,21.678509,23.54462,9.872076,4.1175365,7.718706,13.214638,19.910288,21.37981,18.462858,17.526686,21.203793,21.325554,15.037811,15.152305,17.273739,20.405125,21.364006,19.142569,17.850971,13.905171,14.1202545,18.906239,18.926098,14.70752,15.516818,16.957787,16.606302,21.659754,21.973412,20.402973,22.517056,20.373817,19.659363,19.196709,18.773495,22.91016,22.623838,13.013367,16.56643,22.829468,23.890274,18.686253,13.928236,16.408812,21.125994,17.6187,11.786264,15.559202,13.720848,11.191255,18.790714,19.326143,21.728891,20.470776,16.169004,12.329943,12.520361,11.695636,16.238253,18.918953,15.612797,16.49849,20.520277,25.670517,21.548653,22.10825,17.58077,16.794342,16.121902,15.856607,14.936399,17.046513,18.358929,21.354656,29.161194,30.561573,27.507084,34.294903,33.470837,35.421993,39.62802,38.60325,36.588184,37.546192,38.292397,33.0919,31.635254,30.067862,21.7367,16.640839,20.556322,21.972746,23.545218,27.269424,33.46626,38.424416,40.671814,40.767395,43.784985,43.86424,38.40712,25.39169,25.438793,36.006622,38.784298,36.001022,37.902325,42.217907,38.893883,39.787052,37.72222,30.61556,28.913177,26.611614,31.798384,36.573532,35.888084,32.928375,32.027847,29.23813,24.40598,22.184002,29.893055,33.17672,27.858128,25.809727,22.920134,26.815777,34.39099,32.8249,33.6363,34.597633,35.074944,40.986702,39.105225,35.352463,29.610268,23.432823,17.674713,13.587727,10.813152,7.288884,6.126623,4.6031857,4.956937,12.825014,11.452457,11.006321,11.818045,20.910694,30.232824,31.438053,35.56236,31.43148,29.733986,30.332382,35.16326,35.101234,36.705605,36.304058,32.180458,36.713917,41.268486,27.699768,14.482901,12.238213,15.308703,17.04713,15.465481,11.455614,-0.50364226,-6.882087,-3.9681659,0.61967385,4.253688,8.197769,15.692514,24.577614,29.126797,30.49915,32.503273,30.49699,34.06774,29.388176,25.041164,21.521536,17.858988,5.4968624,8.200747,19.834938,24.366714,18.98417,19.11168,22.139908,15.337448,17.742699,19.921684,14.742168,13.697287,8.00245,9.044198,18.517189,24.874039,31.865875,31.186642,32.123734,38.52643,33.62358,34.709984,38.66475,37.065575,36.42517,45.94062,37.2185,26.670528,20.04888,19.945173,14.682698,7.526082,8.486466,13.881439,18.84635,20.448639,18.517029,12.526856,20.16379,21.721458,22.645885,21.261307,26.692722,34.745537,27.64193,23.032913,24.648903,24.888939,17.779951,25.075764,26.585114,21.727943,14.078603,12.422482,19.226734,21.54189,23.297462,27.068676,28.59107,25.863403,26.225838,24.714005,28.600807,25.560875,22.13554,19.50034,23.16008,22.532467,22.610329,23.327793,16.985594,11.350555,8.56105,24.192226,26.823322,22.944948,26.438122,31.247429,33.903843,32.736378,29.490837,30.663673,36.425392,29.858128,27.441563,32.23532,29.536644,29.530458,32.38543,35.184982,37.81052,43.669876,41.254402,39.127686,36.703735,39.710472,44.03049,41.54962,34.11161,12.833558,10.3916645,21.633114,26.860882,27.421606,27.811922,30.210655,29.911732,31.91595,32.56232,34.77102,35.931164,26.786709,23.297821,28.40588,29.946217,27.88159,24.064007,29.259663,34.126347,34.278145,40.70284,41.016994,40.442513,39.85148,38.482616,36.43662,43.653625,49.88363,55.243805,54.97159,49.878273,50.784042,43.875343,42.05133,46.21801,48.04919,41.951324,30.633995,28.695007,30.85056,32.907146,39.150055,40.880142,44.362484,48.90651,43.352478,41.377846,25.62603,20.181427,31.278128,25.78238,29.067434,30.74973,33.97061,36.315605,34.996315,38.52443,43.0877,44.731888,48.30592,48.244755,43.320164,36.937805,32.60839,37.046837,46.585938,47.155018,45.14991,42.34798,30.029716,39.03897,36.26638,33.8462,37.282166,37.682446,36.29946,45.19938,48.44939,46.022842,38.956646,33.3786,32.87149,28.12585,29.423405,33.73426,35.639915,34.428802,32.519955,29.761143,31.992039,36.81119,32.730965,33.109512,27.567596,34.568993,40.94799,31.138313,14.00907,13.439114,19.935257,26.742455,25.623573,24.159355,31.661993,40.445747,39.23092,36.437744,36.94332,33.08738,32.180695,35.96172,29.181126,20.806007,22.214752,34.75274,39.902664,44.005424,43.532837,35.955505,34.860546,38.43731,43.185036,38.529842,31.680834,28.995052,33.46801,37.99387,38.806194,38.792965,43.018814,44.239384,43.431175,38.987427,38.87696,43.79191,43.189545,37.2305,37.87661,42.472153,40.17949,42.01318,39.448833,38.16024,42.095535,39.45453,33.924488,30.546417,29.364408,30.247927,29.564663,30.069069,33.52303,39.36042,35.579605,38.49949,32.849693,27.860937,35.10163,37.480312,35.71027,36.98452,38.803867,43.491035,40.358955,39.18876,38.173553,40.59373,35.00654,30.777866,35.735558,34.045815,39.176445,36.600048,34.509064,42.80168,48.244064,52.18515,52.02133,50.736847,52.187008,49.88621,44.98913,36.700634,38.323776,41.542923,36.545242,35.557045,36.016724,35.709045,35.047657,33.26607,30.393965,35.8331,32.968872,24.337696,16.27388,16.572872,18.988121,19.71737,20.70099,23.376434,32.028954,28.688644,24.87603,18.816013,15.675582,18.137524,18.635464,19.904137,20.341908,26.489447,28.507977,30.923325,35.460278,32.251312,27.279402,27.624126,21.411833,20.42701,23.295712,23.6205,22.516203,23.359205,29.272152,31.899897,27.602512,24.35125,18.906946,16.661957,22.104427,27.405752,27.329395,27.675613,34.253613,39.93374,48.968353,56.20418,58.527515,52.280956,44.14363,40.62727,30.064865,20.551113,19.494928,28.457947,36.091934,43.760788,44.47901,41.196114,34.05806,38.26371,39.25981,43.224293,43.002193,43.351685,36.77413,34.823997,36.679314,45.231075,41.223804,38.563065,30.584604,21.57064,17.386778,17.703884,19.761297,13.390398,12.492624,19.445744,21.498936,22.152782,24.68816,25.562181,27.844189,30.569014,24.13161,21.544937,20.371185,22.420574,23.05225,19.912853,18.891087,11.4550705,5.039845,5.3320723,8.391621,15.314656,19.340305,18.244894,11.438575,10.359844,13.719814,14.324809,12.599608,9.805923,13.894389,25.46865,30.94814,27.563114,28.536577,26.555267,19.093311,13.290152,11.331607,13.327379,22.367218,29.47987,25.664711,22.955355,20.596981,16.742762,11.96261,6.284512,6.2674885,3.4277353,12.775364,15.873909,19.864098,21.309109,20.654062,29.281149,28.334406,27.773518,27.40848,26.78529,23.585299,21.706888,21.20698,22.306488,23.757664,22.141882,18.141964,17.061245,18.069292,16.525349,16.125042,20.548811,21.555285,16.909489,15.895112,17.549517,16.271486,21.327772,26.653713,22.63875,23.845154,23.445438,21.17334,22.144054,28.14336,19.94661,23.579971,31.843443,32.803074,30.165842,31.802189,38.986523,35.809345,35.938732,38.513275,37.309464,21.609505,14.266451,11.389019,14.158718,18.43439,25.649712,25.174704,23.36006,24.947155,25.120804,23.07953,18.523125,18.965837,25.800587,26.703274,18.31303,21.317322,20.875557,14.393813,11.645515,12.825007,16.219896,17.958086,18.75281,15.257954,19.436325,30.2701,31.742598,26.679943,23.197453,18.201931,12.37762,12.20091,18.16107,19.059673,17.969788,16.125648,17.277143,22.308552,25.526203,23.563847,20.007545,8.23008,12.308156,22.83084,25.60313,30.820786,36.200092,36.626938,30.870247,27.455875,26.280024,24.439669,21.047832,17.60717,14.401396,13.014549,6.2329597,2.1012983,7.4615526,8.277216,5.0529222,10.697421,14.846584,10.675577,6.6287146,4.5770392,7.0757427,8.903561,6.6601777,5.986985,6.990076,6.4033704,1.9934902,3.0457516,8.766951,5.364846,3.033778,1.3189194,4.1107397,6.7755136,6.1155834,4.1652846,5.733299,7.070711,11.200462,6.1562843,4.6550274,1.0061536,-1.0911142,0.9736224,7.3718996,13.466212,9.834196,10.2942915,12.63312,14.082583,18.763561,20.042145,15.879757,14.680794,15.520155,10.184527,10.696751,14.1553955,19.009218,24.88748,32.907356,32.746086,33.09745,30.104374,31.961191,27.372402,26.044939,26.489098,22.760002,23.197588,22.752003,25.742668,30.91542,37.74087,34.37132,29.60109,28.406368,24.278988,29.837696,22.00808,15.25378,7.9792094,11.2900305,25.967571,25.79812,27.384293,29.67346,23.39495,24.060516,19.22049,13.365761,13.240583,17.436098,17.539555,22.667652,33.21689,38.325577,41.38037,37.362347,30.480556,19.10397,13.876219,13.94439,14.394724,13.93105,13.423105,16.683651,23.116192,24.64147,19.743698,22.517906,25.629833,28.182444,30.7277,31.823423,38.96093,42.614006,34.562325,19.271133,12.874187,21.732973,16.268814,14.128122,16.684265,20.830364,22.514618,23.980999,25.595917,21.329378,16.360409,21.567421,28.831177,25.288761,25.564466,26.678871,24.747711,22.493752,25.574497,23.968739,25.047245,26.263096,30.632885,35.849815,35.053543,28.521454,22.057781,17.608717,17.580864,23.7002,26.153011,28.558691,34.698612,32.979755,22.57455,18.43649,27.357944,21.359894,23.003048,27.892788,34.51654,33.58816,25.37048,27.610565,28.764202,23.74428,16.323477,14.81012,24.814728,20.631012,21.647184,23.55933,26.463024,29.616516,29.791485,36.513687,37.406116,30.018341,21.279774,18.795515,12.295105,12.963864,15.089782,16.533035,23.76416,20.730467,21.035599,26.951046,26.153196,27.180134,24.629154,18.050331,16.149977,12.174694,14.60317,20.008595,23.868454,25.25991,23.796959,26.785225,29.187063,21.36588,14.262581,14.442259,16.230389,21.306084,22.409119,26.788002,31.841763,33.962242,38.34659,40.545807,41.40561,43.614044,37.830173,27.2061,30.081703,33.79139,39.03306,40.807083,39.571796,38.39276,38.89238,36.97379,35.73723,28.898262,29.67181,28.454319,32.24929,43.86152,40.06006,40.670357,40.287933,37.677788,35.917526,40.368515,42.35604,40.078224,38.587845,37.60543,35.138428,40.51632,40.789818,38.721565,38.514046,34.56993,40.16512,39.600647,37.04512,37.150448,32.513584,26.893147,18.408056,21.332758,27.059385,22.841991,22.715313,27.992249,27.71546,30.246765,27.962204,24.614433,23.276669,23.972965,26.936333,27.10481,24.3853,23.384125,27.313324,25.522707,28.252151,25.49738,25.586857,22.340492,13.85726,20.774921,21.194492,17.809402,18.708073,17.321068,17.073013,18.82228,19.553783,20.297699,21.599098,14.09111,19.157906,23.572205,18.112225,16.033085,23.127125,29.432941,32.346397,30.789825,23.289982,18.509304,21.686728,18.796654,14.5444355,14.998831,18.621513,23.17624,25.494745,25.91726,29.965542,32.80098,29.32721,27.67398,31.501766,36.31063,33.66783,40.491394,35.259552,27.746513,27.33548,24.97166,27.183937,30.304237,28.330564,29.89323,24.876997,27.981087,34.13859,31.4468,29.88889,22.404476,22.94476,26.993776,25.231167,20.046795,20.201618,14.487041,17.182663,17.538113,15.514782,24.527193,30.056099,29.938251,27.62001,33.845272,43.04811,49.00128,46.347103,36.89788,24.014906,27.075947,34.39696,36.102737,35.851624,35.217537,35.352825,30.85677,34.075848,34.534588,32.16571,37.52676,40.455475,37.96109,36.550743,38.38291,37.21496,29.689835,20.844177,15.873149,17.401577,19.197601,19.99221,18.614855,21.677704,29.760647,31.133572,31.275723,31.183548,25.146889,14.071146,13.383916,18.29772,17.947937,23.065287,24.190659,23.344753,30.70523,31.556679,26.798386,28.054699,26.25885,23.990662,16.00951,22.991821,31.22216,34.647408,36.702568,36.76915,35.785393,32.02391,41.08881,46.276077,39.79093,32.10434,31.97047,25.122597,22.021124,21.583443,20.869175,21.944134,23.284534,22.718956,20.171282,18.217209,21.664177,18.5458,17.04017,16.501207,14.956097,17.0993,21.287477,20.09615,18.793074,20.526848,21.936253,24.157084,20.72211,15.007408,11.298857,15.536509,13.272102,13.673745,17.993683,23.22394,23.819738,23.183983,22.157417,23.174889,19.030746,21.886269,19.42461,19.649529,19.69003,19.528978,25.403387,24.085167,21.397305,22.048708,17.55969,16.555218,18.31669,17.22482,17.700096,19.681286,20.906128,18.703133,20.823803,16.227644,17.773727,21.942379,23.964466,32.483704,31.840546,28.720741,30.27312,26.6417,22.286644,22.077547,17.521513,17.060059,17.56903,15.619507,17.73236,23.333126,22.107368,12.952779,12.931821,14.012692,22.322443,22.852394,23.374794,26.028854,32.62578,26.390238,32.620758,34.402443,36.239487,39.36321,25.609627,26.076466,34.224052,38.053574,35.493187,36.263924,26.646698,18.26892,17.40445,15.660887,19.285118,20.933144,21.292042,21.314018,23.622086,25.441578,16.864796,19.488514,26.036127,31.829872,35.548714,36.475533,35.97564,32.298862,28.119312,25.083397,29.173973,22.192009,15.877661,16.221298,19.344822,26.029387,32.240303,31.39059,30.465511,25.555305,23.700592,27.131443,28.82293,22.358967,23.448273,23.125221,36.94684,35.543076,29.536198,27.428122,25.499916,28.893108,36.455574,27.055656,13.868721,15.067312,19.714424,24.021397,29.135263,30.868164,36.375443,35.24917,38.952587,39.045387,43.949677,35.27842,31.969141,29.258219,24.606657,23.927109,24.549639,25.290743,26.126263,20.647808,13.098564,12.746476,21.60198,24.75637,12.425013,9.078828,15.59466,15.820654,20.477688,21.417213,20.62312,21.202936,24.31905,19.15954,7.4791746,-0.5639575,5.485589,12.382109,14.749561,13.846726,17.23767,11.77981,9.540276,8.289228,10.896017,12.909873,14.28722,3.6003609,-2.0760274,1.5677018,14.073059,17.156399,14.182987,13.176199,11.19046,7.604455,13.559916,12.802885,13.792323,21.029839,24.16827,31.705353,37.68994,39.329178,38.453987,36.457535,37.879814,38.22828,35.844513,32.896282,29.712423,25.568205,27.043037,31.80686,31.056545,35.629833,35.02793,34.849297,38.545067,34.70192,36.06884,33.25173,26.75964,31.262638,36.7212,35.805477,34.579914,31.830452,34.350044,37.3935,38.241875,36.474426,38.400455,36.52098,36.641518,41.05065,44.89831,32.868916,29.787977,33.35006,35.226357,35.54254,35.95903,40.692963,41.839455,42.14518,38.56598,35.472485,39.89701,46.297276,41.20718,30.716383,27.851675,33.435783,32.607056,31.74622,33.644337,31.594215,36.270203,39.50199,40.399506,34.065926,29.94855,33.366074,38.01377,40.61106,44.64518,45.470264,40.284393,35.38126,30.650696,27.923147,28.62746,19.645103,13.962606,15.071304,17.967033,27.835224,33.74573,32.909744,40.590397,44.750202,55.768734,43.149315,22.63882,2.824845,3.849381,7.8185577,14.084494,14.240546,15.3235855,21.10236,22.304901,25.73442,20.776566,15.920615,19.674244,24.64087,21.209402,12.848551,13.350975,16.810177,15.206465,10.963852,14.584778,20.281712,13.10738,6.529746,16.663622,25.69601,25.234089,26.733252,25.91941,30.6386,32.229122,22.749615,17.33854,13.905305,16.128931,19.01875,22.719824,29.320232,32.094406,29.002163,29.666393,30.128529,30.662746,23.961454,19.81565,21.664242,20.764896,16.811539,14.955309,15.887478,14.298001,15.273272,13.464903,17.918797,29.56018,24.516968,21.13802,22.273144,22.156898,22.700003,25.82399,26.567097,24.479374,29.56813,28.444418,26.102825,22.607655,24.83398,21.575386,16.54641,21.433075,21.990282,22.758877,17.144379,9.0917425,10.873217,17.241081,20.527912,19.248165,29.831675,31.60524,27.518805,24.51601,21.832119,20.757689,17.901438,14.4958515,14.593708,11.570826,11.594538,14.78749,17.895681,17.101192,11.686216,11.385179,8.76445,11.540848,2.290324,2.0784142,6.7353945,7.812565,9.98695,11.800335,17.282812,11.608071,10.994097,16.411087,14.947911,15.008593,17.623505,18.25177,17.443542,18.459131,18.58206,17.40705,16.440445,12.899328,8.423118,6.471613,8.302633,6.141979,7.4207783,11.199928,10.548792,13.274529,13.050291,16.400688,17.69878,14.557714,13.006574,15.733051,14.595316,16.408318,15.738922,16.749397,13.2293825,5.348947,10.879659,21.970982,21.31459,19.740152,17.171736,13.290857,13.202879,14.279534,22.132832,15.390084,11.825128,21.016182,31.288303,37.93034,38.71972,37.92946,37.070484,31.78238,28.12246,29.96752,27.664715,29.65813,25.441109,28.950893,31.28621,36.1085,37.065304,32.709774,22.6894,22.035183,23.436253,24.237995,30.19136,39.026943,41.08811,41.66104,32.682568,31.83132,34.75634,30.301847,30.008278,33.037514,35.994316,28.280811,23.8825,23.987501,27.095354,30.321217,26.637157,23.769508,19.826689,16.415024,24.324697,23.906185,24.119629,29.029507,33.93214,28.493158,25.15366,32.839104,31.416042,14.672101,13.701618,17.278664,19.247684,24.793995,23.234936,18.514307,17.502789,14.637615,17.419538,18.366316,7.651908,-1.1755093,-1.5294846,-0.05055189,8.096978,19.176811,20.73185,18.715183,29.930859,36.076176,35.4607,30.118896,20.526415,5.001172,0.29670382,8.649432,14.604282,17.60202,21.095797,29.763008,37.08127,37.4431,34.201576,31.794693,31.225643,30.345339,30.838915,23.310865,20.449585,26.773212,32.596222,36.152397,35.016655,37.248714,36.136635,31.399565,30.65539,34.317986,37.769596,34.145668,30.08686,22.653282,23.259468,25.865932,27.084465,24.963955,30.9009,33.83548,30.6773,30.582954,34.9987,36.373627,37.168976,27.755959,21.336994,18.105904,17.108372,21.219997,23.184437,21.049446,15.842577,14.517113,15.302276,18.352858,24.414742,29.10082,28.052097,25.032774,29.561008,30.55028,21.782295,17.639675,17.368685,15.951292,11.841509,12.899807,17.044182,18.903904,18.328197,24.215313,23.772436,28.074545,18.823849,15.148548,12.511257,14.564329,10.852709,6.427819,7.5368385,15.398126,25.825674,28.580257,26.059017,25.540213,24.310122,31.185202,30.626019,30.598492,39.889877,39.260452,25.957201,14.067146,7.5493355,9.6000595,12.389971,20.408127,21.275047,21.528809,20.850515,26.013744,30.222164,34.746796,37.966476,39.167797,35.40477,34.245247,32.76281,22.398026,11.068647,15.05238,20.196545,18.233932,22.226196,28.023174,36.340393,38.615738,37.462044,39.15241,43.576992,48.06283,41.827377,32.209805,34.147648,34.682274,37.741394,40.462395,42.37459,41.50872,39.78035,36.40222,40.297195,51.088085,49.592464,44.7112,49.772926,44.74471,31.68655,25.291245,21.934982,19.031147,21.652065,22.059006,24.433832,18.264908,12.728652,19.00025,24.31604,20.776562,25.947004,28.289503,23.501137,19.347786,21.53682,21.032394,19.960894,21.22047,15.840304,16.49729,17.846878,16.109268,14.25239,20.603113,26.080894,26.101074,20.018036,14.849251,11.265373,8.973182,14.2073345,14.58498,15.908467,16.928032,12.687523,8.857536,15.607481,22.458979,26.826632,27.724968,22.685404,20.844786,17.966156,13.4054985,16.061644,19.963543,26.713524,23.521053,25.4405,26.201477,23.646366,21.540798,24.694334,28.154129,28.345013,31.037859,34.100594,39.753654,40.30146,32.301094,26.8705,26.89817,29.587547,28.11355,24.089155,24.444748,30.868069,37.262978,35.408245,33.72866,37.533386,37.457207,30.12302,24.498493,21.984257,23.801277,22.85389,14.59391,14.299688,16.863686,22.141891,24.717194,15.247368,26.778925,35.67383,35.062813,36.333458,37.56273,34.561012,35.3245,36.347977,37.14174,30.07958,26.89448,24.382559,26.660757,25.83902,27.888432,28.21357,22.419172,23.175407,20.307066,22.303715,28.221926,23.02071,23.74979,22.102947,16.587482,13.908814,20.327482,24.65858,25.008392,29.961988,34.325424,34.182114,28.254128,24.685057,21.54403,17.532658,15.112385,11.00806,15.541012,14.198172,9.75593,6.3036814,6.632672,11.27262,9.967002,8.24033,10.220409,10.624435,16.146082,13.709791,14.561326,15.384327,19.096478,19.961773,19.032326,16.042175,17.228989,20.965633,21.294037,21.480457,19.14576,12.708854,12.749849,11.937885,15.376802,17.047997,18.509846,19.81177,25.056227,26.00742,32.030914,26.586775,20.426105,25.513119,25.655806,27.232891,29.801962,24.498867,24.363842,25.557537,22.911722,24.39876,23.426476,18.687393,20.331268,16.36903,22.178755,23.354206,25.899174,26.264503,30.71994,30.612408,25.673637,28.74583,37.141594,39.468388,32.61315,29.022043,27.741997,32.998444,37.681572,36.782276,35.40953,37.91214,38.65873,34.753376,35.583813,37.03371,38.031647,37.391422,36.405727,34.176888,26.667557,22.479052,18.173622,23.00327,22.226612,23.11373,25.161133,28.827646,33.05933,26.520485,26.176151,27.153105,24.254644,24.595833,26.48038,32.07251,25.720654,18.84439,12.816204,5.7180123,13.721084,18.88282,17.41848,15.651432,20.68991,14.649843,14.944857,17.347824,16.825119,14.129454,22.475008,20.852657,6.274933,16.00026,22.706871,18.868162,16.276392,17.423607,16.197857,15.466173,12.380777,13.920172,12.232456,14.754852,13.498964,16.566557,17.669891,22.952518,25.806929,22.810284,22.292568,24.820215,23.183386,19.221539,23.041798,29.359697,31.182682,31.681345,27.38547,27.116394,28.089205,32.465042,37.270943,33.938816,31.303368,30.800526,33.83322,37.89417,35.99794,33.78414,26.571148,30.05458,33.190132,34.510803,33.69204,33.476067,34.228844,36.91736,42.19113,35.883358,22.57241,23.598515,21.203802,17.188328,17.373999,17.51099,21.277569,19.365868,23.868752,30.896793,30.039917,28.158916,23.033073,20.544703,15.292358,19.202742,23.573849,27.390131,22.395409,12.653967,23.70679,30.1697,29.829884,24.465557,16.422583,19.563229,18.588537,17.385593,24.431484,34.494324,39.089012,43.329018,40.94217,41.570885,25.534697,10.928211,9.2104025,5.273615,9.203869,9.0884495,8.085232,12.322772,24.035427,31.440506,29.40237,24.10345,24.256426,20.95031,8.831455,9.373604,17.04616,24.381935,24.169905,29.976254,30.632961,31.189678,31.287638,32.591892,33.357243,34.93514,35.571518,38.489204,38.639076,39.718666,39.020264,30.495243,36.664505,44.65405,44.15978,38.33515,29.467678,23.613457,25.226078,28.550709,32.080017,37.53515,39.671745,42.681953,44.148453,42.59829,43.6764,38.862686,26.925064,21.95523,22.48864,30.690968,38.916615,37.2861,33.520454,39.279423,42.93127,54.59965,60.272522,56.456253,44.512302,37.729053,45.75879,47.432705,46.60534,49.599678,47.24093,49.478447,51.734642,51.572323,54.46808,54.71617,36.516174,26.225534,22.334225,30.390564,43.50724,44.803177,46.867348,49.171883,48.46183,53.399452,51.26657,48.66843,47.726044,49.56642,46.19932,31.775928,36.524376,37.675682,37.460205,39.55133,38.26979,37.241825,36.484047,36.802986,35.099236,21.935333,18.289545,19.043194,31.983063,42.63035,44.865273,44.527153,38.992294,41.930855,42.957214,45.100388,46.815887,47.96055,38.52447,24.135574,16.646755,18.315819,24.288235,30.715328,34.497505,39.65032,41.370888,42.48004,36.90046,30.568878,30.118763,29.982607,30.371994,27.383543,27.408285,28.9958,27.092596,32.97056,35.622208,35.99555,35.569386,33.18757,33.139793,33.40167,31.800863,32.436657,40.761574,40.298126,46.01673,44.56749,39.891655,38.413624,42.544758,37.15438,31.464546,23.457214,28.554375,34.369263,22.555574,28.118816,38.412075,38.390053,38.31414,44.569344,45.16623,40.742188,35.788307,33.765625,31.054203,34.952568,36.258484,38.379326,41.705612,42.000023,38.942703,43.139095,45.962387,44.563995,35.002586,37.882195,38.930817,41.578377,40.15354,42.840492,46.066605,42.275375,36.989796,47.991222,59.805138,48.719162,40.575844,39.085526,33.87785,32.22582,36.191505,42.20955,41.340317,38.600468,35.462734,36.91588,42.459114,44.21118,34.0666,16.453861,6.5053067,10.54579,25.387264,31.953798,38.04011,42.069374,37.469894,39.124252,43.49526,49.649384,44.292076,42.20176,43.354336,31.715965,23.594097,18.833172,26.752033,24.131708,31.098312,34.682716,35.748005,45.236702,43.278587,43.82924,40.659927,34.49266,33.258373,40.709343,41.982517,42.163277,46.00688,45.7041,44.950737,49.11241,49.09833,46.832195,37.126778,32.243195,34.40901,40.831474,39.329243,32.252026,34.034027,39.5065,41.241936,44.041145,39.772003,39.69474,39.585754,32.93143,38.533707,35.952682,38.01277,44.266113,43.739273,44.81949,43.102768,41.970634,41.467525,33.714546,29.2459,33.652596,36.948616,40.57423,38.977455,37.81266,34.781296,38.588257,34.499588,32.773804,41.311268,38.497154,31.943398,36.140057,36.33756,45.47789,48.127808,49.560097,50.96604,53.485764,51.516132,49.764786,50.366714,45.34198,42.225906,29.397825,25.392672,32.783314,41.282127,44.451828,46.4124,47.218918,44.520782,43.709663,46.557243,46.826546,36.844048,16.947826,14.992565,25.381968,34.13465,38.047997,34.5895,35.871006,37.66492,33.787262,37.216095,40.03961,47.110046,30.138918,19.389383,26.696209,31.269886,27.982477,30.156738,33.969612,33.51071,35.31414,37.817158,37.76246,34.64458,36.624626,33.53273,30.635828,28.78759,35.11767,43.50266,38.82583,35.613235,43.606796,47.282562,44.41096,37.426285,34.085487,35.734306,42.840996,41.213303,37.9022,41.839584,46.027847,45.975266,49.6398,50.303123,41.726448,45.386063,40.52303,21.65091,18.122347,25.772564,39.129326,47.32921,47.835358,47.361645,46.773605,42.003567,43.577927,41.385612,43.862816,39.513252,34.20451,37.65615,38.34926,36.53859,37.230072,35.18402,38.444275,38.77024,36.620842,34.846176,25.698917,19.559395,13.559064,19.270765,31.997385,36.83848,27.344213,36.383537,45.097916,43.892,46.423073,46.730804,45.263428,41.90168,42.8151,40.57206,43.36841,44.246075,41.22586,42.804634,46.16583,45.064163,42.91622,44.066856,41.15197,21.086796,1.5809045,4.031109,12.938882,25.17434,33.331806,34.132008,39.189514,45.828957,43.93576,43.79357,41.45607,41.219902,40.25168,39.119385,38.2628,37.478676,42.515484,49.072098,51.09338,44.902924,43.971687,39.54055,39.49953,39.14837,12.72786,3.2407742,4.260078,16.733143,30.962132,36.210724,35.05194,34.20347,35.99619,35.140118,36.684258,30.689457,22.599243,23.244158,37.181786,40.215416,42.337067,40.187347,39.299088,40.798897,39.08116,38.301727,37.490303,32.61883,35.068977,33.129677,30.686346,35.65393,44.313034,43.411392,42.06084,38.805172,38.90168,40.24103,32.88791,33.57685,37.767307,37.107212,39.778214,33.39759,29.271156,24.898943,16.94473,15.230792,13.104145,12.767944,16.53096,15.678795,11.21811,21.088982,24.120068,29.721043,26.447,16.978086,17.24679,25.995441,33.74549,30.212715,24.916885,20.969093,16.607508,17.533646,15.277212,11.013112,14.483494,17.79858,20.930523,19.951828,18.419464,15.295349,15.996118,15.717679,16.655392,16.238344,21.314865,16.838425,19.40921,17.664688,16.722925,20.678894,24.16583,36.920975,42.708202,45.66983,50.842968,43.35723,38.202766,36.61179,36.02674,32.98742,38.249252,34.18859,18.771545,10.188764,17.449556,24.519169,22.813408,18.34254,17.498005,25.26199,36.202988,36.420338,33.352516,33.483124,33.45665,31.783953,25.413994,20.1875,25.989843,27.560953,28.826454,29.994698,23.964321,20.371685,23.480345,24.243376,24.788805,26.414997,21.875025,18.419685,19.260948,23.94542,21.370975,14.65534,12.470964,17.517284,17.158146,18.943592,20.373419,17.96521,19.131413,17.255285,15.26658,19.824371,20.73663,15.897247,13.546154,18.631796,18.84784,15.312195,12.92267,3.3512888,3.2342124,2.15141,8.371342,11.241468,9.867338,14.8983965,10.228573,8.753985,10.233349,8.509449,9.367081,9.641394,13.61958,24.078716,28.913834,27.3337,17.379837,18.90641,34.238422,44.619194,26.444723,19.310146,26.973791,31.24765,24.683619,21.51004,21.446186,24.66666,22.697235,22.204742,27.989914,24.654873,23.397068,22.57848,20.820953,20.522808,19.251713,25.34639,27.20462,26.35051,26.527142,25.740965,24.916948,23.787197,24.152122,24.67212,24.427847,22.786224,23.732002,23.096394,17.182972,14.535397,15.52857,16.870867,14.219658,13.310501,15.151972,18.457739,30.495682,15.023878,6.2830935,8.202881,8.977169,8.392788,9.97752,11.284084,12.655571,5.43205,10.553231,19.60469,27.585411,32.834854,33.15895,34.19265,37.05802,29.953981,26.871853,21.995861,28.449615,37.109093,34.939682,28.549261,28.251387,27.162003,27.821053,35.102455,32.71713,32.089737,33.87519,37.594448,34.85788,32.033558,20.168457,12.712675,21.129559,31.14368,32.15174,37.614838,33.054344,27.492306,28.84187,26.3677,29.876793,34.79778,32.93309,36.52507,43.633266,45.96418,51.41919,48.9927,43.660263,48.820908,53.091064,51.73127,38.94655,35.75746,23.371288,15.8057785,24.012064,19.507013,15.767008,9.213402,12.416714,17.213703,16.134163,8.978068,12.370393,22.690186,32.631058,31.716293,37.182957,38.227127,34.02972,30.517097,29.525,30.700436,37.37487,39.984837,41.91648,44.267815,41.807022,41.94578,39.623947,19.567863,6.679281,9.416568,14.84744,15.00848,16.277727,21.37495,21.587528,11.785534,6.1109695,2.2606335,-5.430502,-4.686576,4.8460684,12.489233,11.859803,14.986769,17.808252,13.762285,16.661444,23.438683,29.964195,35.3062,34.6698,44.937634,46.520004,47.915703,44.074203,32.706905,37.504272,40.781307,37.89457,37.57129,41.746407,44.354313,46.58082,51.658356,46.14944,41.89028,37.95578,36.69049,35.73566,33.117813,37.270195,36.05696,28.630497,24.872803,27.958654,30.731293,35.071,45.300316,38.427654,31.444235,30.02932,26.033426,22.077534,19.519207,25.184837,22.486135,24.767937,20.688126,22.55886,23.059502,19.43903,16.116692,15.596655,17.459044,23.543766,28.165623,34.22763,33.54956,30.521261,32.712296,30.766926,33.193897,34.008644,29.955189,28.095974,27.949623,25.242039,25.74199,29.172375,25.781878,28.237083,31.607695,35.384922,34.753998,30.919655,31.939888,32.77821,31.599915,30.384724,31.268635,31.488022,34.41488,37.49099,37.155823,32.943203,32.609425,30.407434,22.867111,22.614386,27.893742,31.377655,22.538872,22.209154,22.868563,25.949493,24.828506,16.819582,13.192471,4.7663317,6.072284,10.489803,24.66367,29.994026,29.52443,28.188253,26.333353,34.29332,28.232601,27.709492,40.59514,46.88398,42.588234,39.20385,40.002197,41.35979,37.42085,36.374405,40.463913,50.94764,52.860825,46.92752,42.055992,40.831226,33.986618,30.664215,29.967648,30.690504,32.73295,36.39937,42.92138,46.539494,49.353004,48.244465,43.126606,32.461185,20.867645,25.416855,32.140068,31.836304,37.8751,37.35337,35.18568,37.254932,35.39154,36.481613,42.940502,39.212746,27.051708,23.237938,28.379536,32.954353,34.99859,35.786438,32.693413,32.86121,37.25285,36.730614,35.077873,23.47018,12.634274,12.003952,16.318008,20.446686,17.843838,21.518372,23.939404,26.293152,26.400398,23.61316,26.55384,30.256653,29.251305,31.82431,32.834023,20.778128,17.919624,13.108648,12.205034,8.29879,9.105138,8.498279,12.2995205,18.238491,21.810505,21.741348,17.693853,20.85212,20.886692,19.455814,17.592026,16.775108,11.067998,15.66838,30.240273,34.28783,29.547703,14.356475,8.575801,15.2634945,21.104797,24.818134,24.554466,24.23861,22.001377,18.90438,19.978233,18.338093,27.550007,34.801155,36.030838,33.85538,32.25602,23.299076,13.381969,17.431973,18.933184,23.663944,24.424736,18.993917,18.807,16.892904,17.36073,24.870827,26.776047,29.549103,28.411652,26.24913,23.915478,25.497581,30.681774,23.7481,20.829048,22.94827,23.58139,19.286476,15.773081,12.4697,12.811481,14.988317,15.923419,13.315166,13.879831,13.758549,10.197054,7.3489633,8.260651,16.124065,20.414978,28.48059,34.950634,37.101513,42.54779,46.150818,43.716858,38.494896,34.37379,29.823505,31.72388,35.681183,35.62381,38.87921,42.07701,36.710777,32.21547,29.370367,26.276112,23.8124,25.399498,31.038425,32.38258,27.148312,27.216091,24.997322,20.804464,18.930443,24.010754,28.08804,25.701694,27.28823,22.707712,10.40282,5.3018475,12.108319,14.134627,12.686438,11.65727,10.908365,10.341566,7.0049477,6.939931,10.928726,15.274057,10.836096,-0.65607107,-0.18671793,12.298495,28.633316,30.063595,28.698187,26.447456,25.668697,25.2664,23.422127,32.089237,33.38542,28.941383,25.669796,35.74905,42.021107,38.87908,40.8181,41.478825,39.129097,38.122696,35.66532,32.39597,33.818497,38.512726,37.5113,36.844852,35.77281,33.916786,36.52645,36.516586,36.131466,37.434082,38.288483,39.864464,28.261974,27.684963,34.915848,38.567333,36.237106,28.90754,25.709385,23.111916,32.24009,34.11891,37.28612,35.874702,36.690845,32.5819,33.715836,38.106216,39.815746,39.03475,36.613922,43.37294,48.1072,47.724342,46.715515,42.126472,40.486954,38.121513,38.112366,31.268572,24.8876,22.790722,19.231134,15.766674,14.666462,16.604303,19.468285,19.152306,19.532677,23.853092,36.284126,41.3875,35.418457,32.12079,33.67212,37.031887,46.00742,50.985817,52.613495,52.11387,37.370705,33.177753,26.806389,19.0865,16.939648,14.4194145,19.099102,20.870613,15.773066,12.08908,7.5651646,11.806866,11.482847,7.5838995,4.930036,-1.9443264,-0.01669988,4.734597,14.300827,13.11047,9.239002,18.109447,22.932907,24.37727,34.375183,44.34552,45.040756,42.539856,38.668083,29.105022,31.947298,39.9436,36.09922,31.753357,31.141983,31.334774,32.33415,37.022007,34.984123,31.870361,31.962784,38.10564,36.725258,33.351376,37.826508,38.84092,39.23139,39.50418,38.091568,34.86658,32.95372,34.19414,30.189428,25.142256,24.803612,30.447327,30.510998,27.42752,24.060894,22.124653,23.153694,23.770523,22.328228,22.484089,24.085236,18.92173,25.000654,25.004025,23.934624,34.216106,38.27053,39.068085,37.870605,37.604126,36.50392,37.317368,42.758522,43.484386,38.69404,34.895752,37.204742,40.831215,39.478172,40.27649,37.294487,35.918594,31.553062,34.3262,45.962147,50.232567,48.450596,48.038933,42.098602,43.524323,46.00413,45.58177,41.868034,46.182228,44.51228,41.01149,27.645977,16.874104,19.214226,19.449833,18.017864,23.637405,19.624344,19.274162,15.208954,12.562611,14.101305,13.960339,13.913972,16.08552,22.228096,32.57519,37.07424,34.673134,36.660156,32.81395,27.986217,23.438225,23.212122,29.878456,33.695885,36.54966,38.446983,38.353405,39.730667,36.023933,32.8694,29.040985,29.983454,30.931004,38.307083,49.77925,52.331264,46.031387,44.58706,37.24807,35.356163,41.52568,44.176495,48.708015,48.29953,48.557335,47.24616,27.576977,24.195175,31.617355,31.937305,35.697884,39.288483,43.484886,49.08387,48.580208,44.13778,45.129692,41.255917,37.231277,31.070389,34.846046,36.89019,38.361385,37.116875,39.54996,38.84915,37.88768,35.17206,39.602886,38.714294,33.707382,35.912064,36.493576,36.612907,39.436794,40.597435,39.367805,32.248947,29.737514,22.366932,22.747526,21.708729,19.458256,21.065323,23.902138,21.293476,24.200108,22.12041,19.789001,26.431747,26.960218,29.40783,29.007885,29.776875,26.70602,17.681366,18.488228,15.532065,17.444704,18.520298,29.567638,31.558605,29.829494,28.3839,29.668163,29.80024,32.217392,34.63423,37.254425,31.24561,13.436714,12.982147,22.496107,21.580341,19.903053,21.915802,21.566372,31.1036,37.05937,39.216373,41.474495,38.09388,39.587894,36.77661,35.341377,39.155422,41.116882,31.151327,23.690243,28.182487,29.12546,21.401628,18.781837,18.695671,18.281471,18.646118,19.557178,20.131971,21.431538,24.707779,29.518223,26.211102,26.064953,29.298706,27.02264,22.425503,24.1984,30.542736,24.755415,20.643738,17.546936,12.622463,6.9883204,6.6960263,10.854056,7.819557,8.275248,8.841358,3.3357005,5.225932,10.834585,9.125038,11.21356,13.942427,17.883308,25.671148,29.363674,35.33652,41.21161,32.272064,28.841537,29.568485,33.073677,37.094353,40.68551,36.0066,29.890572,31.697598,27.930506,23.104372,26.479889,25.912584,23.746237,19.188404,22.25608,21.047455,16.778545,17.289267,20.182793,21.21902,21.304115,20.903414,20.59745,17.645119,14.704508,10.808838,10.570406,6.973551,8.448503,17.622772,18.917503,15.6874485,14.274126,12.669884,9.214089,2.381215,2.5281634,12.904409,23.244814,23.33551,17.726946,11.637058,11.361834,10.484455,15.0058155,19.378197,16.633299,16.747372,28.715334,32.616722,29.316917,28.995165,34.32522,38.71541,39.725273,38.468018,37.447052,32.853645,31.249905,34.641064,34.28856,28.735313,30.572548,37.217545,41.69326,43.56398,41.226776,38.629303,37.214104,37.469963,41.87088,39.788948,36.995483,41.26568,36.280983,34.930023,36.653023,37.392845,37.508255,37.746037,34.62973,31.194687,30.94719,35.22992,34.06786,33.389954,38.95983,39.10401,35.66915,37.53941,33.235664,38.805748,50.23403,51.35679,49.58461,35.859833,20.025135,23.649372,36.236732,36.746662,33.971565,32.94439,25.282932,27.025131,29.558498,25.444656,29.086565,28.365993,31.446074,33.703888,36.682037,37.973385,36.297783,38.878414,39.60695,41.562374,47.94693,45.415066,47.394836,35.94091,14.262397,11.632854,10.862146,13.377695,6.5954347,6.1897945,7.472226,5.3019595,3.1151686,6.609247,10.612395,7.7515163,-7.276783,0.30085045,11.105818,15.332554,15.266153,12.949324,19.52687,25.492496,27.463284,32.17511,33.086502,38.50455,43.33438,40.31363,43.486984,44.094467,40.551247,39.577007,39.53797,37.97061,38.093613,31.221222,26.133574,27.79907,29.80418,30.827574,32.073353,34.040993,29.756805,32.32553,39.37554,44.45986,41.03984,35.421974,42.009453,34.407166,24.506115,20.235193,27.476624,36.819176,37.586365,35.044037,34.213066,23.328804,12.520362,11.11835,16.803055,19.137543,14.8713665,8.75238,7.5270596,16.075384,20.26292,17.721493,21.568117,25.656551,19.952301,22.870934,30.360664,36.82466,36.38378,38.607937,37.82464,37.530067,43.158768,44.79338,41.63,40.169548,40.6547,39.583687,39.393295,38.63018,37.28636,39.42399,42.902866,41.37375,37.209084,41.322365,45.715443,48.654182,46.789894,43.482315,37.09101,33.735954,37.027664,29.249168,18.175785,14.281118,19.51791,27.3667,26.650608,25.364845,21.96989,15.040586,9.866635,11.873279,13.9622135,15.9340515,12.303361,12.8999405,21.855165,25.392906,29.531826,34.326332,31.778862,27.678886,26.695478,29.743786,33.201775,39.81533,38.860737,37.727646,32.975307,27.835272,30.342953,40.289474,39.900234,32.246674,25.269363,30.023844,40.76404,47.11606,48.751427,44.712967,41.131424,27.971313,23.95987,34.36716,33.37053,33.01902,36.033325,36.14318,41.892918,34.986225,27.859459,27.55672,29.543594,33.195103,35.103344,36.439392,35.17318,30.029705,26.833183,30.602207,38.760895,39.954617,32.388237,27.229845,21.723213,24.113792,26.205963,27.960285,32.279133,33.15226,34.158882,38.63658,37.198418,33.07823,34.28372,34.422546,38.078964,43.73591,33.16806,23.205797,19.88086,18.561974,19.87165,24.221333,17.939768,17.897043,21.577713,19.01261,20.748125,20.509102,11.605915,10.077202,10.981037,17.259924,23.188011,28.031425,21.619707,12.758112,8.659624,4.0786586,6.104921,17.346752,21.294796,28.021936,27.23452,24.304722,24.882051,30.221725,32.169476,23.375149,22.506416,25.945925,20.109352,21.972591,17.97429,18.718573,22.796892,26.832596,28.67762,28.64906,32.93874,35.438538,35.771267,31.993782,28.341793,21.850653,27.916405,36.417572,23.725182,14.508724,19.665098,22.81723,21.325985,18.603514,21.201164,25.042843,22.01519,17.141535,21.236198,30.557102,29.290836,25.103836,20.468975,23.073727,25.736744,28.283527,20.422306,12.946768,17.614647,23.396465,24.29938,16.121115,12.432127,11.237409,15.400511,8.014675,3.636558,4.6133957,5.9649987,8.406545,10.16902,9.971476,13.14884,17.922783,24.802757,34.034462,36.96601,33.059853,34.005325,36.29713,34.509926,29.211445,28.695793,28.279667,33.701286,49.75995,46.44335,39.184124,26.658499,22.834343,24.916744,19.765232,22.668232,26.114624,24.564745,25.894793,26.693558,26.006554,27.136896,30.980816,28.750738,26.323994,24.459862,18.734615,19.47062,8.071828,10.191065,13.648682,12.6404,2.6729028,4.259295,10.032221,15.566039,15.853714,17.739328,20.734621,25.234669,16.220707,17.718143,26.52457,30.530956,29.826532,33.189034,27.644913,30.12114,32.520447,34.838585,32.777546,31.437231,32.84272,35.99523,31.487091,34.595608,35.450775,39.31539,36.848724,38.08997,39.951218,39.501923,43.178963,35.696957,29.356205,30.285324,32.93525,33.177082,33.305195,38.41835,43.944252,49.159534,46.320393,47.632996,46.358425,40.623642,40.51566,36.70373,36.061134,37.951923,36.712013,38.592224,36.403534,34.914547,30.656399,28.056267,25.68826,25.677078,24.663092,27.771717,34.88595,44.01847,41.546585,33.85224,32.28427,36.535835,38.73522,41.104073,46.4128,42.599854,37.055176,33.455727,29.189632,25.145119,26.949095,27.838161,30.207205,21.308414,20.169601,25.378975,27.956402,32.663223,36.863205,44.532238,50.75184,49.778637,47.878853,44.42516,41.411118,44.886726,48.33866,48.372025,46.076996,39.908905,33.413406,17.156315,15.478218,19.651945,15.108076,7.364207,7.134748,14.406494,17.953419,11.401253,17.095303,22.132713,17.937243,9.75159,8.860539,16.008457,19.185125,23.58264,26.15279,30.671303,31.24054,30.524345,33.921947,38.748566,41.467705,44.303825,45.26748,40.969414,38.12198,34.162735,33.448624,32.714577,30.878113,32.595406,29.050205,29.608912,34.674133,36.41112,37.62665,37.43361,34.93621,40.21257,42.13971,42.43467,39.15532,35.03765,36.237457,40.776203,39.52788,36.622894,38.459583,37.754974,32.669884,32.5661,28.321615,25.543125,28.220432,27.75869,28.897257,25.520342,25.101395,24.342258,27.435041,22.952961,21.851841,27.031178,32.3938,38.83467,46.334,43.63238,39.13314,43.334175,44.773815,42.473785,45.726578,40.276844,35.143684,32.924995,35.24124,37.893044,37.3197,36.233856,33.34462,38.229324,41.25393,42.10421,44.88073,47.23548,46.607437,47.197945,48.882713,53.20695,53.326294,53.843075,49.987705,50.78762,47.0896,40.198273,28.071817,13.928368,15.769292,22.865555,30.119759,30.72781,37.014156,32.235107,26.56275,24.246067,27.689787,29.77882,18.879341,19.638863,26.201977,33.838234,47.14422,46.29811,35.256447,32.42198,37.417236,33.6641,37.08581,41.48741,47.568237,48.309017,51.820393,55.6579,59.43434,59.03505,55.199722,53.70745,47.6146,42.08857,41.49051,41.436707,44.320724,43.43503,44.04267,43.713676,41.393906,43.290222,48.69806,48.466316,45.693626,35.198803,23.310482,17.511448,16.964191,30.809473,32.097916,31.792717,37.119797,42.14001,41.868744,38.264313,38.43732,38.93913,34.35158,34.790157,39.423115,43.630745,42.7836,43.62966,41.105724,41.861946,35.809742,32.426456,43.982025,51.975777,50.88115,41.826004,42.50483,40.453342,48.88517,52.746414,53.331802,50.283775,42.463512,40.967377,39.413647,37.137836,36.52532,32.9534,37.791496,39.94103,37.889633,39.52539,41.59255,41.117695,46.940536,49.24471,50.376358,48.19306,50.677048,46.328575,28.60427,21.40215,25.366146,34.97001,38.525436,35.289734,36.71238,35.252754,32.045776,29.510052,33.294052,34.138615,38.173206,29.872288,23.848867,24.462437,37.902992,47.49402,49.002472,50.040886,46.542187,40.885117,34.54885,35.05896,36.130123,35.384003,37.80194,38.401543,47.7378,47.7992,42.84521,38.75723,38.10102,37.400185,37.64559,30.977316,29.546452,30.546558,29.842857,28.856567,27.420403,26.956892,26.861652,31.474873,37.105797,33.87013,34.849678,40.546326,36.913185,33.81032,37.160866,39.089455,44.58709,41.493103,40.37564,44.812916,48.7754,42.203346,40.618347,38.854618,37.624866,37.234562,37.651787,37.83621,33.422665,34.290184,34.079002,37.21212,44.934902,54.137653,56.61753,46.858864,29.578815,30.013277,35.44462,40.011684,45.806175,50.227875,43.375443,33.337585,23.506367,23.103607,29.436176,31.089695,32.31482,36.296978,33.83419,31.282768,35.64747,38.67283,35.80198,35.623867,34.974792,35.858566,35.946136,36.11331,30.23058,29.368702,36.325058,26.156487,17.249409,19.302147,28.843395,37.53099,36.122894,41.214073,42.9589,36.91416,36.59056,37.733784,39.80079,33.404945,30.559158,31.305803,33.26719,45.70099,44.386337,46.111534,50.26358,45.988037,41.592773,41.076584,43.640236,46.183975,45.445724,48.8291,43.06451,42.726624,48.135708,46.385113,42.819717,32.873528,35.943928,38.88397,34.457077,31.925781,35.745476,35.072884,33.256393,36.46673,37.21064,41.344727,46.0353,45.471245,42.979706,36.25363,32.552055,25.083252,11.481108,13.208801,29.954182,39.521996,35.301712,30.840023,28.431,26.554935,21.135548,18.094976,18.294678,21.325901,24.374186,25.38117,27.608246,27.206028,29.802021,30.234356,30.983696,27.660378,27.387157,26.329807,24.93713,31.749464,36.893036,36.27194,32.65319,29.684063,24.875713,21.770048,27.640087,32.700867,30.419542,30.989212,35.914364,34.413795,34.202045,41.36405,38.85714,33.846016,39.778603,47.19985,41.13981,40.364746,41.014843,35.479584,35.592678,39.695812,31.783642,29.308434,27.945194,24.001165,24.392124,25.02247,25.09007,21.046215,24.340832,25.949879,26.32979,29.077036,21.100916,12.721486,10.9732685,18.529263,26.304459,26.192219,26.764782,29.085907,27.272282,30.942749,33.839233,35.101837,30.891758,28.005726,26.968235,20.232395,18.973293,25.187418,27.613146,26.157173,24.323051,26.501936,28.395264,30.635605,27.782907,23.903252,24.496555,27.399807,29.458351,33.948563,35.012913,33.279415,26.003136,29.26731,25.358315,22.10582,18.827415,15.083704,19.402458,18.864817,18.751038,23.269821,22.422321,21.919859,21.272167,22.33302,25.953053,23.593073,20.986126,24.66734,29.228088,25.983349,22.24004,24.451181,20.752064,20.989723,16.548218,19.00193,24.61783,25.743145,27.82352,19.938274,23.366932,26.958916,22.298677,28.041164,33.873573,32.766663,29.71149,33.725105,34.970764,30.048302,27.195427,30.783794,31.757305,26.340107,25.121952,22.771399,24.298595,29.48351,31.830029,29.45563,28.959835,27.97173,17.869299,13.627199,13.011312,19.807669,28.686737,28.786472,34.758224,34.639435,37.949997,42.571022,44.031693,36.39029,35.33328,33.14186,32.142258,28.402847,33.28773,36.210663,36.3385,39.905334,37.394302,35.36151,38.779594,46.43801,42.15828,34.61505,36.08033,38.41246,32.988167,36.017296,41.75744,41.075336,38.06849,41.685852,40.889656,41.581104,31.456303,22.804749,23.11259,28.16346,24.880331,23.21696,20.300728,23.614933,23.740225,27.568573,33.06458,26.668612,23.540928,21.125479,24.962847,25.90387,22.051878,24.718422,26.73159,14.1432905,6.866604,14.39407,15.573648,12.325632,9.03569,3.1749701,7.8608766,19.80166,23.0918,24.463142,27.766415,22.414642,17.705315,18.552998,27.782452,35.653408,38.745796,36.15291,30.760954,25.193216,26.199833,23.823612,20.916124,20.032763,21.495432,25.51263,16.492624,13.407446,13.260381,17.463451,17.53184,16.96941,17.668695,23.964058,30.636356,30.57993,25.963757,26.153326,27.566898,21.586388,21.358505,26.64871,26.089012,19.925102,20.0736,15.217562,20.184547,20.05674,18.327744,21.681538,22.758472,20.855042,25.892788,21.976444,22.6297,31.851429,37.485527,36.103455,39.50614,39.503956,39.65922,40.88847,42.577744,40.699623,38.71247,36.364326,35.0368,37.18534,42.98941,41.095406,34.21752,30.672897,27.38108,26.27446,24.28805,21.740284,17.979057,18.232052,20.553951,23.28838,19.27311,18.092812,16.199947,13.039709,11.842463,13.454662,13.279858,14.114526,17.08655,17.159672,16.585728,12.794313,11.792715,15.247733,14.602352,4.7199583,7.0394034,11.3084345,12.399542,8.0359335,12.365749,12.460064,8.685175,14.797876,19.51913,16.754532,17.62938,21.334225,19.954884,20.06879,22.96408,16.504303,8.096987,7.603181,13.125332,18.598228,20.578918,24.019705,24.479176,21.498512,18.688057,18.930895,19.86131,20.071642,22.179646,26.602985,28.714298,24.97678,29.7752,34.91545,39.8674,44.706882,40.971638,35.11617,36.407326,33.746532,34.876892,34.559837,33.839638,35.347755,33.51393,38.54985,34.561943,29.297455,28.824226,26.867077,29.226315,30.02958,31.658726,29.281927,30.774342,32.570477,31.315403,35.338936,31.885708,29.851685,26.00728,24.552132,26.639553,29.042706,26.985664,26.868423,31.720528,25.391273,20.807732,29.653076,36.010742,37.233513,35.64027,33.196064,35.875565,33.038498,39.58336,44.180534,44.069702,45.254364,44.635254,43.8545,44.831654,45.50253,41.829304,36.410774,36.442055,36.89136,33.885414,35.26165,39.910347,43.080734,40.065742,38.25049,36.624912,33.201607,28.065203,26.510838,31.745317,20.729305,17.683638,27.207176,37.061966,38.355297,39.078766,33.30792,35.88199,37.896866,40.430607,42.071697,39.354378,39.240677,43.49484,45.948425,45.981674,38.74037,29.236914,31.779835,31.845657,31.720081,32.586292,24.772339,22.341122,33.95597,38.27398,39.685585,37.71009,32.109123,32.43315,36.514935,35.554764,34.65863,35.42904,40.394955,40.585266,32.912655,31.61811,38.58702,37.149513,39.62037,41.22839,36.066063,31.670288,30.675596,29.750084,24.87556,26.336884,21.069578,21.756989,23.252285,30.751667,36.267265,36.920994,33.57576,29.606792,25.901402,30.976772,30.214195,18.391273,15.613483,24.707611,27.011696,23.784714,34.427776,36.973354,32.807587,31.04159,35.24391,38.118103,33.6394,31.935225,35.66459,32.79244,31.472788,35.14757,37.118847,36.781364,39.562035,37.373917,33.471214,33.302925,29.216118,28.656052,32.36525,35.89686,37.22676,32.26288,28.338562,32.353096,40.792484,40.30603,38.050842,36.654976,40.394997,35.284378,27.030659,22.156612,22.338665,24.91505,27.774025,31.248465,34.01079,33.49569,32.538662,32.478184,33.57305,34.61299,35.321617,35.13945,34.124237,28.081457,29.889416,29.974197,30.134266,37.687714,40.028038,40.90699,41.543465,40.564545,41.47284,43.978645,44.48883,47.274185,53.026993,51.252254,49.11486,52.683914,51.942986,46.78125,49.318825,45.67286,40.537315,36.37449,33.586643,39.180782,43.487442,43.36017,39.186546,40.160633,39.663498,41.857117,35.641685,37.472458,42.419575,26.267284,23.392433,26.866026,33.198067,36.602203,41.637497,38.00813,35.588676,32.135593,33.517403,35.84668,33.210777,28.28061,20.76047,13.717223,16.25911,27.138641,32.326607,31.39532,34.376427,33.677284,33.004562,32.936367,32.113228,28.848354,33.041546,40.118076,45.357506,43.003,51.41288,60.46466,59.927536,57.680634,51.095726,46.743378,40.475292,41.826714,35.99111,33.345875,26.860195,24.30567,28.299122,31.6949,36.464897,37.361954,37.211006,35.422768,38.3419,40.13836,38.28736,35.075645,35.75345,36.88953,39.5247,45.857582,46.4605,46.502472,43.435223,48.039856,54.65487,50.845165,45.00724,46.35645,51.36339,52.037888,52.990532,45.96315,37.546932,36.278137,36.86965,34.888466,41.007385,44.109352,44.778313,44.35709,46.241753,49.397057,47.755455,48.18743,40.57591,39.50681,39.30313,37.422226,42.2378,42.313812,48.356895,45.203743,44.20343,43.062798,47.349064,49.623833,46.166664,46.045845,51.582638,52.609856,45.842747,30.65622,18.986269,19.625002,29.223515,37.23727,42.51544,41.451385,39.009247,36.586975,42.82875,43.225327,41.26198,21.928436,24.362885,32.634796,29.13118,27.646622,34.1214,32.44533,32.7545,34.639473,33.07513,30.035686,32.73192,34.49305,29.125637,35.1212,48.59679,47.60077,46.656322,46.637886,49.38211,51.8769,51.492264,50.77088,47.19173,44.09448,43.1811,46.398376,45.28336,40.57846,43.031303,45.339455,42.161797,42.465527,42.29078,41.48786,39.211838,38.129036,34.54556,34.510464,34.003098,28.071026,22.147514,27.569218,28.845482,27.23085,24.209736,22.50549,23.424084,26.967033,29.364574,30.453922,31.482817,26.77316,31.451473,34.909134,34.08808,33.24043,34.84543,39.702072,41.375587,41.38401,45.89377,41.593094,34.61614,34.132298,36.381462,39.59839,40.175262,36.302128,36.49945,31.955166,30.01861,32.300224,29.233793,27.121101,34.08385,41.36302,42.81327,46.015854,47.408833,46.88315,45.003418,48.97502,53.675903,52.339645,42.05744,12.030256,8.871918,16.482555,27.793137,32.538326,27.35154,24.957817,26.996914,32.39788,37.83403,36.10429,37.676064,26.02921,24.65202,29.52998,19.506504,19.231686,31.172115,38.562508,38.20041,37.206764,36.455948,36.408546,39.996826,44.273438,43.182423,45.90429,42.622124,41.336113,37.621193,37.57939,39.62217,40.47135,35.67896,37.538765,44.359325,45.011055,48.560715,51.23566,45.099106,38.0642,32.487755,30.104805,31.377192,32.760616,30.013117,23.68561,27.474693,23.979916,21.76788,24.106659,27.323555,25.817238,32.80004,40.380013,34.294952,28.056187,27.61479,33.472595,33.702736,32.4879,30.967756,30.229012,32.908348,32.960693,31.152866,32.332882,34.459747,32.359547,29.37679,27.68206,29.937086,31.581894,29.459337,28.873627,32.03661,36.69211,27.223644,27.197716,28.536644,22.280987,17.399136,15.808125,15.830395,18.271694,19.786676,21.981733,27.30687,32.616947,35.595222,34.680397,36.604748,37.102043,36.113876,40.68431,33.724686,26.708847,18.76169,17.986155,29.064259,36.12583,39.37258,32.193077,28.318096,31.137321,25.511925,19.730024,21.704044,17.736328,16.86976,17.133547,20.30178,19.935616,20.6282,19.785006,26.727713,29.163242,22.78563,15.312035,18.167658,19.99545,20.07365,20.02121,25.091702,30.430332,26.861744,28.184456,33.595222,30.27599,27.00518,26.532364,27.611267,22.91977,17.532372,18.762608,17.060066,13.668002,13.252947,17.924534,18.82856,19.74311,20.25995,17.32087,14.707449,18.539352,18.863277,9.476289,11.250637,15.463977,19.178402,23.660206,21.44996,13.799116,16.230171,22.0714,22.899002,16.888773,18.298223,25.074783,22.380291,17.652582,16.050697,19.188595,20.347073,20.079067,19.175285,21.510384,25.271406,22.505123,17.78889,16.756905,12.983675,12.567152,15.135838,12.444983,10.518272,14.946581,10.561598,9.142227,9.742236,11.535035,10.86366,14.922359,21.125961,25.436886,27.062378,25.532156,27.224644,31.847445,34.7712,40.343956,35.975456,30.743168,21.141201,18.095394,23.753777,28.956585,29.731735,30.860775,31.777328,32.53421,32.88272,39.094513,38.836884,33.608856,29.20482,27.928852,32.679535,32.484768,25.636358,21.299515,24.952568,34.15116,39.616814,40.91588,38.42195,33.923225,40.778637,46.30116,45.153496,41.726658,41.42021,40.320763,38.435722,41.368336,41.10717,34.17637,34.425613,30.367487,24.661259,24.70758,30.005913,31.236214,28.356228,18.071026,15.661902,18.673782,11.546684,10.861244,23.43267,25.7415,25.209644,22.854687,20.700657,13.236042,15.626559,20.699677,20.201452,22.635944,25.150639,24.566345,23.265907,19.441105,20.554363,26.45406,35.030846,28.888412,23.546284,32.17011,33.512077,31.04206,40.29502,39.542965,35.511116,39.206367,32.3985,31.582779,34.807076,38.472786,31.835617,21.233288,15.697891,12.11714,7.379556,10.016289,16.002485,13.90013,16.15434,17.687397,14.014116,18.87786,19.950237,17.590279,19.087528,23.62415,27.413322,30.301603,31.580204,26.976185,14.19608,19.608116,27.37994,36.72838,34.709644,23.732605,17.999653,22.695389,25.514107,23.577518,21.458061,20.564632,25.824547,13.023509,6.635387,20.487743,23.575607,29.39001,34.97351,35.19283,30.320122,30.739843,36.162872,35.01598,32.707428,37.06929,40.119984,49.058014,53.356857,57.69671,51.92244,42.826973,35.74254,29.571566,22.811169,16.974583,13.10884,8.521805,10.711407,16.06548,17.21344,20.724129,19.092197,20.966057,21.31601,20.86203,21.011353,15.080547,18.857819,15.873242,8.939671,12.237152,13.297476,14.221688,20.14617,19.616882,30.562859,26.83707,25.295795,26.059994,25.142296,28.043062,28.927896,27.626364,29.067417,34.195675,34.92435,30.34111,33.84989,29.867546,21.395412,22.691261,33.53932,36.254715,31.158684,18.264698,10.984657,16.1203,19.96722,24.286839,28.926395,29.064398,27.178661,29.278767,31.490475,35.21324,35.08918,40.445713,42.163708,40.576805,43.347473,47.018406,49.978394,44.33187,35.95858,35.923973,29.526585,21.290485,17.318937,25.602814,36.238976,40.409576,40.88036,36.669785,29.033445,27.323555,31.781712,31.973476,31.636965,36.671852,31.081158,31.977303,29.71064,28.569094,29.90259,32.670624,34.827774,38.216263,42.61962,46.603695,45.700623,47.222168,48.04116,52.552116,50.175316,45.57489,42.322292,41.911568,39.27237,38.300945,39.806145,37.09875,44.502167,33.078514,29.438885,25.004826,24.255524,32.982746,35.32145,36.583977,42.655716,41.496162,41.68923,47.556755,40.381844,32.24785,32.925106,38.278038,34.668133,35.109783,42.03218,40.614944,42.728577,45.449276,49.508392,45.543255,42.910484,37.787838,37.798233,41.13005,42.253822,45.04098,49.264,51.047676,55.204536,55.803467,49.75119,45.492943,30.538677,31.735374,43.69722,52.580414,48.924683,50.324715,50.23204,53.603123,52.946804,49.525673,46.864952,43.0979,41.75221,43.813942,43.65989,42.997772,42.75821,40.898727,45.203896,50.0204,44.431084,43.785316,44.283535,46.9206,44.700264,26.149471,23.235144,31.77956,30.76796,30.012665,27.13386,25.798775,32.072304,28.524252,30.26408,31.100067,32.367985,26.122093,18.683025,20.241465,26.9818,33.3789,36.795197,32.995293,35.467064,35.612427,36.71264,43.416733,42.616722,40.38257,41.15229,32.299366,32.0622,33.810066,34.527256,39.52301,44.49587,41.816956,37.47046,41.187042,39.92968,30.60928,33.71856,34.8864,32.753937,37.14211,41.42051,41.581024,40.515987,36.267887,35.798748,33.11719,31.724037,21.785652,20.122496,30.72786,30.164635,27.817331,30.238457,36.55876,34.220993,34.824677,35.96279,37.147118,40.668,40.229843,39.21705,34.060326,33.82949,39.205402,37.624313,37.560432,43.11608,41.572018,37.073814,40.18225,34.76376,34.880733,34.987488,36.63612,43.80394,42.69092,45.786674,53.506523,49.07519,48.55178,45.8622,42.614166,42.321007,46.0655,42.67196,42.23874,41.55682,37.8119,35.917793,37.840416,40.376755,39.123787,38.066925,37.805344,38.80485,27.740349,21.973936,24.174587,25.23793,22.441362,26.20016,29.860949,26.9219,26.03807,29.97546,34.53347,35.501434,26.380943,20.019648,28.37354,34.633057,38.10809,40.595016,40.87996,37.441242,34.674942,37.025543,33.90955,30.583296,31.865044,30.680735,32.752995,39.83075,40.716583,39.56414,41.233486,38.641373,37.826103,36.095047,27.82669,25.515022,25.61218,37.659485,41.75441,40.903423,46.937183,54.852364,52.25522,49.875473,48.52603,37.802,40.046856,35.7184,29.721037,29.52084,32.224236,34.508003,29.128876,29.837818,33.570457,34.945366,34.24224,26.115616,28.727337,29.822346,24.765598,29.56427,32.120533,35.342293,31.646336,26.073261,26.533451,24.122318,19.822992,25.482021,22.357388,18.544544,21.215714,22.33045,21.776264,23.006985,27.16194,22.178257,27.508373,30.830883,26.594734,29.46,34.110004,36.866398,42.74039,40.289196,40.08501,37.63978,35.529785,30.74662,34.533142,35.138657,29.129982,27.10052,27.998005,19.832834,18.336697,24.123945,18.291933,20.934458,24.679977,15.990284,16.120634,17.6469,21.302895,26.034187,27.832802,30.830425,32.538475,27.782883,23.861496,23.091553,22.201073,24.592403,15.162128,13.337948,10.774739,8.891699,10.207859,24.207005,33.038364,33.166645,30.496979,34.674637,29.531023,31.168549,36.78969,35.365677,39.042843,35.98916,37.43441,40.899487,38.945652,33.286427,25.011198,27.008686,24.826422,23.080214,24.512283,25.439857,32.100636,28.499043,26.623814,28.91866,30.785713,22.605259,16.147984,15.643756,19.05264,18.589314,22.42199,23.518593,24.68686,30.25587,28.845905,32.01183,34.208187,33.96142,35.154324,33.63546,28.023994,30.40654,29.138071,22.503914,20.085,25.010662,30.807812,30.142048,31.197872,34.007446,28.19607,31.039001,32.863064,28.921711,29.254765,30.331078,30.048685,32.439613,36.770214,44.3347,41.317802,39.613934,34.935272,34.004116,33.3341,32.140827,38.76873,39.861076,30.958567,29.554462,34.523247,32.936226,31.370836,21.976913,12.005374,9.827187,16.121052,11.942375,7.4879303,12.426956,11.456219,15.37785,16.629364,17.916508,16.138016,7.9765186,4.837872,4.9804344,17.27542,21.030983,28.344765,36.32479,33.385128,31.915276,32.74179,32.738792,31.324427,33.606476,29.838272,20.487057,21.757423,25.250002,21.526522,19.760197,14.220669,13.68688,20.460512,19.452208,18.632278,18.311697,17.125793,18.921494,21.443474,22.319263,23.679098,24.882267,23.375965,21.717215,19.595095,13.667233,6.706726,6.255903,9.363319,11.072979,0.9598396,1.3652643,3.2783794,3.3240385,9.285366,10.388691,2.5777884,1.0701042,4.380943,5.5383224,5.562579,6.2415214,10.996431,11.311465,10.295908,9.014559,12.261541,16.274944,24.0461,21.579117,9.692544,3.6621256,11.915419,18.624872,22.322515,26.463074,29.194267,29.593693,31.672596,32.170807,32.538475,29.798172,31.627373,35.146896,35.45192,33.560715,32.723656,33.77001,34.07381,27.194393,25.617573,28.908188,30.572838,27.07674,21.78648,14.875603,12.085623,15.563566,19.342043,23.276318,23.597347,23.167274,21.22099,17.199991,21.333467,23.14551,20.27457,16.241125,20.205944,26.77261,28.551218,33.678474,35.14348,34.823967,38.895523,39.709938,36.45195,35.639874,34.872578,31.903927,26.32137,26.605753,32.229733,34.8039,36.818577,32.54439,32.18908,44.76933,39.229286,40.657272,43.8816,45.222557,48.95101,46.08758,41.055992,38.16344,37.58361,35.77691,33.874535,32.45393,30.698952,26.638845,35.835007,39.708908,40.81559,34.28209,32.506065,29.754772,32.650948,31.035765,24.582005,23.578762,18.11866,21.844524,24.324312,28.856453,29.149918,31.006298,28.43676,25.740126,36.128944,36.45108,27.54462,16.33342,19.218115,27.415564,30.043232,24.855568,24.023441,24.147736,29.667788,37.103535,36.998245,40.409645,44.742714,45.23163,42.08883,39.347332,35.646893,35.94053,31.854065,28.625525,24.733997,30.175468,30.99678,28.556747,33.939373,39.05194,34.160423,30.062798,26.284481,30.935352,21.497786,11.193569,5.3829103,15.774968,21.346579,23.230774,22.906902,30.74696,31.729012,24.95728,23.666683,31.12434,31.681175,16.72924,14.908546,25.569082,34.719868,40.893696,38.951736,39.541306,40.7153,46.119225,43.262592,36.27449,30.71148,30.762558,40.289852,40.080288,39.70273,43.015617,47.19789,51.453903,51.869694,51.086594,51.22833,48.23397,41.91883,40.973946,36.17449,33.11406,37.70338,42.440758,40.09873,38.4651,40.537308,46.689598,45.328064,42.566753,32.829075,29.273327,37.15782,41.64093,44.98787,46.994392,47.12961,47.253014,47.054115,48.46187,49.369503,49.305626,45.869064,44.836517,45.85769,41.708946,40.98845,37.79287,38.910908,43.918648,46.875008,44.175877,42.443226,37.211617,37.80432,37.86783,36.4659,30.226242,25.242647,20.533897,22.28878,27.255138,30.080008,31.11295,29.998106,34.034546,29.296926,28.578333,31.32751,31.409496,34.14229,38.19326,33.455288,30.12654,31.776379,28.733019,27.663038,27.057953,19.274414,16.90033,18.575155,17.89707,14.750938,17.674047,22.623455,22.817,21.485954,20.909513,20.432724,22.044638,22.296928,23.334875,23.27893,21.37915,26.145878,29.178804,32.265217,32.62307,31.557468,31.868204,32.015266,27.915836,17.499008,22.600845,32.538445,29.459076,27.34932,30.44342,29.490095,30.187069,32.45522,34.095493,28.360249,27.861252,34.3707,36.597565,35.976425,30.467834,29.283964,21.54763,20.576794,24.71727,25.52246,32.07997,33.949028,31.323048,35.85965,34.923553,24.46535,18.05509,23.184357,28.848198,28.755417,29.001408,28.721888,27.456429,16.635025,16.650928,16.573925,17.496777,21.181986,26.878735,30.011227,33.605614,36.70375,37.876373,35.514053,37.9105,37.782387,36.113716,29.636969,32.332024,26.267044,26.030275,27.866005,33.29683,38.251427,37.59436,37.42507,37.47662,34.529675,32.79386,32.244102,34.333103,28.475468,25.036636,30.50338,42.057964,40.837254,31.490513,32.96131,36.251427,32.998833,30.772194,31.932589,16.83716,5.788213,11.475246,21.196278,22.733864,17.923456,21.41898,19.060282,16.16272,15.816117,18.27908,16.405811,16.492859,12.321224,18.15694,26.612358,28.118181,24.659119,29.667543,38.0227,37.80757,32.409176,31.94513,27.653425,28.921034,32.759212,34.68716,33.853264,28.497759,22.965782,22.751755,21.115564,25.160587,24.475853,28.657104,29.961262,25.033749,18.198181,18.804794,22.193714,23.655457,19.202759,18.066544,20.992489,23.197548,19.734825,18.596306,17.47987,16.54478,14.5870075,19.490221,17.953129,12.129866,13.09749,15.295603,12.883862,18.575016,21.124931,24.392391,24.94218,26.209427,21.460886,11.712666,14.492146,22.779938,24.108467,23.789795,21.64479,15.320023,13.837688,16.329306,17.191406,22.018215,28.287134,26.789108,29.702118,30.937508,28.638395,29.291319,31.627235,30.610546,31.386604,30.013788,23.516426,27.262527,25.967054,28.097576,31.27702,29.441124,28.453539,24.204792,27.494377,32.3224,29.800453,33.732998,34.25657,31.457146,14.374448,12.54458,18.902615,22.148655,21.979225,19.097069,16.751429,19.362532,19.464447,21.890057,22.149721,19.737036,22.147888,19.239157,18.261387,31.252792,36.43491,36.79439,37.79751,35.862717,23.54055,14.480497,16.549732,20.586296,21.51196,25.384682,27.12138,24.620937,26.383663,31.667076,33.544586,29.962955,28.197632,29.259604,32.23093,40.687935,30.797138,16.334969,15.2195835,15.741448,19.0598,25.28801,27.583527,24.406786,25.576437,25.665806,24.997202,25.446499,24.966923,25.239319,25.140675,27.258627,25.098627,27.52866,24.698278,24.847525,21.792988,20.56134,24.326815,25.869808,26.946577,27.060904,18.62756,23.404278,30.226067,24.202707,21.685713,26.298244,27.804539,29.275661,34.25487,41.600693,41.113182,39.65875,43.79338,45.266373,43.502518,42.540413,50.271324,41.237396,29.958878,18.626694,11.506311,13.46535,15.374346,17.76799,15.925783,19.68157,20.417383,18.664856,22.702438,29.310715,30.388535,31.08868,25.073309,20.581835,16.013638,5.1024456,4.4748273,10.224403,17.585531,16.636837,11.921435,10.296,12.899957,17.007404,18.832092,19.236683,18.579556,8.948832,5.2576437,15.153021,22.472183,20.28357,16.920929,19.416948,20.024792,16.48673,16.808321,18.666965,22.90186,25.866982,28.788055,29.329918,31.23194,40.352524,39.88516,42.753082,44.28456,41.454853,37.73039,35.780495,30.00428,28.9864,27.690605,31.66558,37.559418,39.460632,41.543083,39.163586,37.533646,40.737846,42.540623,37.220062,25.187462,25.285656,33.69681,37.81446,36.458736,37.736706,45.385265,45.4033,35.503487,34.619507,37.126183,35.966858,44.907795,44.175385,43.014397,46.646523,46.6469,37.650986,33.368675,31.708843,33.03241,35.96593,34.033836,35.965527,38.962208,33.73584,30.21983,32.472725,37.674202,37.662,41.865273,43.7221,42.76565,43.221397,42.679543,44.200424,45.936035,39.072193,32.50628,31.832859,32.62077,31.406858,31.87505,32.991074,31.158813,30.41578,31.017635,25.184816,19.937063,23.8788,17.179989,12.359455,9.951612,8.576055,14.647251,15.394043,18.906033,23.678448,24.187813,25.59014,24.417927,24.49355,22.972916,12.71213,14.2251425,18.285273,11.652248,14.815664,15.6913805,11.516728,16.595852,18.89766,12.526967,8.82888,15.197767,10.754872,10.994259,20.26651,27.21838,24.243198,28.240454,30.592552,32.042763,28.293825,18.158436,16.169193,24.642998,22.485836,18.572746,16.673985,12.915125,17.4831,26.17258,30.477398,31.15176,26.843437,26.338324,25.576977,30.48689,27.338161,14.318143,15.009327,20.405588,26.469162,29.037365,26.469883,27.686176,34.627735,35.598396,29.625992,22.905384,21.340229,17.21156,16.78469,14.89333,25.342268,33.526733,32.275642,24.134907,26.006147,25.50845,21.855286,22.02877,26.9376,30.335556,27.526434,23.18943,28.146624,24.811127,20.533882,24.1745,28.808949,28.983982,25.633718,25.676437,21.442705,19.437977,21.648315,24.301422,28.940361,29.279087,31.778997,31.34183,34.55405,26.103504,20.34165,21.77486,22.215275,8.605167,6.8324957,19.874804,24.210037,22.321945,13.070864,12.488239,20.928335,18.273596,14.992985,11.336115,12.011154,11.916037,13.020069,12.032855,13.176998,19.411057,21.59486,20.1663,16.569084,13.480381,10.5307865,17.51662,17.20644,17.6291,25.994379,24.89666,22.68665,15.760081,20.681889,19.466637,12.084271,11.51576,10.295248,10.299626,7.234476,4.971895,6.360462,6.50072,13.273311,9.396688,6.960435,12.850925,15.920067,18.579353,20.511497,21.64656,27.629663,30.595005,20.668308,14.852623,8.347147,6.8256807,6.2150373,7.860471,11.966754,13.493712,20.318933,29.417812,29.321037,24.90942,29.626862,30.526812,26.840645,29.950867,29.617113,29.230858,26.407963,27.043163,22.347645,21.151854,30.057667,28.760742,25.792496,26.099464,24.186367,24.41211,25.263683,25.568638,23.04098,31.835178,38.015877,35.03954,31.089573,28.293095,27.364521,29.112318,31.369286,31.047363,29.937418,26.699797,29.0522,24.943844,22.472473,27.539145,24.151468,24.650223,35.67475,35.2149,29.49121,29.759956,33.696396,31.090675,31.73309,32.56252,25.153023,25.296715,22.762135,15.9405155,22.368273,28.57703,30.830854,35.502922,33.212795,24.871523,23.660492,22.02436,19.765118,25.225155,30.352211,36.493,39.56413,35.26366,34.62047,32.348,32.867565,31.851887,25.598055,23.338905,27.736376,35.254486,34.816666,32.14015,31.194233,33.589733,30.762487,25.09995,16.653683,15.182074,17.544647,19.39896,22.021492,18.517567,20.49575,21.175568,22.16719,23.82542,18.313559,25.438599,27.678043,27.04646,25.509228,23.697071,24.12846,27.450594,33.471397,37.576653,27.92294,18.639576,28.341267,29.88552,24.424936,18.976013,15.000262,19.293224,29.199385,25.362137,24.017551,30.256327,32.476814,33.704956,32.980534,33.446938,38.06092,38.77513,34.2688,31.62827,31.333633,24.506195,21.860527,14.928553,11.555101,6.7652063,13.032212,22.629093,31.874588,32.548046,34.91175,33.67031,36.248386,30.98481,32.643753,25.769516,17.634617,15.012966,11.53223,12.511702,14.399466,17.86082,21.702362,19.275278,16.242735,21.019901,24.638409,28.83311,26.152618,23.964968,30.35546,27.566433,22.441784,26.990812,26.423878,31.256332,32.28814,29.598812,31.665848,38.31144,40.33427,40.504623,49.264427,48.610397,50.75135,50.545456,46.9073,46.991745,43.550568,41.11578,31.565275,26.042786,28.327879,31.703377,26.853697,28.461704,33.855415,34.06514,32.133522,34.634632,30.651146,35.68313,36.641163,29.2976,19.482555,16.136898,20.47357,24.004656,26.520077,27.11838,33.838623,39.919815,43.2183,48.07099,49.986618,52.717888,50.003975,49.008152,48.80461,42.398876,32.836807,32.54197,34.950687,26.070927,24.750446,26.772097,28.106869,33.58472,40.61798,42.118927,35.076813,33.263374,31.109516,31.386051,32.588383,30.17616,26.595757,24.744701,26.888165,27.036358,27.658846,31.362206,26.145805,26.857422,33.830086,40.432434,44.42772,44.834225,39.54885,34.575043,35.958282,35.887638,29.912916,28.557098,33.14106,33.97979,30.883636,25.083447,27.098892,34.6826,36.269684,40.228065,38.552013,29.445559,21.383495,21.760736,22.89235,23.407122,24.592327,23.443779,29.399532,31.664703,31.299011,24.02081,13.676962,15.861615,17.930935,18.622734,22.452188,31.877974,30.685394,27.495592,27.862974,23.934137,22.556526,23.636269,21.93153,23.71122,21.685818,21.105686,27.347752,36.87099,30.595642,24.833477,27.941679,22.882767,16.319538,12.334243,17.982464,20.483036,20.11751,26.208076,30.276943,27.071785,22.726463,24.095348,27.950521,19.716908,16.479046,19.851856,25.464272,22.43916,24.146198,22.473763,28.785847,37.500126,40.114143,39.12719,34.418724,31.5666,30.280632,28.558298,31.145397,26.752317,20.405495,20.35095,25.670483,30.596546,36.580383,35.205536,37.305183,37.391594,35.93951,33.98729,39.731705,41.064163,32.16994,32.68592,32.109856,38.134586,41.56867,41.0531,39.892002,37.662395,40.71205,41.82805,45.37484,39.142998,28.759624,25.943237,26.66816,23.975555,18.428558,18.70187,23.48194,25.80778,28.593296,27.10567,19.683002,21.297604,21.528057,12.346121,8.719526,16.985912,28.384552,33.97522,32.162792,31.640442,29.50427,27.090586,27.271358,25.711111,31.88333,30.837849,29.047684,27.118423,19.602257,26.971245,29.922287,29.846924,30.025969,26.142275,29.011364,30.54818,24.492214,18.394201,18.577843,14.928612,18.600021,21.187317,22.499176,24.617052,24.678059,24.413937,24.658009,20.126926,20.090368,21.541336,24.733091,19.946507,15.236265,23.39386,28.379778,33.322906,34.97028,31.010933,24.707176,23.141039,17.699759,15.299753,15.5762615,18.532688,26.525265,34.633984,28.602732,25.95745,35.480873,37.81134,30.353191,30.068577,28.562813,18.164848,13.504076,17.755074,28.360695,39.162872,39.1837,36.14702,35.33072,38.357063,33.720245,30.48363,31.350609,29.980759,26.384317,21.1972,25.859722,35.826614,41.747467,37.295113,33.895,30.254063,35.49682,31.887133,25.92411,22.265114,23.313263,30.986588,37.102356,34.162594,34.108223,31.15959,28.446808,31.934599,37.524883,38.21795,37.96901,31.258827,24.26189,22.249949,25.787285,27.287811,37.19446,40.036858,39.80636,41.9828,35.30902,29.239311,32.262363,36.012085,35.753326,30.32029,34.087982,29.252277,21.156876,26.796814,38.85211,34.94448,34.554237,37.13366,35.543648,31.09899,29.151083,29.982367,28.033535,20.838093,17.254246,15.374439,13.279335,15.488582,12.422057,15.646311,23.917124,27.22134,29.891727,26.67527,24.102165,25.416252,24.887028,27.455654,29.011137,28.182873,25.895151,25.726597,25.607502,30.51498,24.109163,19.992517,24.590725,24.701149,19.390182,27.35808,30.313614,27.27199,14.708003,12.010279,13.1071,15.938625,19.871174,29.263063,38.65087,31.312096,27.49618,35.12268,35.97746,33.580223,30.680199,24.630585,20.783802,24.847921,21.214317,20.822083,21.088879,19.006466,23.188683,22.53994,23.121302,28.440498,22.792774,15.703038,15.088848,14.647879,14.042572,19.119549,23.770184,22.858667,23.81308,25.188528,22.245651,16.512451,13.584725,11.251031,8.608243,6.449396,6.4649286,10.19965,22.591282,26.144382,23.43343,26.190979,26.511635,23.455074,24.981518,28.546322,32.422848,35.315834,30.02988,27.891418,28.184643,22.84478,20.93948,29.14406,33.229725,34.283813,33.73186,30.925838,34.341213,30.028896,31.03668,40.727062,43.84719,42.661263,39.644783,45.682262,45.007423,36.922325,29.101395,26.631916,29.660109,32.922516,37.377182,31.903902,30.330345,34.816303,47.62022,51.16684,52.83834,51.117435,47.754517,47.012688,48.929817,49.43615,42.913673,35.554398,34.337025,38.46816,41.5913,41.188404,44.19371,45.350273,40.86307,38.354263,37.058052,44.000725,44.089844,48.444565,57.303627,66.240974,66.77946,62.652855,61.35129,57.470272,56.0052,57.653774,56.717163,53.14341,51.446846,51.64201,52.160675,55.21611,56.935417,59.648365,62.187252,58.918297,52.37609,33.991737,21.837177,23.058514,23.286545,26.761791,23.288898,25.181343,30.00341,34.5069,35.52597,39.258358,39.393295,38.269775,36.950638,35.805626,35.197563,34.390636,35.204613,42.421417,50.400978,50.396767,44.95167,39.00208,34.6781,35.327454,38.36325,40.741264,41.874146,45.61609,51.108253,48.6063,42.086815,42.132217,46.431595,46.48414,44.39492,47.483345,48.347313,39.429527,29.76625,30.219444,36.5349,34.085403,41.540577,44.923546,42.83142,46.531715,47.488724,46.56102,48.073383,36.47963,31.176266,35.674652,39.6505,40.396774,35.822674,30.59337,31.537834,35.8104,36.081192,32.079315,35.531464,34.74261,43.208572,38.593536,41.79775,43.369095,39.96084,38.46686,39.140556,37.639,36.784195,36.992588,40.59059,41.037815,29.040504,22.13499,28.470814,42.403217,46.30446,44.585075,48.805157,52.950935,48.494106,42.412502,43.266495,43.844032,31.858244,27.6753,33.79615,41.186867,49.006134,48.576927,41.15912,38.87033,41.801224,39.59677,33.202232,17.435135,15.000362,17.809956,23.832104,33.052914,38.59644,32.497093,39.07789,42.566883,42.516632,40.4749,32.88336,34.31277,38.212112,33.308636,18.633202,9.474568,18.099459,27.690077,34.86567,36.482544,43.593044,47.299805,47.62423,50.148933,44.294167,41.69915,41.880547,40.223663,44.340096,45.66055,47.869385,48.75335,54.857437,55.346355,57.874313,57.86902,52.409863,43.464508,41.892807,32.954937,32.885475,35.207188,41.0048,48.541435,52.521225,48.505722,32.872833,24.836992,27.043652,22.283516,21.673862,30.417038,39.30529,37.74668,44.77623,42.79959,35.355827,30.387459,28.392935,30.456306,31.023129,34.289482,38.182987,38.26572,37.60223,39.540874,40.49195,43.431778,44.03515,43.112556,42.506668,46.700493,40.67252,40.76888,45.797832,49.139305,51.256653,49.35071,46.442776,50.34195,53.107544,54.085114,50.0632,47.261833,46.001522,42.24813,38.80392,33.943756,36.531055,39.314804,37.739136,41.298233,41.134583,37.987476,33.41015,24.780474,17.909012,17.865564,21.846962,35.35857,39.56317,39.086224,41.323814,39.18614,39.22783,39.01396,39.170624,40.287266,44.611965,33.032227,20.22676,20.795967,32.724308,43.022064,42.118206,38.837914,38.972866,37.930832,37.65798,40.456276,43.700394,47.233505,49.908,53.163746,49.635708,47.284294,45.91774,50.21257,47.494804,44.834877,42.22696,41.408993,40.129845,40.309868,39.341087,38.45971,38.366142,41.416138,43.819633,50.731407,48.537018,46.84617,40.817814,38.968792,38.864094,29.712479,28.686413,35.10161,42.363594,33.281265,31.84621,34.873806,32.64115,34.620316,36.059483,36.842873,37.587883,33.76435,26.807964,32.20495,38.973526,35.85618,32.58526,29.495247,27.266983,27.48362,29.43879,26.957462,24.332207,23.861286,25.07989,25.651314,34.67016,42.638325,48.35972,44.432278,35.346184,34.176376,34.085007,37.526283,38.426834,38.88803,35.394394,36.910385,41.012238,44.092712,42.465515,39.685863,43.283905,49.729538,47.226242,46.21489,33.520905,18.66368,15.982036,19.151062,28.012247,36.39244,38.517128,37.17707,44.431637,43.549515,41.338806,41.267612,37.36309,36.785995,42.373177,41.791283,40.82527,41.422882,43.1627,39.08679,40.399208,40.413406,38.47857,39.62468,46.099846,36.30924,20.853168,13.035877,17.317764,29.33551,36.450478,36.88939,35.99485,40.051254,45.944542,45.096756,47.144028,47.69222,40.556465,39.988243,47.72727,45.941338,47.72135,49.719234,49.22684,46.621002,44.04934,40.120346,35.647232,35.69516,37.149334,34.189995,33.071045,30.56252,32.024727,30.233463,28.732489,22.421856,19.480808,25.055065,29.72545,26.457617,22.760155,23.412342,29.91283,30.822376,26.83955,23.105001,18.387934,14.022845,10.416925,8.389633,20.122227,26.25777,28.038021,24.844812,24.801254,22.709805,24.158401,20.262089,19.326159,19.764513,23.588455,23.951088,20.396917,21.749844,26.53397,27.106895,24.78518,21.369904,21.68783,20.111881,14.770375,8.524438,5.754011,10.769669,13.637107,20.565767,24.44527,21.581146,16.364273,14.644913,19.424282,22.942978,34.43489,36.506454,34.665882,33.74034,35.39684,30.645576,26.87141,24.166138,23.83359,24.699585,27.94915,28.566578,29.425156,24.34425,21.457428,20.128141,22.461704,32.017323,32.326027,33.53026,34.596943,39.86633,41.688816,39.38198,38.59343,37.72415,41.751442,43.87986,32.98237,15.027695,12.052336,22.850174,25.122482,25.30342,19.889261,15.066387,13.709848,14.472024,11.434919,10.77107,18.29365,22.534073,26.377888,23.426065,24.105469,24.186966,22.403118,20.888731,24.162827,27.470924,26.595428,29.454174,29.571207,29.381485,30.277006,32.138397,32.46203,29.169952,26.04842,24.870663,30.268291,34.324905,32.40984,31.94248,31.592941,34.978573,37.720715,33.746048,33.250076,30.694553,34.017754,36.050133,34.434525,34.743305,25.957859,24.078403,26.321331,25.77184,20.133041,7.6449327,8.691348,5.777586,4.1505795,5.126505,8.716562,9.502208,10.0419445,0.95620257,1.9642156,12.395691,17.177221,10.236221,6.658373,11.213509,12.185156,12.716441,11.735649,15.644554,15.110649,14.19289,13.4379835,13.444828,7.5961637,6.1077423,6.755929,1.937999,-1.0156043,4.766405,-0.8052707,-3.4247832,3.6786299,8.350617,18.061058,17.433079,16.825258,13.643348,23.104847,31.088243,39.892426,29.92498,24.499992,30.110147,39.83136,45.250877,38.385696,32.57569,15.239765,2.1124086,5.34191,22.22216,32.28192,35.259747,39.311825,34.778114,34.72435,39.7789,33.44571,31.545696,32.740013,31.210953,25.967533,27.320826,25.204857,24.662518,23.84664,28.565601,27.435406,26.818518,27.817982,30.59731,31.458624,27.30185,27.488209,28.686714,33.6992,39.936996,31.97532,29.815273,35.645264,36.486835,34.45498,31.494984,30.841026,31.842941,36.33133,35.037586,41.870083,45.487206,46.642075,45.12546,45.625954,51.96982,48.93318,50.060715,48.483826,30.867971,16.898802,21.186214,28.027508,28.820648,31.954678,31.115032,20.89126,21.551846,25.663166,23.202242,28.366268,28.743065,24.078033,25.257252,29.875536,32.262253,35.068672,44.71247,53.42182,49.16757,46.35091,50.13063,49.924107,49.393044,46.36078,39.33748,24.651875,14.377889,12.153018,18.568148,20.044666,20.143906,21.684267,17.294888,15.614908,16.677849,19.96429,21.432812,15.328072,10.90182,12.353908,19.213984,22.594143,28.062569,37.828804,33.518726,35.163834,38.118805,32.932343,37.891533,43.78698,40.811428,36.37771,38.001717,33.133045,28.835514,29.32191,36.39821,34.31724,28.039736,24.040115,25.085728,27.853584,27.240265,32.298927,43.970955,43.664886,34.881096,32.261395,32.599106,35.9245,34.274246,41.377472,49.36936,28.141613,24.209646,32.654175,34.373497,24.795048,20.256111,25.25433,26.340824,22.489113,23.014816,27.84129,29.240028,28.2655,26.262585,28.636457,36.502235,36.53193,33.666092,35.317467,36.66951,37.243294,35.26738,33.908474,39.77852,36.85704,34.564617,29.464764,33.596985,32.584896,23.778683,23.33384,28.679935,27.617807,23.801628,30.211544,29.25914,31.379908,39.931915,36.26401,30.92132,32.364532,36.270954,38.025284,40.914986,39.322136,42.72538,41.331917,38.274094,42.51528,31.26036,27.213356,30.550446,39.948418,40.892334,38.359447,36.15034,30.173866,27.685356,24.464367,25.424736,29.510006,30.04158,24.043106,26.465538,25.388477,25.067415,28.832165,27.751648,30.105152,22.089527,16.823874,16.755455,26.533203,31.730488,36.8376,45.64818,45.848682,36.37975,33.220764,31.864235,30.727228,31.429066,32.851254,38.36286,43.71881,42.523903,44.77645,44.89215,41.97911,38.44555,38.286728,32.490707,32.513546,39.340145,43.4922,45.90825,48.394936,46.12496,40.986217,34.912945,36.29915,41.221603,41.5839,39.68071,39.68952,43.575287,40.20516,39.5467,35.496918,31.344082,30.817236,36.24516,38.72055,35.049507,31.890806,36.033447,41.916847,40.52494,35.2346,29.922787,36.368813,31.271755,28.625458,31.17523,41.46309,40.476036,34.41779,27.251526,26.074268,23.635864,27.454382,32.66579,34.328094,32.344376,32.262844,30.025778,31.810638,41.4282,45.184822,45.855587,47.70586,45.791233,49.980305,54.694923,53.03265,46.842552,41.11774,33.601288,23.789385,21.82877,28.868008,31.173836,28.259207,24.815182,25.645208,25.921757,28.330292,32.746063,24.87104,20.91182,10.795052,11.616855,18.144848,22.393929,19.980442,15.611959,21.642807,22.38704,21.999016,29.350935,34.83173,34.80291,40.862766,41.833237,34.46142,31.689466,34.36104,35.804893,32.02454,26.488781,22.445843,21.099283,20.51121,21.119938,18.559547,23.55747,22.88144,23.8446,24.092949,24.396488,25.222149,26.739721,25.98662,24.620995,30.220293,25.476818,20.356953,17.82703,19.165152,17.684605,19.809582,21.18388,14.895552,13.20337,19.846462,21.361542,20.188896,18.275059,18.075623,20.816967,20.596504,20.602154,22.694878,22.07069,27.377254,37.911713,36.641327,36.495125,38.745747,34.212605,34.132797,31.315144,28.550098,36.662846,43.458794,45.915462,43.514004,41.92023,39.1028,29.644773,32.358566,31.233826,29.100239,24.500778,24.098103,29.496841,30.175514,27.528013,28.185997,31.951027,32.55308,33.23981,31.03624,28.75011,25.465206,23.563717,23.157284,25.04625,30.390831,33.813988,26.289629,21.478786,21.675014,26.635702,30.216599,30.239536,27.483532,32.87586,25.01131,18.424416,18.948088,32.549908,41.695213,38.764515,43.682198,40.171104,47.495533,50.067444,46.822937,52.872166,53.10473,44.239212,44.295795,50.81035,50.449463,44.42285,36.351715,30.66283,31.237667,33.27484,33.350136,35.756958,31.848705,25.984695,23.809134,28.50444,33.675873,33.269505,36.491283,41.151222,39.31987,40.557148,27.882,21.331787,19.687916,24.08983,22.589558,15.437548,13.606873,19.51767,23.646744,24.26212,22.893566,25.469862,31.901031,24.989815,26.730495,26.528046,24.436008,29.743504,31.824064,38.30384,38.503193,35.03971,36.177933,36.796352,34.579292,30.136732,35.095093,39.572227,45.797153,49.248047,39.91189,30.583666,29.26603,22.998566,16.365778,14.759247,15.306665,16.492643,9.783953,15.265971,19.362658,21.235962,21.641539,24.984211,27.811909,28.623344,36.45484,44.765053,45.068924,36.390255,23.089136,18.888474,27.182495,34.14356,34.431534,28.858303,25.725033,27.272068,27.896622,23.086475,21.702946,22.761314,21.449282,17.623661,23.33677,32.033512,35.39181,34.29954,34.45719,35.06295,31.984863,28.988941,29.61273,31.866404,36.63863,39.343536,37.84526,36.46009,40.63688,38.10138,29.748848,24.978233,23.626877,22.02174,22.891174,22.00866,24.990942,26.833395,26.948269,30.008398,28.11356,29.694551,30.991558,36.13921,43.401237,45.009468,45.830055,47.86518,39.178963,26.046818,30.546886,33.56481,32.550003,33.447346,30.658308,19.52122,20.862013,19.37968,18.803827,24.176287,19.964104,17.026735,28.833458,32.972134,29.825928,31.375717,34.745216,36.185432,33.673923,35.095448,39.087395,42.51021,42.214817,38.805115,40.664383,41.402065,37.97863,32.414623,30.004198,21.270584,14.583023,18.621332,18.684849,18.567415,21.12548,24.141434,24.695986,21.457283,27.932463,34.204514,36.94642,41.27575,35.16662,35.11362,41.689774,42.977413,34.17019,24.141863,18.653774,20.499413,23.84896,25.3945,26.42894,30.106176,33.188667,35.935257,29.415062,29.72255,31.982334,31.457344,25.94309,24.10845,28.561752,27.09922,34.495075,34.033188,28.354242,33.525505,34.960175,35.121784,41.031418,42.439182,38.505367,43.7787,48.375313,43.733276,43.644554,45.74878,43.888187,43.4579,42.298706,39.66381,43.44724,49.51259,49.23164,39.765957,34.600327,33.894028,36.41577,36.359253,31.417091,33.840652,43.787773,48.74731,48.23427,36.199368,29.402348,33.285076,32.74919,32.95607,32.985218,35.253437,36.6289,28.351847,25.242207,33.59498,32.48186,26.875282,21.979029,22.741852,27.747185,32.544777,31.730879,26.819347,36.317223,39.328094,40.92353,43.68668,43.19091,37.82234,36.405373,33.183765,27.583946,22.415657,21.101234,19.664349,16.760483,18.762917,23.950024,28.519371,33.885975,33.737946,31.285606,27.121855,20.076183,18.192768,17.659676,12.9935055,11.712471,13.7754345,18.046665,17.505238,23.74188,24.900055,12.616915,6.233279,9.031671,24.388937,31.231659,24.321472,26.247036,32.1057,28.946104,29.0166,27.939924,27.725838,26.136032,21.658718,13.582439,21.236307,19.227972,22.514872,33.377594,35.922684,36.05835,35.04212,37.905983,39.798218,43.209213,45.234634,48.19983,52.900665,46.854824,27.365599,21.298534,26.623623,26.197708,31.868145,27.7617,20.5094,22.858952,22.763447,20.483597,18.475765,17.039568,19.78273,19.29927,19.723856,18.715687,21.055508,19.317272,23.000496,24.372057,18.255545,19.969812,20.458149,21.359005,25.12511,29.303278,27.615711,29.275404,28.055191,31.027557,33.63315,32.908512,33.85588,31.651882,37.0222,40.983418,44.366783,47.879204,43.21308,39.998253,38.65325,40.917984,47.219788,44.25933,33.70572,36.946075,43.966785,41.172768,31.381325,27.477465,23.027662,16.143143,11.198324,12.432243,17.187431,18.418224,20.699404,19.195396,10.637251,10.655348,11.5212555,2.214964,0.11352125,2.691531,0.6678739,1.9641787,2.9419975,9.7668915,5.603873,5.9093657,7.472047,7.633853,6.5567784,0.997036,6.747492,6.714438,5.9464684,3.0317452,-3.1008239,-5.2028465,-1.8939167,6.979559,6.4095716,10.813192,28.70871,32.44684,33.232048,31.145378,28.31915,29.621916,36.07658,37.326782,31.418133,30.383894,27.107113,26.511314,40.008926,43.493088,37.06879,28.274452,23.77936,27.564373,38.556786,41.5617,39.063484,41.093483,42.13118,34.53665,34.645054,28.931229,32.06093,32.461494,31.090992,29.77864,25.1229,27.917547,28.614988,31.790115,29.937428,30.917595,34.639404,38.899223,39.6115,33.446156,41.655857,41.78026,38.925003,44.39725,34.92116,30.503841,34.00278,34.016293,35.230904,43.89845,51.734337,47.40722,48.32567,42.885777,37.230515,43.719456,45.458755,30.315336,24.34577,29.825386,30.273075,29.582644,26.790035,22.00247,17.862675,17.910425,20.494366,22.871555,23.555729,20.97015,28.739788,29.791,28.342213,26.59785,25.49035,33.39625,42.259903,47.566822,51.87481,50.818077,41.69667,25.131403,19.125397,16.47227,17.626526,16.295355,14.90111,14.506946,8.0564575,10.244252,11.24555,9.267882,12.342508,9.194983,10.4262,13.599681,20.751732,29.5215,27.782389,32.81068,38.29854,33.99735,29.840054,33.661484,32.862663,36.65307,43.621937,40.308716,40.680687,39.91288,36.425816,33.67852,32.0595,36.30439,36.78656,43.308094,43.441936,39.463448,40.00773,40.132236,40.475517,42.08685,36.157272,35.397305,35.85724,37.88933,41.7369,41.31085,45.899605,45.787964,40.185074,42.265244,45.977165,37.519447,23.432047,22.84943,31.24788,38.910645,41.150253,39.304085,32.57407,31.454132,30.335419,29.910591,31.584274,39.541237,42.970978,36.31732,35.54596,35.04565,39.664833,48.08022,46.452324,39.183075,33.128265,37.73801,42.880165,37.759758,34.227608,34.340225,29.612427,31.43244,32.15508,28.157452,33.762573,39.936703,40.518158,38.792427,39.07357,40.716858,40.547283,36.193565,36.800148,34.75865,32.796295,36.31144,38.250404,39.554035,19.945408,19.106216,30.054266,34.43269,27.651701,17.046856,19.102303,24.691858,31.364574,32.149597,31.808613,29.843082,30.443289,24.343075,25.433277,27.285149,26.576588,24.7827,24.187693,22.479126,23.32746,25.590221,27.692041,33.443554,34.64151,39.608776,46.294243,50.06026,48.93344,45.865154,43.864273,40.25876,36.196438,37.33864,43.19065,50.48444,47.506065,52.40329,46.39502,36.742706,36.473385,37.407963,38.06482,36.319244,39.7602,48.786224,46.863594,40.390934,30.152504,30.637589,39.26065,39.70948,37.24514,31.4936,31.103466,39.503033,42.11276,43.150467,40.682854,37.90865,35.24453,31.647621,36.344368,35.752373,32.358444,36.774902,36.93632,34.404793,26.271683,28.009996,33.69661,32.942413,33.70778,33.207283,35.818848,39.096855,31.818338,30.53675,27.446415,26.077728,29.681461,29.583412,26.455036,24.950916,26.149406,27.333778,27.728916,31.547916,36.739407,41.59799,40.13033,40.008896,42.589233,38.818336,38.180107,42.161144,38.658676,18.407175,18.022863,27.858866,30.535988,29.697739,29.46575,23.636255,22.94566,27.839453,28.708641,26.040531,24.388355,21.033234,20.179552,28.042912,25.861273,25.455662,28.06445,27.649673,24.25961,23.018295,28.94568,28.349998,31.136253,36.54506,35.55216,33.272507,35.878197,37.755173,39.69965,43.254856,38.38746,34.36003,30.333868,33.90589,37.606133,29.907112,28.943197,32.242786,27.1717,25.260014,20.678543,21.590916,25.021605,30.558422,32.490685,27.15496,30.00941,27.324768,24.060822,23.765934,29.843939,24.290512,15.437285,11.204905,11.554803,17.111935,16.06752,26.281605,30.249489,25.25219,26.76524,25.834703,27.982262,34.788673,40.198,37.215477,32.700493,32.477554,30.882187,36.79255,37.60962,33.123707,30.428507,30.158318,39.186222,36.513985,35.917694,34.849617,32.212433,29.008698,28.294708,28.588367,26.36272,30.046833,38.31694,37.39839,37.47948,36.7728,40.297714,44.97718,48.749535,48.586685,38.75117,36.113953,34.57705,28.384068,17.031769,17.00944,24.480085,23.460056,25.994871,25.364357,23.440666,30.66793,31.690382,32.06539,26.044687,19.152897,8.138552,6.9756365,18.995497,27.51993,28.038166,29.816584,31.951975,40.334244,44.29464,43.666496,50.87412,53.465065,56.8482,56.8929,59.881393,50.280006,41.57138,44.861397,43.00142,35.19097,21.229183,21.635227,21.697975,24.660751,29.154297,26.002739,22.49414,27.688866,34.106617,33.910004,33.08364,35.80031,39.739418,40.49756,34.10116,25.382668,22.534225,21.873981,19.287598,11.931028,17.907597,24.144789,21.733679,19.970627,19.29171,23.952538,26.057465,24.581198,26.298943,27.15799,22.384773,22.684185,29.547169,29.292366,26.175663,32.448986,34.65221,30.892437,32.46109,33.345623,38.688866,38.006264,38.932343,35.745483,31.84111,24.098288,22.731094,23.376614,23.186956,16.218182,16.860207,16.45787,22.557213,22.357414,17.089403,19.61038,29.047695,30.317894,23.633913,27.610918,37.485573,40.595634,34.2481,29.141094,13.685375,16.773111,27.137255,31.497292,36.03956,32.699116,24.283983,21.564404,20.741936,22.889198,25.287292,22.97766,17.774567,18.48919,27.529781,27.325287,28.768929,25.554962,25.352438,24.163908,29.28219,37.4052,40.182526,48.00084,61.072395,57.556847,47.38761,38.22604,35.322575,31.4874,29.02901,27.189207,27.735847,29.061691,31.608324,30.079227,27.21508,22.228092,17.353592,23.266932,32.94284,42.106087,43.185425,41.73542,43.285988,47.02317,43.812798,44.901894,41.86197,33.192078,35.467094,29.65129,31.929848,31.594494,29.752666,28.857307,31.788729,34.172955,33.151432,34.22398,35.68966,40.08761,37.62047,42.90825,45.809563,51.20794,52.655945,49.446213,48.14583,47.89715,46.10311,42.29634,39.876274,34.884308,31.550148,33.43437,31.166245,28.843433,25.118324,25.496891,34.507133,42.84709,43.16014,42.181595,46.743904,52.70906,54.889084,57.19169,59.471252,59.729404,58.314503,57.12075,53.8535,48.447212,41.78277,20.036985,13.068708,15.850733,23.220276,33.106804,34.185783,28.843357,30.013288,28.640085,26.488922,23.02008,26.120125,29.985392,20.43517,17.78058,25.985771,33.782787,40.84182,43.538612,49.07895,51.8387,54.192253,50.326614,43.637314,36.685753,32.278114,43.60543,48.13025,45.711617,41.502,32.966625,37.16369,33.644558,34.576187,37.590286,45.553448,54.327625,50.725365,43.296875,33.651,29.078278,34.061554,44.702522,44.93392,39.608864,43.05159,34.260254,24.157452,25.880842,33.949272,34.598858,35.558083,38.352013,41.061558,48.795406,52.278248,44.564102,34.270714,36.26345,44.45736,40.23655,38.13229,35.781883,38.54895,40.172905,39.18723,45.054893,47.93373,48.315315,51.393883,53.461952,47.488194,42.879364,45.147446,40.64557,38.63787,35.53968,32.695847,29.040398,27.788443,30.241028,32.90989,35.878178,34.519913,37.26531,34.03562,32.673985,28.83903,27.513165,36.79971,37.677612,36.888565,40.146034,45.36737,45.659847,33.75659,21.540003,10.290946,8.920754,15.461338,20.766964,21.17965,19.927029,21.424114,22.264923,31.200066,30.464743,31.042732,31.297188,18.084377,19.4384,31.979273,34.013138,25.913673,28.036865,32.74332,37.0107,40.49343,39.66042,36.669544,35.379944,38.97706,41.03711,36.166748,42.567608,49.72439,57.222908,55.36001,52.412476,53.734,47.97665,46.542976,49.57081,51.156235,52.66339,55.90854,59.189556,58.47464,56.25791,52.165436,49.04933,44.538742,44.869564,46.416782,43.39601,32.852036,29.008804,34.161415,37.61918,32.55047,35.25287,36.109356,30.816757,32.86496,28.016088,26.464409,29.826817,34.13005,35.266884,35.949566,32.789093,30.840176,31.267246,30.741867,28.811502,32.110783,37.26883,37.987556,37.27487,36.7204,33.818527,33.795654,37.11251,41.054604,39.357456,40.66737,40.45619,38.062508,38.312138,38.7191,40.779995,45.965202,43.69372,45.025394,48.416313,51.274944,48.196423,42.22188,45.616806,43.655525,40.86038,40.791428,41.986565,48.29013,45.267357,34.1741,21.485683,29.334785,38.592434,41.438904,38.864174,37.539032,41.38158,37.46025,37.16718,36.80307,36.22609,45.99523,38.708755,31.87112,35.893776,42.036774,49.250175,54.31898,49.124954,47.767933,46.618645,43.649624,43.97125,43.411953,31.13931,25.619946,34.961403,39.50003,49.590378,58.693573,52.537308,47.31012,43.954796,41.7019,44.68078,49.42076,47.5599,36.64463,34.074486,31.235512,29.999672,28.438595,27.894993,27.382652,25.603159,25.624407,28.866703,26.28585,27.230782,40.505543,49.359543,45.905518,45.75777,48.695023,48.650223,41.709007,41.208424,41.831413,45.606354,45.877197,39.230995,36.653526,41.436287,45.38937,39.039185,30.521444,32.93244,33.24498,36.52362,35.032852,35.981472,39.94194,43.353043,47.237816,44.321594,48.516487,51.33155,46.27059,37.338657,31.513199,30.613598,35.1157,42.74685,37.18222,31.527641,32.071953,35.53279,25.80965,22.177864,23.853691,22.360153,27.601871,31.586315,34.715126,38.29762,35.279106,24.244698,21.865347,14.570622,17.731415,26.755003,25.18686,26.482777,20.79586,18.066265,16.642313,19.285156,18.394562,21.034458,17.975494,19.026241,22.581867,24.359814,23.01693,20.067818,22.066277,24.475527,27.37278,24.975647,27.11329,25.127653,21.192999,23.194,18.17075,24.882954,32.34773,27.737907,24.939716,24.43317,23.028503,20.931782,20.231297,16.92921,12.782421,15.801452,19.74258,23.075748,18.480053,18.890038,19.566967,24.44738,25.390154,20.795578,24.517792,33.291374,29.5615,27.673117,31.996426,32.46129,33.855392,34.18864,29.928204,23.796848,23.154797,31.469715,36.832973,31.429993,27.617401,28.176666,27.52159,29.429699,29.358189,18.602022,15.900421,20.882217,20.589378,20.116295,24.87625,31.314234,29.71022,27.811985,25.367695,19.745415,19.473164,19.717098,15.59715,14.962561,16.589542,11.799359,16.43757,15.999708,12.319536,19.222338,22.862373,18.910017,23.63647,21.753845,24.083824,23.5074,24.86869,21.739368,16.314907,13.911854,16.395748,21.067474,30.593819,37.35904,36.5243,38.49363,36.723618,39.278595,35.182224,29.870403,22.402466,24.05415,34.592255,25.155815,23.758669,29.728384,30.523308,37.211254,42.70947,42.096046,39.524292,39.067375,40.41263,41.901474,45.431473,47.33014,50.313644,46.951874,43.31169,42.96599,40.935112,29.629936,21.017895,12.445934,5.9792185,8.587155,19.093159,16.833418,13.305071,14.686096,20.626528,22.19518,26.136593,29.676231,25.987625,33.98555,40.2896,34.99417,31.091957,26.343403,25.064621,28.151043,23.11491,13.112862,9.554019,6.2954955,5.982065,6.2169256,14.058212,20.519783,22.884438,26.0626,30.56511,29.628607,19.366951,18.97755,24.122917,32.068893,37.04989,34.10596,19.661827,22.21415,29.611511,34.358597,25.729969,16.807545,13.398436,16.440178,16.157211,19.283596,16.45798,16.187435,17.912338,20.753048,21.894073,21.545668,27.341164,30.615082,27.80642,29.974766,30.607151,30.89035,29.223602,27.994421,31.645592,34.426758,33.166855,32.120987,33.352604,26.491829,23.395218,17.612247,12.9436,15.499142,20.826488,23.43271,25.547588,36.067184,39.533615,32.821053,30.338219,40.61023,46.473553,47.52314,44.08191,42.61002,39.40234,40.267815,41.618935,42.10614,46.733482,44.200138,39.148003,44.153282,32.696877,23.132614,20.76055,13.914253,4.4340577,4.683504,4.533719,7.505452,6.714382,12.691162,18.61035,17.711391,16.770466,21.590439,23.001602,20.61507,19.833359,15.858111,17.296474,20.839918,13.111322,14.578624,10.44949,6.0541773,3.49839,2.6548305,1.5119478,9.693679,14.858364,14.848076,11.460599,15.378181,20.53766,23.000233,23.217236,22.424896,21.261618,18.459736,11.634178,16.852495,15.800957,7.957476,8.125438,17.169107,20.84739,24.094133,6.1803465,-2.8142772,3.0493586,15.524368,21.529663,23.283066,20.035381,20.57503,26.848087,26.45773,29.654804,31.62939,35.39538,32.50319,34.124752,37.41327,37.338505,37.748062,35.05137,34.46846,34.46088,32.13158,35.353256,30.951515,28.222746,32.607635,33.683372,31.747599,32.811607,34.997696,36.00446,35.83136,33.565636,35.92312,38.953697,38.968254,37.633858,40.36596,35.657776,30.226528,27.198051,32.65991,27.770868,23.158579,29.111835,38.98532,39.30873,39.355648,33.434975,29.202822,41.186493,49.14589,38.859222,21.781502,29.20823,37.011612,40.029423,42.002884,42.754173,47.644943,45.783344,39.454666,36.881325,34.574097,32.91738,36.74445,34.685738,31.614101,30.760555,32.660843,38.94139,39.951485,39.493362,43.279156,37.127464,35.35106,38.87343,31.346558,20.330933,24.331799,34.194046,39.028866,40.34485,38.103264,43.50492,37.711357,34.288784,37.42122,42.490746,43.275085,40.1242,37.6968,39.710968,38.528194,35.91743,36.75673,36.061546,34.618576,23.319542,24.77789,29.66078,33.916336,37.143967,37.189312,36.95384,36.730793,31.806461,30.83268,32.817093,38.93522,40.061623,33.96026,31.268986,37.067596,40.12493,43.083946,42.284737,42.238083,44.402657,44.453213,44.655693,42.906746,42.017838,35.27182,35.32556,38.009956,33.759922,22.828768,25.692764,39.739502,47.70192,41.234295,42.607864,43.45876,38.149693,39.808517,35.480133,34.207394,21.252066,14.169249,14.95513,17.467667,20.896118,30.937206,32.615433,31.837662,33.482162,35.53553,39.389034,36.17629,29.340607,29.977669,36.54737,36.540405,35.675407,37.08893,40.5094,39.24436,40.570114,41.51805,38.45998,35.46343,36.78588,31.508396,22.467106,19.630522,28.866125,32.126827,35.259933,34.78813,37.014496,37.62439,37.782166,35.71441,22.579523,13.131363,19.441032,26.979944,31.604977,36.19835,33.799892,30.76652,31.40692,33.932133,34.639206,33.049896,31.260887,35.007294,30.564156,26.497368,26.765057,30.581041,31.426027,32.7322,35.610954,37.152985,39.052986,36.53069,36.33074,30.602064,31.086052,28.804394,28.540346,33.144894,33.240925,34.11834,35.186802,37.012856,36.760597,40.013084,44.57486,49.591362,48.031197,46.558907,43.49225,38.894226,38.724552,38.412857,38.384026,40.719315,41.202698,27.319567,22.677492,21.592976,29.174503,38.495163,43.500847,45.65327,45.002487,39.18493,40.989986,37.55216,37.297874,31.725582,23.781986,23.494743,12.809034,12.487646,19.634062,24.171476,27.46247,30.8932,29.345684,33.66867,35.203205,42.143353,41.902264,35.78785,40.389854,47.22277,53.555588,58.046196,56.96227,59.01963,58.947155,53.572968,48.734863,44.05671,38.219116,34.361916,35.278404,35.012714,36.48159,35.184948,32.281967,30.52649,31.133892,38.3945,37.278786,29.524925,30.245007,30.734947,36.46199,46.330788,43.45655,42.252502,44.11187,40.562485,40.953224,42.320297,45.652027,45.570198,45.86971,45.609596,44.166687,40.100197,34.117172,36.043976,47.368214,49.62565,42.253803,39.695557,35.90148,45.307056,44.637157,43.81646,40.106987,42.720818,44.79731,41.728813,41.647358,41.31968,38.57749,39.603233,38.907074,38.140533,38.547844,43.94941,47.117027,45.206383,47.636986,52.47056,51.017815,53.370544,46.545574,47.77977,50.687195,41.1935,23.661194,17.08992,22.502846,30.508184,37.84956,41.29837,36.8035,32.25042,33.663025,34.858753,40.3074,39.848946,36.04902,30.8191,27.66233,26.360172,23.745142,34.60661,37.170544,34.881462,38.614937,41.368576,42.016277,45.46074,46.952652,47.45205,47.403038,46.848904,51.415035,53.529926,49.91428,46.2425,38.56661,38.745243,39.133327,40.317467,42.516674,45.866947,46.24063,40.608364,34.799126,35.82267,33.511078,37.11276,36.394897,39.39809,35.922012,29.726187,31.626118,30.134459,29.820051,36.394554,33.11911,31.538246,30.794756,29.02384,26.561037,24.190117,23.441025,24.11108,22.638924,26.39354,32.166687,30.057823,27.017729,26.801989,20.969809,18.921923,28.36034,27.11863,25.036495,27.9742,45.292038,52.345398,50.53675,48.169327,44.474003,43.655796,45.420708,39.62819,36.10413,32.252888,25.600191,28.911755,33.931477,33.775818,35.078854,35.25669,33.821487,38.58618,44.752243,46.082294,48.768517,58.410797,55.693977,47.95254,35.339157,29.324406,22.717426,15.831524,21.212582,33.00981,30.575165,32.047813,31.163334,28.666225,27.466333,28.261784,29.517174,33.751938,36.24363,15.182834,9.195818,19.8723,37.872482,46.02201,47.66815,47.783722,47.50258,42.518883,42.09911,42.78769,52.740097,55.182526,54.375233,50.801994,54.254066,54.53549,44.958485,39.371735,38.475677,40.947075,39.656948,38.75414,39.19361,35.31622,40.161118,38.998753,38.28186,39.97899,38.58764,35.13203,29.804474,27.80599,25.248165,23.760433,25.40149,28.270079,26.37843,31.332184,26.903116,25.64895,33.605843,42.96073,38.144135,33.380142,36.553616,32.893997,24.766933,25.667892,27.043682,30.05682,32.176044,32.703415,32.3164,34.78039,36.87106,32.20857,32.794,33.076252,23.592857,21.543638,28.691277,35.417786,32.524506,24.297844,32.1913,33.892334,28.699463,25.959133,24.954529,23.915203,23.546404,22.36082,23.592447,26.050644,27.530735,32.214207,31.235428,29.73964,35.14227,41.819496,34.900505,32.84868,31.60748,24.50507,22.459436,27.56181,30.242836,37.548485,34.74749,29.68329,29.385372,33.614304,26.989,23.409489,26.148594,26.383724,18.172535,15.611103,21.128254,22.549225,27.489481,29.78736,31.18962,31.649506,30.650412,30.740067,33.704933,33.912743,30.939964,29.059948,26.544136,22.382977,26.733627,24.224678,21.877598,22.581097,20.78329,15.026075,17.431568,13.265402,10.179197,2.9456983,3.9793122,8.252722,4.301841,3.309165,5.0073895,-1.0908961,-4.881086,-2.035832,-2.7290306,-4.9020195,0.23581886,2.3890982,5.3241973,9.603132,11.659941,14.262527,13.301054,19.311367,27.70932,28.612865,26.572338,31.06395,31.097456,32.081223,24.139954,22.224651,21.367802,18.6997,13.685615,9.278149,8.829288,4.625368,4.9130754,8.345659,8.966511,6.8656654,8.4610615,4.264925,5.929096,9.688165,16.2081,23.546528,25.215723,31.140709,35.549416,35.44503,35.102684,35.841644,38.251312,42.22362,41.891365,41.695747,41.76956,39.788567,43.232407,40.91944,30.182762,26.050846,17.404736,17.375809,32.358776,39.245842,40.356094,43.045437,39.09722,43.695835,43.130974,46.831284,46.702225,37.471672,29.330406,22.005726,21.219334,28.425386,46.191628,49.821655,41.3117,41.052036,45.340935,45.26641,45.274353,43.456604,45.159554,42.04934,35.243553,39.236816,44.259136,42.427124,39.70175,31.42746,24.140589,22.295176,23.987644,28.236187,18.156992,16.005358,14.908987,10.3645735,10.510328,13.104406,18.554403,27.376772,33.307716,29.877115,37.893417,33.243927,23.407349,19.541195,22.828674,14.317854,12.491518,14.336378,14.384939,18.988934,15.9492855,14.544308,20.121082,30.456768,37.28324,37.69645,43.2797,38.607243,35.980286,41.26283,41.391533,39.56187,37.685894,33.15326,39.099003,44.119587,43.16545,40.93295,35.679466,30.88884,22.947706,18.195892,17.377361,19.553799,17.513329,14.917825,17.059242,18.452278,23.882477,20.43169,22.10572,27.568523,29.855005,32.447403,33.88575,34.836407,35.048737,35.13598,19.429047,11.25502,21.080261,31.456463,28.695797,27.139984,31.42712,29.508343,25.31701,22.744965,20.017271,25.43948,16.866535,8.691505,8.2999325,26.390787,27.484043,27.96223,35.580032,30.593166,36.751205,44.550514,45.79473,47.29815,50.873657,50.080795,50.97075,54.730797,56.299644,42.720604,28.31962,20.593264,18.9613,17.124802,9.961861,3.9397066,4.411168,7.5649157,13.189154,19.143856,10.864451,12.810088,19.493748,20.289974,19.476023,19.701628,22.944752,19.662672,16.043716,17.212475,29.11765,28.210663,22.308826,17.662529,18.955256,16.235443,16.889057,16.005726,14.409145,18.217432,19.47356,16.6824,11.82096,11.579788,6.849654,7.3983564,11.926716,7.9250045,9.054707,16.86528,22.849888,28.066736,33.890697,38.802692,31.84272,25.231579,25.604053,28.210949,30.32917,32.755447,28.669838,27.869566,29.822132,29.618462,35.125,37.85839,34.30503,33.551903,34.84905,40.216816,44.121956,39.733177,40.25294,38.66382,35.06803,32.020145,35.841007,33.3814,32.378147,30.562902,28.45773,24.758247,24.218407,25.373158,23.975266,20.111574,19.642408,21.436272,23.019884,20.798054,21.137396,19.955606,21.149172,18.853867,12.964596,15.789499,16.93314,13.217522,15.859749,16.118914,15.032076,15.436958,13.584358,16.585161,14.596274,16.877907,18.84784,19.639189,23.613232,20.893095,13.016474,16.849503,18.516537,14.237972,16.863163,16.280186,14.426685,12.534145,14.708863,22.163265,17.61294,17.32121,18.0003,19.880356,20.687464,16.789389,11.980951,10.51586,14.197032,18.856287,14.385822,12.856352,9.385525,8.0052395,10.308195,10.6148815,10.260737,16.751083,20.56791,21.947105,23.748743,21.78215,18.695745,20.53135,17.741383,18.112076,13.948545,14.092424,14.429676,13.938768,20.836185,25.665909,28.491583,23.937744,22.851635,26.402855,22.200083,18.893661,20.645899,22.19842,20.22002,19.870186,19.702133,20.496466,30.875563,34.404274,26.024004,59.20105,64.57157,60.074394,58.40593,43.951477,37.820244,44.268402,47.27024,41.416344,44.568718,40.895805,42.58049,45.095222,34.574654,35.969032,30.562622,18.128345,17.65785,17.214394,16.478685,17.048353,18.216465,16.46541,16.498102,26.246094,24.395626,28.82045,26.168072,7.3012133,4.0398083,12.537827,17.406113,18.658268,18.955038,16.900637,14.00415,24.94175,38.99877,45.802254,46.10437,38.78739,36.67585,41.426285,39.144318,37.458878,37.66391,35.454857,33.35128,34.64367,36.521095,38.114204,39.28771,40.058533,40.52402,41.20468,40.65715,34.745773,37.200554,36.56167,34.32865,25.911367,16.221321,18.59953,26.786896,35.975407,32.130287,37.18212,43.402874,52.17162,35.54662,30.443344,36.36316,40.56996,36.688347,29.837833,19.997036,15.735511,16.981848,17.199936,12.246138,11.199194,12.669685,12.629975,7.4598823,9.698307,13.326406,16.616009,12.617771,15.122482,23.777664,27.40102,26.707188,27.860237,21.538834,18.8267,21.744944,18.001043,21.411919,18.446003,17.416718,20.502966,20.511425,24.932648,23.134975,18.207375,17.927933,22.18224,25.185703,29.892134,22.19249,14.242456,14.01457,17.469296,17.62456,18.97636,15.664705,19.381624,21.266481,18.82397,16.687078,11.317816,11.256102,11.338704,10.691262,11.154759,13.096437,10.807003,10.174059,8.577605,14.948151,15.015579,13.976009,13.799347,10.797472,11.978083,19.966135,18.419228,14.416975,11.851571,11.154733,12.263115,13.945673,14.196623,17.033066,17.087318,8.930469,10.749379,16.615353,16.881977,11.175501,7.1770716,8.090833,8.447629,9.247221,6.121128,8.463167,10.773764,11.222286,7.7955523,13.141731,15.295992,12.785452,10.755348,18.1462,18.82396,14.795326,12.52507,14.735947,15.690604,15.266556,15.879974,14.780807,11.840321,12.009579,11.115063,15.778372,18.901602,10.299938,10.229744,9.203266,7.129268,9.526625,16.822351,18.404068,14.214183,19.579485,25.944725,28.835148,24.257881,24.510582,24.028069,23.722466,16.626879,17.118717,17.7971,15.823124,13.964222,17.78164,20.702583,21.533642,18.503971,18.407265,18.142393,19.492329,22.58044,18.86815,20.29964,24.096676,21.856976,13.581205,15.932552,26.419167,28.266354,26.922798,21.842312,16.290085,12.064885,11.053215,9.721802,11.831675,12.334344,11.47378,10.162597,8.644389,10.195166,12.174255,13.325268,13.089309,12.492186,11.101702,10.433243,10.826735,9.928669,9.861992,9.971727,8.9588585,9.234974,9.775593,10.393336,9.521196,9.778656,10.507988,10.377394,10.506883,9.463026,9.539026,11.108274,11.530138,9.506678,8.5134945,8.10554,6.34869,4.7636275,6.312803,7.1019907,6.485716,9.351877,9.340689,9.53072,9.287328,8.992899,9.05324,11.535679,10.225038,10.382984,10.881931,10.789386,11.737507,9.330189,9.309807,9.593414,9.7526,8.8696785,7.9217377,6.7540183,6.545397,7.4407063,8.638855,9.724777,11.451284,9.7025795,8.605141,7.846236,9.296864,9.166297,8.550098,7.721923,7.891073,7.532123,7.5119534,6.1738415,6.8139954,6.339316,6.3314285,5.22612,5.1241965,5.85623,6.22609,5.563129,4.9109697,5.1901503,5.1977444,4.9692945,5.9591036,5.7251225,5.337884,5.058399,5.0102797,4.647024,5.019658,4.855754,5.4762883,5.4708405,5.920876,4.3399997,3.986012,4.124036,4.9675684,5.0079317,4.839969,4.1606026,4.142966,4.05984,4.2077403,3.8375795,3.361084,3.263938,3.3674273,3.9441047,3.7421474,3.7713978,3.164394,2.8428836,2.748857,2.5840056,2.6793916,2.585139,2.4944434,2.4686186,2.4531763,2.4810529,2.5637898,2.4549556,2.3484328,2.3209982,2.3335009,2.2449694,2.2918642,2.1567693,2.121,2.1021972,2.0367491,2.0469165,1.8732902,1.9829162,1.8675026,1.8081678,1.7817544,1.6307466,1.7046721,1.5019308,1.5484008,1.4483856,1.2924057,1.3840196,1.0853876,1.051331,0.80044913,0.776396,0.6467249,0.24383321,0.10272798,0.0,0.0,0.0,0.0,0.0,0.0,0.0,0.0,0.0,0.0,0.0,0.0,0.0,0.0,0.0,0.0,0.0,0.0,0.0,0.0,0.0,0.0,0.0,0.0,0.0,0.0,0.0,0.0,0.0,0.0,0.0,0.0,0.0,0.0,0.0,0.0,0.0024441807,0.0,0.0,0.0,0.0,0.0,0.0,0.0,0.0,0.0,0.0,0.0,0.0,0.0,0.0,0.0,0.0,0.0,0.0,0.0,0.0,0.0,0.0,0.0,0.0,0.0,0.0,0.0,0.0,0.0,0.0,0.0,0.0,0.0,0.0,0.0,0.0,0.0,0.0,0.0,0.0,0.0,0.0,0.0
0.0,0.0,0.0,0.0,0.0,4.0605683,5.882416,7.4039965,7.6948977,7.1335273,9.118803,8.647566,8.931699,9.810856,7.7878137,7.129683,6.444337,6.73906,6.9388933,8.619471,6.9631777,6.0445814,7.7136197,8.188776,9.143297,8.631103,5.3544254,5.5934324,7.0898504,6.441388,7.1976233,6.7379837,5.195883,5.622546,8.385382,6.4833317,15.887944,16.240192,15.094511,11.3106575,11.240094,10.3591385,16.689999,20.554478,18.145695,11.204043,3.2937996,-2.2011948,-6.568447,-6.3352766,-12.327557,-8.968536,-4.508296,-4.0718727,-5.1238384,-9.355854,-13.62535,-12.429697,-9.278554,-12.075964,-12.285606,-10.742685,-9.118256,-4.649678,-2.3810544,-4.5968523,-5.1367807,-5.570504,-8.114489,-6.2000265,-8.139212,-5.022306,-1.8661401,-1.3392546,-3.7123601,-4.888154,-2.5523973,0.24866474,2.0656433,-1.7120274,2.058186,7.1707525,7.4116955,5.6155,6.0640593,13.635598,10.852575,13.648411,21.154587,18.589792,15.351504,19.599232,23.78239,29.230953,25.15556,23.728474,25.753906,27.84489,30.219912,32.227978,29.309395,31.535383,40.4656,39.898224,41.37642,35.74237,30.477316,25.954483,24.846798,24.566145,23.270283,29.449692,26.796726,23.483444,22.2644,22.221352,20.589157,18.64693,23.2458,23.277739,20.596554,24.027212,23.939262,25.729782,21.332779,21.692917,26.25206,24.306366,22.90292,27.475044,30.053097,30.967701,31.086262,30.928854,30.309204,22.140575,20.49361,16.84857,16.853542,20.700504,23.14344,18.386913,17.608727,21.210114,19.84341,18.028656,14.617647,10.044789,18.201511,13.931587,10.985293,9.076783,-3.7654223,-16.446957,-22.21053,-12.239901,-8.364254,-2.7811236,-6.5833197,-11.995289,-9.282423,-10.5734825,-10.56254,-6.818521,-12.72051,-15.305485,-11.98355,-22.472021,-22.014904,-12.795811,-10.679838,-14.07203,-8.124338,-3.2046704,-9.005234,-10.767601,-7.891916,-10.237997,-7.37445,-1.5500625,1.4888284,-9.005641,-8.584227,-1.8351889,-10.719498,-11.496712,-6.130061,1.4248946,-10.22913,-8.22114,-2.8962934,-4.797427,-3.713377,3.2540991,-4.7401924,-1.0595388,5.2721806,6.7450666,1.7680655,-0.55241257,-0.23661828,2.4431524,2.7586288,1.3861933,-2.47885,-0.08391482,0.7080225,5.054077,6.6899214,4.6312437,4.7900243,1.1579366,-0.46644735,3.1168797,3.447835,2.4258125,3.2662473,1.1819739,-0.65910566,-2.7785525,1.0521991,1.6416832,3.3368073,7.271393,5.883999,10.657684,5.9457254,7.066127,13.377739,8.353721,6.116808,7.33313,5.766897,1.3565712,7.806595,12.183048,14.719915,12.30415,8.635344,6.485441,8.432077,11.569194,13.679786,4.873438,-0.47241622,-1.3478789,-1.9880638,3.9622607,8.310167,3.603797,-0.6475835,-5.746151,1.2676511,7.961237,10.73778,5.8152285,-3.7143102,-5.8004026,-6.206108,-13.320035,-11.671038,-6.035173,-15.545998,-10.19508,-3.0509858,-10.163521,-4.867116,-8.545719,-5.367489,6.750179,8.383957,4.314975,1.9211115,-1.3423634,-1.6709038,-1.7280266,-1.2293174,-3.5281491,-5.828967,0.20806578,2.0121198,2.537786,1.2015089,-1.0578306,-5.799717,-6.512991,-1.8853034,-4.3022165,-7.3369794,-3.3546257,-6.177532,-4.5732894,-1.892801,-4.181528,-5.406435,-9.003953,-11.444258,-5.3693323,-6.395893,-10.780697,-5.8643713,-6.615255,-5.186537,-1.4023898,-7.8932896,-1.9891987,2.0423985,-1.1682603,1.5991566,2.8528736,0.21836561,-1.5189334,0.03198135,-2.381938,-2.3458953,-6.0029097,-6.457616,-3.3704667,-2.4437916,-2.7417104,-2.4199026,-6.747574,-9.13953,-3.9895113,-4.463235,-7.0479136,-1.1042081,-7.9440384,-15.128437,-8.909271,-11.148348,-15.936218,-11.571083,-8.669741,-14.837568,-14.787544,-13.158598,-14.908335,-10.73984,-8.40399,-17.761484,-14.14502,-17.510834,-24.766893,-20.911875,-21.80814,-24.082912,-25.711567,-26.875977,-23.733698,-19.978653,-25.65091,-29.519306,-21.366455,-22.499762,-27.402775,-22.465204,-23.13858,-23.460907,-20.948067,-23.4544,-20.832794,-15.65654,-17.149878,-17.122656,-8.238699,-5.0652757,-14.445728,-17.535465,-16.619587,-12.660934,-10.625521,-9.254129,-14.206194,-17.071253,-24.596584,-33.83061,-29.639223,-21.57727,-10.618964,-5.7094884,-3.247418,-6.9032607,-7.5265074,-15.845591,-21.843971,-15.346487,-6.5072694,-4.8811355,-6.2699523,-3.1352565,4.2274303,7.00498,2.0568995,1.8265384,0.6697392,4.558326,6.5907984,4.5489445,7.6465836,8.006139,0.28366783,0.59459805,-0.07555139,-5.4235764,-1.5640845,4.051054,0.1642285,-0.9755187,2.1193264,4.741496,7.5568237,8.136093,4.211047,2.9326699,-0.061457157,-1.2836263,3.1821382,9.482086,10.314553,3.7470949,-0.49330145,0.6666115,1.8958215,7.4428673,6.3563,2.1461673,-3.4655895,-1.0181595,0.90578103,8.158344,4.4534826,1.9638481,3.4377167,1.5740029,1.3557328,11.5735,13.207584,3.9315393,-0.15046364,4.5981007,8.812396,11.963212,11.369631,7.2524424,8.463809,7.6861925,8.831972,7.9504595,9.310322,11.967073,6.8408012,3.0095086,1.0720785,3.7123237,12.450071,11.769347,11.759657,13.530746,8.841943,12.584788,0.9488541,-11.635318,-17.485748,-13.672321,-1.0262808,-2.6391597,-9.397828,-14.705795,-17.080263,-18.921402,-23.41087,-27.181023,-22.211111,-10.191447,-9.147573,-11.596236,-5.4472084,-9.39501,-7.6471004,-8.869462,-4.8797398,1.1019361,-0.6274651,2.394598,1.8351984,0.5736187,-8.62204,-11.275282,-12.060122,-15.100177,-15.108328,-11.569744,-10.139806,0.45212656,9.071334,13.349161,9.725636,-7.6983395,-15.570848,-13.733063,-15.230351,-10.686528,-13.2085,-16.060928,-11.613407,-4.237702,-3.8255022,-4.2784705,-4.0948515,-7.7344613,-11.265772,-10.217567,-13.576458,-16.030703,-12.256965,-7.1854267,-0.5022637,-3.2046862,-1.891998,-0.13045204,1.8430979,5.8033147,7.8852634,8.554857,11.246349,8.7490015,0.25502917,-5.9339027,-6.9779115,-8.080593,-9.023793,-7.177705,-3.5545914,-4.3912463,3.3451471,4.0237966,3.7912567,-2.6207147,-8.994961,-17.973415,-17.572704,-12.18228,-10.389746,-11.568612,-14.566446,-17.07957,-10.773769,-6.8911753,-5.209161,-5.0495024,2.514423,-3.1102185,-3.5893247,-2.750979,4.095564,6.788275,8.8785925,9.042034,7.0543103,7.9972515,4.722313,5.5088453,2.7729287,0.47777748,-6.665985,-3.0404906,-4.645743,-8.374298,-6.6182523,-4.1795955,-3.302987,-2.591823,-7.8835983,-8.586834,-13.5932865,-8.394996,-6.2805057,1.5956413,5.2597103,5.1909504,4.1951876,-2.2161665,-2.6215723,-2.8043337,-3.3567736,1.166238,1.047734,-1.7979926,-19.184258,-21.952354,-19.988377,-14.753871,-9.738567,-13.275824,-10.622303,-5.7934427,-7.640483,-8.4829235,-10.944092,-10.365458,-12.792244,-12.595307,-9.892237,-10.282345,-14.189856,-20.346668,-19.143536,-16.761337,-11.167894,-10.298019,-13.070955,-15.327887,-11.793665,-7.8475595,-6.6881638,-9.231358,-7.248432,-9.443627,-6.495466,-9.825303,-6.947504,-2.333138,4.5144,2.8522022,8.927319,15.305483,15.924939,7.4253807,-8.919638,-10.381641,-12.719094,-23.915863,-24.484627,-22.601444,-21.34325,-22.388775,-19.785583,-17.619339,-19.89014,-21.808132,-19.987186,-14.67227,-12.977894,-16.894663,-19.29729,-10.949834,-17.55223,-17.506378,-18.557121,-19.57229,-17.155914,-15.590832,-12.237242,-10.762116,-9.395805,-5.527378,-6.8032,-3.7171905,-0.8240675,5.2002735,2.8443224,1.0249203,-1.6212072,-9.006528,-17.958,-17.53692,-17.451454,-17.531963,-16.604937,-14.16501,-6.2671223,-8.532627,-8.162752,-7.9892426,-7.095292,-9.237585,-13.576247,-12.044621,-12.478161,-8.966164,-5.150304,-5.455509,-7.5084505,-5.244584,-2.1866395,-1.780839,1.1029494,1.842135,-5.106141,-17.69503,-17.915907,-12.013702,-5.4298873,-4.5030327,-11.078155,-15.264811,-13.990772,-13.71562,-9.532734,-9.905867,-2.9719782,-2.6760356,-3.3738108,-9.967331,-16.175789,-22.44907,-21.096077,-17.441721,-17.229313,-12.119335,-13.873434,-16.67052,-14.890262,-14.749266,-10.831453,-10.189922,-5.5584335,-4.8076835,-5.3380804,-1.7858217,1.4955162,4.647781,8.276452,7.763814,6.755828,4.522938,7.031211,3.905651,-6.558817,-15.952875,-16.222635,-12.403763,-8.802922,-8.878294,-9.871115,-8.198858,-6.3663797,-9.590418,-9.359684,-12.783589,-18.643135,-18.675896,-15.223446,-8.574032,-12.009093,-17.68275,-14.551535,-5.8742504,-9.843951,-11.821455,-13.983389,-12.909027,-10.116174,-10.857595,-10.614986,-10.037174,-8.301533,-8.172428,-8.727528,-4.308488,-3.8474445,-1.4392622,-3.1107678,-7.375234,-5.331135,-9.753859,-10.063942,-10.97856,-7.5677385,-7.4261723,-9.523335,-8.268995,-6.5871634,-8.77582,-5.308116,-4.6780844,-3.6443412,-2.2703955,-3.8432534,-9.999898,-10.141576,-5.6409187,-7.250037,-10.020699,-7.8607435,-7.36882,-4.6061773,-3.7105494,-2.0533028,-1.9498163,0.795176,2.7970712,4.0106726,3.7343068,2.341546,4.009741,4.9596853,2.0153477,6.742264,8.428132,6.919381,9.209338,11.051733,14.164057,14.689577,10.953003,15.217248,14.91073,10.79692,8.499489,11.386148,13.443903,13.881833,10.696968,10.821641,14.963457,9.875528,7.2398915,10.954832,13.164195,10.139676,10.62718,12.317648,9.514999,-0.599483,-9.228545,-13.988311,-13.344701,-15.669939,-24.207672,-25.758316,-22.211002,-22.926662,-13.387972,-7.787897,-9.703642,-8.189546,-6.0843496,-5.9175277,-7.5505543,0.234126,4.7922173,0.2765259,2.293333,14.447519,20.095055,14.601276,13.006285,11.735039,6.004353,0.4166155,-4.100791,-5.743934,-6.3349886,-7.019908,-17.590694,-14.805307,-13.903147,-13.335039,-14.962788,-14.154217,-14.8402605,-14.479395,-10.90873,-18.77098,-25.014223,-23.05817,-23.196613,-12.673372,-0.7250041,12.235769,-0.20577979,-6.96258,-2.1730058,0.116420925,-10.395687,-18.513851,-16.046885,-22.651836,-22.193842,-23.952908,-25.66576,-19.185242,-20.869476,-20.531761,-31.284012,-27.798769,-21.93488,-23.331444,-23.478626,-21.51122,-19.344257,-22.071976,-21.477913,-19.587435,-18.746094,-11.165389,-13.267001,-12.0756035,-10.180445,-9.910242,-10.662392,-6.394032,-10.392792,-11.7901325,-9.658951,-12.954648,-11.201271,-8.431336,-3.6851854,-2.9638739,-3.3763442,-2.8086593,-3.9656515,-5.43416,-0.078984916,3.7433615,5.436842,4.4591875,0.6626517,1.5838675,1.508364,5.1807947,7.841358,3.327181,6.835985,9.935221,12.675356,14.5658,12.901257,11.217886,3.1264477,-16.224785,-17.77117,-18.573097,-19.216805,-19.289852,-21.696674,-22.236702,-20.78784,-28.801792,-29.848885,-21.482187,-11.654852,-4.7940874,3.7181807,9.995306,9.759407,14.915003,20.574284,7.0399446,8.080624,6.3953176,6.89252,6.0494823,0.34571433,1.2673237,2.8537998,1.2234626,-0.46482027,-2.7264993,-3.0743256,-3.6980991,-2.3468015,-7.2682095,-7.0638714,-7.594455,-9.853821,-9.20887,-17.707172,-21.716286,-22.369286,-18.086695,-16.19196,-7.903221,1.4927897,9.958521,9.694408,8.555667,-1.1326988,4.147983,4.565158,-7.357128,-6.210455,-3.8385115,-8.284281,-14.958448,-9.85375,-4.855377,-12.786675,-21.956106,-17.220531,-9.560202,-10.368564,-14.523443,-22.602608,-22.224333,-15.216238,-11.371169,-11.860455,-11.592125,-12.547126,-16.496727,-20.262024,-16.501633,-16.292862,-15.873266,-14.417842,-8.654673,-3.6921697,-4.947398,-7.9758334,-6.991728,-4.5521803,-2.7059715,-0.24811739,1.1105292,-2.8899055,0.8816544,5.296706,4.5030146,10.362741,9.164963,10.727266,10.696022,7.2290025,6.6955075,4.7753906,-3.432512,-10.216991,-3.862205,9.424582,6.0362005,-12.751379,-14.2230215,1.1458879,8.110059,9.91376,7.4505234,-9.194658,-20.433456,-14.315458,-6.033676,-5.009018,-5.2692804,-3.0365558,-14.3879385,-21.222813,-17.710785,-12.676401,-12.317366,-14.7340975,-14.230759,-13.718936,-13.319774,-10.163074,-8.75009,-6.5994477,4.251363,4.810261,8.850445,18.128338,18.34183,17.850056,14.2316,-9.84654,-17.137001,-7.632674,5.209584,4.350801,1.5279114,-3.3952932,-6.7961435,-7.4046707,-6.8317556,-4.7145557,-9.724537,-6.6695538,-9.955175,-19.444817,-15.050294,-14.473951,-13.201099,-16.491642,-17.190357,-15.101161,-17.648731,-17.77975,-15.72688,-16.167439,-14.047844,-17.04903,-17.133032,-16.429573,-12.029368,-10.703962,-5.416994,-2.5374877,1.7600262,0.056301653,-0.40224206,3.2163353,0.53128576,-3.1435928,-3.2856965,-1.8337991,6.32145,7.406196,2.876759,1.582639,4.0625243,0.7955191,-1.6925316,-2.8869085,-1.1763804,-0.020409822,3.724682,-2.6482992,-7.5493565,-12.135805,-17.616611,-21.549921,-12.68783,-11.648195,-11.335165,-5.7864075,-2.7785535,-3.8845289,-12.125644,-13.330469,-1.9703467,-4.18517,-10.323162,-14.712765,-6.5156913,-3.1854346,-3.007514,-5.9099555,-1.6732264,-1.9670093,-5.939557,-7.8074474,-5.4380317,-5.893283,-6.4591312,-10.561437,-12.49197,-8.534777,-2.0443032,4.525365,2.3814778,-0.552642,1.3214971,3.7271934,8.919342,3.4920964,2.4176712,5.7230625,-1.9900354,-8.905849,-1.7037356,3.9753833,10.489864,8.919426,5.100224,5.316827,3.9488614,1.2461305,-1.6108477,-6.9006157,-21.975151,-22.281855,-11.6440735,-8.808384,-5.3459053,3.4105978,1.0561235,-3.3314326,-5.2273407,-8.137838,-7.064252,-9.320343,-13.938185,-11.760117,-12.605666,-16.532646,-20.821514,-15.847586,-16.202707,-12.813904,-15.799433,-15.142023,-13.940502,-11.771392,-9.706225,-8.285997,-7.502469,-9.277483,-5.9645643,-3.958006,-5.38179,-5.6210575,-6.191369,-1.8380318,-2.0952182,-6.022448,1.3442808,5.9382286,7.6351357,5.1256475,6.231378,10.543734,13.11798,12.858917,9.749207,6.9518023,4.0253386,-2.8694663,-7.59698,-11.283228,-23.72558,-27.41225,-21.3693,-10.937674,-8.175264,-7.3684654,-8.185271,-13.159696,-10.045464,-6.320777,-7.294611,-8.87591,-12.888243,-22.127134,-17.971584,-10.119419,-9.054928,-3.6212847,3.092072,2.6717885,-1.8316455,1.2470089,1.8213427,-10.339529,-20.695251,-19.795118,-13.883231,-15.035692,-17.527134,-16.145065,-12.021431,-10.844784,-11.552263,-9.145458,-9.528752,-7.6351213,-4.4896994,-1.6197879,1.2006071,1.4236041,-1.1548476,-4.69726,-5.67175,-0.64766824,3.4222622,5.385445,5.779889,2.859435,-4.1096067,-8.445495,-11.493809,-7.210559,-3.9303868,0.6382574,2.4161034,0.26654577,-3.060428,-3.9401402,-8.694208,-10.087887,-4.902957,-2.762669,1.3251543,-0.9011814,0.1026234,5.859618,5.592658,6.463949,12.524465,17.872074,16.606775,12.361975,9.796379,1.3430138,-8.965408,-10.728467,-11.516909,-8.906077,-4.8616166,-4.571799,-3.1088238,-7.8784804,-12.249756,-9.386061,-11.090827,-10.986851,-5.976448,1.3195053,5.991015,6.7023315,3.163736,8.913931,3.4127479,-4.746058,-7.9353743,-10.679569,-9.875902,-13.41244,-14.97599,-15.010626,-15.509998,-16.965113,-16.013271,-12.081719,-8.160952,-13.37689,-20.538288,-21.533,-16.19738,-10.236956,-14.879511,-24.403687,-27.580685,-19.40224,-9.654864,-13.731399,-13.532497,-0.18055582,7.0607204,1.8504026,-0.15203568,-0.28614914,-1.4469182,-3.2465448,-5.4498196,-11.659824,-9.311803,-5.3610544,-0.41190183,-1.5741854,-2.0737977,-6.712021,-1.9503523,1.8103601,3.704804,9.181033,6.155606,4.09608,5.5833693,8.22549,3.0450635,0.13901353,1.0494789,-2.0850136,-9.83144,-8.499758,-7.3027835,-5.907346,-3.5780523,-7.439375,-14.853533,-17.570194,-9.301371,-5.789336,-4.4948277,-6.9721766,1.6221466,1.2462307,-3.7904842,-2.3694825,-2.209104,-4.732193,-3.314839,-1.7678986,-3.3411148,-6.606902,-4.9348307,-4.678396,-10.395098,-11.799256,-13.908607,-10.909372,-12.356413,-8.388628,-9.119041,-12.297794,-14.204075,-8.064997,-5.6739035,-9.289282,-11.364401,-4.5935144,-1.8658006,-6.46117,-4.973645,-3.318387,0.32940626,3.0349388,2.394206,3.2320704,0.79533684,-0.3949579,2.0770235,1.55091,-1.4839561,-2.1932867,2.9490135,2.7687378,-14.805356,-20.803917,-26.450554,-24.665663,-17.609188,-14.635758,-13.052265,-13.975393,-14.487429,-10.931137,-7.8233023,-8.613971,-10.8624325,-9.964666,-13.374798,-22.56754,-25.708908,-17.446825,-13.35224,-12.47233,-11.625991,-7.985387,-4.998684,-1.731296,-3.1544714,-0.3294391,0.8771065,-7.7822886,-7.978268,-4.8976054,-12.295771,-20.448994,-21.1935,-18.235214,-16.372578,-12.041885,-12.034295,-5.281423,2.4664874,3.071172,-0.30115908,3.257146,4.9588356,6.7171564,3.533658,2.9517884,9.7205305,7.3559456,11.571676,13.671707,11.618213,-6.2681227,-16.961447,-17.948164,-14.771383,-8.382763,-7.3337994,-13.791002,-15.321187,-17.715412,-18.426353,-15.518126,-19.135221,-20.89499,-22.28015,-22.786728,-25.63037,-24.874016,-22.906353,-20.190619,-15.459706,-11.265848,-4.846011,11.6112175,11.45347,3.3991864,0.99877656,-2.3782551,-6.632145,-8.466256,-12.252022,-13.59701,-16.89917,-16.508617,-17.726183,-17.655663,-17.833767,-12.749699,-13.367702,-13.522213,-12.203043,-8.431641,-6.1067753,-5.3649025,-0.81123406,1.9865966,-3.5773268,-2.9720397,-4.869184,-7.0912623,-9.484152,-15.283187,-27.84494,-24.855648,-19.512936,-15.343515,-16.33633,-13.628834,-14.7718525,-18.094921,-14.501373,-10.171193,-10.0398445,-8.287536,-11.705872,-15.786047,-15.446962,-15.001505,-17.573217,-10.944744,-6.751275,-6.5478706,-6.1782503,-9.526456,-6.698707,-5.4801545,-4.8950863,-7.4918857,-8.681779,-8.630448,-8.157351,-3.2845051,-1.8892099,-5.562432,-6.521753,-7.4669704,-5.9627,-3.0291245,-6.438362,-8.556856,-7.5234756,-9.8831215,-7.941329,-3.200626,-0.9638442,0.0033522248,-1.4546014,-3.1544285,-7.6817055,-7.11353,-11.889134,-8.804279,-12.8143015,-11.932705,-14.271061,-10.69459,-7.895593,-6.8526855,-9.499657,-12.350242,-13.751947,-12.103127,-13.398294,-16.352484,-15.907692,-15.659808,-12.341503,-14.741925,-12.907181,-14.416475,-15.616026,-13.321856,-17.87913,-17.854767,-14.620886,-11.177794,-6.7918553,-6.8759775,-6.1653786,-3.795381,-1.461163,-0.33873975,0.24010545,-0.20334753,-0.24250168,0.94956636,5.8768053,1.3563106,-2.0967653,-1.7477582,-0.34488276,2.137012,5.9277377,8.486404,6.707119,11.668923,15.11493,15.483414,13.972309,-1.1830639,-22.929092,-26.44965,-20.518005,-10.785492,-6.5117106,-1.1014622,-2.7647755,0.52440524,-2.4861815,0.09758097,4.3350406,5.2409363,5.936116,-4.3204474,-22.380812,-28.928843,-21.333149,-12.412052,-2.6437082,5.485268,9.207841,10.787605,10.704163,9.923867,12.864096,9.311183,15.719523,19.806984,18.126375,18.452263,17.809845,18.197098,10.796317,2.0863445,-5.8494577,-10.798516,-9.591206,-0.560451,2.3560092,-1.4667802,-2.4434533,-2.3737826,-6.0489893,-4.1525726,8.809809,12.705719,11.287434,16.119007,13.586058,-5.7837753,-12.252756,-8.214642,-2.1216946,-4.1075497,-3.7816176,-5.912895,-9.324308,-13.589191,-14.301788,-20.439682,-17.468071,-12.51092,-12.569087,-14.3392935,-13.437349,-16.437452,-17.990898,-13.366039,-12.053474,-6.472905,8.615164,26.458406,24.63292,13.825243,0.3688727,-2.9446063,0.51381946,-3.1789362,-12.22043,-18.493084,-21.927275,-22.670546,-20.274136,-21.647614,-20.42344,-14.802975,-13.185574,-14.0063305,-16.04311,-15.699936,-15.455306,-16.034431,-16.466728,-13.059736,-7.799541,0.14351423,5.156308,-2.7430289,-8.602288,-20.904175,-24.100311,-19.284035,-13.284596,-12.747778,-10.179704,-10.223418,-7.9352865,-5.0546103,-10.084879,-7.176216,-3.845286,-1.7340229,-19.343983,-26.649866,-17.87545,-11.81707,-7.699068,-3.6614075,-3.046998,-5.6315985,-2.834289,-4.1086535,2.8251677,7.236904,4.7578516,9.889317,12.225498,2.7215116,-12.758002,-14.01772,-13.38876,-17.182602,-17.761667,-19.17685,-20.503197,-19.964401,-13.608175,2.2618563,-1.0434407,0.47788146,1.6392598,2.7594,5.5151167,8.792914,11.569258,15.883156,15.764881,10.180185,-11.906177,-20.684212,-18.129692,-16.356438,-9.7582035,-5.161664,-3.6810772,-6.653761,-7.7466254,-8.375039,-7.861226,-8.7776785,-10.904099,-18.677885,-20.134418,-12.077265,-7.5688896,-5.4861813,-1.425394,2.1835954,7.8476934,9.900906,13.101336,8.9125,0.48602438,-1.7752073,-0.02000019,-1.5640455,-3.552868,-3.0375924,-3.9450622,-8.5595665,-6.469187,-2.1666098,-1.203792,-2.3223286,-0.22489178,-2.0263443,-6.530677,-6.6917257,-7.4233627,-5.787082,-9.842886,-9.193488,-6.9538817,-7.4176617,-8.204857,-4.8663716,-1.8387808,-9.964837,-18.770384,-28.5345,-24.807762,-20.848488,-19.300919,-12.960444,-12.040819,-8.6137085,-11.230946,-9.811764,-8.496307,-7.641143,-12.956529,-17.137894,-13.440329,-17.938782,-25.906475,-25.893261,-23.419247,-17.267282,-9.914936,-4.446328,-1.2998192,-3.1635475,-8.920708,-6.5706673,-4.1857142,-4.8392467,-7.4395065,-6.5516825,-6.788744,-7.538452,-8.484687,-10.386778,-6.0527105,-9.5373745,-12.172136,-10.84453,-5.321251,-4.5436206,-6.7394304,-9.453232,-5.5265465,-0.2891571,-3.996029,3.1407914,4.5503635,6.419902,17.378807,13.658604,9.671234,5.5269537,-1.8542999,-6.8179636,-0.36024165,-3.8017802,-6.4612617,-2.0022492,-7.0455346,-9.163374,-4.792676,-6.3136215,-4.01677,-6.754368,-6.5164266,-6.2317505,-14.831966,-13.913034,-4.516389,-9.085344,-12.049835,-16.102345,-19.197609,-16.273134,-11.91891,-12.900204,-13.736474,-19.323973,-16.399885,-10.187612,-3.3787189,-2.3539724,-1.5170332,5.001485,8.163508,6.0616875,8.449098,-1.2596684,4.813948,5.0110526,-1.0867982,-1.7561607,4.186895,-3.4211345,-4.776436,-3.2955403,0.33913285,1.7228447,5.172825,4.98343,-4.1405973,-23.457901,-25.880722,-20.482613,-14.231859,-12.444214,-12.602307,-10.814215,-7.638199,-10.70145,-14.2226515,-12.373802,-13.029678,-12.537187,-12.969849,-14.8847065,-19.155457,-20.024727,-15.263109,-12.842077,-12.109096,-13.538935,-17.015242,-7.5334587,-4.444366,-10.522742,-16.911716,-19.320505,-13.725487,-9.605549,-3.530583,-2.1128004,-6.255514,-11.903204,-5.7060575,-8.452174,-11.121029,-13.311215,-9.676016,-6.8309813,-8.171544,-8.581878,-7.232785,-5.35159,-6.2669954,-5.7064123,-4.6944294,-5.984276,-10.112444,-13.702738,-21.584452,-17.661457,-11.848083,-11.030048,-9.599335,-12.221011,-12.149738,-7.8008976,-9.732429,-8.180513,-3.2263849,-5.012464,-9.761013,-9.849063,-12.13958,-12.888462,-14.3889265,-14.51106,-10.055735,-3.9675903,-6.1334267,-9.345528,-11.661719,-13.980019,-16.43757,-16.283262,-13.402777,-9.928808,-4.3821282,-5.4118643,-4.4866714,-7.173417,-6.97795,-9.122301,-5.8216333,-4.5965767,-5.256676,0.98604804,-0.48352242,-2.8238637,3.7874415,2.5265076,1.0251046,4.634589,2.7417498,0.46023464,5.158826,6.778962,4.1610427,-3.956724,-8.969676,-17.182394,-20.707014,-15.828841,-9.62896,-3.8295078,-4.244792,-7.5754166,-4.3419313,-5.821102,-7.550683,-6.618714,-8.979662,-15.136265,-20.707386,-18.016502,-17.724564,-17.374569,-13.069521,-7.7917886,-5.685226,-8.292776,-14.346227,-16.72641,-15.688923,-17.764338,-21.963472,-20.436619,-15.748951,-14.671673,-16.832111,-17.51633,-16.72956,-16.382107,-17.111168,-10.074116,-8.056568,-10.028996,-10.020481,-10.73571,-11.421949,-8.823608,-6.0659547,-6.08011,0.5644639,-2.898159,-8.097456,-0.25349575,4.1978645,-0.42555726,-4.9503565,-1.5389135,-2.2302227,-3.736439,1.5427853,5.841366,0.3496207,-4.484934,-5.6772623,-6.290789,-4.5363903,-3.0156045,6.012151,8.665098,-0.046647966,-4.982234,-8.983322,-4.9484663,-1.2705957,5.8361225,7.9884486,9.953865,10.403257,6.1239624,2.5263577,-2.6540284,-6.6096153,-9.008391,-8.178312,-9.30818,-7.351634,-7.5140963,-9.5662365,-7.9428434,-6.7673397,-3.3052468,-0.8868717,-2.9253874,0.7589092,0.45791256,-2.5520537,-10.857129,-14.133467,-12.223274,-14.604257,-16.452635,-21.671154,-17.001383,-12.594338,-11.950047,-18.792126,-15.990937,-13.258812,-16.524414,-17.677456,-17.745335,-11.133537,-12.417956,-17.251606,-18.74163,-11.733584,-8.812641,-12.389004,-19.345943,-14.311491,-12.990051,-13.982565,-13.952335,-9.101274,-4.3411875,-6.6909947,-5.34449,-1.2201303,1.7569711,2.223376,-5.628019,-17.991089,-16.912891,-16.695053,-21.471798,-18.179089,-9.947038,-6.413433,-9.019777,-7.508526,0.67851114,0.10503304,-3.654552,-0.8930816,-4.1659403,-2.4643388,-1.6713349,-0.3512922,-6.6046314,-7.487545,-5.5356536,-6.1437206,-5.5374928,-8.124134,-5.844805,-3.8938432,-1.7530196,-2.742248,-3.5371757,0.29479936,0.14354621,-4.3851247,-0.6083318,-1.4013488,-2.2781968,-7.778058,-10.810724,-6.360059,-3.966838,-4.725715,-1.8739382,-2.5656981,-3.5325847,-6.0818315,-7.531475,-10.194725,-9.112457,-6.1269016,0.842573,-3.6085749,-12.51947,-12.79538,-12.476299,-10.867525,-6.0887094,-5.6290264,-6.1768074,1.135059,-4.085264,-2.5213523,0.34477103,-1.2377166,2.6154647,3.1037736,3.1801682,5.863263,10.178656,12.572805,14.9444065,9.069731,6.622501,11.942228,9.058074,-1.9805901,-24.043453,-24.277369,-9.719158,-7.902588,-9.606941,-4.535113,-2.975761,-4.209324,-3.5422764,-3.8702054,1.3405048,4.31782,-7.54857,-12.426534,-13.027104,-16.977015,-19.239216,-20.627617,-16.164577,-10.664012,-10.254492,-2.8192925,-2.6038313,2.620506,2.6678154,-1.8096695,-10.402818,-8.6092,-5.0337353,-6.127055,-7.7546873,0.7022021,-0.42068517,-3.7807376,-2.3625128,1.3301297,9.746204,13.251326,10.29903,2.1488655,-8.191475,-9.209129,-7.5858493,-4.407526,0.23537374,3.3443046,0.8529256,1.4494014,-11.0770235,-21.63853,-12.404316,-11.825756,-9.815924,-5.127616,-9.448043,-12.061569,-16.67006,-18.603855,-17.141785,-20.080528,-25.083279,-28.04958,-26.010536,-22.472973,-24.6661,-21.987532,-17.970772,-17.253014,-13.693317,-6.3711476,1.9395694,13.03276,9.159029,-5.583376,-8.762196,-7.6292906,-9.065117,-11.560482,-10.244284,-10.5397,-11.728257,-9.316149,-6.309041,-5.0626316,-2.6471162,-8.140718,-11.656069,-10.584524,-9.015755,-12.973315,-13.566035,-9.386777,-10.228788,-6.088276,-7.4702168,-7.1210403,-4.5415792,-7.471902,-14.109987,-18.350021,-15.326062,-10.309158,-9.012761,-8.144005,-7.8813343,-10.978306,-12.489466,-10.88824,-8.275238,-9.585032,-8.621589,-7.3498425,-12.712369,-16.111723,-12.913046,-0.5025035,-0.010100603,1.8646712,-0.5473538,-4.2682233,-3.6501803,-0.20712513,3.9975562,1.0369152,-5.40096,-7.9100575,-1.3816768,1.2086744,1.8825672,2.5753953,2.4477577,1.818456,1.9644175,2.3061452,4.692734,5.249838,3.7732487,-4.369571,-4.2168183,1.3286604,1.1435639,2.4870532,4.3599596,7.5668197,6.873366,2.3155122,-4.043062,-9.311567,-5.242687,-4.891089,-9.403181,-4.5411158,0.07642764,0.9255762,-0.20251012,3.653016,-1.3282421,-5.372482,0.20585951,3.376666,7.6500573,9.246902,3.7115746,6.121556,5.642094,13.712497,13.91478,10.122402,5.1141553,11.742899,15.547044,11.798491,8.722889,4.3112216,3.2690146,7.0136976,7.7848406,10.460675,14.490568,15.414182,18.48546,19.86136,16.378866,9.529982,9.876656,17.603977,17.64714,19.031284,14.496147,19.646687,26.219955,26.475399,24.49924,9.900607,1.2902128,0.47684455,-16.955627,-26.450598,-18.869516,-16.244957,-13.644062,-11.4163265,-7.3119545,-7.8824596,-5.414556,-4.3745112,-3.9979048,-7.2333174,-10.770082,-13.560653,-13.318153,-10.230257,-8.408615,-2.2831893,5.612735,0.6512756,-1.9275293,5.459137,0.4257866,2.804095,6.963224,3.9538538,3.661835,7.55969,12.523663,13.258041,9.919915,6.051041,1.9342449,4.1554155,13.336306,17.53983,16.827824,16.044373,9.213216,8.743375,11.992245,9.729298,15.3742485,14.059465,13.945873,13.137743,8.825443,-4.8083878,-11.212011,-11.385757,-9.2530365,-5.936054,-1.5306666,7.5372295,1.4193547,2.3958015,9.219116,12.725322,11.879776,10.082879,6.885663,8.990547,9.318623,13.791556,19.809456,25.09982,26.92935,29.91639,29.343328,21.344322,1.3235577,-10.054602,-17.467113,-19.545658,-20.172077,-17.881567,-15.966547,-17.354088,-11.996199,0.25572884,-1.9058008,-0.49322784,6.7881,10.131901,4.7560053,2.2125444,-2.7003038,-9.817844,-10.789492,-7.6811457,-5.8667703,-7.184696,-13.127279,-8.072697,-12.769726,-20.471996,-20.969759,-20.60437,-19.235352,-17.061714,-14.638601,-18.348764,-19.02919,-20.01184,-20.029266,-19.860449,-12.543621,-11.071862,-12.734623,-20.733128,-20.234606,-26.83246,-31.439579,-32.87116,-26.945831,-23.203203,-18.47647,-24.281326,-24.598457,-28.029968,-24.714909,-14.336399,-4.6978016,-4.4009304,-9.265734,-12.177338,-12.032377,-10.474183,-10.766325,-5.359285,0.086576104,-0.41325518,-2.1698728,-6.227865,-14.607504,-15.788792,-13.048071,-9.29557,-15.954308,-16.246141,-9.409198,-6.859488,-8.9045105,-8.108793,-3.148301,-4.060285,-11.194759,-10.222964,-6.2460814,-10.769703,-10.888214,-6.866168,-5.7929115,-10.858501,-9.845609,-11.91661,-15.812298,-19.952797,-16.202042,-9.477314,-10.594553,-18.857555,-13.946081,-12.10186,-17.267216,-19.709055,-22.164978,-22.30384,-22.105389,-26.504505,-25.642424,-14.593044,-2.9917219,4.918283,5.8300223,3.893683,8.455689,6.4972773,4.940633,8.597566,8.888227,3.7721741,2.5036492,-0.40991634,-11.346774,-12.376881,-8.029564,-7.73816,-11.103252,-14.195429,-10.971308,-5.4004593,-2.745051,-5.5169086,-8.173376,-16.33815,-23.991894,-23.996305,-16.813583,-10.720341,-12.392309,-14.70713,-14.432953,-15.182865,-14.511887,-15.194849,-20.907108,-24.536993,-26.390495,-25.915485,-20.627161,-16.661987,-16.537703,-10.080889,-6.134204,-15.312145,-17.008467,-16.512861,-17.211845,-18.505018,-20.747234,-17.465015,-17.005985,-25.071358,-27.557095,-24.77159,-24.157024,-18.797699,-16.10011,-16.677498,-16.958715,-18.56557,-19.854467,-16.798492,-17.287025,-20.165367,-18.874956,-22.619389,-20.240356,-19.578688,-18.481007,-17.987486,-15.691809,-16.160292,-19.849382,-16.372528,-13.03742,-11.324188,-17.32962,-16.32124,-12.408091,-12.061579,-15.435333,-17.093897,-16.876991,-10.022786,-9.696299,-14.08514,-14.289192,-12.232708,-9.979324,-12.803632,-15.080851,-14.117102,-14.273586,-14.886357,-17.263065,-15.577005,-21.282997,-18.759548,-21.44751,-21.191422,-20.250332,-15.072271,-13.816893,-8.710932,-9.052201,-5.4280596,-10.948906,-13.719849,-11.670305,-8.200649,-9.068758,-16.453037,-13.621093,-7.295562,-8.459928,-11.785744,-18.49802,-18.076427,-21.001762,-13.491307,-9.28748,-11.768315,-21.076805,-26.865273,-24.408974,-22.060272,-21.81503,-16.926739,-17.13375,-20.015612,-16.456224,-15.80164,-16.466164,-16.008015,-22.495808,-25.749413,-25.908178,-25.51709,-17.80292,-22.879105,-30.094112,-39.954033,-35.280853,-22.62481,-18.75068,-29.2028,-28.52121,-23.6567,-20.425781,-17.87384,-22.777998,-23.834757,-21.647476,-18.954916,-12.567976,-9.992352,-5.6965704,-2.164702,-6.1323085,-11.890749,-19.7676,-22.268967,-26.232227,-22.43747,-18.391762,-18.678574,-14.791436,-13.697934,-16.419334,-13.505203,-14.225191,-11.0083685,-12.2168,-13.267469,-11.810788,-8.665877,-8.98468,-13.800926,-17.847733,-15.044546,-13.240742,-20.176891,-21.575457,-20.065773,-21.312958,-30.494118,-37.275246,-35.519417,-25.781494,-22.327091,-20.690208,-17.557667,-16.157583,-20.920782,-26.636143,-24.503534,-16.433601,-18.328495,-17.848547,-18.293518,-19.431782,-18.201744,-17.576225,-16.608208,-18.114319,-19.3201,-22.927422,-21.743053,-16.848362,-19.673386,-21.12085,-25.540133,-20.921108,-18.548784,-19.23908,-15.706057,-11.739861,-10.641914,-15.875588,-20.543955,-21.69682,-19.487278,-12.346638,-10.626861,-16.058105,-20.00253,-18.034985,-18.272285,-19.717716,-18.878942,-19.492767,-25.102299,-26.409021,-29.535563,-28.407078,-21.440578,-14.957972,-9.306754,-10.996313,-11.9067135,-12.199583,-20.758915,-27.078045,-26.973446,-25.25512,-21.634193,-25.771837,-24.281452,-16.060184,-11.7127075,-6.94044,-3.96417,-3.825976,-5.695713,-10.0627365,-11.323593,-10.302698,-8.96308,-6.885891,-4.6980886,-4.969759,-2.669851,-2.8942652,-0.59000933,-8.04249,-18.687204,-19.077478,-15.885021,-12.401709,-4.682865,-3.2327986,-2.3921583,3.1310372,7.516373,3.1256914,6.722222,9.227318,-1.4671686,-4.3372154,3.1729496,-4.360116,-4.443239,-2.836677,0.955708,4.311152,7.4300985,19.592678,19.69035,2.3220267,-7.152156,-7.659498,-12.166191,-19.93153,-21.686869,-22.160912,-26.764141,-28.714455,-18.22453,-11.271139,-13.20894,-16.669682,-18.792809,-11.574539,-4.374359,0.12260401,-1.2714221,-6.6878023,-16.687157,-15.46288,-18.232384,-14.681554,-14.296675,-16.397802,-13.721267,-16.138655,-16.69446,-22.598501,-23.870201,-17.569988,-14.365641,-15.581409,-19.546434,-16.030327,-14.417362,-8.587584,-8.581753,-10.192001,-18.431286,-20.596603,-21.407059,-24.41578,-25.329937,-21.4455,-24.055023,-31.331287,-34.365463,-37.14824,-30.360481,-27.547829,-29.24989,-29.129442,-25.99997,-23.884571,-21.553574,-19.539871,-8.315905,-2.428698,-2.9569864,-11.059008,-17.33823,-10.044793,-4.149729,-5.785545,-11.036862,-13.1581335,-14.599453,-18.186726,-15.5672035,-15.166002,-19.898678,-23.019857,-16.74073,-10.924614,-7.720769,-5.778452,-8.266337,-11.047051,-7.6886187,-5.2040834,-3.288104,-2.2217064,-3.6260867,-3.934817,-8.099414,-10.153407,-11.878326,-11.683404,-11.984115,-14.8032255,-16.627987,-23.25734,-22.09869,-26.57891,-32.351845,-31.574022,-22.887661,-17.408766,-13.491339,-19.249722,-25.479298,-22.872112,-19.03369,-14.95649,-19.226185,-17.825352,-8.226368,-8.050515,-8.792865,-11.710949,-7.96109,-5.2157145,-9.55818,-15.219263,-25.540657,-24.767471,-24.025753,-21.42571,-23.129139,-23.617321,-17.482502,-11.743784,-11.878298,-13.460768,-17.5676,-25.936798,-27.650564,-20.526928,-15.375526,-22.28809,-26.900906,-24.513863,-26.62617,-32.07468,-26.109364,-21.443844,-22.237385,-20.83098,-28.32989,-28.203342,-23.293314,-21.618675,-22.852383,-20.614162,-18.943542,-21.232983,-16.82994,-18.167875,-22.496174,-24.418669,-22.365711,-26.968956,-28.119198,-24.764141,-21.891056,-21.5332,-19.826313,-12.412239,-9.126314,-14.942962,-18.190832,-23.318933,-25.093391,-22.430553,-15.029166,-14.0060005,-16.907145,-19.429787,-21.051487,-18.381405,-17.594154,-17.545574,-20.53859,-21.062733,-22.108435,-16.022808,-14.9134865,-14.643977,-13.128386,-7.79922,-7.5999465,-13.6465645,-17.06637,-8.915068,-14.804917,-20.59528,-22.429752,-20.492142,-17.605894,-18.858086,-18.601562,-15.763081,-14.674191,-13.801871,-14.962093,-20.525225,-24.459934,-27.626457,-24.298449,-20.775047,-13.261641,-12.935251,-11.8994875,-14.981283,-14.200056,-6.8723736,-6.0063267,-5.210896,-7.275486,-11.519543,-9.813683,-10.416419,-13.246988,-17.825722,-16.071663,-15.0003605,-18.368116,-18.603264,-14.610454,-12.806566,-14.501728,-21.660591,-24.830711,-24.295374,-13.2898855,-10.632366,-7.188158,-14.49876,-16.463877,-15.700467,-15.094482,-14.109138,-15.687203,-15.694,-26.779842,-27.868668,-20.463226,-18.06263,-22.783882,-26.137558,-33.497177,-30.568966,-26.600487,-28.76011,-33.742695,-30.225018,-24.911953,-19.089485,-16.053091,-14.621042,-16.959276,-11.527012,-10.916271,-13.917587,-12.503868,-11.723078,-13.001913,-12.958496,-15.626832,-10.445429,-12.166075,-15.276222,-18.15418,-23.569798,-21.577507,-13.087315,-12.401016,-15.579591,-14.313162,-13.850372,-14.713327,-15.910776,-12.367602,-12.270575,-12.866032,-15.584183,-11.5415325,-19.586407,-18.561962,-19.697624,-19.728603,-21.833458,-27.110601,-34.75834,-33.962746,-29.958588,-23.2612,-25.30675,-23.893894,-18.192707,-9.184534,-7.6922174,-5.7853484,-4.27425,-0.058985054,-8.709846,-13.042166,-14.257967,-16.297932,-13.8466015,-12.167018,-12.993612,-11.957333,-10.766123,-12.044746,-12.826698,-11.708428,-13.487434,-22.769985,-26.021864,-22.158287,-23.818142,-19.54617,-19.547443,-22.494007,-18.75503,-11.095453,-13.521209,-21.451077,-28.189037,-28.931108,-28.701168,-24.16563,-19.248772,-16.322113,-23.528915,-27.260464,-23.105612,-21.362545,-24.812578,-21.643055,-21.417515,-24.374298,-23.19856,-14.593346,-11.520521,-13.185471,-15.803654,-17.416233,-16.451725,-15.273831,-21.516043,-25.52975,-20.798943,-23.61289,-24.321854,-10.99175,-2.6857364,-4.909015,-10.570169,-8.206607,-4.5056443,-10.134717,-14.958809,-13.518427,-22.62212,-16.272377,-8.593519,-8.646333,-5.2440796,-9.681271,-9.759408,-5.052086,-3.4866533,0.32481202,-6.781713,-16.539347,-18.335426,-12.454321,-9.761206,-6.262492,-0.023689061,-1.5957543,-1.1038641,-0.045017898,1.0853372,3.6679816,1.1592458,0.012060106,-1.3693229,-2.748261,-7.9036026,-9.489175,-4.7571793,-1.3493261,-2.4243429,-5.5547338,0.6559353,6.841078,3.3194332,-10.676706,-13.609362,-14.567087,-16.933365,-16.82302,-17.815174,-13.003304,-9.173937,-13.219199,-8.474452,-8.183235,-16.833391,-13.865539,-9.94499,-8.385133,-3.0531504,-6.260768,-6.472542,-4.622635,-5.8754625,-1.7661636,-1.900303,-5.5662723,-3.5600038,-12.78634,-18.594215,-14.77747,-20.191162,-18.297586,-17.641987,-11.768763,-4.3046985,-7.8042235,-7.9862103,-5.683263,-15.670933,-18.803204,-10.903002,-19.643444,-28.752014,-26.260685,-24.435064,-20.343027,-25.968441,-23.981167,-16.629929,-20.560574,-20.014973,-23.22946,-27.007015,-24.525902,-19.042553,-15.516431,-18.67696,-19.964937,-16.274853,-9.878729,-12.510729,-13.498014,-13.262791,-16.43432,-16.600965,-11.839369,-9.238803,-11.375124,-9.770767,-11.33827,-6.422265,-5.492888,-11.092026,-14.74663,-15.787565,-14.439717,-13.385576,-10.922162,-9.154961,-9.254289,-13.095135,-15.013779,-14.789022,-8.07262,-1.7159305,-2.9332883,-6.5195737,-12.725887,-17.467316,-13.830804,-7.0316334,-8.331054,-12.081533,-19.507298,-26.164454,-18.808214,-18.85852,-16.431051,-17.4129,-15.03834,-13.339941,-12.061438,-11.573403,-16.339094,-10.178024,-10.438789,-10.445211,-10.565885,-10.145506,-12.118517,-8.9424305,-5.830685,-8.393837,-2.0499692,-3.3226113,-7.20097,-7.7643967,-6.6791153,-2.015512,-13.027576,-10.533547,-10.209961,-12.229461,-12.478952,-16.5942,-21.411573,-27.589188,-32.732384,-25.675598,-25.252716,-30.8681,-26.750618,-19.758419,-20.977005,-22.300701,-25.020514,-24.072273,-21.669262,-24.565737,-23.359436,-24.180344,-24.13416,-24.307404,-21.003119,-16.34341,-16.26331,-19.59153,-19.982052,-12.599148,-10.815711,-8.274366,-13.414829,-19.548445,-19.917538,-18.246134,-14.907002,-12.256533,-13.515049,-9.62904,-0.6125126,-3.5745132,-8.900181,-14.507904,-11.540775,-9.183077,-14.878653,-18.785025,-18.25257,-17.870144,-16.045696,-10.090702,-9.478088,-8.25198,-9.154265,-7.5544815,-4.857553,-7.878113,-12.452297,-9.530241,-12.953835,-12.370372,-5.013007,-2.391947,-3.9582415,-2.3774233,-5.6604204,-4.1487484,-6.3623195,-12.38101,-6.1676097,-5.189952,-7.719056,-7.26437,-7.737776,-4.207188,-10.624399,-12.53396,-16.43814,-15.841698,-9.840927,-18.241623,-23.413736,-17.265432,-8.816393,-7.669445,-9.725996,-5.6606207,-0.9047109,3.6472478,7.481371,-3.1375265,-8.308784,-4.517874,-5.422023,-9.4394045,-13.954836,-16.761507,-18.939323,-16.78064,-11.671266,-6.222831,-11.635182,-21.067661,-23.252962,-20.775566,-11.574319,-9.864385,-12.577133,-13.189005,-10.493675,-8.180426,-11.525398,-15.330666,-18.48183,-12.786367,-15.750406,-19.480616,-9.580362,-11.516274,-25.588238,-19.712101,-8.478027,-3.4012651,-9.895596,-18.610023,-20.675083,-21.004227,-23.976551,-22.253677,-12.755304,-3.0086637,-1.3233296,2.4726353,-3.437253,0.05381033,-1.9274879,-5.028841,1.6392136,2.4312768,-1.0618804,-1.7981637,-3.7603722,-3.627005,-11.829984,-18.15434,-12.124912,-3.1649668,-3.7453055,-4.847005,-4.3078914,-10.042099,-11.74504,-11.859113,-11.883369,-12.014807,-6.743084,-2.7154267,1.4670467,1.971296,4.41916,6.665696,4.5520945,-3.240078,-1.0495393,-2.573906,-8.80834,-6.9796753,-7.837663,-11.590324,-12.452969,-6.022463,-11.290451,-15.899252,-12.822269,-11.271944,-16.696138,-13.842799,-7.161312,-10.172812,-13.164804,-8.171186,-5.2637825,0.1744383,1.1871104,-0.075423464,-2.5038457,-5.020943,-9.830413,-9.113226,-3.8066142,-2.8097055,-4.971967,-8.858886,-13.359095,-12.914037,-13.154173,-13.993936,-9.519539,-2.8235872,-3.3338816,-10.111107,-14.571117,-18.5569,-14.356377,-12.374264,-13.63886,-13.002259,-11.467364,-10.697857,-8.076546,-12.084506,-6.7370358,-9.518802,-20.001604,-24.060736,-13.606283,-4.6252303,-3.26724,-0.04304719,-3.8713853,-8.818774,-4.0158763,0.42456645,-5.2369986,-12.349899,-7.548064,-8.504944,-15.456112,-8.284828,-4.2540913,6.568798,10.020279,8.291227,4.0738497,2.78894,5.2869096,6.422472,-6.871834,-17.511057,-16.81512,-10.17455,-11.356415,-15.382101,-9.630229,-8.250262,-13.138055,-4.257674,-7.7345295,-10.906536,-11.046232,-4.3260183,-11.723534,-16.200329,-11.336889,2.7850404,4.485715,-2.015525,1.617132,3.0292037,5.708826,4.7690754,-4.038718,-11.060368,-9.500117,-4.633729,-1.311409,2.8046045,4.67582,13.450689,16.328175,6.9538116,2.4818287,-8.799075,-18.017166,-21.083233,-25.547318,-20.101398,-11.739805,-6.6656084,-3.5999284,-0.69377464,-9.037358,-11.54632,-11.71469,-15.004581,-9.768406,-11.549451,-14.4785185,-11.917202,-9.062922,-13.346949,-15.935694,-10.8651085,-8.559781,-9.840614,-10.183365,-15.563385,-18.767231,-22.551834,-21.988394,-22.520262,-20.55024,-15.698193,-11.124126,-12.437954,-15.292912,-18.086733,-22.406017,-18.738379,-20.90667,-23.135042,-19.435902,-22.586454,-27.360807,-25.086971,-19.386303,-15.150145,-13.298883,-13.972747,-20.85974,-25.626842,-24.817837,-15.855836,-3.5260181,3.4033148,-3.6068316,-11.333156,-9.920013,-11.449979,-13.783626,-14.328054,-16.79417,-20.577574,-18.362291,-16.874855,-3.6675153,1.2518555,-10.9752445,-15.011297,-11.765385,-6.1389956,-3.2496254,-2.1025095,3.365364,-7.607106,-5.301777,-10.909413,-19.537642,-15.314223,-8.746149,-10.76712,-16.231686,-15.197449,-11.461895,-12.851828,-18.981623,-19.669737,-21.707748,-16.862463,-12.229303,-21.554287,-14.399136,-2.648857,-8.35848,-7.4421487,-6.351267,-9.736628,-8.574521,-9.555885,-9.484692,-14.616806,-20.876007,-17.55826,-13.8489895,-9.891397,-8.107362,-11.435067,-10.299668,-6.21531,-4.7613635,0.5210038,2.2658052,-1.3462827,-5.10748,-9.955729,-17.502203,-18.363693,-16.197502,-7.4676538,-5.086787,-12.9342,-12.896734,-9.399768,-6.3674903,-10.318766,-21.151138,-19.190607,-22.454245,-25.913555,-16.585379,-11.652071,-16.86586,-19.024368,-20.996922,-14.868715,-12.000811,-13.7575035,-18.602558,-22.55106,-24.676525,-17.902706,-15.062363,-12.984326,-6.8030224,-1.561653,-12.013666,-17.663174,-15.651052,-11.425657,-12.7151985,-19.161201,-17.415745,-17.303932,-17.92104,-10.651741,-8.924244,-7.136116,-3.285529,-10.583364,-11.364771,-11.5389595,-6.82844,-7.659465,-14.104853,-15.368755,-16.337858,-14.666024,-10.054136,-5.8723116,-8.029837,-11.180373,-11.14689,-10.489965,-12.163044,-9.698534,-8.120685,-8.701854,-6.0759435,-7.4564276,-2.732413,-3.9974904,-1.0670893,-0.8668756,-4.8558474,-7.139992,-6.6365757,-11.2740965,-13.285397,-13.989893,-16.658667,-13.042397,-8.0346155,-3.5188565,-3.719368,-1.7438498,-3.1720152,-8.010864,-16.617847,-21.345333,-19.430721,-18.339981,-15.821892,-19.733051,-12.749462,-12.19149,-14.637363,-18.667953,-18.54922,-14.93483,-13.011724,-9.346586,-6.7385545,-18.83538,-13.664087,-9.367729,-9.8502445,-11.081864,-11.946482,-12.917917,-14.623255,-19.361656,-14.424565,-16.525969,-19.15424,-12.1223955,-10.3014345,-8.541382,-5.538945,-14.406809,-16.795326,-17.516205,-14.925346,-17.139677,-10.678259,-14.997007,-26.907436,-21.734356,-13.269663,-14.146599,-14.933856,-14.607016,-16.880615,-20.756042,-26.094454,-24.222569,-26.267778,-27.341196,-24.684471,-22.103794,-21.989777,-19.436749,-11.366646,-4.2810593,-2.9636319,-0.077869415,3.233572,-5.477573,-9.268424,-6.277205,-5.4697757,-3.694826,-5.378044,-5.0564766,-2.7942138,-4.1206656,-5.2831492,-6.0894623,-7.2002215,-11.695057,-11.213613,-9.393717,-8.848616,-11.361887,-18.098652,-14.098023,-9.920965,-8.594325,-1.9212928,1.1972734,-2.2234335,-4.437869,-3.1329927,-7.750304,-11.547405,-13.241949,-21.726387,-33.790062,-30.626875,-26.101109,-23.25165,-25.286572,-22.373901,-15.92045,-15.566326,-10.324225,-10.454846,-16.472086,-19.99081,-21.88631,-17.393604,-14.681576,-18.303839,-20.559425,-15.945813,-13.4727335,-7.8025208,-10.587992,-15.969596,-15.136822,-15.51164,-13.715243,-3.749896,-0.11646521,-3.2372022,-4.508213,-3.3233654,-4.167726,-5.874492,-11.257864,-14.662901,-18.10712,-8.5527935,-9.15399,-11.183302,-8.858406,-5.8621683,-6.634322,-4.317456,-0.4897321,5.087165,0.72206193,-19.263454,-22.479458,-13.341936,-13.001869,-16.241322,-2.8473337,2.96779,-0.9454364,1.3650646,2.4323552,-6.7370744,-14.035497,-15.498186,-13.372641,-12.032244,-13.357483,-9.350353,-7.468979,-6.5993824,-4.2034445,0.067955375,-1.8317673,-2.8394156,-8.531573,-9.910482,-8.945007,-7.4791145,-6.6876483,-4.98557,-0.6167591,3.557872,7.3464193,7.5406156,3.2413187,-10.613733,-16.062395,-15.584902,-12.382038,-9.844548,-2.172327,10.760429,13.831799,11.82498,11.538013,3.8465562,-2.4455538,-8.105624,-6.893447,-4.9131985,1.96142,10.237962,13.298397,8.218544,3.7460961,7.781335,11.386595,15.413953,10.730642,-1.8140497,-14.875076,-19.756386,-16.183977,-12.418495,-9.025797,-3.2589464,0.9621141,0.98924714,-0.4240856,-3.9639962,-7.1318636,-5.424547,0.36310416,3.9872038,-0.62285405,2.5056493,5.092786,4.1895065,6.0969596,12.727142,17.0826,16.855104,18.422892,12.50747,-15.935488,-27.501976,-31.165733,-30.018608,-22.242672,-16.168816,-14.643408,-20.114403,-15.102799,-12.706531,-10.991808,-6.8234406,-0.9550595,-2.3146067,-21.387081,-25.672,-24.820507,-21.488892,-16.003662,-15.99729,-12.1212225,-15.240316,-8.663466,-5.339044,-10.095913,-15.810968,-21.996624,-12.894145,-7.0028124,-8.5288725,-11.346505,-12.642134,-4.768857,-4.466023,0.015043855,7.326775,11.593746,1.2383047,-10.249004,-7.483835,-1.7668484,-11.245036,-14.436949,-12.226553,-7.588004,-3.5969343,-2.2968247,0.36476475,-5.0707073,-15.372088,-20.175146,-14.370396,-9.495734,-16.553352,-15.266922,-9.141912,-12.931097,-15.011316,-9.725361,-3.1251569,1.8554821,3.776602,-3.165112,-9.848108,-4.2490625,-4.2716923,-7.2887444,-4.6604624,0.92288804,5.3527384,11.622927,14.129891,18.584858,8.349072,-4.2005577,-8.992852,-11.519289,-18.317787,-22.809877,-21.72704,-18.948051,-17.122644,-13.503271,2.4206662,-1.3742546,-9.464298,-10.84031,-17.728443,-15.702669,-8.808498,-4.975466,-8.148213,-6.357873,-8.155458,-7.0210786,1.9604933,8.598181,-4.720641,-24.930483,-34.468067,-31.762844,-25.574617,-21.719963,-19.440063,-23.173973,-24.087734,-17.752502,-12.277447,-9.409031,-7.816658,-3.7112815,-10.122848,-20.24247,-23.965378,-23.438953,-17.795086,-23.593954,-22.31657,-21.449366,-16.742052,-8.67834,-11.047878,-7.0451407,-11.406558,-10.483244,-11.81057,-15.317383,-10.539086,-4.9917545,0.34513193,2.8926573,0.4154668,4.7233796,8.488408,5.317587,-7.5892005,1.6204954,5.722623,-4.0934215,-12.2310295,-15.123601,-15.9610815,-15.423137,-11.228296,-5.352572,-4.6309495,-9.361004,-11.323135,-11.830164,-12.083675,-15.113457,-16.80177,-23.556908,-24.978302,-15.02113,-10.1229515,-8.318237,-2.66545,-0.013742626,-0.39555788,-10.170551,-10.74183,-3.5979686,-6.7033143,-2.6939042,-0.9926142,2.5907276,2.2766874,3.3970542,14.211657,15.135522,-4.647892,-8.996967,-11.751431,-11.280106,-14.621746,-11.890978,-11.335225,-11.056438,-9.270039,-9.703258,-4.297268,-5.51056,-7.181422,-15.112499,-14.522455,-6.191675,0.022256374,3.6155148,6.982939,8.61883,7.523432,10.662107,12.141443,9.32749,-7.183097,-23.333578,-23.757263,-20.509258,-16.503529,-12.19862,-14.187032,-13.660084,-10.263622,-11.298496,-11.089184,-11.918041,-7.365404,-18.513893,-19.923534,-11.551392,-8.066589,-11.121599,-10.694368,-3.9937134,1.080775,1.3588595,-5.9202113,-5.0215616,-5.612578,-8.643142,-10.197872,-8.176856,-8.745491,-4.7425838,-0.4505275,6.38748,11.415689,9.768925,10.906156,11.152601,1.4183441,-9.06843,-9.569798,-2.9444218,-8.484624,-12.714712,-13.168119,-12.9808235,-9.117847,-1.8476303,1.6997631,2.0028136,5.0175915,-4.764675,-24.862907,-26.403076,-21.056011,-5.1885433,-3.4131389,-7.445354,-6.9874973,-6.554323,-11.328709,-8.592459,-12.107155,-9.461176,-0.94577813,5.134763,11.389209,13.234436,12.345774,12.978554,12.141331,8.866074,16.291727,22.068829,22.905052,-10.012966,-21.05059,-25.592728,-27.530172,-22.551441,-17.09732,-18.01088,-10.291806,-5.532877,-3.9714804,-4.5914955,-4.1565924,1.8965955,0.63389635,-0.30912036,0.44016823,6.4306326,6.6710167,6.4313707,9.226842,9.004772,8.833014,9.345442,11.339836,12.967853,-9.251688,-22.301647,-25.811472,-29.107803,-20.84567,-11.579897,-20.167725,-23.289185,-15.6367,-11.589085,-6.6850796,-9.782715,-12.634657,-10.484654,-12.60247,-8.785463,-2.1664014,3.4538639,6.791549,11.718878,11.760013,12.145254,11.535261,12.772505,0.6594889,-19.61788,-26.661606,-25.831928,-19.165226,-16.822903,-8.320126,-9.452116,-13.05939,-10.519559,-12.900669,-13.412043,-9.259771,5.220188,9.049788,3.6017766,-5.5111513,-8.439183,-3.4485583,0.039533675,4.601506,11.059525,14.620626,15.577042,16.219776,20.125555,21.956379,23.27416,27.242813,28.815512,26.970379,26.172638,22.554478,23.134426,27.34041,20.380322,20.631714,24.061523,26.21841,26.848137,22.724018,25.235888,26.176643,22.649345,22.542358,21.872696,25.389647,28.81123,24.064754,21.510948,24.502155,11.52153,-7.42605,-23.433268,-23.4463,-15.972816,-13.81654,-14.304934,-10.658796,-2.2873769,3.3799279,2.6637433,4.1094265,5.8704247,-2.2737637,-7.257175,-3.6118784,-0.10581228,0.43411615,-3.5752063,-5.257959,1.4800535,-0.2200045,-2.0245333,-3.693128,-0.68898326,-1.190118,-8.077758,-6.6959944,1.0558782,-5.5980124,-5.568448,2.224654,2.7849116,3.47905,1.9470999,-2.0309176,3.5241714,7.768676,9.22155,11.662578,16.633955,6.7655067,-12.464563,-12.349668,-7.301316,-10.6858425,-9.189275,-12.753274,-17.124086,-15.846531,-3.1786919,0.4931372,2.9255056,6.844515,7.7959194,11.773408,12.7624035,8.897577,10.449545,7.932659,6.37515,-0.65983224,-21.825863,-23.112898,-15.490766,-12.758234,-17.28503,-14.636855,-8.562999,-9.988073,-15.604112,-16.043896,-19.648312,-23.94388,-23.147598,-18.5562,-21.18053,-17.221077,-14.02272,-17.957756,-16.473398,-14.934656,-13.395859,-9.004627,-10.051782,-10.60647,-9.962351,-7.9576206,-9.573223,-14.480219,-10.08882,-10.867975,-11.420766,-12.658997,-14.249656,-17.660442,-17.747597,-16.676758,-19.936663,-22.143513,-21.143482,-18.706306,-18.55959,-20.684738,-21.146198,-18.081226,-12.8649235,-8.972994,-15.674996,-15.865471,-4.4656982,-3.2396107,-14.610598,-13.545406,-8.540312,-12.101763,-13.347975,-12.638278,-13.790168,-15.146593,-17.872028,-19.21476,-20.82362,-19.249075,-21.944109,-28.393211,-25.12629,-22.079576,-23.689947,-15.898916,-12.365532,-14.58002,-17.305447,-21.154743,-21.274113,-23.159744,-21.41476,-26.45067,-29.392975,-28.161972,-26.784103,-20.899046,-21.242989,-31.48285,-29.308477,-25.130886,-15.366352,-13.42774,-12.732523,-13.853479,-8.6926,-10.680762,-3.7323203,3.721499,11.919868,13.544964,11.427942,6.4192047,1.5131516,-14.104086,-13.623507,-6.362273,-2.8714654,-1.8624556,-8.693111,-16.113102,-15.613993,-16.0157,-18.811216,-24.25381,-24.437439,-29.619785,-28.276424,-24.430462,-24.302795,-27.662312,-25.077541,-17.605885,-18.986214,-16.997746,-21.040627,-19.462263,-23.033857,-30.448141,-32.927013,-34.60042,-30.541908,-25.095432,-24.15525,-22.830166,-22.461832,-18.110565,-17.222172,-16.264608,-16.397312,-22.329437,-17.470627,-17.900326,-21.269604,-16.600746,-4.9486227,-4.502118,-4.488589,-2.3093407,-2.0401237,-4.869814,-9.600819,-5.0822287,-4.4104033,-5.6646214,-5.8888845,-6.721314,-1.8172338,-5.0957146,-6.33483,-4.350374,-7.4463234,-9.16255,-4.896373,-0.8005413,2.6367579,-0.42252696,-0.19352782,-3.306205,2.3029065,-1.0169214,-4.870662,-8.78443,-3.49511,-5.315746,-4.678426,0.09505427,-1.8851705,-2.010961,-3.9991665,-23.225798,-24.4535,-13.13068,-3.3329523,-2.1742144,-1.0105596,-3.1463203,-1.1672149,5.2600784,2.6909494,-2.6865811,-14.242258,-17.290878,-18.440697,-7.6562405,-9.300247,-10.040032,0.6657684,-3.9894197,-11.863095,-14.990303,-14.21984,-10.076349,-13.949026,-15.492376,-12.821491,-15.224966,-22.80339,-25.72287,-17.692287,-6.0143585,-11.286856,-21.293999,-20.332092,-20.586445,-16.84602,-14.257816,-12.797579,-11.928554,-11.808863,-17.373571,-13.950556,-13.7889595,-14.842066,-19.429644,-22.061249,-21.01689,-19.678986,-23.035606,-23.14442,-15.28643,-14.522396,-16.030611,-15.664442,-14.336456,-13.175152,-17.769789,-12.524396,-6.444122,-1.3562242,-4.377015,-6.027587,-5.802747,-2.3802948,-0.8720245,4.963565,4.2211676,1.8967013,-6.3034563,-5.5797267,1.9194081,0.95398426,-9.157309,-15.295002,-11.336089,-10.823278,-18.224741,-15.203327,-11.148275,-11.381437,-11.167988,-14.5604725,-14.535959,-12.117369,-12.5725765,-15.778139,-14.876815,-14.198493,-18.324509,-20.697174,-20.81715,-18.592583,-12.522133,-10.77814,-11.670093,-10.491137,-16.770954,-18.131697,-23.395416,-32.43872,-25.002508,-15.283491,-14.269047,-22.32136,-19.559921,-20.074902,-17.671501,-10.004843,-3.5526605,-2.7588253,-3.261095,-17.915213,-20.525723,-19.354525,-18.36954,-13.14134,-10.978175,-13.749729,-13.979152,-13.518942,-18.992647,-18.937721,-13.72163,-17.312824,-18.130959,-11.269815,-7.877475,-7.470819,-6.0696025,-1.9838349,-3.1752682,-3.3442943,-8.321182,-7.1893864,-3.93502,-3.7607899,-7.3701367,-4.005248,4.2070327,7.4951873,3.0469332,3.8805408,3.6278687,-1.7651281,-2.4238129,-3.3890448,-5.928087,-7.669076,-9.126806,-7.5729556,-9.417212,-8.79185,-0.7656005,2.3000264,-1.939409,-0.55979645,-6.1037083,-3.4235048,-0.41623938,-0.4487378,-11.404419,-12.85084,-0.525245,0.9151317,1.4990349,-0.35057878,0.6862371,1.1680491,1.1955202,-2.4991803,-4.900743,-2.6074479,3.0985212,3.6662445,1.2276027,-2.7687707,-2.815654,-1.2210212,-4.3389263,-3.1937046,1.8803144,-1.2948334,-9.330229,-6.6536913,-0.38773978,-7.7258415,-12.433276,-12.568819,-12.470697,-7.00718,-0.19395924,-0.7200526,0.51696104,3.0404477,-2.0436606,-10.966744,-16.260366,-16.790745,-18.671402,-10.7008,-4.800406,-5.164784,-12.06786,-5.5229588,7.7357397,6.05067,-3.0212622,-3.761679,-7.9144883,-17.052235,-26.241453,-22.599838,-15.355394,-13.166845,-17.342224,-18.272945,-19.105839,-19.563702,-15.328709,-15.5596075,-11.438048,-7.603033,-3.0765672,2.5582845,8.381786,4.1140604,-14.101582,-12.545578,-6.8760853,-5.43983,-5.781452,-2.8916783,1.9808519,-2.6671512,-6.520835,-4.8035316,-4.8315973,-5.5439463,-4.551494,-6.721283,-9.946769,-4.9094973,-4.776178,-14.854146,-21.526394,-18.643112,-11.079725,-11.990775,-13.367022,-19.131313,-19.181454,-16.43852,-14.209026,-15.318588,-11.657511,-10.117826,-9.772215,-5.8866196,-4.0966043,-3.2000687,-6.6891146,-1.4203346,1.4038763,-0.5619372,-0.3418207,4.985245,2.2346573,0.70233274,0.10573661,-5.063265,-5.4999332,-6.6742535,-10.924434,-2.0956025,3.643968,-1.2184355,-6.2916985,-8.342204,-9.37873,-9.632032,-14.874295,-14.195543,-13.89907,-23.12391,-22.48717,-18.619205,-21.529428,-27.657772,-27.17955,-23.01271,-22.343018,-19.245335,-25.261007,-31.348091,-29.744663,-22.560345,-20.227613,-24.069729,-30.258915,-25.84573,-24.32717,-27.052029,-30.429058,-31.993717,-27.63099,-19.367659,-26.081776,-27.14285,-23.473309,-17.528082,-14.05969,-10.223959,-5.5822883,-5.6613503,-3.7180512,-2.3724127,-4.5651617,-10.304138,-13.482683,-16.130028,-6.711664,-1.8594358,-6.2686663,-15.464909,-16.055168,-17.572464,-13.878368,-14.177442,-14.017955,-15.000761,-13.09215,-15.296789,-20.230345,-17.420218,-16.423788,-15.146588,-12.682066,-14.948412,-18.335857,-20.23629,-18.470789,-22.365631,-21.75732,-23.557896,-28.418583,-25.020391,-17.690943,-16.590584,-22.340536,-22.40387,-24.562996,-19.017693,-21.209553,-17.36708,-19.552395,-16.274181,-11.4385605,-5.8213434,-0.101905525,-2.9685025,-0.2675033,0.959694,-3.2173252,-7.139386,-8.4907,-8.532851,-14.402164,-12.191047,-8.739002,-3.3227024,-4.114874,-7.025056,-9.942402,-9.441178,-10.096823,-12.657923,-10.271597,-6.951148,-8.308932,-11.104252,-11.476393,-16.76344,-14.973211,-6.0150437,-4.8450537,-3.4025733,3.004958,9.048483,8.244299,-4.38689,-16.191477,-27.292156,-35.279472,-28.889736,-18.038372,-10.124505,-12.183261,-10.242525,-2.6915445,-0.755815,-3.1990983,-3.0764909,-4.4828053,-10.120176,-20.975243,-22.330276,-15.51134,-8.173667,-2.5355308,7.1522913,3.2836714,-8.837086,-11.064777,-9.529337,-7.8451586,-8.5714855,-3.6084287,-12.16118,-20.677017,-23.939556,-19.760185,-16.30359,-15.529779,-13.518599,-11.001366,-9.64526,-11.923857,-4.911629,-0.74610823,-6.5971117,-12.687083,-12.486928,-13.074381,-15.858878,-18.122065,-15.749094,-12.375367,-17.843092,-21.49215,-19.052126,-16.728844,-10.910375,-11.268002,-11.511229,-12.670828,-18.049822,-16.205667,-5.3176584,-3.794191,-2.0833633,-3.5184944,-8.807974,-4.1144137,-3.4281569,-4.8027506,1.1540312,1.0731342,-5.138091,-5.653551,1.7539345,5.58629,1.7533616,-3.6977072,-9.476797,-10.988722,-4.0523624,-10.597186,-12.617471,-13.051815,-11.710012,-14.597137,-16.933395,-13.867973,-4.884436,-4.7094717,-11.670568,-16.659971,-16.78646,-18.224735,-22.014618,-21.466755,-18.098156,-15.908958,-16.982357,-10.112632,-7.4944897,-10.297972,-15.598486,-14.694898,-23.59322,-32.227028,-27.23971,-18.50068,-15.739525,-13.441398,-16.873573,-15.263437,-16.765205,-6.0777535,-2.5594673,-8.859952,-16.820862,-25.530499,-21.364101,-15.573417,-15.225615,-14.784897,-15.493231,-23.637045,-17.950026,-14.362028,-15.348905,-19.902813,-27.39001,-21.657444,-14.945639,-9.617391,-2.7826674,-1.1236801,-0.5419665,-9.091614,-1.7525718,1.7052181,-2.667789,-2.142394,1.6035815,-3.8470669,-4.6819744,-9.098555,-5.7177286,-0.11362912,-3.0138345,3.6713564,8.328133,1.627424,-7.2557325,-25.126024,-21.460293,-12.704277,-16.758524,-15.43654,-7.9339714,-2.4126682,4.0536666,5.0165367,-3.1115918,-7.892454,-5.5789924,-0.9808418,-0.19996902,-0.4442101,0.28828532,-0.47459823,-1.7915407,0.8520378,2.4609647,-0.014033735,1.7129347,5.349349,3.6595922,-7.818375,-4.104115,2.6393027,-2.6366518,-9.220826,-11.268038,-12.435406,-7.167162,-0.21229577,1.7443626,-1.8555992,-5.555049,-6.224639,-8.815868,-5.5063577,-7.8115416,-12.7315445,-9.263806,-8.644162,-2.5576365,-3.9164152,-3.4457479,-4.582478,-1.5221083,-2.3879979,-4.299343,-7.8555665,-19.252493,-21.070473,-19.23448,-11.320168,-7.0394125,-0.7650728,-8.016108,-12.136186,-13.986176,-10.7007475,-4.995255,-8.281464,-20.916677,-24.220562,-17.030731,-9.748497,-8.551336,-12.421185,-23.30693,-22.505354,-6.904549,-2.1260972,-2.8809798,-2.708225,-0.5698757,0.9565082,-1.6506708,0.06482336,3.3673759,2.935598,-8.4769945,-13.451296,-6.5549316,-0.013808072,-1.4615822,-7.1882515,-10.459118,-11.809023,-11.924995,-13.960297,-13.377693,-10.486208,-14.040747,-13.362972,-17.656235,-17.901503,-14.63707,-13.976157,-12.518352,-13.589154,-12.557904,-17.911388,-15.919127,-8.728534,-5.073251,-5.838188,-6.9752173,-8.681593,-8.170665,-7.936054,-5.819933,-5.429285,1.5522642,0.87467724,-7.5897164,-6.392843,-9.541197,-7.781474,-7.334674,-10.229826,-8.205206,1.1036862,-0.7465688,-2.986446,-1.1276585,-5.0187063,-4.128738,-2.5613337,-10.65474,-14.828047,-8.473416,-10.572262,-14.278622,-11.459011,-10.318395,-10.257705,-19.491571,-20.753902,-17.69917,-22.717747,-23.849726,-19.84975,-19.838345,-19.965519,-17.779064,-17.860176,-24.22369,-24.767202,-21.479904,-19.445196,-19.564728,-24.734156,-21.824692,-15.275736,-21.560776,-23.369608,-19.720192,-19.135717,-25.397848,-28.129635,-24.698225,-19.607487,-11.397835,-2.378839,-4.9553275,-3.6375153,-7.4195757,-7.6180944,2.236637,1.1515841,-1.2792413,-8.676541,-8.977451,-5.535839,-9.337124,-16.691032,-14.9938345,-14.193029,-19.027767,-18.12522,-12.435093,-13.039381,-19.965244,-20.045761,-15.881571,-15.399004,-22.802315,-21.037819,-17.338284,-17.534737,-15.228455,-18.19003,-24.454334,-24.878826,-22.415905,-20.864916,-22.112923,-26.27832,-22.625706,-15.448998,-20.920914,-29.667915,-24.727715,-21.659594,-26.16586,-26.490036,-22.354477,-21.133884,-17.320093,-14.891714,-13.093813,-5.132045,0.28869063,-1.9245598,2.7403276,3.469912,-4.315979,-5.3148413,-1.1487927,-6.5308604,-6.1738434,-12.310041,-15.202872,-15.635853,-14.197224,-12.296583,-13.385862,-15.416304,-14.123875,-5.8617516,-4.882763,-7.019596,-5.290766,-1.0347009,0.7854065,-6.4100227,-1.3499302,4.1661506,4.1054597,5.973612,-0.97545487,-0.98403597,-2.2080646,-14.546959,-18.95916,-17.182598,-8.743888,0.6786366,7.369553,6.3292694,3.2714992,4.985858,7.257366,6.072695,3.9401069,-11.78615,-15.587906,-15.813896,-9.653932,-10.198364,-11.643505,-10.352488,-11.798492,-13.923557,-12.4947405,-10.295037,-6.790546,-4.1101713,-7.819252,-6.667018,-4.5459423,-7.688215,-15.65291,-20.296448,-15.970242,-11.699994,-9.573156,-4.8088493,-5.044567,-5.4881673,-1.3683532,-3.214612,-6.7770076,-13.76464,-12.710102,-16.475208,-14.495823,-14.52923,-15.678268,-15.365276,-18.185902,-16.859127,-20.007572,-16.940393,-12.052494,-6.8299513,-7.62021,-12.119243,-11.755377,-8.809514,-2.6773672,4.253709,7.4709964,8.136043,5.2682886,2.3808703,6.494501,7.414464,5.763712,8.316803,8.325874,-4.5926256,-10.750406,-5.6224685,1.6391346,-1.7993388,-5.333708,-7.6980753,-7.7483373,-12.042949,-16.285831,-14.421683,-12.24828,-14.031757,-17.638105,-21.078775,-18.521807,-18.702696,-19.011694,-19.458443,-18.70771,-17.832289,-16.509064,-18.641037,-14.824558,-12.051384,-13.307723,-15.079925,-18.789764,-19.756523,-17.580837,-22.92742,-26.839579,-17.726505,-7.7910194,-12.185213,-11.795079,-4.6712747,-3.5788193,-5.0353236,-1.1463897,-2.812393,-8.8408985,-22.051552,-25.328491,-19.63686,-15.563862,-14.478808,-17.099829,-23.131752,-18.446991,-17.572819,-12.852758,-16.32131,-16.65942,-22.892212,-24.657967,-28.374521,-24.221996,-15.158004,-7.877426,-3.3308764,1.60125,4.2867002,-0.5143515,-10.624226,-7.858101,-6.3482113,-5.3501377,-7.280109,-11.717021,-8.946812,-6.978468,-7.1868963,-5.317084,2.5017636,-1.0787282,-4.350322,-6.130451,-11.322798,-13.031353,-13.155956,-7.393777,-5.967755,-4.2611227,-3.5000033,-7.7338743,-7.7048054,-1.7649959,1.1032286,-1.8938391,-9.564367,-9.402121,-9.524148,-4.4913955,-2.7888699,-1.8994708,-1.9615653,-5.0828915,-5.524613,3.8538008,9.099525,1.7184491,5.1771135,-5.5973425,-13.943111,-0.0621216,5.3003583,4.597666,5.0389934,-1.8424371,-7.9956207,-11.527294,-10.9009495,-8.020289,-11.819271,-15.321784,-11.028889,-1.6294245,-2.0642653,-4.5124583,-4.688478,-4.5699778,-10.809047,-15.0739765,-9.948523,-4.2756505,-3.145065,-5.814827,-9.564767,-8.552055,-5.50883,-2.81443,-5.297497,-11.1214695,-13.057082,-12.426137,-10.438281,-21.583397,-20.98752,-19.352444,-25.978342,-19.068956,-22.294384,-15.748163,-13.829126,-17.535381,-18.941795,-15.941218,-6.6631284,-3.0199907,-4.838201,-6.3164682,-8.686991,-11.185061,-3.3440619,0.949031,-12.559759,-14.205333,-4.0279036,1.7701776,3.6455646,-0.7308656,1.5562712,0.050548613,-8.034767,-11.679867,-7.4887056,-8.672714,-12.034961,-12.817952,-16.668638,-14.657865,-12.502374,-10.455822,-14.187297,-17.2769,-15.800647,-14.382879,-9.220011,-10.188227,-13.353615,-13.214337,-2.2717304,-3.3275714,-8.647148,-8.121692,-4.6489477,-5.73142,-1.5913686,2.6858351,-0.99546087,-7.595785,-5.088037,-3.5663307,-0.48911116,-2.3965712,-2.777587,-0.13176143,-3.3498871,-9.078709,-10.754841,-7.373893,-0.5022317,7.1197286,0.21321285,-4.273934,-10.656166,-7.3058195,-5.2829413,-8.829355,-16.680998,-17.749474,-21.107517,-24.413744,-18.079916,-15.439541,-13.577305,-12.810947,-13.313106,-12.357563,-14.3795395,-17.911478,-16.585777,-25.915493,-26.137632,-19.56674,-20.354355,-23.84432,-23.569443,-21.708424,-21.331753,-22.60495,-26.163212,-25.681553,-19.638367,-21.968435,-19.709377,-18.248814,-20.878328,-21.237595,-15.180946,-8.08093,-1.3827901,-0.010536581,-0.9327331,-2.3035226,-1.3454967,-1.4132595,-1.9655045,-3.1101649,2.1450543,0.098144814,2.2032757,-2.7563362,-11.053305,-16.250694,-17.452593,-10.593006,-10.038022,-18.480541,-19.530289,-17.139935,-18.17343,-18.640915,-15.16666,-14.543716,-10.229194,-8.299435,-11.513243,-14.754726,-22.905512,-23.48268,-23.74062,-23.663303,-21.30595,-19.818136,-21.448326,-24.374195,-21.924526,-19.182323,-10.096527,-10.76668,-11.796078,-19.19025,-22.202297,-18.422161,-9.701597,0.47966447,2.0955439,3.212723,4.804907,0.7515112,-1.2064213,-0.2763815,-1.4398061,-12.080651,-10.365604,-4.973564,-6.2410035,-0.29551908,3.0258994,-6.7927427,-10.532451,-8.92752,-9.086443,-11.567326,-6.8463354,-9.354016,-14.01696,-9.902098,-6.5417337,-9.041198,-12.352791,-15.5321,-6.6697903,5.243345,11.872993,6.092241,-4.879998,-10.571161,-23.00044,-21.377962,-14.200844,-12.483704,-7.4521847,-0.9909186,-1.6107503,3.2906392,2.45483,2.04938,-2.3184516,-6.066558,-18.067966,-18.499413,-14.08423,-11.016884,-8.03027,-10.574879,-9.527893,-12.163557,-7.6806703,-4.477603,-0.64505136,-3.5387812,-4.578766,-4.6739883,-6.2544775,-10.949522,-15.080601,-17.179482,-11.85507,-11.745283,-10.068269,-7.3521595,-3.129746,-6.1305084,-10.475941,-11.366665,-10.888158,-18.110107,-16.2602,-15.206389,-15.091263,-14.992362,-14.884712,-15.46505,-11.4810915,-17.413464,-17.863876,-15.445749,-18.294624,-17.61697,-11.31529,-11.295965,-6.2189813,-3.0479527,-5.8324738,-5.851808,-7.404298,-6.6822777,-5.8939753,-4.4787693,-5.4754477,-3.164509,1.1729323,1.2279944,2.1116626,5.7620716,11.356949,9.635457,8.219873,4.7116337,1.8045322,2.7123523,-10.310827,-22.813715,-20.92704,-8.848344,-10.8172245,-14.645483,-13.891119,-13.813417,-8.794298,-10.673199,-12.726464,-4.5161223,-1.9509387,0.4367674,3.0749943,6.499501,9.108083,10.319584,13.943747,9.607848,7.8542833,2.0475495,-8.323307,-23.083353,-28.120182,-22.026646,-13.563153,-14.46982,-11.00761,-4.612094,-8.619653,-4.964192,-7.2776613,-9.812333,-7.549594,-19.958672,-22.931152,-19.67155,-13.248251,-0.012523055,1.2372105,-2.8044887,-2.9903543,-7.0096025,-11.447694,-8.361187,-2.4991784,9.293897,12.27235,18.128365,17.073017,4.6086197,-2.3186407,-8.452615,-10.2691345,-6.5248413,-13.478286,-22.639112,-25.591816,-17.955788,-7.2651324,-1.967831,-7.4055796,-2.9023795,6.1550245,5.6129227,4.342699,11.206558,9.915455,-10.015796,-12.214653,-9.9250555,-11.305074,-6.759573,-10.245604,-9.772537,-8.428369,-12.784963,-17.54053,-14.362028,-14.562187,-18.355753,-17.854301,-15.3334255,-12.659479,-15.17857,-16.093412,-11.930508,-8.682162,-12.246788,-12.249447,-8.513611,-5.2326174,5.0912037,4.806649,-4.6382346,-5.648876,0.8913132,5.4107485,-1.9011635,-8.540438,-13.515717,-9.616095,-8.331827,-10.933901,-9.76907,-11.597048,-11.191723,-15.267779,-18.606102,-16.456387,-17.764439,-18.172604,-12.065889,-8.170866,-8.086422,-10.93069,-9.655776,-11.801622,-25.92932,-30.350079,-25.167877,-10.886961,-10.18965,-17.222782,-15.822014,-19.725327,-19.083645,-17.105848,-14.539148,-19.341345,-14.928574,-22.239193,-32.726574,-34.015247,-26.388725,-14.858565,-13.59494,-11.561292,-8.171127,-7.85448,-8.174269,-9.8608055,-4.2230606,-1.1481329,-3.2790408,-11.017898,-7.3896785,-9.435675,-11.170185,-12.133858,-11.826626,-6.1007075,-2.9475684,-3.689554,-7.3439193,-8.995087,-4.8969846,-2.3440015,-4.7633715,-10.256467,-11.753146,-10.400669,-5.4414988,-9.395068,-9.813325,-10.356221,-13.582599,-14.633041,-18.486435,-22.29483,-22.38369,-17.280285,-16.480244,-16.465132,-17.384693,-19.461803,-16.77596,-19.75938,-18.02397,-12.755379,-16.01008,-15.912733,-18.703247,-17.287899,-17.459536,-20.195728,-20.13486,-12.247383,9.114931,18.767921,-2.6065886,-10.891611,-14.494852,-8.693842,-5.224943,-8.827422,-12.149668,-11.531967,-14.51841,-13.362554,-10.131945,-8.691039,-5.7411013,-3.5039191,-7.055026,-8.196661,-8.331156,-5.7024302,-8.476234,-5.200084,0.7664171,7.338108,6.3461227,5.6830444,-6.4657917,-17.638283,-14.808313,-22.050919,-21.538746,-16.634283,-6.4710875,-1.3788302,-7.531264,-6.809017,-4.8201103,-10.60488,-10.280821,-7.1541767,-7.926992,-16.05981,-25.971527,-22.62709,-20.699936,-10.861285,-10.185022,-7.670398,0.6475116,2.2710814,-2.5200682,1.3854698,1.3169643,1.0665135,0.25646505,5.814619,10.140699,3.9829311,3.1723921,-7.045995,-20.529743,-26.08836,-15.215106,-10.028367,-13.547424,-16.353745,-16.815931,-18.737461,-19.427036,-21.06558,-17.96904,-10.666,-6.324806,-1.7767982,3.7923396,7.9902034,7.243451,-0.24841556,-8.374035,-12.188129,-2.976312,1.1573164,-0.2708542,-5.6608014,-14.762985,-19.43024,-14.279412,-7.0304384,-7.031937,-12.110611,-10.632681,-6.6610017,-5.2103267,-6.2345114,0.35754013,3.2563968,2.866019,-0.45033428,0.8120024,2.5484731,-1.6558745,-5.5543914,-8.22521,-8.238564,-11.375771,-12.499733,-8.096308,-7.665304,-5.4962816,4.69844,2.6954448,-1.4377141,-4.1569467,-7.220131,-4.9294314,1.0399106,-3.0666788,-5.910244,-2.5217295,4.320796,-1.1197205,2.0422282,6.3624935,6.6831336,-0.9029498,-5.934082,-10.675193,-13.263262,-15.848362,-10.159491,-3.9764824,-6.6189613,-11.243121,-11.101029,-11.061567,-10.2364855,-13.385675,-12.346321,-15.679385,-22.709507,-21.845459,-13.137936,-7.3220224,-9.398245,-6.8645144,-10.356283,-11.631475,-10.062723,-8.863884,-11.315645,-13.6457615,-12.209609,-8.544838,-10.114782,-9.105502,-5.5454006,-6.462512,-6.1008396,-3.094571,-3.5193686,-2.6508799,6.671562,2.8291488,-8.106569,-12.427317,-10.986172,-10.072297,-9.83045,-10.694992,-11.173894,-18.116207,-17.9776,-15.044462,-8.885757,-15.341395,-18.114885,-11.70594,-7.6131935,-6.2157526,1.0616854,2.6465015,0.82433975,-3.606093,-3.8190691,1.3708863,3.4378138,1.3259325,0.033328295,0.042710602,-8.858225,-10.889456,-8.239493,-9.624611,-6.1250277,-8.281862,-6.3767767,-4.771435,-5.6711044,-3.4616442,-9.908524,-12.711483,-10.346802,-7.975727,-5.404213,-5.3323617,-0.6056146,-0.95148826,-0.16258515,3.5299053,-0.67699206,1.5887163,-0.47916216,-8.931497,-7.515757,-1.3055551,-4.366209,-10.330787,-6.2379274,-3.9585223,-3.023575,-4.516592,-9.583775,-13.102724,-12.886358,-14.061944,-12.978872,-14.3645935,-15.166424,-8.682467,-10.769678,-10.751036,-5.757471,-3.402928,-4.3620224,-7.6987095,-10.367578,-14.317528,-17.168102,-14.025545,-10.465996,-5.6792445,-5.464582,-7.895027,-9.386631,-8.7407255,-0.5944531,-0.49592292,-6.163974,-1.9755007,1.1130784,4.364881,5.9055433,9.472758,-0.3396183,-18.913734,-17.697876,-19.233074,-14.724627,-15.881376,-13.461365,-12.5893955,-10.594688,-8.224647,-8.292471,-6.4766026,-3.2653255,-4.6135507,-4.979719,0.57843024,-1.8660617,-9.223347,-10.849575,-8.083768,-2.2105048,-4.3245945,1.1440954,3.5157049,2.6178885,-6.1357584,-8.557626,-1.9583361,7.770153,10.140381,5.1885934,-2.3264816,-5.9031763,-0.5421318,-1.3003703,-0.91478586,0.66925585,-3.5682411,-7.585346,-20.117268,-12.926632,-1.1110882,-1.970129,-10.30429,-15.281401,-13.137899,-9.444157,-9.237516,-11.761225,-15.929686,-15.381935,-13.528967,-13.757189,-16.21685,-12.753173,-17.388615,-16.449224,-15.3725395,-18.21553,-16.955807,-12.59654,-14.582613,-10.75506,-12.034878,-10.128348,-10.062457,-8.081311,-10.351511,-7.4430575,-9.350883,-14.445156,-9.774876,-14.145258,-15.800793,-12.033951,-11.160473,-13.722314,-4.4498043,-4.228715,-7.8597884,-12.1450405,-11.506198,-11.96587,-3.2355578,2.130584,3.8259687,4.652117,8.083384,5.335067,6.973407,7.392083,3.3477166,2.1809177,-12.939009,-18.541004,-21.553274,-12.953849,-5.3855114,-3.8054845,1.2426126,-7.0933723,-13.549607,-14.670073,-10.896252,-0.12396893,1.8398665,-1.7147598,-7.4494863,-6.624368,-6.3763485,-8.865322,-13.22118,-16.73,-13.66833,-13.698439,-17.356453,-15.498631,-13.337417,-13.338976,-7.4087,-8.061224,-8.666746,-7.202404,-9.453745,-14.729652,-14.472233,-13.827408,-17.424232,-16.978714,-11.247413,-12.444614,-10.233185,-7.473153,-9.462475,-9.293694,-5.4938416,-5.210864,-9.690424,-6.096239,-4.772882,-7.6371713,-8.655543,-6.496909,-6.4348016,-11.495491,-18.129066,-20.890486,-21.331814,-16.690044,-14.33369,-4.1544695,-11.462147,-18.988827,-19.317917,-11.595613,-0.7882489,-0.6440829,-4.741343,-4.010809,-5.472967,-5.238481,-3.4946094,-1.0929499,0.80342317,2.8681688,-0.906735,4.693098,8.209762,5.8407516,1.6395264,3.884788,10.555239,12.483128,13.827614,5.980716,3.6316795,3.432314,4.8269863,10.5348425,7.6094904,-3.024827,-20.28273,-22.195385,-20.243233,-17.714388,-16.455166,-16.235687,-14.577918,-21.974716,-24.181513,-17.275612,-14.348963,-10.691592,-2.371364,-1.1108404,-11.456309,-17.107138,-15.5024185,-24.037233,-26.506102,-26.087793,-23.721584,-21.394651,-8.256748,2.5451784,1.8378608,0.37743485,5.177412,5.9007335,7.757317,8.373521,5.2123585,5.441099,5.385713,4.288959,0.09673101,-11.565006,-20.26239,-17.970774,-15.794706,-20.033821,-25.494757,-24.152367,-21.376656,-24.634884,-21.16404,-21.468315,-26.44978,-34.13482,-37.93699,-27.560343,-30.889366,-28.36249,-22.409685,-21.793095,-20.899523,-9.341588,-3.3556995,-0.9808173,5.9131985,9.982829,-1.4979715,-15.99955,-17.725513,-14.1476755,-13.585391,-16.37136,-12.743966,-9.262941,-4.7208176,-4.256096,-10.776251,-10.389942,-9.820984,-2.529849,-2.2004814,-2.6961646,-4.397497,-9.304104,-10.786285,-5.597046,0.257868,3.1552074,1.3881593,-1.0688632,-2.8996177,-12.4970455,-11.454369,-11.069964,-11.48757,-9.877153,-11.666616,-12.212278,-11.526798,-10.092664,-10.440145,-13.214407,-10.596859,-10.026497,-13.641758,-19.348743,-16.12045,-16.0955,-12.242315,-2.2476084,-7.0301695,-10.555848,-5.8554673,-0.93658566,-1.7070535,-2.490414,-4.7696476,-1.2033865,-2.8316236,-0.9733379,-1.044047,0.058962315,-3.201699,-2.4752684,-0.9899351,-1.4619181,-0.39016908,-0.93894887,-6.354036,-7.7470093,-6.2834125,-3.299216,-8.324713,-8.440201,-3.8311002,-3.5792806,-2.9503548,-0.5367404,-0.9222863,1.1270874,-2.369662,-9.066956,-14.076605,-12.506228,-16.293509,-13.779539,-5.389303,-2.2149801,-3.5822492,-5.308484,-7.0849733,-6.870902,-3.8605566,-5.303813,-3.5772262,-6.206455,-7.4468517,-4.148034,-5.4036484,-5.1063604,-0.7831359,1.8149674,3.6739745,6.126459,2.522696,-4.702839,-3.382956,-2.588756,3.6548738,4.0644584,5.6667852,6.602851,4.9739523,5.428773,3.7988875,5.843465,6.7760105,8.310471,13.288198,15.023564,16.631508,16.401321,14.333769,11.448448,10.887278,8.84252,12.472577,11.356824,-5.7433596,-11.200623,-21.49007,-19.910095,-14.427563,-11.813351,-10.037793,-9.203077,-8.138193,-7.092968,-6.348336,-0.058472216,5.4706154,2.8739493,-4.129474,-18.241945,-22.736914,-12.091493,-6.947326,-4.2449465,-1.436792,2.5628066,-1.6288869,-4.7840805,-2.4026983,4.839933,3.7113287,3.6879163,4.224625,7.0660496,5.6145515,11.729023,12.0612545,6.227214,-0.43661046,-8.122329,-9.299334,-5.5792027,1.0425824,0.0708571,3.2573898,-3.5261524,-9.318024,-8.262603,1.1246055,6.0697155,5.010612,2.0524518,8.171881,4.83161,-1.120732,-1.0189145,-9.100913,-3.0513163,-2.0967915,-5.2231464,-4.917919,-12.263004,-9.854023,-10.206644,-11.255267,-10.290552,-15.558001,-18.544159,-14.601506,-9.553512,-6.4396276,-2.8795364,4.6270247,15.410425,20.767965,26.796562,30.223028,27.950867,6.9602804,0.1453716,-3.086358,-11.311864,-16.915302,-19.14914,-16.583036,-17.538643,-18.315178,-17.094467,-17.733435,-16.130636,-13.656147,-19.243626,-21.750992,-18.26811,-14.452262,-8.431263,0.6780204,2.4651575,4.555227,11.668747,12.2389,6.037813,-9.98837,-20.859781,-15.988159,-10.363093,-4.5033946,-2.3454099,-4.14057,-9.223436,-13.0434,-5.130889,-0.26806363,1.8415804,-10.400871,-8.858437,-9.3703785,-15.700964,-10.4814205,-0.06672907,-0.28526223,-1.4834529,1.5650744,-0.4020271,5.305482,7.1899147,8.362274,8.067387,4.9099574,3.5707912,-6.7706165,-8.425413,-9.745523,-9.0768585,-12.636926,-20.298481,-22.437027,-14.238465,-1.4212302,9.90641,10.865185,8.171205,3.5197356,2.1368182,2.339395,3.8123837,6.9397583,9.782503,15.047895,15.732542,18.26142,14.094704,1.5695012,-6.3358335,-8.244215,-5.0508575,1.7251723,-1.2988577,-3.9476883,-1.8688166,-13.724921,-15.851923,-12.751852,-9.789197,-2.3299897,0.6041964,-6.104926,-5.3415003,2.4875312,6.105426,8.536576,14.113678,19.616447,19.175446,12.037104,7.769973,-0.9421439,-9.508793,-9.172274,-9.363062,-1.3210933,-0.7189475,-7.428653,-0.54212,-0.6597193,-8.11908,-2.2894607,0.22529367,-4.232148,-1.1805003,1.6977222,-7.2991667,-7.121253,-5.0277805,-5.293213,-5.9099073,-1.1160501,3.9345388,6.1672525,3.587628,-24.26522,-30.913784,-25.247341,-18.255932,-14.797277,-16.264753,-19.92268,-19.267706,-11.192326,-5.6725245,-10.18795,-8.628696,-13.684803,-13.821459,-15.493639,-27.862331,-24.908257,-14.839931,-14.569456,-11.908228,-12.243761,-6.2907667,-6.9882083,-8.533907,-10.728085,-14.445776,-11.331429,-10.572769,-16.115852,-19.344433,-16.323507,-18.098522,-13.374952,-8.543545,-9.50526,-8.335079,-7.6317697,-8.9436865,-6.1203237,-8.381285,-10.037105,-4.37045,0.6353967,4.574834,8.029506,11.279053,7.5767274,10.036024,8.209935,-1.8771248,-4.2035522,-3.972237,-1.785263,0.15713757,-0.5656507,-4.5224752,-8.639336,-6.020277,-5.6045465,-8.8994465,-8.535752,-11.746299,-7.4985847,-11.083365,-15.845887,-15.413294,-12.171045,-10.176714,-10.558458,-16.772373,-20.4623,-16.112448,-9.660233,-12.912534,-5.833567,-3.2459872,-6.3844657,-9.735268,-6.0121784,-5.0135674,-1.1549256,1.9416597,6.7522182,6.645255,7.970531,8.305831,6.345749,6.1485915,5.3707905,4.0629144,1.7561063,2.1836548,1.0149763,-6.532513,-4.093883,-2.4913006,-15.090132,-21.942003,-21.536968,-15.434319,-7.041748,-5.1526127,-9.231357,-6.7079563,-8.824922,-9.885582,-14.373275,-16.309566,-14.643463,-8.660723,-7.44944,-11.029444,-8.4452305,-7.7818475,-8.161615,-6.182512,-4.5724897,-5.5155654,-10.951462,-14.019242,-12.711402,-6.020226,-3.9024339,-5.6230083,-4.3529205,-7.89691,-8.677621,-4.1852283,-1.315202,-0.99892294,-1.2197607,-4.765385,-9.750372,-11.109653,-11.604993,-6.1288652,-3.9882884,-7.3078833,1.0012825,0.44601464,-3.4467692,-3.1651797,-2.9207053,-4.819953,-4.1254845,-1.9828283,-10.488656,-11.439614,-6.1537075,-5.1162157,-6.6857433,-2.4315233,-5.6360598,-2.4912934,2.2148976,0.99867797,-6.5253983,-6.793479,0.10903773,-3.97543,-9.610215,-9.577652,-6.0531707,-6.7781105,-4.938059,-3.971202,-5.300464,-8.00503,-8.118545,-8.148895,-5.14128,-6.6650047,-5.543094,-0.20674163,1.6685936,4.2348003,8.694075,3.544404,-1.13658,-0.82413393,7.4626927,4.5211706,1.3488225,0.64951783,-1.1109902,3.0554206,2.0068676,5.520257,9.836557,11.113476,15.71077,13.275815,6.7438593,-7.2408423,-20.398716,-23.36869,-19.481045,-14.428663,-13.78558,-14.401501,-11.197089,-7.748088,-8.026543,-7.701087,-9.092659,-14.160917,-14.420772,-11.02718,-11.088609,-14.5194435,-12.526449,-7.570673,-3.081716,-2.676576,-4.744169,-6.378173,-8.439188,-4.279453,-9.683634,-20.068575,-22.788633,-22.886887,-20.872992,-17.835049,-22.43488,-23.764305,-23.02055,-18.83672,-10.693724,-4.5174065,-0.16841188,-3.7913043,-5.212417,-3.83902,-1.6998633,2.1104186,-0.63905776,-2.4110975,3.3358917,6.7592297,4.1555533,-4.1252007,-7.065377,-3.9251816,-3.397421,-1.8697965,-1.0312879,-2.8482096,-0.7627802,-7.933334,-11.1919775,-10.67766,-9.1188345,-9.835666,-6.560196,0.008448243,7.351774,-1.2146606,2.0219355,5.7865415,7.633808,11.603062,14.21748,18.004454,7.982699,0.6698208,0.5029602,-4.458082,-2.7362354,-8.3632965,-6.562621,-0.33821702,-3.838354,-2.764325,-3.698433,-7.4243736,-11.254446,-10.7746105,-4.8276663,-6.9970393,-5.946418,-9.113073,-11.547192,-6.8063965,-8.587257,-11.396984,-8.673156,-5.879305,-9.76475,-21.778141,-22.271814,-22.669931,-15.538776,-9.310501,-14.2682905,-17.173359,-13.990687,-11.012885,-6.9309673,-0.5854747,-2.8596296,-5.499642,-15.944124,-25.00682,-19.24728,-15.087206,-9.8921795,-7.3123617,-5.221931,-3.7095494,-5.1218147,-5.379701,-5.579482,-4.307048,-4.658142,-4.8719664,-0.14157695,-7.072284,-11.172735,-12.464989,-8.092489,-3.6918502,-6.135166,-4.9293385,-8.315908,-3.1151292,1.5636586,6.815256,13.376512,0.77600104,1.440437,4.4487076,7.4645686,9.290757,6.062378,8.24449,3.4798486,2.1840198,0.9026481,-2.740605,-3.6190925,-4.014875,-2.4624238,-0.7402596,-5.5907464,-2.0881634,2.6154706,2.825141,-3.3524904,-4.6791587,-2.8276715,-0.62697554,-1.8786535,0.02365771,-0.44393587,3.636849,2.874897,1.5626704,0.061686963,0.44499362,-0.66075575,2.442709,1.814389,-5.424131,-9.489537,-8.448845,-8.270755,-4.4393234,-1.3375244,-1.482372,-4.0235634,-6.39859,-9.739967,-12.219827,-7.808186,-6.505314,1.663846,4.965587,5.158941,6.1161804,11.453228,14.505227,13.760048,9.424125,8.065632,-2.5307007,-19.082857,-25.281712,-17.670261,-8.610323,-9.582527,-8.419939,-7.2674456,-11.463554,-13.323578,-11.664758,-8.741318,-10.10572,-8.290512,-11.995185,-15.469946,-20.723057,-16.522087,-12.53847,-11.480263,-13.710911,-9.010899,-0.14054635,1.969539,3.6954732,0.9214999,-3.694123,-7.047841,-7.363041,-9.849251,-12.409084,-8.057031,-11.807919,-15.647871,-10.442986,-5.827948,0.84688735,2.4939263,5.5399194,1.2223432,-0.9714304,1.3814708,1.6238592,0.7542422,-2.222632,-1.6013305,-0.87647796,2.3798413,-4.2840767,-15.840691,-14.550978,-8.319909,-9.436089,-5.8360453,6.7741976,-0.59679186,-12.148008,-14.252129,-12.453215,-19.471466,-20.02224,-18.469315,-20.25578,-19.922634,-22.190224,-16.329449,-14.273207,-13.904416,-12.493578,-10.406895,-2.5433059,6.336915,0.6288294,-12.081168,-11.35674,-2.612522,2.6509688,-0.28152615,-7.5159454,-8.903772,-12.40944,-12.17898,-10.935001,-10.138147,-9.9803505,-6.934598,-8.113396,-13.34614,-12.802549,-12.525829,-8.652479,-6.721183,-8.822817,-10.725452,-9.91992,-7.2478905,-0.4956489,-9.78097,-11.907194,-5.6122527,-6.6250772,-13.050306,-9.907701,-7.6559114,-11.035072,-12.621176,-8.997063,-10.991497,-8.921304,-12.797539,-21.24507,-20.683628,-10.933502,-4.986541,-2.759417,-4.666938,-3.7026176,-2.1164062,-2.0058906,0.28668204,2.2068682,5.131423,4.3674426,-6.207715,-5.7676644,0.05932635,3.1488736,4.121055,7.4369235,7.611953,2.794704,4.8854766,3.9216099,-0.9871144,-0.098958254,-2.3391907,-7.189571,-4.321931,-2.9123244,-1.7983798,-2.2905154,-3.2369633,-1.4159216,-5.62479,-6.2908726,-15.8294115,-18.957285,-13.443918,-10.164722,-5.120208,-3.5239544,-0.5519381,-1.1270823,0.8585696,3.2577693,3.5685084,3.9930344,-0.9459926,-6.0923305,-12.643562,-11.148695,-6.903103,-4.8660035,-0.6066552,7.7641144,8.157615,7.294523,8.549925,-7.5444756,-15.414597,-12.064256,-4.811524,-2.7326117,-6.9529886,-4.0338063,4.729947,1.8458178,-1.312374,-0.17654979,3.180475,1.7333503,0.54879034,4.8349223,9.551654,9.80265,11.810617,8.990909,10.798455,13.975372,17.815273,10.105901,1.3499691,-6.7591615,-15.819047,-21.937725,-19.43696,-15.291147,-11.518023,-8.853725,-6.7019777,-7.1705437,-7.44916,-2.8770761,0.8334049,2.2975743,-13.23292,-21.051605,-15.968804,-13.05768,-5.203954,-1.5970113,1.6550171,4.1071215,5.7596693,4.5027623,0.32080996,-0.26284313,0.87679964,-0.7645755,2.897364,8.841898,15.715982,15.114272,16.544674,17.700272,15.891302,12.819162,14.673865,17.716293,17.929554,11.158363,0.18831122,-4.0904226,1.4344207,10.153193,7.9554696,9.26545,9.222157,0.19965684,0.9696151,0.18271954,-0.24452895,-3.5320597,-2.9741564,6.2109957,5.5716105,5.713893,11.190348,11.2684765,10.043322,2.3867712,-1.8867476,1.8448648,5.392125,-2.3979926,-3.3793764,6.461253,9.624182,13.896812,24.652225,29.734999,28.305584,27.383568,5.7565117,-17.573282,-17.481628,-17.968674,-19.150326,-18.629072,-9.977745,-13.448867,-14.053112,-11.975976,-10.210833,-5.6673455,0.9079217,2.2890282,-1.5983441,-8.8477745,-14.499282,-14.232961,-11.057725,-11.432589,-6.3351974,-4.68904,-3.6804295,-0.27677882,-3.165967,-16.642586,-21.4932,-18.169878,-13.261487,-12.133982,-12.929646,-11.978267,-7.7096043,-4.0667048,-4.278883,-1.9169388,1.1934056,0.03235227,-4.725781,-12.972928,-19.170238,-15.406742,-16.401817,-15.459909,-19.635437,-20.624115,-20.21596,-16.957407,-21.664509,-24.56179,-22.413963,-20.192503,-16.188017,-9.842926,-12.187378,-14.236357,-10.135027,-6.054688,-6.1647882,-9.966061,-9.390089,-6.7583427,-9.214727,-12.744051,-20.127998,-19.722597,-15.250631,-15.230049,-11.52629,-8.022871,-2.5749636,-2.8988445,-2.7451906,-3.8285778,-1.8025141,-6.627119,-9.935371,-5.5414143,-5.6607256,-7.101236,-8.777515,-11.888249,-12.817694,-10.12464,-14.729578,-16.529552,-19.676943,-18.796726,-19.817322,-20.636341,-23.661667,-21.277374,-23.133675,-27.277191,-21.580883,-16.005108,-20.940004,-29.337915,-26.870834,-18.354834,-17.285988,-11.706775,-6.5701637,-7.8315825,-7.8757467,-5.571203,-7.182062,-6.194273,-4.062439,-4.1994705,-4.6534705,-10.199457,-21.888796,-28.159962,-22.906017,-17.6195,-9.772579,-7.8014927,-16.220526,-18.421436,-15.156393,-15.175979,-12.291257,-19.996647,-25.045628,-16.700531,-2.6567402,-4.7679033,-2.2507594,2.3979342,1.3704041,0.1537998,-5.0327787,-3.1135664,0.29603827,-6.4218683,-17.389862,-17.564625,-12.465344,-10.302525,-7.4011254,-12.007716,-14.699022,-13.869671,-13.670105,-15.041842,-14.077753,-14.069017,-18.747574,-24.330376,-22.155392,-13.707844,-15.783462,-15.971308,-8.495214,-9.627611,-14.503661,-13.893654,-21.249962,-19.001125,-17.045431,-16.658287,-17.451681,-14.411963,-11.295954,-11.720253,-14.430272,-14.101677,-12.065711,-12.526814,-17.152351,-22.296112,-19.010166,-14.446024,-17.36501,-13.802202,-14.483604,-24.335281,-19.788822,-16.169838,-17.686762,-20.750315,-17.390715,-12.874996,-18.284586,-16.0747,-11.786001,-12.214462,-14.725285,-18.039896,-19.816689,-19.152634,-15.276665,-18.504807,-22.714218,-24.096748,-13.463461,-13.35006,-16.219055,-9.868412,-11.717743,-12.493584,-15.212375,-17.698425,-11.784171,-9.985237,-10.001049,-13.70239,-11.531273,-9.866932,-8.411368,-8.281282,-15.28917,-20.682743,-16.534592,-10.281318,-7.83659,-13.045181,-13.727739,-18.315502,-18.92704,-18.678162,-18.671629,-18.527206,-20.337715,-16.04654,-10.9425745,-13.281894,-16.8819,-15.912529,-12.546861,-10.151733,-6.9535437,-9.585366,-15.13316,-14.649317,-13.557132,-20.770378,-20.830185,-19.698597,-27.659697,-29.018787,-21.644775,-15.012121,-21.329136,-21.934523,-20.83996,-18.459171,-6.503908,-10.130888,-9.951462,-0.16290843,-1.2101241,-6.7607455,-2.4859445,-0.5919353,4.5000324,0.29557565,-4.3729897,-10.355665,-13.662399,-15.529022,-20.96767,-19.703854,-17.126225,-15.988427,-11.008854,-9.415796,-9.923162,-14.548557,-13.083985,-10.584819,-3.6908586,-1.3376114,-5.926599,-10.864785,-10.97156,-7.0429206,-9.252117,-9.017624,-8.593564,-13.788414,-14.619321,-15.297726,-17.046413,-24.881725,-26.961628,-27.57758,-24.392303,-21.273928,-19.030643,-14.902426,-15.352291,-16.69499,-9.685741,-6.5866714,-9.7484455,-11.481241,-9.218252,-3.9254127,-2.1582408,-0.6000885,-9.149763,-6.354534,-7.0875235,-15.16051,-23.18317,-19.857126,-12.814973,-13.4776535,-16.387842,-16.270205,-16.063873,-12.41283,-11.752499,-11.152984,-22.795979,-21.389935,-18.512022,-16.158436,-16.274672,-15.7663555,-18.539108,-13.844168,-12.865879,-15.075938,-11.261035,-6.4333344,-4.351787,-18.676521,-26.030727,-20.516575,-16.91676,-8.67638,-5.5293083,-3.5399256,-1.1048927,0.19216082,4.8091965,-3.9927087,-16.94381,-17.408474,-7.0152125,-10.031773,-13.151424,-12.07973,-10.444551,-5.3956428,-2.1098952,-6.2780075,-2.392013,-2.1573622,-8.422554,-8.550789,-9.955038,-19.331554,-18.929428,-7.9977245,-6.5169964,-5.0234203,-2.1055155,1.4985583,1.3484634,0.38769525,-13.390751,-20.86198,-13.8852415,-9.678917,0.55347884,9.000875,11.312021,16.582272,17.648304,17.400364,20.081402,22.147293,10.658648,3.6530664,-2.7097902,-8.228872,-6.6706924,-5.943327,3.6600795,19.116703,21.9607,21.018272,16.521202,2.270652,-13.810518,-16.438442,-17.904182,-24.06826,-26.277416,-25.841986,-14.603296,-8.449402,-13.400444,-18.447266,-20.747623,-15.662142,-12.903062,-15.425213,-13.040167,-9.311234,-7.635131,-9.931855,-12.016636,-10.499153,-6.9437065,-10.637322,-11.345029,-12.835455,-18.275623,-20.135012,-13.894131,-15.980532,-17.525017,-10.520311,-9.99353,-17.707909,-15.88638,-11.168367,-13.556608,-11.145935,-7.638275,-5.8679237,-12.656397,-15.238292,-15.464054,-13.453814,-15.918613,-21.295227,-22.779955,-29.842136,-32.806026,-25.02,-20.840714,-20.747217,-19.659924,-19.30101,-11.844482,-7.501189,-10.53406,-9.043863,-11.079218,-16.274265,-20.918613,-20.888666,-15.698295,-15.736077,-15.103215,-14.996727,-9.942247,-17.497627,-14.737169,-4.0783296,-5.4932346,-5.72019,-0.7477664,-5.930895,-4.7985725,-6.3404174,-14.872713,-18.468994,-11.080698,-7.4955387,-8.1865015,-10.428022,-10.337228,-8.598814,-11.318945,-13.59317,-11.850403,-7.0367155,-9.387628,-5.2746916,-5.8037806,-9.962769,-10.778009,-10.35157,-16.285685,-17.93602,-14.299503,-7.847656,-10.288488,-12.277455,-17.184475,-14.717378,-10.157196,-9.039596,-10.907254,-13.022085,-18.159737,-14.363197,-15.027821,-16.179104,-19.046331,-14.377987,-14.285716,-14.618315,-8.648269,-4.9697247,-11.727788,-16.00936,-8.5911255,-4.25914,-2.0200438,-4.7446976,-1.9390193,-13.406761,-20.206594,-15.594946,-14.613705,-17.509224,-18.32851,-17.582321,-18.626251,-19.456165,-18.79594,-16.200554,-14.300501,-9.524283,-11.4625025,-19.26836,-17.675873,-17.767342,-18.747126,-17.235653,-14.633138,-15.148733,-21.305248,-19.587181,-20.097313,-22.68622,-22.81416,-15.212054,-13.219986,-15.280155,-16.121319,-15.675518,-15.830445,-11.787935,-14.965354,-15.549984,-13.186626,-12.586622,-17.879951,-18.358204,-16.431107,-14.227951,-16.748951,-17.359026,-15.055047,-11.83196,-10.520704,-14.283535,-16.416523,-17.394844,-15.902796,-8.493519,-8.05251,-10.975809,-17.658642,-17.065266,-15.031063,-15.312588,-16.387814,-13.911097,-14.05979,-12.500761,-14.08988,-19.705872,-24.227804,-22.166513,-21.229671,-18.722313,-16.471031,-14.68481,-13.540087,-10.862181,-11.124839,-11.761484,-12.940109,-14.4572735,-15.438192,-16.163414,-17.427177,-9.599685,-3.4575715,-5.612757,-4.361713,-7.9832735,-11.718508,-10.524801,-10.503433,-11.035444,-10.985117,-10.53212,-9.887142,-13.890884,-8.52852,-5.447463,-6.3785543,-5.89612,-5.224971,-8.168241,-17.509163,-19.075974,-17.85505,-13.426683,-9.196594,-9.879781,-14.348509,-13.879162,-12.916208,-14.981769,-14.329155,-13.661069,-18.593859,-22.813816,-25.577862,-19.436098,-20.711374,-18.535847,-19.750704,-22.421675,-30.569777,-26.291407,-17.50571,-17.290606,-20.237522,-18.232979,-17.507488,-12.736465,-12.926054,-11.745445,-11.779486,-15.236557,-14.889839,-12.29113,-8.643394,-4.65342,-14.225689,-21.342915,-16.497768,-14.439119,-15.389748,-14.74942,-15.081586,-15.67183,-13.839247,-12.093494,-11.945925,-13.15538,-12.811367,-7.896123,-8.866108,-9.286644,-12.8691845,-9.60024,-5.83255,-4.0624757,-3.7132587,1.8431289,-1.5184717,-4.6369343,-5.3006473,-17.264866,-23.776623,-20.625568,-18.569847,-20.41229,-13.80253,-13.037001,-10.870203,-12.190583,-11.179302,-2.0392277,-1.3877246,-7.1964407,-9.000772,-8.020111,-3.6879182,4.768381,11.1728,2.1394532,-8.677679,-18.993582,-20.313023,-18.1064,-17.88227,-22.04856,-27.24274,-25.110146,-23.165367,-19.391092,-11.880182,-9.87989,-7.0228653,-6.0535326,-9.903177,-13.656115,-17.83551,-26.373348,-28.581905,-21.137234,-16.427418,-11.96184,-14.5161495,-17.562805,-18.577463,-14.719552,-14.157797,-15.012501,-13.948726,-26.154224,-30.031054,-18.929193,-13.5701885,-12.470432,-13.546318,-15.926832,-17.452824,-16.997784,-14.583336,-21.542912,-24.199114,-23.386757,-17.842834,-18.46973,-20.249443,-9.874995,-10.173319,-14.149006,-14.497632,-16.193888,-15.804771,-12.074575,-10.684057,-16.272167,-25.829613,-25.079525,-19.069033,-12.246459,-5.108108,-3.0331721,-6.0693007,-3.454775,0.67117906,-6.8257627,-18.38657,-17.709066,-15.693491,-7.726758,-3.6587596,-1.410057,8.052416,9.708006,1.6680398,-1.9774288,-4.0882196,0.7927734,4.8914795,-1.2096987,-2.8903012,-2.2338357,-1.8575342,-2.2077394,-2.2456093,-6.913102,-11.768686,-6.9860067,-7.227727,-13.637686,-13.069674,-18.837666,-21.174225,-13.114489,-11.365505,-10.276812,-2.680688,-6.1507454,-6.612812,-3.7962217,-1.7941923,0.22567713,-0.119657636,-7.2295647,-10.887904,-7.029846,-4.9959373,-6.533924,-6.326937,-4.96883,-6.669965,-8.73571,-5.843323,-10.497699,-17.974766,-15.548807,-20.391312,-20.164783,-18.451836,-23.594963,-25.34589,-19.926659,-16.143013,-12.27268,-12.763096,-14.007788,-14.114627,-14.4627,-16.253597,-14.81896,-14.944468,-11.396797,-18.932999,-24.81717,-23.444496,-27.48698,-22.037823,-15.929328,-22.738657,-26.727377,-25.211685,-22.829933,-20.099878,-17.67492,-14.633358,-17.37118,-17.698864,-13.315357,-9.730541,-11.349911,-18.127758,-23.294077,-22.073488,-19.297228,-12.792229,-9.959314,-13.85405,-15.096306,-14.487905,-13.308234,-11.949012,-16.094566,-20.371918,-16.403278,-6.6410627,-9.935516,-14.328516,-11.977951,-15.161511,-11.3408165,-9.533792,-8.272654,-7.6182804,-3.7467573,-4.462505,-13.244497,-12.849413,-14.900582,-17.604677,-17.472633,-25.564764,-22.280514,-18.03991,-15.923089,-24.780869,-22.50145,-16.484344,-11.878168,-11.354876,-12.478323,-12.334535,-10.887393,-6.159266,-2.0366762,-11.583061,-8.210224,-7.2519784,-9.463735,-6.7598658,-11.129719,-16.544117,-22.603107,-15.357931,-10.65229,-19.129421,-16.432825,-21.30906,-21.894741,-17.862625,-15.56492,-18.425758,-14.775764,-10.821077,-12.238655,-23.35477,-28.38785,-16.502136,-9.034882,-9.155416,-14.052013,-14.123588,-14.728458,-17.1169,-17.061392,-23.58788,-21.685276,-18.674911,-25.628078,-26.84976,-25.638767,-19.34181,-20.440506,-21.67189,-22.112629,-24.837334,-24.87635,-18.749886,-19.860428,-24.940304,-19.04125,-15.826504,-16.464596,-21.995152,-17.996933,-15.871139,-14.902771,-16.518892,-17.76644,-18.077477,-13.909147,-14.185312,-10.978714,-4.130948,2.8710554,-2.7027283,-3.8751194,-3.4910293,-4.4584703,-10.083636,-11.314674,-17.501415,-17.924706,-10.836005,-11.6812725,-13.182043,-8.099201,-2.8086667,-3.2385044,-9.956464,-8.669317,-5.346722,-4.3970313,-6.1064806,-7.7427263,-13.270987,-8.114217,-8.064149,-6.349841,-3.6056495,-7.140838,-6.075495,-7.4089694,-5.8476706,-6.7448664,-13.485077,-12.151484,-13.035294,-11.899688,-7.5037117,-9.474942,-9.403933,-8.227177,-8.788928,-6.6362467,-2.01127,0.93807495,2.1138606,-6.4139,-21.473175,-23.82901,-18.47842,-11.986835,-9.869623,-2.4490092,-3.8918672,-9.001457,-12.991153,-13.228098,-20.391327,-25.510876,-20.445536,-10.9825115,-7.2971907,-7.5377674,-4.907563,-9.003681,-15.369904,-14.068947,-10.527238,-11.385766,-14.275726,-18.41176,-24.478893,-14.712623,-15.344273,-14.299084,-15.664545,-20.523617,-24.144684,-20.989933,-14.1543045,-17.546633,-23.36363,-23.864254,-23.403975,-18.555077,-15.662278,-13.088964,-10.917181,-11.876907,-11.061359,-9.652958,-9.578148,-7.2616854,-2.222822,-8.206217,-7.6470127,-8.316196,-12.533237,-15.588621,-16.241056,-10.806105,-6.6705503,-2.9059668,0.026514292,0.11977553,-4.3603396,-4.3750796,-7.356,-13.942802,-12.772134,-17.600328,-13.50189,-8.849367,-7.7180476,-7.753318,-6.8608484,-4.789559,-5.4568243,-2.9009418,-4.6270733,-12.670492,-21.234524,-18.052906,-10.779135,-7.0393276,-12.844663,-19.82883,-21.912071,-15.829127,-2.148234,-2.3833232,-3.0125844,-6.1198997,-11.48723,-11.019684,-7.9574175,-9.7183075,-4.3239994,-1.776373,-2.698916,1.6219364,2.5653985,0.7766311,-4.5975943,-2.8684733,-4.6434164,0.082386255,3.4328208,-0.5799534,-7.233392,-3.3721895,-3.9293902,-2.3670928,-4.8172035,-5.4147196,-15.485231,-20.867405,-21.714085,-21.312187,-15.416807,-8.0377245,-6.351866,-10.008928,-12.330145,-8.720734,-4.123893,-5.7236795,-6.532275,-11.224962,-18.068108,-10.073698,-12.263372,-7.519545,2.4830365,-1.1743599,-5.8923187,-12.341314,-14.161439,-3.8605843,0.52570224,-9.897816,-18.306444,-9.581556,-4.2867455,-0.32329467,-1.8216891,-0.076244175,2.4243817,1.9670398,0.77692235,-4.935791,-9.124067,-9.069719,-4.273713,-6.720887,-9.69594,-8.648598,-8.614,-9.788185,-10.621535,-12.121986,-11.941141,-11.78993,-14.382597,-19.062222,-18.36999,-10.456886,-5.1663394,-3.4130569,2.2988195,4.4257255,3.5878048,2.5414443,5.154579,3.4354892,4.9366093,0.86701375,2.6251717,9.3252325,9.459024,4.349519,5.2821856,7.5953236,0.47790453,-5.0965776,-8.432308,-12.64377,-10.366846,-14.244071,-12.700163,-11.775332,-10.744426,-6.385891,-5.1688795,-3.5420072,-10.442818,-16.488699,-19.529362,-15.478779,-12.702232,-8.607937,-10.87635,-17.329832,-18.323282,-16.416937,-11.224728,-12.239297,-11.8713455,-18.181301,-17.667505,-16.24321,-15.83116,-16.10113,-20.456854,-18.711466,-17.005003,-10.5235,-8.346782,-12.364172,-14.949804,-12.140387,-7.0778327,-5.2448363,-13.385859,-21.944319,-26.596268,-25.361204,-23.935661,-19.58039,-15.3028755,-11.085681,-11.797985,-10.786061,-15.254133,-19.051205,-16.285187,-20.175144,-19.119846,-19.574968,-21.101269,-18.449879,-15.860253,-16.428658,-24.029232,-21.454098,-15.839085,-16.602085,-13.3652725,-7.6022234,0.5691447,-7.8042693,-12.352586,-25.215292,-28.822273,-19.82467,-16.470284,-12.870672,-12.891596,-12.148172,-18.826015,-14.376052,-8.128065,-11.311155,-15.020695,-14.871344,-12.066747,-9.427195,-16.560503,-15.495617,-5.6752386,-4.914846,-10.950415,-13.435324,-14.045971,-14.247626,-11.553516,-12.177423,-7.401022,-5.505417,-5.724498,-5.8206754,-9.542692,-7.1178336,-9.332993,-11.341166,-11.421011,-14.787916,-19.129608,-17.25106,-14.2275505,-13.8617525,-8.239861,-2.8037577,-5.901086,-10.873342,-8.194254,-10.86041,-17.178532,-19.167086,-9.963732,-8.7716255,-10.865406,-10.169054,-9.749848,-8.205916,-8.031609,-3.2376385,-6.9949293,-18.405563,-23.662703,-18.631271,-17.80991,-20.375032,-23.524689,-28.587675,-23.327816,-18.104237,-12.283653,-10.536448,-9.271017,-10.687414,-18.899242,-28.726171,-25.93726,-16.717628,-9.327679,-8.923935,-13.598219,-16.942322,-15.484511,-18.241228,-16.680637,-8.841227,-9.0737095,-9.567127,-9.599409,-12.3806,-13.188087,-12.413559,-12.43149,-10.51698,-9.312746,-7.109292,-8.625622,-10.594126,-11.139018,-9.689693,-11.793127,-16.548567,-21.93304,-21.856026,-14.156957,-17.95042,-21.71191,-15.289888,-12.100351,-12.261538,-13.1952095,-15.94949,-18.209305,-12.756871,-6.669875,-6.1022363,-0.69657946,3.3176317,0.7454692,-4.6452823,-0.8879031,2.00749,3.2735684,2.2987638,1.9086896,-1.0551862,1.1557906,-9.203321,-10.71795,-6.132313,-11.506453,-18.671494,-17.509176,-14.521263,-20.13514,-25.984163,-23.286613,-11.733492,-11.029898,-14.765623,-9.267017,-6.0934134,-5.727091,-7.019634,-7.3550463,-10.713484,-17.146294,-26.345211,-30.353485,-24.655586,-18.121914,-9.450944,-8.404687,-7.0656853,-5.680731,-9.776184,-14.533346,-18.733898,-20.044321,-20.584398,-13.931036,-8.946222,-9.975394,-8.140082,-6.9606843,-6.5936985,-9.938106,-16.03283,-13.899767,-13.86892,-16.80825,-25.49808,-25.917078,-18.052677,-17.087029,-10.785539,-8.011061,-9.005893,-6.822898,-15.658146,-21.947437,-20.07275,-22.142338,-21.216984,-21.371258,-16.098175,-16.236893,-19.285648,-10.851574,-4.3779626,-9.662738,-11.756049,-7.6227283,-9.147444,-11.709335,-16.394875,-20.476776,-21.027452,-19.987818,-15.747231,-7.9621453,-13.714042,-17.522095,-11.545866,-9.295467,-14.3545475,-16.156193,-18.00058,-15.692495,-14.425095,-8.239601,-9.184937,-1.9523838,-4.8604836,-10.310429,-9.741337,-10.445917,-11.049389,-6.7600603,-10.271067,-10.4237995,-6.5569224,-12.852394,-21.912987,-22.67693,-16.559244,-10.609743,-6.9185467,-1.1295267,-5.7684183,-12.210825,-6.789666,-2.1269379,2.992086,-6.6346936,-7.568532,3.695257,4.4480534,1.7031152,-1.9813708,-10.327745,-12.69828,-11.430561,-13.583697,-14.869579,-10.175657,-7.2091837,-4.506007,-9.407129,-9.101877,-10.791888,-11.078082,-11.9413395,-15.337694,-22.805506,-26.110458,-17.190163,-8.851827,-9.784374,-10.751156,-10.871958,-14.709869,-19.984482,-13.012937,-6.1532907,-9.144964,-18.812061,-26.535015,-23.5045,-11.994902,-11.106369,-14.661465,-13.521225,-6.449586,-7.412121,-9.909506,-8.931823,-12.968546,-17.005308,-12.151157,-6.69739,-5.996235,-7.5803576,-5.366503,-7.0066137,-5.983593,-2.0186634,-0.27961305,-7.474309,-9.243104,-13.04502,-11.907864,-5.4853806,-1.964822,-0.082069635,-6.242495,1.8428838,5.5704565,2.1202939,-1.4523772,-19.035439,-23.451576,-18.330572,-7.1685686,-5.5872426,-8.322745,-5.489105,1.8614857,5.198603,7.8069725,6.857931,4.5696135,-0.0121791065,-10.277655,-9.570833,-3.6965842,-4.6654043,-0.13478208,9.31753,12.676949,10.737016,9.99602,10.648785,-2.929891,-13.411264,-16.260681,-12.937097,-17.955482,-12.850306,-0.6578384,1.794584,1.3330965,0.54394317,3.0127301,-5.9303684,-6.161788,-1.4471639,-8.861023,-16.393864,-13.8551235,-3.7630682,0.5926413,4.523244,7.365033,10.530281,16.40138,16.616913,10.140481,-8.653336,-20.86205,-20.376347,-24.140274,-20.803745,-21.73967,-26.188137,-26.966164,-21.29105,-18.098711,-13.554163,-8.028957,-6.702683,-4.7340045,-12.923145,-19.269794,-18.000097,-19.912333,-14.697641,-12.651555,-17.889473,-17.270823,-15.315214,-13.059988,-10.633825,-8.132057,-3.6827602,-4.8252764,-1.7151816,6.1782646,5.448529,4.7389174,2.4054751,3.3939998,3.2372966,4.355007,9.566531,8.169224,-8.159031,-15.841978,-13.654327,-15.079948,-17.96799,-13.705397,-11.053701,-8.572699,-2.0943222,-5.4427214,-8.76152,-7.5351987,-10.461147,-15.45407,-12.000144,-12.277613,-15.913357,-18.055525,-12.4860325,-9.8908825,-9.406874,-5.204235,0.22407,4.826371,-0.13603073,-6.646181,-8.60154,-5.361883,-2.638986,-5.1529703,-5.7937117,-3.1759048,-1.680892,3.2687855,5.4595256,1.0887257,-6.1256833,-11.473129,-19.294914,-21.609383,-22.28216,-18.465794,-14.078941,-5.423704,-5.2472696,-2.7171216,-3.3326006,1.0551971,1.5910264,-8.207054,-14.438452,-7.6864424,-7.99065,-5.813135,-6.0613165,-7.8617315,-3.973599,-1.6453778,-1.1013515,-3.7809367,-11.622315,-16.909727,-26.060389,-35.41143,-30.50499,-25.301186,-24.213663,-15.95908,-11.883066,-17.328821,-15.1226845,-12.193377,-6.2097845,-4.603696,-3.9259431,-19.513874,-27.09041,-20.579472,-17.590446,-17.045212,-13.991739,-8.366016,-8.788647,-10.997635,-7.895317,-13.844797,-20.816738,-19.468037,-10.418055,-0.1312843,-2.926155,-1.7507181,2.3071332,5.8947353,4.965439,8.589479,9.778941,11.60214,-2.261632,-7.3673058,-18.336945,-23.729864,-21.627987,-10.713282,-3.6052394,1.4290617,1.9613518,0.6479636,-4.7908344,-2.3611064,-6.913325,-15.034271,-16.887419,-11.393461,-12.988512,-10.70642,-8.073721,-5.04014,-6.7113953,-4.1431885,0.13772213,-4.9608564,-15.523763,-14.587757,-10.429897,-9.656722,-5.4354496,-1.4327105,3.8829947,10.666363,10.710333,16.069311,6.9674783,-12.066199,-10.673115,-8.813407,-12.237191,-15.653704,-12.465179,-12.790358,-11.125061,-4.4155645,-2.3046203,-6.400697,-2.7978134,-0.39940363,-3.122993,-7.4814773,-7.5385604,-4.956297,-4.2687793,-5.246955,-1.6205348,-2.2844667,-0.6718774,1.5857478,-7.9740124,-21.906397,-26.61958,-29.67973,-18.83545,-13.68794,-16.631294,-10.369585,-10.474541,-13.0138855,-11.390818,-10.3187475,-7.835761,-3.9480224,-13.622425,-19.602238,-23.343536,-18.57496,-10.910177,-7.054655,-2.5291994,-3.1292372,-2.5097454,0.6091072,6.0468807,3.9901233,2.1266944,3.2628908,4.6066723,4.8948455,5.051281,4.083374,8.734355,10.288704,9.136406,7.5730314,4.908624,0.77261144,-10.473341,-5.8592978,-5.539707,-7.211014,-8.480808,-6.108303,1.5084581,2.8149352,6.816902,2.7831154,-0.24404901,1.2276938,-7.75849,-15.113974,-13.97488,-9.660793,-14.033005,-10.733713,-6.601449,-5.050235,-0.57260257,-0.94151014,-0.6559479,-4.772346,-8.430528,-7.1691647,-0.9429812,9.2074585,12.018628,11.143407,8.494507,5.7361026,5.420125,13.40443,-7.389692,-18.695343,-19.98539,-17.33043,-20.062832,-16.520615,-10.986745,-4.9582367,-4.6688147,-5.3925886,-2.4125254,-4.695526,-2.5796683,-0.27886835,2.2802615,3.848516,3.386249,4.7649527,9.170153,7.3997207,5.366692,7.814295,11.885834,11.431644,17.269102,-6.40594,-18.589437,-20.608345,-23.87472,-14.24526,-13.839014,-16.15834,-12.381616,-3.7403064,-5.081196,-9.437864,-3.4331927,-4.0572515,-0.94960755,5.981902,10.0416355,11.5372715,8.446257,9.675348,9.152874,11.990026,17.963865,22.50578,26.030006,15.747247,-14.696172,-25.102257,-25.880302,-25.366327,-20.817192,-11.390259,-10.51173,-9.883758,-3.9376423,-0.29750562,0.37754405,3.6045702,2.684606,0.08428119,5.4079256,6.59833,2.8848164,9.321232,16.258488,19.886389,22.556744,17.371944,15.52302,18.073112,21.464207,23.058104,21.27292,24.993837,20.82132,18.217773,18.694324,18.545382,10.378156,8.184601,10.354868,10.908421,5.736949,7.238557,6.4054503,6.539638,8.902428,11.233004,15.683807,17.606052,21.01601,21.971233,16.677233,10.903637,0.2502455,-11.696524,-17.184298,-12.393366,-7.4316335,-6.292379,-16.391987,-16.364153,-12.788805,-11.893183,-11.619166,-16.088749,-13.807833,-12.174431,-13.207109,-7.2125397,-5.189808,0.6659328,1.7984385,1.7959024,0.2118429,0.36356285,4.9180145,2.4994168,-2.2066972,0.19353426,-0.6262354,-1.6033796,-0.46775562,-0.91432226,-3.2280145,-0.49646157,-7.545931,-5.2375646,-2.0779264,-1.0632952,-4.1341114,-6.8419275,-3.7478614,-6.0475063,-12.687187,-18.532047,-17.52645,-16.871767,-16.20964,-17.18905,-15.27047,-14.507454,-7.339243,-1.3039622,4.2347074,5.904896,6.553326,4.3299375,1.7859421,-0.4615293,-1.8838791,-5.7086205,-5.655364,-9.682417,-27.772377,-30.741917,-23.969055,-18.993847,-15.4022,-20.105492,-22.736347,-26.453236,-22.830778,-20.818789,-23.733696,-21.569836,-21.737022,-22.571758,-25.762495,-26.588497,-26.255514,-23.478233,-28.44626,-23.60231,-17.262451,-20.87659,-23.449629,-23.016712,-20.485683,-23.625383,-25.002146,-21.205517,-22.670362,-27.59983,-28.591652,-24.371609,-18.282242,-21.59577,-24.75034,-27.639389,-26.508488,-24.28851,-20.734907,-9.8841305,-4.822359,-1.5671333,1.3736104,1.5691259,1.273709,-8.5409975,-12.769186,-16.25635,-17.592747,-14.195921,-21.573532,-26.307579,-23.114834,-15.39337,-9.286155,-4.969623,-6.9900227,-14.387713,-20.56464,-10.196157,-5.9923744,-9.08824,-14.186208,-10.302256,-6.0244293,-7.2269387,-11.0804825,-14.393534,-14.030524,-10.883709,-9.6715355,-8.347858,-7.038512,-13.526787,-19.333849,-19.308874,-16.554958,-13.26363,-19.05056,-26.133007,-26.518963,-24.749855,-20.882584,-14.903591,-15.640022,-14.287771,-24.08976,-21.595352,-9.989269,0.5142083,-6.9115667,-11.767714,-10.853703,0.32038695,6.2352557,1.0888772,-7.3264904,-19.56954,-25.30716,-24.77005,-21.051191,-16.077045,-17.50919,-18.719713,-16.376915,-19.932238,-18.181095,-20.610247,-21.926466,-21.649746,-15.632582,-17.158642,-16.035372,-13.9070015,-10.678648,-14.019799,-18.699272,-23.8951,-24.878918,-30.814518,-30.076706,-31.743435,-32.576786,-31.642765,-27.752346,-21.350246,-15.293614,-18.007668,-21.415066,-23.752918,-22.52634,-24.363926,-25.557358,-22.456417,-16.856258,-7.4061847,-14.354853,-22.764908,-20.872948,-14.273095,-4.773555,-2.2440233,-1.4758173,-3.5292745,-6.942113,-4.4307404,-9.377904,-17.480274,-17.673002,-16.299706,-12.619694,-6.6452823,-2.44285,-3.4461675,-2.8016982,-2.521215,-2.6024432,-3.957922,-6.3485284,-8.716303,-4.397739,-0.73291445,-1.3549436,-4.0112567,4.141463,9.183718,9.645102,6.4277887,3.8357933,3.5455818,8.083117,3.1658323,-6.4163885,-12.182987,-7.094468,-5.6322784,-4.2151394,-13.209757,-16.881313,-17.232916,-18.417744,-16.69427,-11.826937,-12.192942,-10.13913,-13.494093,-18.796017,-21.213417,-20.65487,-21.904396,-19.480011,-13.108618,-14.517247,-10.538287,-4.6649866,-5.3179216,0.16966736,3.5769567,1.2630622,-2.1508052,-11.924566,-18.1461,-19.420998,-16.021446,-10.060478,-13.221018,-12.683599,-10.199179,-13.221329,-18.302958,-18.240997,-22.059786,-19.751598,-14.952165,-17.3879,-15.7540655,-13.230761,-5.1483335,0.15160713,4.001801,5.7634144,-11.698967,-12.642611,-8.795266,-13.053943,-18.261097,-16.832405,-12.810755,-15.306957,-23.798359,-20.692757,-8.871115,-8.011021,-13.308381,-16.485785,-10.612993,-5.476781,-7.2775803,-8.092814,-6.8399305,-0.951501,2.7185678,6.6411476,10.031976,9.36513,2.0235627,0.050802708,-9.157666,-10.956829,-3.4200892,-0.9809275,-3.4212906,-6.2675104,-5.746889,-10.017963,-4.1800275,-0.41214824,-3.6579974,-9.704071,-16.709671,-11.420048,-6.2087,-6.752119,-8.096861,-6.571892,-8.167901,-4.963249,-8.625715,-10.839676,-6.650387,-14.69758,-16.920229,-11.470497,-10.517328,-11.427173,-8.417705,-14.025431,-18.528427,-16.214773,-13.666601,-11.908823,-10.407184,-9.9596195,-17.284924,-21.923416,-20.92006,-19.992607,-13.633013,-9.019186,-6.961475,-10.7793255,-8.147974,-9.023155,-6.410288,-4.591702,-4.0544653,0.2821949,1.7107152,2.9982903,3.2375984,-1.4220254,-5.3837786,-4.9938946,-2.5545022,2.816256,5.7531314,1.4774064,5.0722065,6.954382,-2.3882341,-6.821822,-6.0927753,-8.177176,-9.13643,0.6692711,5.35643,0.49999,3.507008,8.290409,11.495794,-3.3568683,-10.365634,-7.7071457,-6.1116114,-4.307461,0.3490293,6.5210724,2.9025826,-2.466846,-6.264943,-4.549784,-3.1986198,2.4084387,3.4177773,-0.53072417,-6.184292,-5.3005123,1.0311087,-1.8673613,-10.355689,-9.88678,0.10958871,-7.100698,-10.362661,-10.194873,-9.336648,-4.61555,-3.8642912,-10.7061,-17.398514,-19.478065,-17.361946,-19.207607,-11.051158,-9.085716,-9.516439,-9.710688,-7.8304963,-9.6945095,-10.839964,-5.4205184,-7.7581477,-13.056503,-7.3448677,-4.278642,-7.2109365,-8.1625,-12.183275,-21.273066,-28.904648,-30.355846,-22.021278,-19.54081,-17.99247,-20.454178,-23.364555,-22.454708,-18.682983,-15.869633,-23.12918,-29.867397,-37.290035,-38.652878,-32.748627,-19.317192,-25.890228,-31.780563,-28.722584,-23.087744,-24.06616,-21.99386,-14.827984,-11.957325,-11.881132,-12.593502,-14.72209,-19.278248,-19.67405,-14.821615,-11.167454,-7.533394,-8.722302,-9.191787,-14.235298,-14.196749,-10.474295,-9.105855,-14.640467,-16.067877,-17.633585,-14.382258,-8.689266,-11.194862,-10.824947,-7.785384,-7.825246,-15.239859,-23.81321,-22.586004,-17.49318,-20.42135,-20.237022,-15.135111,-19.453815,-15.734913,-14.873975,-19.70185,-19.847088,-17.633408,-15.620578,-11.6656685,-12.122082,-17.094036,-11.689535,-3.9538646,4.4722357,2.6109216,-0.10654628,-0.8564896,7.787279,7.96276,-2.9092593,-5.842901,-10.126999,-10.121326,-5.1196513,-3.4588518,-13.59447,-15.949823,-16.501686,-18.877605,-17.290031,-19.846373,-13.243857,-9.195566,-8.242115,-11.321989,-8.944712,-9.664222,-11.833534,-13.200296,-16.487066,-17.407871,-16.60178,-22.578114,-32.581364,-32.528946,-28.11594,-27.299213,-29.123901,-29.118797,-23.123451,-25.19377,-30.78344,-31.903893,-31.704216,-24.51477,-23.598942,-19.576244,-23.66951,-20.765434,-16.603271,-16.87632,-21.49939,-19.960945,-16.996807,-18.209595,-15.093371,-16.790842,-9.930439,-6.34007,-11.804083,-14.591998,-8.04914,-5.3890715,-10.25799,-13.123142,-17.53457,-16.03672,-15.242683,-9.285983,-6.0145035,-9.245043,-14.27693,-22.02969,-23.991756,-23.850101,-21.747059,-16.407564,-11.820599,-13.127411,-15.905965,-15.107241,-21.109514,-20.76353,-19.376333,-15.597664,-14.738383,-17.144243,-21.49754,-23.660328,-23.352848,-18.730343,-14.88662,-12.797027,-8.24535,-11.913118,-11.004253,-9.906044,-10.050966,-8.155694,-4.6263113,-3.2551541,0.8141083,-1.2125273,2.0875182,4.686786,-2.6072407,-10.964512,-8.420588,-7.3736267,-3.7954433,-4.035774,-13.037519,-13.41304,-8.995537,-5.4085255,-7.8712955,-9.287689,-12.542839,-14.878178,-16.546644,-16.251554,-11.411789,-8.661222,-9.8378725,-6.7818613,-4.1749296,-9.85578,-4.3410516,1.439898,0.9794034,-1.901624,-16.831934,-13.741201,-10.31605,-14.6423,-20.420673,-20.054,-20.579102,-16.47929,-12.060121,-12.816559,-14.482643,-17.38448,-16.233698,-16.153887,-18.958565,-16.185501,-9.627745,-9.584945,-9.787684,-5.5372963,-6.854377,-9.496438,-9.003395,-9.948613,-5.704219,-9.56179,-14.706223,-16.01171,-11.138366,-5.028876,-7.5136127,-10.212626,-9.116839,-10.973136,-6.948519,-8.913533,-10.217941,-10.550189,-10.813908,-7.1215835,-5.1166973,5.761381,-0.6892109,-14.450531,-8.476864,1.1673304,2.1013637,-0.3071347,-8.397707,-18.760445,-23.208467,-21.824226,-16.281326,-10.634486,-7.7557983,-8.631834,-0.9743421,-5.8499804,-8.653575,-8.888538,-11.528175,-11.539625,-10.749838,-10.789701,-9.700172,-4.469164,6.93225,12.894821,10.287596,12.84601,13.836184,2.4246874,-2.6543798,-8.258438,-11.250184,-8.693308,-13.105868,-10.71678,-1.4842256,-2.54384,-5.1425724,-3.3052197,-6.8764033,-7.748288,-9.863716,-12.118592,-12.191961,-11.402391,-11.429544,-11.080975,-10.200522,-4.7831764,-5.0015326,-5.559106,-6.651525,-8.01049,-18.52171,-32.184334,-30.553951,-25.654213,-24.062204,-18.443354,-10.036859,-14.02091,-17.237963,-13.380573,-12.502062,-14.686898,-19.354345,-18.737556,-20.510391,-23.875336,-26.70486,-27.234833,-24.171648,-27.610153,-22.425117,-18.181103,-12.674388,-9.148602,-10.808585,-10.728521,-12.957831,-10.388155,-8.763528,-10.639244,-6.8120956,-0.49769402,-4.8215075,-11.34484,-7.051714,-9.028345,-9.24954,-2.4057143,0.8606443,-11.973446,-17.45594,-15.185362,-8.896255,-4.1050777,0.122328,4.81852,0.9309937,-0.02459339,-1.1257178,-12.185585,-19.56865,-15.435389,-11.053015,-13.7922735,-12.910559,-9.485029,-7.756182,-8.937793,-5.9393554,-6.01773,-5.167272,-6.264201,-5.9730196,-6.1159687,-6.2379103,-0.59343594,-8.519322,-17.446123,-8.272075,-2.5826118,3.5036225,3.4835997,3.5568814,-5.542242,-8.339482,-3.2035913,-3.7257428,-7.128251,-8.836729,-13.668783,-17.99131,-11.772379,-7.580983,-9.019627,-8.347601,-10.540367,-10.477414,-1.3667045,5.5563154,5.931838,8.249712,9.483845,11.450778,13.247101,6.7689366,-1.8234509,-1.2198544,-0.87337464,-15.606443,-24.0294,-25.415447,-20.148176,-11.773302,-5.277869,-9.130848,-15.504965,-13.629421,-13.985004,-12.814772,-16.352802,-21.366747,-21.559322,-21.563992,-18.779976,-22.181652,-25.462276,-18.10663,-14.543705,-11.084382,-12.113346,-8.018973,-2.779772,-2.4993343,-1.0400856,-2.312127,-0.24967906,-3.389388,-21.489655,-22.224339,-11.007849,-16.3306,-17.007315,-19.7138,-20.007538,-18.531116,-18.767368,-23.416159,-24.902643,-22.32571,-22.486347,-24.291058,-20.658306,-19.580288,-19.026512,-20.77202,-20.605341,-20.244595,-22.684513,-22.190994,-21.365904,-18.663967,-16.308313,-11.38619,-9.21488,-11.251969,-17.444294,-19.963617,-22.821453,-27.218712,-24.18273,-18.862097,-14.211405,-15.726,-17.144257,-16.690796,-12.9198265,-7.127599,-6.1927776,-5.664015,-0.30539268,-0.77849877,-11.322247,-12.197002,-2.3164117,-9.52583,-13.209425,-9.635793,-8.959027,-14.542654,-14.06367,-9.956564,-12.293678,-8.094642,-0.59951323,-0.6764886,-5.0162835,-3.8033586,-5.142132,-11.1211815,-13.071906,-11.116934,-6.19152,-6.962342,-7.5528717,-6.5062957,-14.955592,-21.606915,-24.65017,-19.553535,-14.899151,-21.181683,-22.757143,-23.419018,-19.332865,-23.661419,-27.867939,-28.496206,-22.103327,-13.218136,-17.842262,-17.70229,-11.136902,-7.855011,-5.6186867,-6.7533913,-8.444853,-4.497794,0.906151,-5.0632453,-13.595253,-18.559961,-19.379667,-16.881132,-12.91506,-16.94588,-17.362926,-17.863918,-20.624033,-17.421667,-16.400583,-16.29253,-16.928902,-17.415873,-16.929924,-18.19794,-9.40161,-12.226543,-13.018461,-14.809517,-14.193909,-15.27372,-14.818853,-11.985975,-15.875821,-17.10013,-18.506092,-22.091948,-26.409575,-21.267258,-22.763954,-24.785526,-20.677713,-14.054944,-12.5035305,-13.413073,-20.129799,-22.875458,-21.71372,-22.677418,-26.640354,-25.07623,-14.457701,-4.8237596,-1.0732286,-5.934349,-6.6738243,-0.485286,-5.4127297,-16.62653,-17.443068,-8.373811,-10.912672,-12.991262,-8.652282,-6.185238,-11.262924,-10.9101925,-10.351457,-4.672678,-2.2170148,-6.5755157,-4.5063066,-5.478221,-10.2349415,-8.60339,-4.488206,2.0565639,8.160545,9.356493,8.594646,9.051582,-0.032592475,-16.967653,-19.344414,-14.80887,-12.129108,-17.054028,-16.544779,-15.898901,-14.619158,-15.475397,-14.144951,-11.928856,-10.56811,-17.468235,-21.06134,-22.971825,-22.33553,-16.836454,-15.885418,-9.94406,-0.5660026,-0.95491797,-5.797408,-4.664384,-3.900508,2.144464,4.990162,-8.045707,-14.041129,-15.830008,-17.013872,-15.327793,-17.033047,-12.979,-17.715971,-18.136427,-18.52864,-21.693855,-17.126663,-18.404316,-20.269188,-17.042816,-18.082497,-13.677429,-13.817754,-7.289481,2.9507403,2.2477531,0.9392909,-7.5808554,-16.637215,-15.149711,-9.545564,-13.273469,-13.941763,-7.392214,-10.618776,-8.573466,-0.8427359,-1.1237984,-10.7308445,-14.567133,-12.749687,-11.099621,-8.099201,-1.366312,-4.738204,-14.634573,-9.343115,-0.49628457,9.957834,14.69751,10.961563,5.550645,-3.194739,-11.411816,-15.751686,-10.680336,-9.933011,-6.1460257,-3.4063935,-5.3375397,-6.718748,-5.2253256,-2.2536101,-4.406369,-6.317338,-5.9809995,-10.82325,-10.528013,-9.755937,-8.349562,-8.175716,-10.673455,-11.01569,-8.909285,-9.489275,-7.357365,-23.12165,-26.81895,-23.66713,-17.378954,-5.9069877,-7.261413,-13.639587,-21.841545,-17.527584,-8.740206,-5.3707314,-12.79534,-23.0069,-26.614227,-20.508259,-13.290165,-11.239346,-12.789805,-11.9343605,-15.855745,-17.7868,-16.42753,-17.388552,-14.022239,-7.6460366,0.08102083,2.8993838,0.9221038,2.9491904,-0.27407604,1.1567366,0.05302787,-2.5991101,-4.480072,-1.6088886,2.301495,5.4869986,6.4164143,-0.85060155,-7.5615654,-3.8852096,-0.6538311,0.72893596,3.7486153,6.225484,12.328732,0.9505269,-2.4858122,-8.812652,-11.011399,-9.389683,-11.101738,-11.480469,-10.793281,-6.6428604,-5.258165,-10.376884,-8.75555,-9.977107,-8.02767,-6.572384,-6.259351,-2.1694062,-6.1289597,-12.694614,-11.051228,-11.024567,-9.61735,-6.04753,-5.0239177,-1.4401345,0.41196144,-2.8330355,-9.040886,-13.635439,-10.059761,-2.8239448,-4.1136637,-14.610285,-15.7378025,-13.172646,-12.24469,-11.813396,-15.359583,-15.552568,-14.745627,-7.528073,1.9897735,3.2699323,1.5656915,-7.958501,-13.5580435,-10.682122,-8.042575,-5.1324153,-9.5797,-15.303174,-26.870255,-32.104263,-23.699455,-26.071003,-29.701462,-28.610092,-30.497187,-31.146381,-27.848621,-23.32507,-25.244648,-28.765652,-36.48793,-37.98672,-32.72839,-35.789665,-34.85592,-34.886047,-32.553185,-31.574999,-26.494,-19.981205,-21.558975,-19.062572,-19.532677,-23.275208,-25.60884,-24.80056,-24.133404,-19.487478,-16.706177,-19.973595,-19.503365,-16.663767,-14.1216545,-10.640327,-9.41226,-10.204233,-11.353283,-15.721011,-13.135056,-13.691632,-10.695639,-7.3796463,-6.19873,-6.9148846,-13.583967,-16.213171,-22.750265,-27.812681,-27.955112,-13.177517,-15.010927,-19.93716,-12.496469,-9.157799,-8.447419,-8.555704,-1.1459947,-1.7028643,-6.8456006,-9.492865,-7.5548353,-4.362986,-4.56931,2.9561534,2.6522026,0.0782218,1.8945063,5.3983355,10.005359,10.651916,-4.702826,-12.991692,-14.402769,-12.553032,-17.265789,-17.642262,-18.907436,-25.100834,-27.027668,-26.206858,-25.80536,-23.710007,-23.47305,-22.286514,-22.454926,-23.825699,-24.745808,-12.715917,-9.379869,-13.260096,-15.082645,-22.661407,-22.582485,-24.43462,-29.63234,-35.32567,-36.040386,-28.644085,-26.927101,-25.245186,-25.907988,-31.781633,-30.397352,-26.511526,-25.036297,-21.49149,-20.424345,-23.233353,-22.099518,-22.744835,-27.029007,-24.516184,-20.243378,-18.5606,-12.192297,-8.576169,-12.246189,-3.9048028,-2.5773025,-5.324405,-4.4692035,-0.45781192,-8.975569,-17.032745,-16.056812,-9.232653,-3.9692147,-6.3633137,-3.635542,-4.62796,-7.2220445,-7.455166,-9.411869,-14.948366,-12.6269455,-6.0254655,-5.256835,-6.9463787,-3.2381554,-3.4166312,-4.607812,-6.5725656,-16.709963,-21.624922,-24.823618,-24.925316,-22.674168,-15.078391,-13.008657,-15.882652,-17.315048,-15.413887,-12.913476,-12.830599,-16.297518,-11.66983,-6.2433376,-12.236296,-18.748695,-10.9751005,-5.285219,-3.1671286,3.4566245,5.002577,6.560988,6.3305025,-1.1651245,-8.402668,-8.76462,-1.434356,-2.3259351,-3.0189245,-3.5656466,-5.197638,-10.942606,-8.310349,-7.322382,-6.735819,-9.453671,-14.027546,-13.196029,-12.005491,-15.135171,-13.527031,-16.122736,-8.199561,-6.1564226,-6.4197617,-6.495801,-8.862156,-13.454229,-25.835037,-22.698456,-20.238941,-21.033936,-20.003094,-21.008816,-20.368649,-18.980453,-14.435414,-9.600185,-7.8718023,-10.54377,-22.924221,-18.177097,-8.350296,-5.050669,-0.20823637,-2.928532,-8.485877,-12.21949,-7.920546,2.6620126,2.0907757,-2.9923847,6.3366594,1.9011322,-6.141685,-6.9199133,-12.184774,-14.78886,-13.359768,-15.517994,-13.206597,-15.230608,-15.11277,-14.333577,-6.3389306,-1.9310949,-0.90936464,1.7579587,-6.8043785,-0.459438,6.0618362,1.6401945,2.6196933,7.2106695,1.490064,-4.6678762,-9.256412,-10.218795,-2.6437614,-16.49126,-20.292671,-16.751392,-6.340644,-3.077198,-5.5653067,-7.6526423,-4.176469,-3.003984,-4.222649,-1.7917353,-4.115926,1.597407,13.403889,20.892202,20.343098,22.318417,20.853764,17.151592,8.601881,-2.4368074,-4.1193147,-5.5820613,-12.017083,-20.535862,-21.241112,-15.495278,-12.396058,-7.6419,-5.3189025,-1.3031105,-4.946312,-10.085501,-4.295005,4.240468,8.976639,7.8527575,6.613108,13.283278,17.668167,20.85175,19.004612,12.442827,1.6739304,-24.282871,-31.544159,-23.723385,-19.674456,-15.078914,-9.717751,-12.595975,-13.52084,-15.912752,-18.115795,-22.558771,-24.9444,-19.18144,-22.903286,-28.649315,-22.26332,-17.32676,-15.434256,-8.731358,-5.0403066,-10.137051,-7.389222,1.2551955,3.9589744,-3.030817,-10.596513,-6.27724,-2.1002483,1.0723052,0.684912,-5.8288317,-10.291328,-6.77779,-1.3125467,-2.5325313,-0.7231556,6.441048,2.8192015,-0.17134368,-5.4222045,-9.006624,-4.22063,-1.0236484,2.5526133,3.8575692,9.909977,5.0336285,-8.405565,-12.649507,-16.067375,-19.953854,-15.636813,-5.547643,4.9827785,9.061771,9.301503,5.832826,-4.6014194,-6.050819,-1.1650634,-2.3540394,-3.2898707,-6.174157,-4.7001114,-2.068485,2.7502916,5.391979,-0.117301345,-1.4160424,0.82475,10.055158,11.578094,-0.4880311,-1.3966608,-3.6783009,-7.2225447,-0.7007241,-3.8618546,-10.626652,-9.297915,-8.651436,-4.915204,-4.5946007,-11.395284,-11.39974,-6.1578083,-7.6455274,-8.738611,-7.804407,-4.719371,-6.0074215,-0.22746965,1.0329854,2.7309246,6.3971224,-0.95539045,-9.657748,-20.217255,-26.272144,-18.18074,-8.925974,-9.281033,-3.84591,-8.46581,-14.722587,-11.734677,-8.916018,-5.7119827,-3.0945036,-18.265585,-15.280221,-13.046701,-22.701038,-28.097464,-18.753082,-14.884485,-11.734372,-10.059619,-9.817863,-7.992778,-4.0443068,-1.102283,-3.6846123,-11.489884,-6.02503,-3.2816396,-2.5211935,-5.0790663,-5.3990016,-10.150197,-12.259336,-12.436084,-9.842389,-9.608051,-10.446297,-10.630738,-9.288942,-11.766965,-12.435032,-8.763673,0.10489951,2.257846,7.770998,12.551465,14.606911,8.316269,1.1313443,-2.8843224,-3.711603,-4.4598837,-5.475502,-6.778259,-12.120452,-6.5501895,-1.4493147,0.4488053,-5.6720276,-8.653219,-8.513689,-5.204264,-7.4126577,-10.072709,-7.8954577,-5.3645387,-9.219755,-11.515684,-8.8345375,-4.2049527,-2.743742,-5.64148,-7.4519835,-8.247916,-4.5965333,0.024224013,1.1647406,1.0176959,1.778767,0.49790338,-0.46040165,-2.054397,-4.008573,-4.5123315,-9.851891,-9.157859,-8.476833,-7.0455623,1.7918158,11.246904,13.525715,10.931549,10.049528,10.745692,7.6686764,11.094178,5.1850576,-5.748501,-18.989653,-18.496082,-17.11734,-11.05692,-13.984616,-17.75739,-9.879623,-13.8405485,-14.170233,-13.819328,-9.732169,-3.0112793,-13.587862,-20.187157,-18.633083,-11.905494,-2.7421355,1.4378273,1.4699805,-1.8133606,-6.6404886,-5.2061567,1.0801225,0.77612925,-3.935165,2.0567744,10.596289,9.08506,4.962143,3.354634,-4.091501,-11.973413,-17.631935,-20.765518,-20.293266,-16.956776,-8.535522,-8.922582,-3.924776,-3.8494568,-1.093648,-0.21778625,-4.0256824,-3.7588782,-3.6564932,-4.126034,-0.90313363,-7.9396763,-16.454401,-10.524639,-2.2720218,-2.7424502,-0.6085541,-5.172781,-7.8451996,-10.0068865,-12.422451,-12.036594,-11.934035,-13.322153,-15.701487,-15.968033,-11.467457,-9.828202,-3.9055777,3.5656905,5.5409627,3.6431806,6.089205,6.268225,6.8964663,4.4631596,2.3239725,0.31776,-7.8060203,2.135223,12.0056,6.3293667,-1.6795187,0.76322925,6.3171864,7.416042,6.843405,4.6670437,1.5527341,5.8718843,3.6190429,-3.2003398,0.26589108,0.387572,-7.397261,-10.125078,-6.3779325,-1.9031856,-5.8245783,-13.304428,-16.18806,-12.30802,-16.58088,-13.859385,-6.474183,-10.162086,-12.777847,-11.177031,-8.23635,-9.108841,-14.300196,-24.195322,-22.218845,-22.163845,-19.217968,-12.187953,-8.389799,-14.767074,-14.912754,-12.971638,-17.485823,-13.064741,-10.904665,-7.7834897,-17.66627,-19.378462,-14.824337,-16.04087,-11.931778,-11.163513,-13.775877,-8.324627,-8.164554,-8.799959,2.0472486,7.598993,8.174624,7.807224,5.5644317,5.6608686,5.686852,3.0777764,0.16406128,-2.2777553,-0.5703497,-2.800991,-9.203519,-12.950114,-14.43488,-21.972527,-20.422451,-10.805635,-9.534552,-4.272194,0.33052802,-3.6234255,-5.571682,-3.9649034,-2.509335,-4.6109185,-5.404975,-3.9882789,-2.9932427,0.99636483,0.8307152,1.0910352,2.1730466,-0.54552335,1.6020129,3.8280542,-1.9885905,-1.624566,-2.872023,-6.3739786,-2.1462,1.1667875,0.82615376,4.402978,4.3085804,-4.0320716,-2.7665358,3.1595564,-3.7240994,-11.115641,-9.48161,-7.271315,-4.404442,0.9611964,0.4361732,0.1387107,-2.3407369,-5.7191534,-9.812216,-9.784189,-13.330994,-15.941295,-18.576044,-18.802675,-19.226765,-17.106346,-12.46843,-12.43264,-8.169729,-9.892756,-7.1378584,-9.992037,-15.291162,-18.161604,-10.485792,-3.1047802,-12.649746,-12.068177,-8.695431,-10.296962,-11.233591,-2.685452,-2.516188,-2.749775,-0.5690161,4.736083,5.288824,3.5930555,0.5213459,-1.874414,-8.221317,-12.6855755,-10.524179,-8.053561,-4.3924646,2.7064695,6.066224,6.1912003,7.384834,13.830021,7.4782257,1.7690419,-6.060873,-6.833127,-5.7145715,-5.3578835,-0.4252602,-5.0413923,-4.9558563,-2.2366004,-9.271215,-6.2193413,0.29255342,3.1246598,-1.8345497,3.596119,8.894863,4.6022024,3.3832574,-1.0907878,-6.3763714,-11.997629,-10.727973,-8.122386,-3.0946834,4.967314,5.1352043,-7.2325745,-12.489489,-15.754055,-15.020714,-12.007425,-8.770608,-17.699934,-15.109316,-4.3688903,-0.573884,-11.205517,-12.499577,-7.020913,-3.1970072,-5.6728387,-2.8308706,-8.024521,-11.056688,-9.063224,-5.1353445,-3.031215,-9.53883,-6.691165,-7.4766717,-8.012545,-4.937958,-1.6522722,-3.7557669,-13.288325,-16.505753,-13.484274,-10.880812,-16.248838,-16.285938,-12.405308,-13.405951,-6.936249,-5.416393,-6.812375,-10.726396,-8.059826,-5.8759713,-13.936231,-11.710638,-7.469697,-7.1439962,-9.575445,-7.80443,-5.2126594,-0.1151672,1.652671,-1.6764156,3.446456,8.4227085,6.8701563,6.590272,8.381379,2.2738574,-6.498887,-12.08367,-17.398064,-4.114523,2.4114225,5.4874907,3.9619894,4.728182,-5.6271615,-18.546894,-15.83934,-12.912674,-10.891159,-6.4919286,-5.185303,-7.1195927,-9.509272,-9.617405,-14.331921,-18.602749,-11.499814,-5.515498,-12.026722,-11.653006,-4.106853,-0.39237332,0.61780304,0.4504901,-5.792074,-8.136366,-10.401732,-14.994116,-16.841286,-12.3293085,-6.33305,-5.3267574,-6.2687955,-9.646568,-14.000967,-11.237374,-8.989222,-13.3550205,-14.723846,-15.94533,-17.303764,-10.443844,-9.190397,-6.5712776,-20.16568,-28.183393,-26.872765,-21.328068,-21.931133,-19.53246,-22.296547,-22.640312,-16.003181,-15.080469,-14.819677,-14.506346,-7.9089127,-10.261174,-5.0907245,-1.6542072,-3.0613613,1.847105,-1.5435563,-8.791028,-1.3931793,5.4229712,7.988062,3.6724536,1.2475128,4.299396,10.570778,8.500724,6.798909,7.275359,3.609002,3.143885,2.4148107,3.0437508,8.950291,11.609798,11.980877,14.568099,-0.28819406,-16.284473,-22.963509,-18.90068,-23.338509,-25.175076,-20.971207,-13.427884,-9.8846245,-6.670542,-10.194546,-17.739828,-11.815092,-6.0404844,-3.9792376,-3.6484966,-17.819386,-24.157791,-21.813528,-19.110691,-19.56304,-14.3919525,-3.710149,5.46599,7.1159554,8.319842,6.1533422,7.175025,8.945869,10.019564,11.106663,10.612699,9.496402,9.290986,13.338674,15.816112,3.8159733,-5.6762238,-13.76194,-16.54589,-17.492994,-14.148579,-19.594648,-22.81666,-19.572132,-26.72735,-22.34309,-26.991535,-26.547146,-22.815866,-22.12767,-23.693666,-24.178152,-27.783077,-28.336437,-30.825874,-26.761583,-25.914955,-20.698551,-13.3966465,-9.186583,-4.192729,-12.668673,-16.196987,-10.224184,-9.055328,-9.909553,-12.91427,-12.266253,-8.104885,-6.7411613,-5.3446264,-6.5397153,-8.580975,-8.20004,-7.2055826,-10.399216,-8.566033,-4.560954,-0.43149936,-3.312195,-5.128709,-5.2005568,-4.6500163,-0.14791238,0.09082937,-2.662781,-4.9124937,-6.3981476,-10.430454,-11.332338,-11.120014,-11.111166,-12.593676,-7.4627943,-5.6968317,-7.8348455,-8.712298,-13.04097,-12.566666,-15.939134,-20.931389,-16.954363,-16.359604,-17.358608,-9.796582,-9.077658,-11.137025,-10.707588,-6.1768837,-0.45947298,-4.656379,-9.509108,-10.442542,-14.475183,-12.187365,-4.793729,-1.1366369,3.1849232,-0.8550615,-1.7948014,-4.823264,-7.213047,-9.098952,-7.806007,-5.8925686,-2.2411652,-2.6341405,-6.2949333,-7.0708704,-2.9791543,-6.2854867,-6.5694547,-7.7737494,-4.029686,-4.478347,-13.150352,-13.774769,-8.247984,-4.9604955,-6.283451,-6.0248103,-4.643614,-5.0416656,-8.002153,-11.652339,-11.631248,-7.916318,-9.949053,-8.193469,-9.105684,-12.390712,-9.8654785,-10.092344,-12.024411,-15.081222,-13.989971,-8.946554,-8.8153715,-7.0838437,-2.4719632,-9.556969,-10.954716,-9.213671,-9.458252,-10.9907675,-10.861931,-7.2157526,-6.3106284,-4.043877,-2.076834,-2.2426803,3.8358061,9.560101,8.702684,9.590229,8.915494,4.000119,3.449539,0.054376364,0.8719603,0.83464503,4.211832,-9.035442,-18.511604,-19.196629,-8.593115,-5.4141607,-6.7114234,-7.3629165,-7.8495092,-9.82062,-0.84254646,-6.050292,-4.557944,-3.300695,-14.790393,-16.559734,-20.50799,-13.864844,-6.605117,-10.116852,-4.186373,-1.8831663,-3.3785071,-2.6349626,-2.0476046,2.2161334,3.3962111,2.7441845,8.345318,10.852699,5.362224,1.8185806,-3.0122778,-10.407443,-13.627506,-9.441453,-2.5308065,-1.5384474,1.9732312,2.3157396,2.9775426,5.6895876,-2.4049697,-6.088181,-7.853448,-6.7403994,0.3131768,6.4785395,4.234749,-4.4430056,-4.2655993,-0.7451074,-7.570402,-3.294927,-7.565945,-10.1430435,-4.7007046,-11.070232,-15.012382,-16.110592,-15.304636,-19.106411,-18.711243,-14.865394,-14.250999,-17.546925,-20.737759,-16.807215,-6.916129,3.3648343,6.631155,13.460346,23.991669,26.189922,14.403415,6.1444864,-4.500701,-9.898521,-13.392054,-21.05514,-22.813366,-20.667475,-17.757812,-13.746722,-12.828125,-18.210854,-21.177555,-19.394245,-17.106293,-25.898842,-29.496979,-21.04444,-14.76186,-5.8704476,-0.30531138,4.045517,7.7657566,0.29071167,-23.013659,-32.287315,-26.686314,-12.841642,-11.89427,-12.406342,-9.305248,-7.7476816,-11.743374,-13.790466,-3.559621,-2.5623035,-1.0141599,-6.8380566,-15.958118,-18.051931,-17.278095,-4.639717,0.04888352,-3.774395,-3.7729745,-2.8197289,0.58302295,5.0961123,11.779649,6.4690847,2.218893,-0.020309031,-2.5235834,-7.2576356,-7.9442983,-8.694786,-11.772753,-11.4879,-15.727224,-14.867041,-12.759861,-4.2109237,8.21511,-6.622839,-14.901957,-9.371462,-8.895744,-6.7131186,-1.0425357,2.5984888,1.6324332,6.795761,8.695221,5.1419764,-2.5836978,-5.654805,-4.2680197,-0.5762981,-6.467032,-2.54277,2.1922717,-2.3242366,-4.6190133,-6.091902,-11.108985,-11.71804,-9.494145,-5.94054,-5.7068286,-5.467456,-5.0581965,3.178174,10.911779,12.1508045,10.004465,7.550661,3.4416275,8.236582,10.671139,3.5771153,-4.8955994,-2.356476,-0.5364117,-1.3759408,-3.688244,-8.506874,-13.725276,-12.787687,-13.163152,-11.0662155,-10.722093,-8.410458,-13.326225,-12.685623,-10.323767,-8.770506,-6.8741555,0.25810552,3.3448253,1.7005529,-0.054658055,-11.46982,-23.589329,-21.69447,-15.5282545,-12.649026,-10.808032,-9.862482,-15.661823,-11.591904,-9.1246,-5.438989,-4.748835,-6.368719,-7.984512,-23.983715,-27.639675,-25.592678,-17.336273,-10.646191,-9.604475,-6.5017157,-2.7074363,-2.4334934,0.08226648,-1.7774303,-4.7687416,-2.209833,1.8177397,-1.985691,-0.045247648,3.6984572,-6.7802935,-12.929781,-10.567913,-10.003786,-9.66984,-8.9501705,-11.696579,-12.809488,-7.1002197,-12.443274,-18.233755,-14.529165,-5.7492285,-1.4218423,2.8667138,8.265403,7.8202643,-2.9029846,-11.882819,-8.476205,1.2858074,2.383431,3.0255184,5.9001846,4.8697467,2.0844526,-3.8901505,-5.011511,-1.7972794,-7.3401837,-15.848949,-15.257784,-12.669937,-11.731857,-10.437565,-7.938059,-11.830168,-11.856535,-6.461215,-9.298108,-11.4244995,-4.9617205,-8.962202,-12.904572,-5.0124245,-2.117507,-5.279163,-11.57045,-2.9923708,2.7488232,1.5070453,-5.5105634,-6.0225277,-6.664215,-1.5243014,0.3256439,-0.2388807,-2.680143,-3.0735755,2.589033,-2.5653946,-12.219261,-10.053827,-2.7739706,2.886032,-2.9862895,-14.373932,-21.813213,-20.442017,-15.708267,-11.948814,-7.2069683,-5.0746055,-1.2744602,-3.585343,-3.7159185,-2.6299322,-5.0534525,-7.637698,-10.49427,-23.05774,-31.17811,-22.875458,-14.340397,-14.207289,-13.247423,-11.946997,-9.436408,-5.2713356,-5.139514,-6.1232457,-5.081673,-9.347338,-13.794305,-9.55038,-15.426701,-14.982468,-9.431389,-11.375046,-8.368242,-1.2684044,-2.7097383,-0.31180525,-5.8016257,3.8210597,5.5471516,5.9118395,8.08364,4.4341,7.2114143,12.806999,19.340382,20.607784,17.984047,14.2430725,14.548536,17.525082,10.636883,4.2212596,5.4582944,7.089386,5.378109,1.3680241,-3.6725092,-7.88659,-7.0078278,-10.297758,-10.228102,-9.496885,-9.172016,-13.015425,-8.496304,-3.0737457,-1.2010258,2.7658381,3.711029,3.9628482,4.087633,2.4397712,4.1360893,2.832367,-0.3602003,0.98501045,2.1067348,2.1773965,-8.099588,-6.7522254,-3.8169193,-5.6872377,-5.634148,0.4407286,2.8783314,3.1683133,4.0104933,4.4860873,5.770789,5.523454,7.4277234,8.750791,10.71667,11.897175,2.7971773,-13.553535,-17.176235,-24.576412,-23.854523,-14.712882,-9.089045,-6.676283,-2.3701472,-2.8131418,0.094590634,-0.97722197,-3.5781446,-6.375936,-16.836493,-18.399086,-15.747824,-16.950249,-11.400431,-3.1282272,-4.1356974,-6.405365,-5.84653,-1.0236113,1.7391205,-1.7076676,-16.82596,-20.758917,-18.324196,-22.29118,-18.081272,-16.400917,-17.24821,-17.630013,-15.576923,-13.162344,-6.5756063,-1.742724,0.5743621,-4.358194,0.98638433,4.433337,5.1044626,13.023839,14.00193,8.831672,2.4819293,-0.029331326,-6.172327,-2.5998993,-2.905553,-3.5425036,-5.574147,-6.122346,-6.3435173,-3.1763108,-5.778566,-10.108834,-4.6435533,0.3372648,5.412434,7.4479494,8.115468,6.888939,2.4354386,6.118085,7.6201105,7.8578105,14.6020355,15.2410145,19.436272,19.072662,3.5372431,-0.97035235,1.7195029,3.2830591,-5.232049,-8.017832,-8.510971,-11.4248,-11.392832,-9.260588,-10.655828,-13.958703,-16.074047,-10.861126,-13.752638,-10.973215,-11.838849,-12.616932,-12.423288,-8.840829,-2.2164214,-3.544179,-5.205515,-4.4734454,-5.8863964,-13.2429905,-16.164207,-13.003936,-4.205085,-8.477622,-13.702608,-15.985451,-13.705498,-14.855073,-11.188185,-9.069347,-5.467397,-9.441507,-8.378131,-3.2768598,-3.0204077,-14.135463,-11.966628,-7.0351105,-6.079198,-3.2477717,0.60295725,-0.15931278,0.2674777,2.9834187,2.0236416,2.6758442,-5.2613144,-8.1040945,-8.495836,-7.6352696,-5.893844,-4.896036,-0.24624228,1.3258086,3.5639677,10.091715,9.187816,3.3473196,9.290487,9.961511,11.6053915,11.550804,8.648742,8.508368,3.425933,2.153145,0.48832613,2.1198153,-2.4660895,-1.9398465,0.1355393,-4.565192,-7.0408225,-6.539937,-6.3194704,-3.3400044,-6.136206,-7.9520473,-6.038631,-7.846202,-6.8599906,-1.9089897,0.8484757,-1.5842125,-0.27692828,0.5722985,-6.213375,-10.872665,-8.381466,-8.709484,-6.8296747,-3.9537034,-1.7068408,-4.700366,-6.49401,-10.230178,-9.574514,-13.936087,-17.940554,-17.009005,-18.03569,-16.938026,-15.749594,-10.232204,-7.16462,-7.3371134,-5.983963,-1.7942057,0.79295546,4.7401857,9.536472,13.122655,12.887899,16.604614,18.144487,15.820612,13.742634,13.337349,17.274082,20.781075,18.777195,19.278446,19.3573,20.404587,20.384558,24.30795,25.868412,27.231209,28.399632,26.449654,23.072098,25.53734,25.829737,23.752684,24.147503,23.763493,17.955595,19.632023,19.182943,24.710665,28.883259,25.173172,28.700401,27.189386,30.144691,34.80212,29.008247,31.564102,30.913433,25.431532,27.146456,28.833143,27.20179,26.699638,21.804386,22.986626,22.410511,26.39877,29.09129,27.230927,28.0915,25.041227,23.954535,25.175846,25.970661,25.078884,22.574055,21.826706,23.277613,21.423012,18.359303,16.571592,18.84475,22.7374,22.09595,20.627983,21.495674,22.627586,27.476898,31.750893,25.489197,23.479664,25.672054,23.57481,23.92965,23.775517,22.285461,16.815098,17.173416,23.736517,29.804756,31.201727,27.529953,26.26973,29.647564,28.044952,28.074543,29.193218,31.548748,28.346926,26.010607,27.535887,25.985828,21.189098,27.452606,32.480865,18.369888,5.8833175,5.215056,11.12439,1.751825,1.7167699,3.2479796,-0.85709727,-5.4118814,1.8282645,2.9065032,5.3084297,8.769064,8.870787,10.622315,10.411254,11.913515,20.79089,24.345188,20.096489,13.450624,12.089272,10.3433895,13.629307,24.880636,28.186024,33.566948,30.649113,17.67481,12.940462,7.993991,3.3977606,5.0602994,7.6587954,3.9597816,2.3532407,3.0478902,-1.9982474,-6.88332,-9.595652,-12.416485,-12.006095,-9.719982,-17.077305,-19.952475,-15.5434475,-12.240164,-11.963981,-10.731377,-7.892981,-9.442684,-7.3223424,-6.1239634,-6.946059,-10.701699,-8.076915,-4.56057,-5.2863426,-7.319517,-2.5531788,6.4376926,14.4402895,18.273075,20.116796,18.93595,5.541295,-18.068924,-18.123901,-5.557557,-4.1465607,2.1101015,0.13728651,5.467723,11.531778,10.927935,9.277824,11.046434,15.759179,15.164396,14.812531,19.964037,18.85153,15.740387,15.698109,20.109169,15.218809,8.698423,11.209075,13.398758,15.413364,16.796057,17.004921,19.952541,17.141891,16.79445,18.874456,15.769587,14.041008,11.550686,13.800069,10.854461,9.182659,10.325644,5.3692713,7.7531004,10.280651,12.850698,16.54634,21.29805,17.072523,16.736462,19.570385,20.630901,22.619423,25.682878,19.902876,16.710289,17.305098,18.58785,19.235142,17.470003,17.086693,21.06405,17.265162,17.401031,18.466959,18.90709,24.252733,20.644478,22.152443,19.798714,18.919151,20.296442,19.00896,18.882582,23.673122,25.07955,25.74566,25.882505,24.037106,25.504421,28.260708,27.576973,30.17713,29.276356,22.21718,20.72417,22.449076,25.701008,22.370869,20.484919,25.848595,27.858976,30.240654,24.97314,24.258354,24.90168,25.703138,23.125692,24.323067,26.634369,26.369148,26.610603,28.760563,30.753773,28.993412,26.549805,27.934391,24.862919,23.439362,23.946133,23.237701,24.759403,30.302399,28.092999,25.387886,23.010849,22.899204,21.344257,22.990017,21.393612,20.193695,24.836266,27.198616,25.20425,26.840069,31.054836,30.853447,29.189083,29.392527,31.571264,31.5601,25.1543,24.478489,24.677149,20.67083,18.218727,22.2131,21.67401,21.331665,21.764431,24.330772,23.803854,22.07845,24.14056,20.476343,23.36359,25.47445,19.989876,12.300877,14.826991,25.449951,31.142529,28.201164,18.243252,14.864298,10.593132,9.465771,8.334165,10.237407,10.457764,9.580219,8.064463,6.671899,8.378833,10.269779,11.538608,11.077723,10.565946,9.344265,8.738369,9.024275,8.425294,7.8493543,8.132862,7.3669057,7.7105036,8.196353,8.780672,7.9500685,8.21283,8.744157,8.41441,8.685364,8.187351,8.405698,9.919907,10.637355,8.644337,7.807822,7.7100706,6.042661,4.7392273,5.667119,6.4606953,6.0340414,8.376808,8.263142,8.5559845,8.347402,7.659951,7.9241257,10.214486,9.3526,9.44755,10.081478,10.064638,10.83173,8.55539,8.476458,8.7686405,8.798122,7.9919095,7.3529043,6.280465,5.9507055,7.009713,8.106296,8.97341,10.502583,8.758484,7.899248,7.231948,8.16482,7.738203,7.283165,6.2334566,6.579644,6.576421,6.6988006,5.6650333,6.2784233,5.748165,5.808198,4.869808,4.908293,5.525968,5.8149815,5.214135,4.5337906,4.8909497,4.8701687,4.629878,5.648546,5.418067,4.954372,4.640807,4.6480865,4.452647,4.5033007,4.492035,4.942849,4.8953915,5.267233,3.8667297,3.523086,3.8427122,4.4860334,4.7331057,4.494372,3.8621907,3.7853694,3.8438525,3.765548,3.4731317,3.0882797,2.8153863,2.9543333,3.6354494,3.5829568,3.5056934,3.0459633,2.73776,2.6520946,2.5822537,2.6775749,2.583385,2.4927518,2.4669437,2.451513,2.4793706,2.5610318,2.453292,2.3468397,2.3194244,2.3319197,2.2434464,2.290309,2.1553059,2.1195617,2.0978484,2.0353675,2.0455275,1.8720202,1.9815714,1.8662366,1.8069421,1.7805462,1.6296417,1.7035156,1.5009128,1.5473508,1.4474033,1.2915298,1.3830801,1.0846521,1.050618,0.79990727,0.7758699,0.6462858,0.2436674,0.10265831,0.0,0.0,0.0,0.0,0.0,0.0,0.0,0.0,0.0,0.0,0.0,0.0,0.0,0.0,0.0,0.0,0.0,0.0,0.0,0.0,0.0,0.0,0.0,0.0,0.0,0.0,0.0,0.0,0.0,0.0,0.0,0.0,0.0,0.0,0.0,0.0,0.0024425231,0.0,0.0,0.0,0.0,0.0,0.0,0.0,0.0,0.0,0.0,0.0,0.0,0.0,0.0,0.0,0.0,0.0,0.0,0.0,0.0,0.0,0.0,0.0,0.0,0.0,0.0,0.0,0.0,0.0,0.0,0.0,0.0,0.0,0.0,0.0,0.0,0.0,0.0,0.0,0.0,0.0,0.0,0.0
0.0,0.0,0.0,0.0,0.0,4.0163136,5.59962,6.7639947,6.536908,6.3239822,8.315064,7.7642355,8.076506,9.038616,6.9188213,5.9483337,5.254128,5.4904203,6.1013007,8.041061,5.789508,4.7427073,6.284534,6.709717,7.9802685,7.8218184,4.691297,5.1976466,6.524987,5.112805,5.739363,5.2132387,3.7358246,4.0669374,6.6164775,4.588175,12.719955,11.260149,11.674591,7.2636833,8.457522,7.1597958,12.516521,11.128658,13.676605,16.93469,19.013153,13.539004,8.632137,5.2158804,1.4002713,-6.0584974,-10.512366,-10.425169,-11.622551,-16.97187,-21.814388,-20.171356,-16.925514,-17.902653,-16.387455,-12.205838,-14.95268,-17.331991,-11.9986315,-10.381389,-14.841944,-15.6760235,-13.963185,-12.902762,-15.672279,-11.267444,-18.586025,-16.99224,-18.65567,-16.7514,-16.34254,-17.395294,-9.730555,-14.043861,-8.826508,-8.701703,-9.606194,-4.624962,-6.7595797,-5.4071345,-7.415087,-9.033001,-0.6784232,-1.390518,-2.7627845,-6.8273087,0.56818837,5.3802414,1.8109424,5.4370794,12.130148,19.760195,15.619517,13.516872,10.5268,14.106268,26.27349,30.317844,30.055025,25.318106,25.304794,22.867191,22.109325,18.994015,17.36364,20.518005,22.199205,20.6421,19.528908,14.685583,15.574026,14.312416,15.68634,15.670374,14.035582,15.913651,11.218325,9.813244,10.547829,8.54691,15.055416,16.60662,15.229847,19.680998,16.760103,17.462,18.564734,20.395557,19.193913,15.545005,14.552532,16.520508,18.429527,19.86505,18.96226,15.389765,12.806254,15.919827,17.578712,17.44257,12.560785,12.124444,16.751755,14.082214,10.550439,8.829704,5.8747535,3.6513925,-1.6478468,2.7402787,6.057827,7.203805,-5.675935,-11.178605,-5.8413606,-8.772198,-11.169806,-8.365479,-11.135543,-10.793839,-7.3385506,-13.534894,-11.449059,-7.7683134,-7.3010893,-11.3641615,-11.497931,-10.487272,-15.136776,-14.80521,-6.968806,-11.789904,-13.537285,-12.020039,-5.9345894,-14.761143,-15.215152,-14.404937,-21.700577,-18.807886,-14.027014,-10.61017,-15.229727,-16.527943,-12.464754,-14.004316,-17.351658,-9.803388,-16.5316,-17.441008,-10.432792,-8.76741,-11.838575,-9.234115,-3.3226027,-0.29512292,-2.7084222,-6.660438,-6.7424154,-3.2579005,-0.15302713,1.9094319,6.7563257,6.2530003,8.672146,4.1696663,1.8208507,7.126651,4.7137294,3.048967,9.825375,1.9538082,-0.15292305,-1.8940136,-2.546177,-0.4762541,-3.9482636,1.6355929,-0.63608253,1.2536876,-1.9891798,3.7470434,8.325233,4.1015925,3.6429265,-0.05659181,-3.6663947,-0.36843574,9.300671,7.7506037,9.759309,11.157944,7.337468,4.5154943,6.083003,11.169225,13.487272,6.578581,1.3932173,1.2982427,-1.7755837,0.17341968,4.771985,-1.4389822,4.8261657,11.498465,17.924927,12.727705,14.730459,18.511871,16.2087,13.142517,8.601277,-6.5071507,-7.9164257,-6.448479,-16.334105,-15.589338,-12.389389,-18.330242,-22.857119,-31.880238,-31.918812,-19.769104,-13.917894,-14.190887,-14.3773155,-16.706463,-15.643366,-14.461384,-13.184453,-5.8931212,-11.239132,-17.255314,-19.378498,-18.698511,-16.934404,-20.733437,-22.279861,-23.850863,-22.27194,-18.221722,-18.860512,-17.400385,-21.209286,-20.649117,-20.638988,-22.07041,-23.284668,-22.396069,-23.033323,-19.281178,-15.589693,-18.962414,-22.515802,-19.322681,-19.642475,-12.427231,-13.908082,-13.360302,-4.685073,-6.0824947,-12.078495,-13.543251,-17.588165,-18.033012,-12.949785,-15.21591,-13.1877,-8.147173,-17.121477,-20.146198,-14.573967,-17.1882,-22.59549,-22.388554,-24.932896,-24.361813,-19.972483,-21.711884,-22.102423,-20.587826,-27.867107,-23.85683,-22.583673,-22.31952,-24.038425,-23.404827,-29.454535,-27.079845,-19.830267,-23.540812,-19.028545,-10.357251,-16.74699,-15.046549,-15.260506,-19.785248,-20.471424,-14.129446,-10.45928,-18.671492,-20.73975,-17.249823,-15.006659,-19.241978,-15.850831,-11.992113,-15.910218,-12.418924,-5.2362685,-13.929831,-14.271243,-6.7338305,-10.063345,-8.590366,-1.1168061,-4.147003,-6.3309903,0.43837774,-0.7306645,-4.0866685,-5.1211452,-2.9901776,2.6882317,-1.0141181,-3.3707128,-3.8774972,-7.4142885,-8.035091,-12.355255,-15.8299675,-15.664036,-14.116615,-14.716726,-12.536707,-14.207001,-14.846386,-13.300636,-5.8701787,-10.057544,-11.970558,-6.0160413,-6.654918,-7.7124643,-5.0043855,-5.316578,-9.316977,-7.876934,-9.120692,-6.0018234,-3.3326185,-1.0186672,0.6758419,-2.299674,-7.6223063,-4.9009404,-6.5869675,-13.794973,-5.0775986,2.390201,-0.6219708,0.43959612,3.0823777,4.647293,2.8163116,2.3614943,-2.1816506,-6.518077,-4.913375,-2.9879773,0.3531314,1.0257024,-5.042828,-6.624606,-5.9801054,-2.2860425,6.5295267,8.211082,3.5979648,-0.48364142,2.6658235,3.3343935,-5.9397316,-3.8609433,-0.6144259,0.39940482,4.1759806,5.3095865,0.7468053,6.370899,8.751849,1.3352258,-3.561491,1.2391361,4.628067,4.9656982,-0.949035,-6.2724957,-0.84175146,4.0401444,7.3539686,3.9136937,4.1733,9.054623,4.2520123,1.5893475,2.5825496,6.2729015,9.326334,2.1199653,0.7773354,5.3077374,-0.13348123,6.729289,9.778959,16.065079,15.403967,18.944185,23.009636,20.861994,19.279446,13.334766,11.199198,14.579242,11.848621,8.1882105,5.360805,10.550343,9.139401,6.375043,1.082751,-2.3898313,-1.6731529,-4.818666,-3.4160578,3.3579702,2.5895941,5.613714,4.8435235,5.914402,11.543031,11.451193,10.892814,13.7663,12.470552,13.567326,16.043877,16.174898,7.247324,7.108485,10.675829,12.542124,8.377577,10.652708,10.432768,13.21086,19.864044,22.512268,21.798595,24.643051,29.908928,31.37386,33.300777,29.560673,26.011818,25.213121,20.155981,14.989987,12.048206,11.169063,11.552332,11.192751,9.669981,8.1875725,7.789673,3.7558382,4.900244,8.262043,7.0337367,6.149722,10.741504,18.276243,26.286625,30.378454,27.868143,26.621151,26.071768,26.23166,29.77609,27.861736,26.585052,22.869225,20.034756,18.77935,23.793835,26.464546,27.11005,32.021614,24.442165,16.536507,17.954094,18.4379,21.447937,21.112871,24.641655,20.836113,24.092434,27.67503,32.563477,26.841202,23.068521,23.578512,26.76201,26.886093,24.28101,22.146454,19.382643,16.227154,20.345427,16.999603,12.535581,19.32573,28.23531,28.453712,24.98171,23.547703,21.029598,18.172031,14.146829,21.467537,23.233929,17.8407,10.584122,14.681991,19.11294,12.948155,13.877277,13.960997,15.024103,12.33392,4.8838606,10.529598,18.130463,18.741442,19.66443,21.509703,22.307766,16.351225,13.582267,10.408176,8.112491,11.61896,14.450747,11.244164,8.947613,9.253069,13.587061,19.184208,23.797173,29.79391,29.2655,26.107422,24.779278,24.037498,21.547756,21.32832,21.577991,23.196945,18.148872,18.435162,17.885778,11.626808,12.202328,5.5492907,5.395686,5.4699526,9.369539,7.7514052,9.93254,11.736397,11.372702,11.271147,8.094819,13.750572,18.615515,15.771318,21.30381,26.525366,24.382893,19.400316,17.773655,14.99967,16.00449,16.408401,25.167435,27.905409,25.94236,17.084381,14.729471,18.201462,15.18051,18.821632,19.353071,14.126839,13.339951,21.188534,27.050957,21.819141,21.43702,20.346382,15.643543,14.131744,13.868092,17.740444,16.807747,15.197538,13.467752,15.3038645,17.590767,24.825115,26.956781,21.023659,16.604572,12.984193,15.988546,22.13809,23.00219,20.422295,18.34044,16.891819,15.617477,14.681108,13.945864,13.646044,14.225905,17.007526,13.673528,9.188647,7.291053,7.8597097,6.7640557,3.6336393,9.767566,13.7407875,22.246065,27.938435,28.235247,28.646202,21.951988,17.101997,16.179976,16.46968,15.006515,14.976675,19.073095,18.557264,20.003887,22.011295,18.506298,12.028101,14.253973,23.127907,27.211151,27.459305,21.017849,19.556587,20.034775,13.072641,14.489523,16.034157,17.485455,14.717946,14.5093,13.95228,12.743512,10.691765,11.798049,7.260664,5.579836,1.0309632,0.5110705,3.6946378,16.333965,21.643173,24.471542,27.679146,29.404072,30.246815,26.519274,25.117882,25.416569,23.181816,22.06292,18.278587,16.789345,15.967087,22.679565,30.175797,27.233044,26.564941,27.912495,26.819818,28.208755,28.676197,26.664377,29.028767,28.753819,25.578728,24.550758,21.19131,23.409903,20.978199,15.00445,11.319687,12.381095,13.077413,12.105566,12.814065,14.691577,19.896866,19.365576,13.867321,17.985474,28.39741,31.927937,29.358559,29.16946,25.969044,23.654161,24.121017,20.016808,18.351974,18.460693,18.640757,17.394917,12.459438,12.821463,11.720171,12.573387,12.415266,12.479509,9.332935,8.038071,3.7656655,1.4303087,-0.11270201,-2.8249161,-6.421484,-4.6982174,-4.0964613,-4.009888,-3.5038939,0.5090231,-1.0417097,0.82888293,1.3164268,1.9795749,7.0147696,4.117402,1.8927866,3.2391052,-0.23101512,-0.40845263,-5.0231037,-4.4535365,0.9404403,5.5504,2.9215472,3.1537871,4.8848925,2.401545,5.5606804,8.069374,8.072411,3.2315278,4.5197945,6.4364014,8.429807,1.3469763,-4.948868,-1.7353666,2.5458302,4.9992504,2.178633,-0.9518589,1.2498608,1.9901056,7.1434507,5.5430546,-1.9657482,-2.1939642,-5.260301,-4.8839836,-6.750474,-3.4944227,-2.850089,-3.8911057,-3.9993677,-2.6219423,-0.31141073,-2.022647,-5.5721836,-1.9161785,2.3381424,-6.0623894,-6.240793,-4.4477077,-1.0777376,0.53153175,-1.4829943,-0.6404203,0.6570798,-1.2883984,-0.6472643,1.7823975,-2.578696,-8.949787,-9.146454,-10.146034,-3.1682887,1.1083194,-4.2559366,-3.4640062,-3.5415182,-9.501278,-10.730252,-0.9065008,1.0975854,-2.3125513,8.6477375,13.397902,12.405417,7.006249,10.753179,8.889572,7.718018,17.389803,17.935905,22.810728,14.554277,13.417988,14.23181,15.055937,16.052282,14.415548,15.04538,12.948439,12.552439,13.05172,13.583368,16.620365,11.842739,6.2688875,3.7426507,4.7829556,4.074267,7.284893,0.82521796,1.5149977,5.0706844,2.3050647,-1.4605763,-3.0609555,0.73805785,-0.9915725,-2.9903545,-0.3869871,-1.8810682,-5.009581,-4.833297,-4.0920954,-3.3895245,-2.2981637,-5.9576044,-5.8356442,-6.5984573,-4.9967165,-2.2327015,1.1934171,-0.020501792,0.504426,-1.8718425,-4.17408,-4.4847355,-1.5660303,-9.935618,-6.6199584,-2.470365,5.1404667,6.239452,7.956778,5.451571,2.8104572,2.369793,-0.9888689,-2.0270324,-1.6493233,-3.5495195,0.679093,-0.35171872,-0.7521235,-1.4952669,-0.2609517,10.247919,14.310491,11.652655,6.638913,-0.32598507,-7.415126,-14.229787,-13.418325,-14.566696,-17.189636,-12.007387,-9.858582,-6.1073704,-4.972663,0.22681083,4.775812,8.14029,2.8426697,3.335495,7.619483,8.675108,5.4977665,7.0451045,14.085594,11.191317,5.777074,-0.512498,-1.497936,-1.4391,0.3648829,-0.5407023,3.2906756,5.195018,12.378721,15.146419,14.357347,20.67254,22.121902,23.9702,23.6335,17.841858,12.388493,15.6406975,14.268768,12.295568,9.257442,8.249657,5.7761307,8.762035,8.895773,9.642698,11.245131,6.052291,0.8497873,-5.8711257,-0.9376235,-2.653283,-1.8901135,-3.5292091,-2.456138,-1.6940116,-0.4437804,1.09638,-1.9325635,-4.6439066,-3.7027826,-3.8887482,-0.36807725,-2.1927736,-4.626376,-4.552093,-5.1349754,-3.5519214,-5.1467276,-0.11562571,-0.78086674,-4.8886356,-3.4952912,-5.00661,-4.681375,-3.8206089,-0.54873556,2.4474368,6.093962,8.771639,7.1462755,20.820099,17.493414,5.692013,1.6332873,-7.7705774,-6.5712137,1.3903477,5.120741,5.058957,-2.2983835,-5.304678,-8.843822,-9.652551,-7.231182,-1.9855329,-0.040325403,-4.062999,-7.459795,0.6683059,6.519441,-1.5736248,-15.071771,-10.731705,-1.0450051,0.9949411,-3.8311007,0.39897633,-1.1711851,-1.7582093,-4.0910516,-8.667435,-8.733974,-5.348013,0.90212804,0.5658314,2.446199,3.8631978,7.767701,13.829155,17.760466,19.740013,16.958637,15.970011,11.629736,8.229721,16.308443,16.526468,12.909285,9.654481,5.41428,9.496183,13.832252,12.342016,7.525173,4.6672163,3.5342546,-5.328738,1.2322671,8.631773,20.332825,27.11645,23.056576,19.297955,23.329357,27.4775,31.170307,31.016233,36.386612,39.77542,35.330894,30.187933,25.895111,26.72535,32.166405,27.450676,18.216578,17.063278,13.671138,6.865614,8.842596,15.765004,9.42478,14.283091,16.130539,9.573648,7.116459,8.503534,23.1016,26.073906,24.772724,22.959267,23.58938,22.639877,24.487904,25.137411,30.202621,28.233685,24.464699,28.567562,27.54129,27.334251,28.000362,19.91118,26.603409,26.590626,23.868181,22.108242,17.580093,13.456887,12.009626,19.641317,23.420782,22.682098,22.196554,27.275854,27.41317,29.493729,26.231384,24.552078,24.907558,19.398949,19.735355,27.263794,28.101524,23.101423,22.65451,21.22926,21.056469,22.246822,16.331467,14.387284,22.466356,27.502676,24.413294,24.103981,21.507435,21.131376,26.946903,29.513945,25.290455,27.664818,28.304853,27.462671,28.428661,23.40905,22.324741,21.21402,19.1882,20.385254,26.383379,24.003292,23.709698,27.915026,28.73043,33.411472,26.158222,21.708588,19.785236,26.229084,22.916573,17.84586,18.774601,23.52861,26.14952,29.527245,31.271675,32.380817,30.081379,28.590496,29.61481,26.86157,27.307684,23.703323,23.657408,26.24693,22.11557,21.220295,19.787218,15.927283,17.90908,16.58152,15.561348,19.360062,21.255976,23.302925,25.430164,25.502937,27.920986,35.326584,34.62695,30.29875,26.989536,18.258583,11.966736,13.739999,12.525176,11.122067,16.749527,17.731041,22.080341,25.424614,19.787987,24.784473,29.783846,24.03165,17.093712,14.648044,6.4970045,6.7048593,8.702177,12.017267,11.776516,11.992146,11.416647,11.165741,10.397472,12.148403,8.607529,13.358871,17.500303,18.834011,18.878956,25.336094,22.839977,20.43124,23.786829,27.885956,26.087147,25.828697,29.81979,25.439247,24.526356,22.469799,23.915329,31.77275,31.858355,33.596943,29.29538,29.394974,29.696423,32.732635,34.87651,35.420586,33.33982,23.48294,22.481594,22.850534,25.332493,25.549812,32.034668,31.01222,25.889091,19.377966,10.895842,14.30862,18.20446,15.930389,14.034652,15.821644,12.014299,13.505409,19.295534,22.541069,25.501537,27.295715,29.041653,25.055424,14.945458,17.649998,13.755459,11.176756,10.22642,9.062057,8.609713,7.7544355,8.833488,13.879689,18.219965,11.914595,7.395042,10.700443,8.602982,6.797226,10.860432,15.498978,11.2242775,10.779648,11.36758,7.551627,7.3747725,8.3793335,7.8540215,11.144524,17.438246,16.746952,5.0125628,4.142677,1.2501658,3.6706991,13.365778,15.52416,13.254619,18.1349,21.991114,20.57027,14.696474,8.701857,7.707752,10.647928,16.866129,7.7070217,-0.35077375,-3.549219,1.7958138,11.296856,22.52089,22.224651,29.152939,31.485716,25.031424,23.403715,19.760448,17.660748,15.61117,20.160372,26.871887,26.614162,27.30743,22.595726,22.005472,25.116829,23.474855,20.467121,21.523844,22.422398,23.789614,26.8909,27.922592,29.822159,30.902409,28.654158,28.445906,25.594883,23.403671,26.38264,27.255833,20.886223,22.876919,22.382944,26.331802,21.65369,14.855646,17.542747,13.688807,15.718269,13.076134,8.810629,10.815896,16.493923,19.181606,21.615833,18.540075,15.3587,17.867947,19.361029,20.958103,20.395538,20.247583,15.761719,15.107908,18.705818,24.06292,21.510092,13.127962,9.303204,4.051483,2.07365,7.4267874,10.854586,9.73686,4.463065,6.2298956,10.37512,23.33588,20.895096,15.31159,23.504765,32.55034,29.758259,28.90699,24.567753,19.096815,14.45473,15.237938,10.138702,5.031033,4.6638517,1.6531204,12.095376,21.044401,22.467167,15.478476,9.528612,10.730173,5.3772306,-3.842709,-1.6717824,-4.5275865,-7.6329374,-1.1241701,9.028542,14.982406,8.537939,-5.6778593,-7.250723,-8.29158,-6.471264,-1.1317168,-2.0130224,-1.3653603,0.5719533,2.3282485,7.7031603,10.83031,10.799652,7.3218164,9.569686,8.651496,1.6679219,-2.091694,-0.78407884,7.370802,5.383286,2.282751,9.285139,14.868504,19.636621,18.290058,11.530935,6.6817822,9.424181,10.057121,3.9987018,-0.8365575,2.3435555,-0.300089,-1.7126042,-1.7516544,1.1369916,5.526286,10.170653,7.2608523,2.8981967,-0.89476997,3.3560781,8.541723,11.430712,11.550552,14.4336605,26.740746,36.662277,35.58188,20.564337,3.0751154,2.5339682,2.9654922,2.836882,1.1570969,2.881565,2.9077313,1.8466343,2.7073963,-0.44551674,2.4663992,2.9896536,2.4680586,2.0644279,2.3590267,-0.09636337,-4.6887517,-2.3531713,-1.5134876,-0.8030899,7.0545273,11.230816,10.118031,11.0715275,13.091118,9.273943,4.924939,4.5946345,5.116628,3.1303384,3.9924994,4.9479628,-0.7930666,-1.2466464,-2.107832,2.2946362,9.230848,12.100729,9.348585,7.409415,4.87193,1.8664315,3.0869975,0.96798253,3.9386184,3.7834392,3.7115798,8.278407,15.514341,11.781118,4.803485,4.4254093,5.639497,4.0142937,5.2508554,-0.6869567,-1.403969,7.4274697,4.192644,2.505525,8.497426,9.427046,10.734765,6.7037625,7.4477253,11.985493,12.776713,15.02544,11.186226,11.919005,14.055058,25.647411,27.913876,28.635393,20.466633,24.12131,24.55437,23.560966,22.385443,19.21961,17.326847,15.717645,15.301434,15.870419,18.165462,19.495924,24.113998,21.252514,21.64197,23.75716,18.747807,19.25468,16.68931,16.32544,19.75747,18.333359,21.956245,26.595484,24.834316,26.712746,26.185333,22.965012,21.590942,15.757586,18.26197,22.767109,25.374382,22.921291,22.579308,18.968163,14.949887,9.819733,-1.0977885,-0.2820235,-0.9660059,2.9144964,11.896877,7.9916368,9.969654,13.733263,7.900173,8.9642105,11.926506,18.465307,19.519344,19.25938,18.02555,16.617416,10.355148,9.408222,10.554644,9.984581,7.368285,3.3478353,0.18217814,4.2892046,20.70788,25.712433,23.963892,22.300694,19.554241,12.8391075,15.004864,16.122478,17.432346,23.702456,29.119843,30.158955,22.542286,20.072285,14.177685,6.282135,-2.5493813,-5.8374166,-8.573579,-10.8772135,-9.353613,-5.2944694,-5.48628,-2.0600603,-5.406406,-0.3783661,6.4398565,3.2109022,1.6082087,5.6992426,12.148728,14.440556,19.376791,32.493587,34.021225,36.15291,30.813389,24.339964,19.482265,7.3207636,6.0842557,5.365006,2.2097127,-5.0766163,-2.3646247,-2.1437557,2.2239242,6.729719,11.547447,10.315538,3.701726,4.7504044,3.2911172,2.934236,7.6227684,12.49464,8.309128,11.54654,20.456293,20.796078,17.073053,13.318938,5.284091,1.8971343,0.850651,10.603132,15.7535925,13.6282425,14.759354,17.776266,14.512255,11.252155,9.411003,8.203524,4.0065765,0.9160069,-1.0842253,-7.0864506,-4.910807,-3.3216076,-3.6549892,0.9267182,10.55397,15.501175,17.13187,24.887417,26.59964,19.467735,15.387014,13.117246,11.699213,13.955799,13.215698,13.425188,13.213718,15.082945,4.57997,3.6539772,15.502478,20.17002,17.661312,18.0893,14.750414,13.0555,8.041454,6.6844025,6.020893,4.230977,9.060884,14.216065,12.293404,3.811573,-0.3690402,4.591821,6.4997573,6.054885,4.990779,5.452759,5.212638,7.0012918,5.654214,10.754564,15.935827,17.617565,15.304131,15.993634,18.359577,21.913998,25.75132,24.869797,18.758236,17.615768,17.746616,19.286201,27.653522,33.40468,32.213543,35.768272,31.194042,16.836163,14.155354,17.805212,16.777458,14.063667,17.601604,20.046051,23.203972,27.651342,24.156757,19.624733,19.969524,17.755348,15.018533,10.989324,6.369294,7.8056555,10.894131,9.777276,15.396429,23.775484,34.410507,32.131477,24.027477,18.598452,22.145039,28.325853,26.182667,21.285389,15.382262,14.306255,11.244197,9.569984,2.478295,1.8892747,2.310151,5.945332,2.2098358,-3.209196,-4.7716193,-1.0348113,-1.1826379,-9.1119175,-0.8687356,12.08795,19.015709,19.974566,22.588652,23.96457,20.13641,23.175976,19.25306,14.942015,11.733625,16.09615,11.732487,9.221581,7.202261,12.21067,13.454998,16.830992,14.966016,18.024893,17.71322,11.293416,11.58534,6.0528555,6.361838,11.6111965,14.56989,24.572422,24.243423,14.774135,7.3012724,-0.7832764,-2.462267,3.3872993,7.6366606,7.3731623,3.3802512,7.034304,12.90994,10.657703,10.529665,10.511412,11.680064,14.5047865,15.293549,18.13553,18.73226,18.61414,19.306118,22.826937,28.41877,32.69024,30.532585,27.368023,33.560127,29.627565,27.039108,24.99485,15.499456,12.411905,20.35572,24.32582,21.343275,19.224892,24.78321,23.887905,17.72148,16.633444,22.489616,20.470901,17.54298,13.651661,12.3394985,18.919233,16.610884,8.388006,16.116423,16.240845,18.603748,16.629486,18.384226,23.388546,24.804377,22.564604,21.20976,20.893557,22.155092,21.757727,20.672028,19.805,21.888336,22.623003,21.273777,17.127865,14.227478,13.378723,7.625642,2.9149976,1.7347971,7.178041,15.229956,14.316257,14.47123,20.814146,25.601425,22.967606,18.048859,25.046444,28.072603,27.810183,25.950947,29.893875,26.136925,26.173492,24.961288,26.639713,25.131279,23.626244,24.259666,22.491295,21.529469,24.638721,23.76661,27.233442,26.144016,19.844326,22.51828,26.4286,25.36692,24.480652,26.16874,30.689869,32.029186,28.59806,29.1795,25.557447,25.18626,22.586494,26.078842,27.435972,24.702206,24.230467,26.728575,29.098679,28.63559,31.347076,31.84026,31.067024,29.142342,30.264908,25.817215,29.690914,32.866432,34.96534,35.199223,31.427269,33.227024,32.15006,27.324257,21.983269,24.150528,27.62504,29.23045,27.232613,29.049519,30.959244,25.431686,23.912235,25.37357,24.64423,20.634256,20.38991,27.276417,29.771566,25.663422,29.735611,34.53266,30.972912,28.36461,27.801874,29.710018,28.764065,30.613852,28.75608,29.474472,27.808731,26.68634,29.43817,31.863377,31.370811,29.99721,27.069132,20.86345,14.584915,6.8537455,2.5933633,3.4108763,7.514124,12.115644,20.459543,23.991802,18.23283,19.81593,32.695145,36.33698,37.112583,35.67398,29.972607,25.275051,21.859657,17.981445,12.928204,6.5791025,5.362096,10.093674,16.256895,16.800331,15.53285,20.726177,18.518658,13.4702835,6.952321,1.2791363,1.4750857,2.1550953,11.916536,12.33988,8.947471,9.567329,11.993046,13.523067,17.076412,19.176205,16.301222,11.009518,16.529846,25.810467,27.638954,25.315805,23.3717,25.415802,29.678978,33.157753,27.181293,21.174726,18.140392,11.084484,16.900124,17.151737,16.760126,20.712526,27.363522,28.745605,31.06193,31.797684,29.313236,28.36549,30.638014,29.216133,32.01189,35.35467,30.73248,32.10151,28.626133,26.157705,26.546818,24.47033,18.468872,15.912193,15.845308,16.170202,19.978426,18.809296,11.505411,5.1979284,5.2039795,8.867904,17.204485,28.08976,25.994366,20.317387,19.068449,14.534351,5.7206445,6.2906904,8.206004,9.400543,9.52804,7.6948237,12.073095,15.152224,15.624826,20.403511,23.507877,22.545328,20.938084,15.295099,14.811958,15.497123,17.23449,15.395813,14.505455,19.182976,17.848549,17.133696,12.675433,6.9795475,7.0142655,10.897806,16.66164,16.067581,9.161301,13.892656,9.096001,7.701206,14.228842,17.186949,17.218962,20.252262,21.783012,18.311913,13.964212,8.690252,9.32382,15.3590145,13.055254,7.431984,4.0514503,6.6995096,13.356882,9.277683,14.610954,27.732052,37.592194,31.03891,32.566113,27.723906,22.205431,24.655972,25.336391,33.169746,36.54131,31.80525,26.099243,27.544403,25.63635,20.352049,25.407139,25.224712,22.990534,24.32248,25.984951,27.797676,30.571135,26.846409,24.46302,30.722782,30.147158,29.11891,30.639383,25.127396,21.30447,23.009892,24.805935,24.629318,27.039745,25.995115,20.457546,18.633354,21.164549,15.160021,14.623457,18.21517,18.885656,19.959648,22.257156,19.10628,17.429298,16.301777,19.654226,24.665867,24.512913,26.745426,21.871088,21.979406,21.067932,18.846222,22.021877,17.595911,9.78218,10.578655,11.22752,10.81867,8.110965,3.3748364,2.5927663,4.084581,4.2930183,7.3072624,15.838718,21.107512,28.91083,29.02401,29.23025,35.369064,31.69746,27.201878,20.767647,17.079208,18.262085,15.5213585,6.3969,2.7156193,4.5115347,10.8621855,19.57194,20.381115,14.860802,9.530766,4.4812136,-0.060563803,0.7069845,5.768653,3.0791802,0.17856832,0.34157002,5.0811033,4.8696775,-2.019089,-1.1502719,4.44753,-0.21918833,-2.4963021,-0.5811003,-0.9130065,3.145492,15.405557,20.211674,21.221947,13.348575,8.054897,5.78338,7.6783557,4.5488195,-1.3097404,-4.19919,0.044645697,7.818224,18.48056,29.315971,23.931612,14.334829,14.117878,13.299349,12.90988,13.722706,10.365749,5.4060884,-0.7714241,-1.7355218,-1.7563348,3.9643002,11.028126,10.567474,8.470974,7.886487,8.971048,3.7850385,1.7341679,4.1216416,4.1823015,6.652624,11.303573,19.273228,25.444223,24.19308,6.9688907,4.8733435,9.062368,8.938753,10.409343,9.792845,10.640232,12.036987,13.515354,14.155531,18.027966,20.323048,12.800606,8.533762,8.629545,5.188151,6.479877,1.5533911,0.4416691,-2.0192864,0.6016298,13.828869,13.65217,12.992451,14.717409,12.054645,8.2607155,3.342717,-0.963588,0.06835055,2.5753489,3.270083,2.703226,2.6972263,5.31809,6.312737,8.204184,11.430781,17.189144,16.135178,11.763314,3.6458993,2.1048117,3.6846316,5.4185157,1.8160421,3.8611727,10.855475,15.682928,17.029118,13.847187,11.341455,12.525833,10.449709,5.0989885,3.5217206,5.7072234,7.271291,1.8975803,3.586667,2.3758986,1.6261013,8.336023,6.441527,2.566825,4.8655057,7.407692,5.5256906,3.2209234,4.832738,12.587385,28.057392,27.676723,24.532322,23.10897,22.0541,18.99321,17.651161,14.235217,12.866552,9.951707,7.0592985,8.2100315,11.321209,16.188152,12.253218,12.934454,7.2154922,8.805796,4.7213626,-2.3219173,-6.8030167,1.4450731,6.253558,2.1443381,3.0708098,11.6558895,16.348593,14.275034,13.558425,9.838375,5.116763,2.577671,0.8103025,5.9190035,5.4344397,-2.6036792,-3.786683,2.5092528,1.8417588,6.91142,1.2638078,1.5822247,4.234107,10.07671,8.723925,-11.221088,-9.302133,6.51335,8.759367,6.701251,18.784906,26.102938,27.037354,24.659475,15.942511,10.314047,8.990549,10.314397,6.1843987,1.3317575,1.8184502,1.3033341,12.800775,21.052282,21.97668,20.41217,19.075089,13.668476,14.740662,15.926061,9.352015,12.045658,18.745796,22.023865,21.3375,18.564232,15.120862,11.936161,9.216892,7.440318,7.0500946,4.8027725,8.283807,11.869228,12.181103,12.915495,14.452235,17.392626,16.519955,6.4886093,6.956588,6.744297,7.795188,10.836892,23.792511,24.006866,25.22649,29.792881,28.876175,19.653507,22.970425,30.832432,30.915691,33.685146,30.74929,27.749235,21.420502,10.214655,20.986576,29.112768,27.799759,15.203241,19.310404,20.07457,20.874249,18.798698,16.011845,14.734181,26.566927,24.945017,18.354288,23.760532,23.994268,20.71272,19.034288,18.672062,13.817671,13.255801,16.25312,22.220062,19.340591,17.448215,7.0682344,7.34293,13.706872,16.383492,20.185587,25.112144,27.686388,31.280952,32.20569,30.637428,29.810974,27.890598,24.929543,18.649914,17.078438,16.609999,16.451283,14.159605,10.804975,7.115606,-0.862393,1.0404978,0.73971224,1.4011238,-2.5091114,-3.1786542,2.7768202,4.075872,12.2273445,12.309856,6.267067,-1.7114369,-8.365687,-7.0628405,-6.9914255,-7.8732553,-14.997555,-17.767384,-10.711348,0.8340422,10.156965,13.564017,15.216479,18.771488,22.810795,21.433292,18.230637,16.6325,17.780869,17.408646,11.334223,13.801902,15.982334,20.471764,15.629305,18.478138,24.609726,25.373447,23.154036,24.95322,26.886185,23.360415,18.43364,20.873138,25.705713,23.661598,23.995493,16.461369,10.849704,11.90148,15.204924,9.804773,4.3493056,4.6116624,8.450851,10.846128,13.432123,11.465178,7.096074,5.187751,3.2293532,-1.2646582,-5.4173136,-3.4393818,-1.2904894,-3.9482338,-8.25763,-3.790626,10.181229,21.49984,25.102913,23.559053,28.590603,31.322987,27.248405,23.233913,16.231064,14.774414,10.532073,10.370384,10.457153,13.093421,18.330135,18.655617,19.52602,21.418972,24.474491,26.667969,29.462696,29.281792,24.482506,20.456932,16.282278,16.315453,14.666653,9.8997345,3.722874,1.134266,-1.6932276,-7.244001,-8.4331665,-2.8743637,1.4190376,-0.584916,-1.1284566,1.6089604,4.626664,10.436606,17.515568,21.715553,19.519655,12.539914,11.843895,10.669484,6.1091166,6.179013,7.132394,8.310412,1.3498415,-1.5786095,0.6358099,-1.0260814,1.2221732,10.724839,11.67948,10.142786,12.574617,8.538881,3.757773,4.895496,4.886188,7.1869307,11.263638,9.181456,10.377829,5.274057,0.1128685,0.605992,3.3723814,9.579769,11.484887,12.980343,17.808266,19.856224,12.675747,6.2966356,8.186689,11.738457,12.0623865,11.782441,4.912459,7.588127,8.094587,13.735863,15.3076935,6.7484355,13.109142,13.035036,6.082563,-0.2976141,1.6912124,4.9093223,-1.2049271,-0.7843562,9.059137,14.002068,10.119603,11.730818,12.273957,12.455469,7.605607,9.313939,14.278212,18.610628,9.838766,9.178492,10.509954,15.21727,13.367435,7.868536,6.009849,1.4976075,-1.8861823,1.7910252,2.7552233,5.0501666,3.4786377,5.2348075,19.80082,27.20929,22.716686,13.365595,8.646977,11.135017,6.04092,3.4736917,6.4977784,-2.1710987,-0.05641064,-1.9255581,-6.531396,-2.894063,2.7944376,9.428825,12.694275,11.053484,7.0924015,-2.1156523,-6.175562,-11.12797,-12.333147,-12.760829,-7.355118,-7.421774,-4.2809644,-0.4192063,4.762454,6.140088,7.4316673,6.203982,4.3212748,6.4274607,8.784076,8.206506,6.990736,11.264891,7.642063,9.463264,8.2991295,6.608876,4.2016535,7.3069334,8.378371,2.0283494,1.4931049,4.26636,4.3763905,18.10603,19.14116,17.888655,12.312113,15.49737,15.902044,15.855074,10.735767,5.5023785,5.4577312,7.0357637,3.1667256,3.3470051,5.8419447,1.5438218,4.1377907,0.82725567,-9.828155,-11.272762,-1.1590979,1.8772581,3.5758448,0.14907503,-3.213966,-0.12723616,9.964422,14.3045845,12.109007,12.839026,14.729823,8.217113,1.1041116,2.1710272,8.3115425,9.748955,10.241372,9.085194,11.865452,12.492161,15.106897,17.563017,17.49178,17.9374,16.041487,13.329891,13.220198,10.355478,8.621056,13.140627,13.53302,13.722837,15.11698,15.058903,15.730537,16.669004,9.798794,7.772241,7.074423,-0.27469897,-1.1624584,-2.780426,2.347192,13.623026,19.963085,17.982197,15.487481,18.637295,17.838888,18.171947,16.10369,17.3131,16.872663,16.73941,19.425644,18.985336,16.255428,18.801582,15.048145,12.468372,17.556072,15.051293,15.00622,13.629487,7.191239,6.5146317,14.444515,22.883297,24.157705,25.107182,21.072098,19.477995,19.824919,22.888115,18.193193,13.265798,12.797995,18.312328,25.306253,28.074818,24.948381,25.286812,25.196678,25.73985,28.715923,27.536896,23.090893,23.69942,23.833992,28.337719,32.86965,31.749493,21.229977,22.82119,22.322739,17.489414,13.996727,19.953747,24.326199,23.766102,26.205544,24.93409,26.029634,27.456284,25.318743,22.533968,15.451765,12.749147,12.837464,17.377758,18.108458,13.514803,11.276728,8.274046,6.0602593,5.6288605,1.7513286,4.77108,7.665209,5.713311,9.594009,6.718752,9.294367,11.188358,12.940009,15.218639,21.710865,20.391575,14.529662,14.398213,11.114061,11.17597,13.583727,5.832321,7.260743,2.6096647,1.4308393,-1.706856,-3.28436,-0.7767613,3.308878,5.3942285,8.669823,6.68973,3.407447,-3.013482,-7.2371464,-7.7269545,-12.25296,-15.149269,-10.080824,-4.698789,-3.5913646,-1.3398126,-2.691246,-4.471566,-2.9082441,9.0655985,17.173239,14.555975,7.4229145,4.3820963,10.536082,7.892117,8.20477,9.004715,2.5738373,-0.13293529,6.2441864,5.9857435,7.85754,5.711202,5.906448,7.2077036,10.002153,11.29421,23.071964,27.28843,22.14061,22.024075,15.381418,5.7308054,8.991627,10.988247,9.442709,4.2065487,5.5934086,7.929595,7.836528,7.3694854,6.463903,13.76289,14.715187,7.6598997,1.4202538,-0.80502677,-1.7708561,-6.2836185,-9.294701,-9.62809,-5.736328,-8.508922,-11.92855,-4.2781034,0.06368244,2.1286807,5.403693,5.9062824,3.8243742,8.089075,5.331629,4.1066575,5.9988775,7.185565,5.54812,4.5439587,9.111955,9.82077,9.671305,5.5687017,1.219379,3.1538692,8.418027,9.521445,9.862841,15.653303,14.215864,7.334668,2.2116578,0.6660576,-1.9849193,-3.7471123,-0.16679585,-0.33632898,-0.46649155,0.652411,-1.5796273,0.91738886,5.6148386,4.978022,5.3012533,8.19122,10.092256,9.6911125,8.898443,10.076962,9.874943,12.397153,9.328576,1.8451493,2.0096848,1.3839922,-3.7382197,-6.001927,-3.590033,-2.9759722,1.2373855,0.77576685,2.1177325,7.3260064,5.2072725,4.1480236,4.3241673,8.889948,12.556843,17.07685,10.432762,4.185067,6.372957,6.5322385,1.3505325,0.40026218,3.044538,6.8948336,12.204931,15.983464,13.193668,8.507624,9.675938,9.263847,11.819174,11.531864,4.653103,-0.989441,3.035428,-0.4310276,-2.8619773,4.202037,5.4541235,4.216077,1.8564274,0.26560467,0.9311126,-0.397758,-1.6589487,-1.2914613,2.4683921,8.605272,11.463515,16.860613,15.129434,15.541574,18.157276,22.125257,16.272118,15.662073,15.098222,10.73584,8.487293,7.3693466,7.0483165,3.687187,-2.8947983,-3.0132022,0.9107821,11.773819,14.20339,7.80161,6.0592613,5.832139,4.596179,7.6796227,13.898465,18.068825,15.867283,18.136705,18.789217,16.872904,10.360618,5.5711975,7.9453645,7.807506,6.249297,3.6634572,4.8628893,2.1681333,3.4288077,8.6366005,7.8829775,-3.7957625,-9.067566,-14.511413,-9.924606,-8.159453,-11.316431,-15.35487,-7.1021905,4.3993497,12.550278,16.678558,12.865639,18.513618,18.802486,17.152164,12.335872,8.257542,7.366845,2.3791559,-1.5129347,-5.310522,0.7395873,3.3342953,4.5131454,8.091916,6.1758776,5.3760223,4.5842366,1.5033852,1.6047041,7.141877,15.198059,22.757378,18.784311,16.163723,16.45499,15.143976,9.5893955,12.593281,11.403498,10.754018,10.253137,7.94911,2.2051988,-2.2967196,-2.7358723,2.293428,10.437685,15.233804,6.0933027,6.4777145,11.252241,11.401421,12.327301,14.978874,16.324692,21.542713,18.58693,12.505618,9.769006,11.264832,11.200416,11.271645,9.496678,10.497526,14.95553,17.281036,13.490162,7.0451307,13.956257,13.468133,11.866423,9.849287,6.6684504,8.332518,6.724205,2.910641,6.2985835,8.503819,9.150988,10.015968,10.476824,14.835596,10.475866,6.718685,7.855151,15.49618,20.476395,16.627312,12.516654,6.1090364,-0.935233,1.4730853,14.555738,18.056309,14.739586,16.162533,19.474329,24.648836,28.117153,25.395483,20.291523,15.850651,16.591753,20.4799,20.212448,17.79737,17.701206,20.700596,22.735455,25.915287,23.249878,23.254604,21.216322,11.165093,7.9773254,18.151974,21.79733,25.303215,26.477015,26.935553,23.729069,22.173883,23.747234,22.036358,19.5942,17.032915,21.519361,29.744984,32.34718,30.241556,27.087517,28.801807,39.261265,32.84897,28.130444,29.798874,29.23198,24.979694,28.663776,30.871727,29.61436,28.256355,30.22401,25.397419,23.339687,22.376707,18.359406,12.091056,9.510849,14.26983,11.630562,20.445133,27.383503,23.855503,13.3812,11.044981,13.155655,11.285023,13.528107,13.638449,15.707726,14.976931,6.7586393,2.9399314,4.172988,5.79218,6.3327246,3.253048,2.1871943,-0.21290469,-3.4529238,-0.19759512,-1.6631536,-1.0785401,6.9370537,4.693864,6.6533813,17.155994,16.231686,17.032495,14.810518,8.28908,5.938624,1.6447971,-3.937627,-3.1596599,-0.714877,5.5077915,4.4836283,1.423,-0.6805568,5.055578,10.277752,11.892851,5.6371484,1.522987,2.6023245,1.564683,2.3884585,3.0343025,6.90651,9.821371,12.605482,15.567426,14.434639,9.171635,5.047002,10.697544,11.092554,11.758862,12.419676,8.735128,9.004366,10.760017,15.489834,12.022369,10.054584,10.841112,11.440151,8.16522,6.670553,8.678635,9.408974,7.459017,11.315025,15.639767,13.871662,13.369503,9.652134,-0.719842,4.568639,10.844162,7.9004436,9.069579,7.802207,3.85892,3.5079513,10.389288,15.017513,16.39914,13.109623,8.710421,2.5734613,4.2101746,3.9731674,8.756871,5.9826565,7.341813,14.273344,12.652355,11.502713,7.285621,10.493151,5.379501,9.221267,13.520069,15.529352,18.317696,17.700333,18.831715,17.000637,20.165802,21.409218,22.710014,22.50763,21.183231,20.549198,15.638742,11.127278,7.78891,5.9036217,7.282048,4.0281887,-2.5620122,-4.0480833,4.7884946,13.381704,12.096168,2.8760004,1.0651119,0.96467936,-4.1154127,0.9807268,1.2191163,3.9616754,3.8295674,4.646132,8.818246,8.914633,9.876698,11.879601,10.961947,10.623696,14.654231,8.3714695,2.39535,15.384622,18.466412,16.749012,16.436487,20.614182,17.458408,13.209454,15.768087,14.692432,12.767033,15.574057,17.95728,13.547621,13.608774,13.647471,16.61195,20.706131,12.899689,10.165155,14.973265,12.964874,10.627905,15.87402,18.176533,18.459326,19.403805,23.45667,25.431908,16.513346,14.2740345,16.162521,15.612423,18.077936,22.36513,23.309595,19.208172,21.449142,15.628433,16.70498,20.802612,18.413265,17.648829,13.98821,10.957945,8.491585,7.468816,11.993832,9.258345,4.1775794,3.5248618,10.260862,19.840202,12.611622,9.216785,8.636132,8.8410015,10.658321,8.484831,8.880444,7.214319,8.885492,14.796526,2.0036447,-1.5609268,1.2109433,0.80577123,7.4239798,7.461126,1.1632811,-0.4107299,-0.1261301,1.4749613,4.2285137,9.106266,10.950894,13.345446,13.325525,12.692425,15.903883,13.518467,14.220449,20.10859,22.277512,11.748091,1.1946595,-8.1105175,-4.78717,-2.3409324,-0.9995725,6.8590965,3.492309,-1.4006449,3.7921462,10.959345,13.955593,6.1206617,-8.531024,-7.8975887,1.3506486,3.631997,5.7192726,5.55013,10.144813,10.182167,12.12848,20.527327,25.4805,20.27752,12.855335,18.411541,10.803557,7.636981,2.6072865,2.4843311,10.537708,11.539173,10.341112,15.660617,19.642483,13.251341,10.845,16.371014,14.52747,14.2253065,15.6697445,13.920277,19.662155,22.805698,20.499283,22.439884,22.132801,24.390991,21.283905,14.047972,9.184097,15.510929,23.163895,16.880718,14.21776,7.319539,0.2620201,5.949571,15.310347,13.228027,10.622471,15.442746,11.461699,2.908317,2.249174,7.3369775,4.413443,3.0913823,2.718186,6.4511447,13.979704,14.150169,14.99106,15.760504,12.158192,8.729693,14.068834,20.467863,22.037567,29.074726,33.0234,24.074343,21.009945,22.317345,18.292398,19.255993,23.220463,19.186018,18.147709,15.329251,13.540133,14.4591255,17.651987,13.515039,10.974003,12.554043,6.7135525,6.8440857,4.813371,1.6361121,2.3531332,7.9241085,16.843765,23.94023,23.199413,19.449097,16.282803,16.45961,25.534973,27.531837,24.697891,24.477732,29.012547,32.947918,33.373432,23.787086,23.264307,25.582508,30.009632,27.77842,21.366657,21.189785,25.032925,29.176243,33.533585,34.392426,27.01822,22.673481,22.601238,19.961472,12.520845,17.295107,17.404621,15.219833,22.296959,27.17424,24.900084,23.459726,28.914204,27.313164,25.10606,24.974241,32.001442,27.628635,19.512325,19.599691,15.078377,14.041912,23.28476,30.345469,31.14404,33.21063,28.329002,27.477848,23.470142,23.127613,27.906076,27.437607,19.816837,12.427406,15.537064,18.523237,12.765524,5.4025364,6.4882,6.379034,7.4394646,9.273012,8.733507,2.2005718,10.784036,15.024201,10.937819,10.465826,9.120821,15.112246,18.892422,13.519119,11.872093,13.630711,15.7382555,14.56396,11.143679,7.319004,6.4851327,11.651403,10.483351,12.063797,14.119076,10.887848,6.676732,5.911669,7.831015,10.057303,11.181218,13.405447,19.277607,15.375587,13.446235,16.392815,9.765472,-2.3793588,-8.578864,-3.0138183,-0.49921724,0.91889334,2.3379276,-4.997471,0.020114541,8.831359,13.21904,25.86002,34.46203,29.560024,20.017395,16.223938,15.968398,14.654825,10.792867,7.4575143,1.6826134,0.08070004,-1.91428,4.051698,7.6459026,8.359009,10.753263,9.649042,12.222256,12.784906,8.245053,11.774254,7.842452,10.667381,9.607094,7.8037643,15.57696,14.232366,5.959544,7.001012,15.539988,19.506117,14.835575,8.10594,7.890394,6.7256703,6.092402,9.244463,9.949484,16.796526,22.955818,12.938246,4.4393997,4.0893245,0.09371978,1.4921076,-0.20387605,-4.408926,-8.477995,-0.94955873,7.6885805,12.136856,11.133783,7.9886827,10.479726,15.571384,17.91849,19.79884,21.605553,23.539055,18.415419,11.313898,12.225895,10.058414,13.912047,13.674561,14.115885,19.621872,12.934259,9.79033,9.016037,12.938116,11.661212,4.2471266,2.905686,2.6246037,-0.5210908,7.60713,13.0699415,2.2929618,4.2913747,4.28605,5.410284,5.1736655,3.1986823,-3.101485,0.52035934,3.415248,12.399935,13.073393,12.503605,20.682049,20.65209,8.1567955,4.6410465,2.4809957,6.044531,13.164324,15.623718,17.485485,15.016935,14.930227,23.708942,30.463139,32.507008,29.600153,19.656544,13.686739,12.938722,15.531656,15.001844,18.52388,20.300478,15.009846,10.396608,11.219925,18.509268,15.957119,10.233242,10.394678,10.887582,13.319165,21.199352,20.290249,20.77795,21.81739,16.562086,18.731846,21.158718,20.145731,16.228094,13.1221485,9.365026,8.405284,5.6690764,6.2468615,10.091237,10.55802,5.295191,2.196764,4.477157,6.279978,2.9042168,2.2098083,9.189417,9.046722,5.6334143,7.834372,10.842627,16.940186,20.023064,21.728912,17.088078,15.255264,10.747162,8.342374,6.0580444,3.266168,7.6020265,7.1315517,-1.6994977,3.5147855,2.8651428,1.5251281,-1.5486937,-3.189365,-0.18118536,-0.20130491,3.1102238,8.349525,12.020723,17.419113,18.67739,21.4053,21.534822,20.033752,17.580719,17.413532,12.8315735,10.459576,6.520571,13.830138,6.9244566,0.6568044,6.931462,8.556911,6.2262115,6.439723,2.9063296,4.1511383,2.9357245,-0.032807745,-2.7555156,-0.04431522,3.0705698,3.6889288,3.886166,2.7791247,1.087841,10.954969,17.545322,15.560364,17.717312,20.800823,14.703688,8.882895,1.6367457,2.0886362,2.2482414,4.5839815,3.6479712,0.8890908,0.13477874,0.4266562,0.5937117,-0.5622661,-1.4419595,1.3381963,4.9138894,9.807819,11.971502,11.928389,8.188681,13.306782,16.229816,19.01911,21.022816,13.493809,7.7120485,0.5284618,-1.7008817,9.350136,12.157674,9.181292,7.710423,12.558139,13.643296,12.059737,8.177933,9.878986,13.748396,15.135473,11.249464,4.253231,4.2712812,9.070258,5.364545,7.819816,9.664932,6.625718,6.018715,-0.029027998,-3.2941992,5.1669245,12.198401,12.788472,13.630951,19.847828,20.598911,27.53794,24.98306,17.856524,13.889275,12.838976,9.860709,11.030363,11.703491,11.402315,8.777706,15.284042,19.270092,18.73488,12.366888,1.9591235,1.3891698,5.2647047,3.8707528,3.452333,3.4095755,6.141713,4.920266,9.425167,12.646008,19.327162,22.89933,23.159077,13.6136265,10.592142,12.505895,18.63147,24.149727,20.409199,22.724823,24.317371,21.823273,19.12865,20.316961,19.579962,13.606529,11.388144,10.599305,14.600355,23.032505,28.637405,30.889366,28.994682,26.20797,23.850502,26.899204,28.121708,28.207455,23.743525,19.955154,10.387188,15.119055,21.071964,17.616102,13.517244,13.826862,23.296518,20.312634,14.208401,14.916021,6.276403,0.5926691,9.472582,24.27095,25.356892,26.818024,28.60709,28.246456,19.12735,17.087505,17.9567,19.630495,24.653988,15.669796,11.093648,24.009457,27.950191,25.033058,26.170387,32.13702,33.496292,28.83176,23.424519,14.1137905,13.264865,12.605873,7.218007,3.656488,5.715133,14.776633,13.113194,10.6397295,5.436205,1.5723375,8.306711,9.341831,6.809552,3.4178214,5.447794,14.823103,17.046967,11.578719,9.731533,16.268257,19.625092,20.703003,9.7065735,12.964932,13.104462,8.72163,9.301767,10.945594,10.471736,5.647361,11.539437,11.837057,13.081801,19.42781,14.453684,17.140705,13.279312,15.595415,18.375502,18.854046,21.198875,18.111448,23.443802,19.733158,15.549019,15.981234,13.9824505,11.309106,7.8365903,10.417599,11.83514,17.332886,30.343777,29.643597,30.675793,26.735743,13.27565,16.852448,18.583565,19.01765,24.350058,26.694897,26.344704,23.087097,18.020504,15.420571,16.449554,22.634682,23.945938,30.457226,27.637068,23.798382,30.710361,29.498627,23.87921,26.693302,29.943329,37.74955,40.532883,36.009525,28.714516,23.59579,23.476082,24.286549,20.6291,16.822784,20.821686,22.10383,15.01501,21.683565,18.281445,12.036729,19.427273,14.958778,14.396374,20.02249,18.367138,16.072186,19.021675,17.524628,17.062752,20.274918,20.58525,20.26102,15.661871,11.006203,10.699233,12.4995575,11.490085,7.85378,8.690626,12.834143,19.062637,18.702667,9.136419,7.687602,24.188822,30.704136,29.730515,25.234795,22.222116,22.799301,19.616802,15.819149,16.434875,17.50999,14.18203,15.004904,14.742601,15.633808,17.748045,14.399048,13.95183,12.373264,10.922861,12.362503,10.115395,16.757526,23.544334,28.927376,27.110367,18.299004,16.83428,21.238396,19.882956,14.866912,18.122007,19.833576,18.242882,19.346386,33.251717,43.460854,41.549908,27.190357,22.550611,25.553692,25.159988,26.702888,22.14308,19.471409,22.377758,18.8311,16.078434,13.963652,12.855179,21.132212,23.87577,20.007298,17.702978,21.96536,23.84441,22.468184,24.683212,27.60581,33.446,34.150635,33.989117,27.24334,21.416666,21.937172,24.508629,26.894123,23.537556,22.675112,23.295967,23.197435,32.515926,32.827347,19.360987,12.809919,13.736437,17.230614,18.42955,11.532161,8.232346,7.2724037,10.693514,12.550648,14.572605,12.302714,11.348618,10.119168,13.931717,12.5037985,11.6681,9.879522,9.291032,11.397929,10.993675,14.8556385,25.821266,24.91319,23.204094,19.53593,20.106833,20.988216,21.767527,20.221088,23.123322,20.661999,16.286346,12.865548,11.337658,8.926296,11.839115,17.001022,16.052322,16.644983,17.703094,21.071892,22.93505,16.150944,7.418929,9.0365715,12.006422,18.590876,20.922424,24.799932,26.396744,22.628195,20.711985,22.042498,23.43033,20.45145,17.525944,12.60537,21.923141,28.392372,26.149223,23.45058,20.935633,18.8179,15.8341255,14.163773,17.637543,17.62246,17.00851,17.58321,17.417316,17.635715,15.249647,17.165112,23.159817,32.315063,26.226427,21.889168,18.772984,13.2971945,9.91954,11.282166,14.000587,16.762737,23.591269,27.92273,28.69065,23.867487,22.271263,25.387768,29.713627,24.34747,26.478569,24.459267,20.433167,13.388386,17.875689,24.692749,27.143982,27.139885,25.365562,22.990463,21.9674,21.757744,22.606686,18.37417,16.284304,15.377409,12.742969,12.646401,17.446522,20.02724,12.394508,10.824474,11.941778,8.079739,11.130423,11.949974,10.3545,7.9186335,15.232532,16.866726,18.079454,17.294174,21.841637,23.014584,13.886214,11.704351,12.279868,14.669491,16.150658,9.998461,7.5307918,9.522385,6.6222396,5.1005116,5.308463,2.204139,1.2581371,4.836435,5.374873,4.9350257,5.4517126,7.6973915,14.956606,25.798292,26.169048,22.300499,20.68148,18.87873,24.431736,21.049444,15.887098,17.74236,13.854897,14.245022,11.924356,16.59057,22.6692,27.972925,19.445137,8.993421,12.106348,15.277342,14.639584,14.677327,15.572115,14.973726,15.134631,13.808081,13.425955,15.509321,15.408616,9.490246,8.6768675,8.098513,6.8325686,8.927572,11.111421,11.101137,12.343628,12.369736,13.949869,12.9974985,10.724018,10.270905,4.8044624,5.2281723,8.063438,9.521908,12.805066,14.261252,10.044481,10.326072,9.780012,2.6287022,6.761211,6.826249,18.581652,25.511871,20.810947,13.729952,11.636555,16.143723,13.25487,9.822059,12.589084,12.748721,15.289325,17.57571,18.352211,19.34359,22.955456,19.909607,16.346848,20.104332,18.313908,19.742893,23.989967,23.078346,20.556717,19.409214,18.920444,19.302818,13.489508,9.806652,6.222659,5.6291094,4.6988707,-0.28479636,-3.5011656,1.4850297,1.0479228,1.1462412,4.9458055,6.7911563,8.137243,4.2873406,2.9714153,8.280941,11.744063,7.709944,-1.0828035,-7.951123,-4.410472,2.2002892,-1.7610711,-1.468446,-0.31360412,-0.6491001,8.010117,8.745393,5.8678474,7.9756145,5.0566564,2.2785354,-8.191383,-16.388823,-12.545656,-2.7311673,6.5299892,10.727633,13.972442,8.499312,3.5039248,3.891436,6.3712106,7.5310125,9.46493,10.259844,15.913785,9.886952,10.316788,8.624527,4.0032635,6.895426,8.679745,9.432343,9.536501,8.974909,14.471695,18.061941,15.96984,15.536598,12.549629,15.654188,19.17942,16.477825,15.488916,16.605972,12.478757,9.506081,9.231365,8.354237,4.935626,4.3728905,5.6850805,5.35149,7.5681543,7.494232,-0.24614197,-4.2136164,-8.264319,-6.0727777,-5.88261,-9.9142065,-4.739941,-4.3909616,-2.1918986,4.439766,7.3940773,7.5060844,12.967432,14.7382555,16.28728,16.851189,16.06818,11.681719,15.883728,18.895838,16.020647,18.770441,19.411251,17.070166,22.668371,24.38395,18.0374,14.640418,13.490122,14.739754,11.06757,12.439735,12.720169,16.679527,14.758032,6.812686,4.537139,8.729977,14.706951,21.871628,20.227055,16.073315,16.671532,11.920162,5.860543,5.0341473,15.842854,20.250696,13.323317,14.199463,20.042763,18.604534,15.756659,12.485771,15.932682,16.008648,12.937996,9.0304985,4.3030057,-4.657375,-6.923467,-2.7644658,-3.4475985,-3.1092963,-0.43128967,6.6774044,4.042922,2.7462068,5.5483885,4.1564083,5.6570053,3.258521,4.7969112,8.381319,9.399988,1.2128904,-0.28586182,-2.829877,-4.5131655,0.30301976,1.2042418,10.644096,19.016737,16.954988,16.911528,15.481802,15.622583,14.874667,11.886563,11.551046,9.148586,9.876013,3.7298317,-2.9304752,-7.204209,-7.988909,-11.829912,-9.745037,-14.703131,-12.80017,-11.042032,2.3945389,16.773132,22.074757,19.82809,9.878925,5.6266923,5.36917,8.910456,9.912886,10.916311,14.170876,16.752092,14.181242,10.628542,12.343481,15.352766,19.348314,14.289708,18.438671,20.620722,22.919601,26.390373,27.462765,20.075974,7.643279,4.6256905,8.626526,8.521614,4.8285236,-4.993712,1.9157473,10.576376,19.883991,25.875923,26.58411,26.815077,28.011852,16.949911,7.791829,10.8826065,15.697634,9.463135,11.866975,26.791794,27.420303,27.771164,26.698383,13.06987,10.566397,9.5099,8.814234,9.570369,11.384569,2.7322462,5.6053257,10.430645,8.376606,3.5658853,7.004282,15.936779,15.286103,17.286324,14.187649,7.8257904,8.8618355,1.5683526,6.3174,14.010783,20.074268,18.23207,9.053728,1.4967859,8.00176,7.5936036,3.7623937,4.46138,4.806898,2.843619,6.3216867,13.169027,18.06347,18.693974,18.771439,21.266964,20.491653,15.0812,19.644436,23.069523,26.413908,24.496458,26.129047,27.326256,27.96877,21.431713,20.188637,19.537035,19.272125,13.076611,14.1511345,16.30406,10.961046,11.072355,19.386042,20.05455,10.653406,3.378789,0.9818025,4.1166487,7.855936,9.390989,15.285427,14.426044,13.29418,16.428558,16.347486,12.831762,12.653663,10.653641,5.145197,5.2251663,10.687925,9.441549,10.3510895,9.666901,10.280066,8.132269,6.435969,5.6005483,6.8809633,4.165443,11.194227,12.727694,11.783964,12.2935295,7.495199,7.4510975,12.593859,13.005478,12.075046,9.946636,3.0044007,3.9038868,5.567528,13.0274315,18.863586,20.498966,15.737265,15.61157,18.346449,16.704657,9.794813,-0.30006227,1.3338635,3.12124,10.055948,10.792336,13.325329,12.427292,17.863201,21.283836,14.930139,7.0273356,1.7872164,2.0040584,1.5112326,7.4259653,15.025217,23.656475,29.353394,26.14029,25.016344,27.562351,17.603453,13.383188,16.905796,21.576824,31.277288,33.47364,35.04187,31.183292,32.077606,33.60639,30.654089,23.561508,22.039402,22.217514,24.912552,24.520763,19.084812,21.97396,25.773697,30.870922,25.073807,24.922216,23.427027,21.855595,15.079203,16.255735,16.193737,25.18916,27.54317,28.729816,26.430893,26.973156,25.198254,26.472282,24.739594,24.11193,27.640686,27.917244,28.030666,27.201591,29.140057,29.924728,25.518654,24.543293,28.034487,27.169231,24.983309,21.599865,19.507942,13.499616,15.368712,20.575638,13.46194,11.459867,11.105298,13.450145,26.86256,27.433067,29.57395,28.833635,19.900757,12.674422,13.287674,21.157574,19.815563,14.434828,17.705883,9.240351,6.494397,10.911277,11.008551,7.39506,4.1669927,2.7913888,7.672406,9.736091,8.506011,9.854116,14.424963,22.030567,24.957428,24.676239,18.205208,4.2958407,7.3764086,19.67326,21.677889,17.482727,21.23233,23.951946,22.885387,22.284098,20.599533,20.144617,17.18529,19.052797,22.082907,21.056236,22.457645,18.395689,10.5218315,9.956795,15.287218,29.646133,35.905846,31.22898,33.897434,37.113083,33.373856,32.847614,32.401237,33.00103,28.979568,25.88298,30.06857,26.109322,21.409603,19.571316,17.727057,17.115685,15.889129,10.366952,14.296573,11.125939,12.131219,20.706024,18.307537,19.613281,15.355585,10.349218,10.20211,14.991613,18.076143,21.427452,24.160152,23.81815,25.391489,21.694649,22.071058,21.635332,18.717422,17.809052,20.593857,22.214243,18.902208,14.06364,13.630227,15.262089,20.884647,21.360485,14.020906,16.38723,24.509811,21.65878,22.28051,23.178883,20.840172,16.489763,15.559718,13.11991,13.227069,13.256603,19.28006,17.277872,14.007925,5.256895,4.22561,11.462208,9.861229,15.895216,16.05949,19.586082,21.175272,15.225,10.306202,13.272392,14.049965,14.45963,10.263628,5.785428,-3.9358885,-0.17605996,0.6353516,7.4410267,8.745397,4.5748806,3.5943527,9.861776,12.438632,12.231428,13.119474,13.495143,13.464884,16.411213,11.258499,10.094613,7.90938,8.500868,14.330149,15.666943,12.906898,10.993515,10.61492,15.808359,15.365187,13.518414,22.93613,19.608826,20.972822,16.3932,16.006989,19.036121,20.246113,13.064244,13.504112,25.524622,19.203228,8.701561,-1.9293387,-3.4319284,-3.4315367,1.2597677,11.442846,14.18698,11.985399,9.954149,15.173405,23.075064,26.266228,20.270992,12.843599,12.045331,17.990517,17.894636,15.848594,12.894883,6.4644966,1.635745,-0.50627166,3.9313025,6.873583,4.7949524,1.1792078,5.990268,6.213357,7.349001,17.580853,14.76256,8.08877,8.4224825,9.938184,20.892572,23.43359,19.258184,13.284119,17.11924,16.318222,17.473263,18.954737,19.53623,19.111786,15.396067,12.778395,17.259811,28.922165,27.205769,20.550964,13.022839,11.039359,12.630101,10.236542,16.224405,23.633759,25.559849,19.692028,18.075256,7.4532223,3.950575,7.715437,5.842003,10.03183,10.441023,12.358643,11.590608,10.869273,11.057913,17.679585,17.094833,12.91748,11.065731,6.789919,8.066811,8.383167,10.132953,7.4737797,7.6758857,11.479439,16.447344,22.406633,23.902496,22.212845,22.945362,20.434114,19.69807,26.414131,27.373438,29.76096,31.591263,29.79317,29.58405,27.09016,23.052784,25.329649,28.355755,20.216385,14.523427,14.174629,9.911404,4.206159,5.569546,9.501005,19.78918,21.665207,7.425101,5.416752,12.232756,14.864037,16.529537,13.922707,18.656033,16.034508,16.001736,14.436398,12.918446,8.890971,11.632515,9.019552,4.1917057,8.33943,9.955737,13.964863,15.715134,15.982084,12.835768,13.668688,15.077886,10.036438,5.2195106,7.2325873,4.1451907,7.983959,15.271925,15.922749,10.157656,3.1223376,6.253335,13.6866455,13.942274,7.9582667,3.3532264,6.6266556,10.023167,6.897471,3.0411599,6.7811484,7.2539263,13.764566,13.278513,11.287035,8.667381,5.3631353,3.2038648,7.7265935,12.664968,17.876846,21.238647,26.64175,21.848738,20.060532,12.018105,6.807115,8.164426,7.5375333,15.211045,17.97408,19.23809,24.67274,29.496603,26.62664,22.71851,19.471184,11.041256,13.88026,11.163225,14.076336,21.793037,25.690722,25.163115,24.426018,20.201412,18.08588,20.49274,18.545784,12.501581,14.4503565,18.716072,19.821297,20.511677,24.959671,20.694256,17.701187,19.439182,18.49525,15.537278,18.533749,19.393044,18.028788,17.738907,31.81432,33.29409,22.18955,10.925974,8.567732,15.675805,19.983315,26.367947,28.108227,26.562786,29.13475,33.81592,31.740662,33.570236,31.189308,29.524864,31.367895,29.949648,24.15918,23.7397,30.71288,32.236397,32.087063,31.715,27.419594,23.940609,18.717478,20.444752,21.16552,15.944881,15.174811,16.94693,10.655447,8.765605,15.405835,16.785084,14.665947,12.845127,4.9762297,-2.6672087,-8.170918,-1.708764,7.2097692,4.5991335,-4.6049924,-2.2445304,11.783457,6.4088573,0.38365346,0.8907693,10.1127205,15.53797,18.872063,21.196815,22.052185,18.26621,2.9986506,0.0054426193,3.9921477,6.0465784,13.334726,16.935226,11.023338,9.530905,12.693067,17.816011,20.387365,18.795118,17.544445,16.870152,13.053066,11.548927,9.172958,10.598036,16.236568,17.10632,23.553387,25.862183,26.426754,25.71015,26.67738,27.17825,29.16357,32.170303,28.885887,25.706768,23.011288,22.257076,22.656374,22.78891,21.070564,18.62614,15.048946,5.7048316,5.3852177,3.6763952,6.2350783,15.589818,20.898943,15.537,13.049257,12.588142,13.610565,12.263554,15.200735,17.138708,25.402874,29.092993,27.513445,27.330435,29.151554,27.318024,19.932247,19.376293,20.709005,19.873547,19.409847,19.168125,18.343763,17.107603,16.734962,19.369694,14.586783,14.50835,22.099306,28.68607,25.9943,19.6861,16.341715,16.539207,19.473701,24.280663,26.146938,24.91779,20.732616,14.603674,7.0440197,9.168987,17.766289,19.522617,9.457138,11.656639,11.427687,8.489874,10.247334,11.602398,12.2433195,17.17318,22.000622,23.97995,20.165432,10.741239,9.422661,6.4743366,3.2256615,3.015938,7.1468782,6.44419,4.920546,3.7877388,8.843233,14.924802,14.352631,13.077604,13.624396,11.031622,10.131687,10.174526,4.9014864,3.3681793,6.381048,10.357218,11.747025,12.643298,16.441103,17.912148,15.099562,9.339019,13.296724,15.771082,8.881216,5.156844,8.10511,13.658985,15.556629,14.0753765,7.9183364,16.203663,15.967548,13.2189045,10.519674,-0.23905863,-4.8854446,-1.2335505,22.633972,30.347095,28.322945,14.668419,8.55347,9.921804,13.44181,18.49712,21.334787,17.997974,14.772157,15.347146,8.984549,4.6756716,8.050422,6.733946,4.4705453,3.330697,7.496251,13.317617,15.22982,17.557718,9.528491,5.493325,9.16696,10.418267,9.275148,12.60404,16.879593,15.275619,13.223602,14.193039,14.041019,13.429327,12.062361,16.454815,21.100677,14.6728115,15.852816,16.616613,20.032803,24.47669,23.87808,21.97686,19.515789,14.84376,9.717201,5.9607687,5.634098,13.618411,17.072071,21.882145,25.269276,18.877827,11.838824,7.0681133,7.4827194,9.684728,7.7822313,8.3039665,10.12785,10.976157,11.298733,13.81563,14.289318,11.929346,11.228589,10.533722,12.068916,11.665577,12.051779,7.110861,0.80956936,14.05796,13.052498,11.220241,7.929292,8.444659,12.943432,15.424696,25.20361,18.508083,19.320406,22.896536,28.708004,29.082767,29.26572,26.045435,25.332802,25.023426,22.737068,19.126102,18.374157,16.121819,12.219563,16.654327,11.0959425,4.8294015,11.845869,17.793781,19.712814,10.477449,1.5925463,7.1272798,14.6739025,18.970123,17.41592,11.603401,11.590983,13.075623,13.030632,12.145429,9.104382,6.316125,8.947355,13.747887,17.947208,19.183174,17.925144,15.863462,10.807121,9.906931,12.733318,8.888897,9.979357,16.584522,20.432774,17.62302,8.037244,4.200235,7.246327,10.526147,11.458283,11.430563,9.617928,4.2426243,-2.9437406,1.9778432,4.1746616,4.3622265,10.549509,8.898182,11.836098,13.576033,16.178988,5.807687,-2.87449,-6.23442,-4.9600873,-1.5099432,4.9290233,8.729189,7.895301,10.69827,11.524359,11.637338,5.390429,-3.7894654,-9.058704,-9.632718,-0.7280207,4.0276575,14.773108,20.15537,23.08585,26.81258,24.466537,20.279776,14.207729,15.492746,21.081038,20.23502,21.213327,30.201778,32.83993,29.887793,30.328747,26.211697,25.270252,26.30374,24.866898,23.112444,23.345045,20.378033,19.140797,19.964436,17.841124,13.777227,14.43852,19.83353,14.1124525,12.463367,19.066584,22.605335,17.421518,19.399792,20.65226,19.038082,26.465065,32.438408,30.969912,36.34629,31.695763,26.349445,30.629719,28.206371,26.17094,26.208641,25.292358,25.334904,26.857933,21.98808,19.562428,23.231358,28.651245,31.468933,31.618336,29.31036,23.43326,22.312286,16.092827,9.160265,11.749764,16.899647,21.482096,22.068916,19.666637,15.79658,12.807442,8.7274685,-0.23626962,1.282073,3.4492195,2.3210304,11.630131,8.118451,7.3698273,10.678539,10.709279,6.9287605,7.0705166,13.924406,14.454813,13.057318,19.649563,23.558949,21.33294,22.187405,22.886278,10.583057,10.838316,22.142597,28.450695,28.867367,23.254116,22.254944,21.8395,17.68599,18.759956,24.470348,22.583508,17.609558,15.635019,12.505034,13.607199,16.115837,17.564442,17.582138,19.762787,22.932251,25.3675,26.475933,28.080393,28.46453,31.420269,35.748684,32.925026,26.523659,25.48794,20.939907,18.678885,18.094488,20.1754,14.649478,7.0532064,10.280869,9.50733,13.518861,11.541782,14.106733,14.343372,12.545209,15.800411,20.649242,22.061916,23.96693,19.044533,15.93977,18.671127,20.813526,24.523674,28.495554,27.807156,19.21622,18.824741,15.976637,10.580629,16.776085,14.534437,19.624561,22.399324,22.04948,21.89138,17.697927,19.924694,25.610378,22.512531,20.589787,22.395565,25.347416,23.562279,20.134745,18.728846,17.130001,18.877148,15.298472,15.417637,18.252228,19.318972,14.875223,11.344475,8.150288,5.9999323,9.541988,12.313532,15.5133705,13.335104,11.662796,10.957901,9.60619,5.978259,5.391559,11.550427,16.761791,18.436491,19.12799,10.205788,2.6500187,-3.704239,-6.465512,3.2277665,8.233547,5.122633,4.3546658,3.7514157,6.753619,9.420825,9.421532,6.7392807,4.335235,3.7671838,2.0544393,1.4750756,-2.113002,-1.62699,1.5678825,5.3877544,7.7560854,7.238699,6.9755764,6.819309,6.9977875,6.471883,8.219914,4.509984,2.2689326,3.4738936,9.393562,8.125344,7.5238943,13.118175,25.056095,24.769306,15.222133,1.8715729,-4.417793,-4.148863,8.320965,11.31179,17.733498,22.843527,21.552893,24.080662,29.493158,24.713058,19.198647,21.402699,21.743877,19.34711,19.801601,12.6574,6.1816483,1.2651145,-2.6074176,-4.875423,-4.9919806,-11.605654,-10.509537,-3.9958138,-4.4028893,-4.8230796,1.0793605,12.605186,13.837977,13.643259,14.915201,14.862144,8.090803,8.723993,9.505822,14.509093,18.494495,27.061224,22.161636,23.215065,11.960836,8.525509,15.761896,21.742142,24.047163,20.673254,18.33471,16.036726,11.621404,6.895682,7.6567173,7.2180104,13.257999,15.167197,16.576382,15.687208,17.264946,15.663285,11.528019,12.798229,9.651741,3.9727597,-0.4733025,-2.3263693,3.8336911,11.878653,19.536774,13.653662,7.571227,7.121317,4.743677,8.241108,11.346503,9.05891,7.387187,3.2423096,9.908848,15.091007,14.409382,9.446867,13.014946,18.366028,16.319,16.59375,15.047665,15.856545,17.515175,17.23051,20.345673,22.596678,21.847916,24.332312,24.857864,20.45287,13.668662,8.668071,10.5772705,6.532251,2.8858483,3.5972319,15.466839,26.87252,14.365152,0.85707927,3.3319511,11.883969,16.679071,14.610535,19.09993,17.875797,13.27161,4.4976435,0.7237944,3.77755,-2.1035066,-2.1905894,0.8901264,1.9153602,0.6503966,-1.6747961,-0.2639268,-1.7371457,-2.8969946,-1.867145,6.9821463,10.394589,11.43679,17.670017,25.275913,16.294493,13.134806,16.841806,17.386719,18.408968,18.969418,21.19226,14.564672,6.158381,5.2983856,9.317512,15.179392,15.77334,16.52724,20.325672,16.220398,10.644823,9.110006,10.656755,5.6714363,5.79271,4.256712,4.3077,7.3859234,4.453189,4.687852,6.075351,8.259465,15.727126,11.7602625,6.5059166,0.58004665,-2.390822,-3.7078729,5.196355,8.422679,10.503598,11.528404,9.27754,9.57579,17.897758,18.951038,13.258142,18.217438,31.300785,33.983612,33.507736,26.79834,21.500708,7.344913,4.3673286,6.3065014,8.771252,8.409948,5.5708227,9.649962,11.100864,10.455003,9.104893,9.697834,9.420446,12.693804,10.431307,5.1096983,-0.22338963,-6.6736884,-8.173636,6.1264615,8.655824,13.1892605,16.697977,17.147917,9.61903,3.5605855,6.845827,13.12822,8.292168,5.7722464,6.1085577,5.963509,5.014613,2.1603165,-1.5489557,0.82892877,-0.6963709,-3.0628517,-1.8756967,-4.618851,-11.493963,-14.133375,-2.6585188,4.200401,3.0355968,1.5391866,6.9773636,19.83562,17.303923,8.6145935,4.691208,5.099593,9.465576,9.286636,9.953103,4.8997784,6.0974007,2.6650736,0.3414078,2.3620143,1.8695467,9.937744,7.5545306,7.3335,9.465935,9.70579,7.5328894,5.594475,9.44957,13.601334,23.087547,19.570335,14.150211,6.87333,4.9012914,3.9622335,4.3186398,11.839187,17.056175,13.68583,15.864174,15.505625,20.705536,25.64638,31.047997,28.1394,23.913464,18.748352,20.10028,16.420036,8.95709,3.7271988,5.2981052,9.615314,7.014443,10.161568,11.962866,14.010388,13.414048,14.3011265,11.927149,6.8344193,9.389652,8.783062,7.8921957,5.036201,1.433794,0.49049532,-2.5837593,1.0527709,3.1795075,4.1146045,-0.48286134,-5.8229966,0.9149532,5.0041313,12.890858,19.39539,16.468386,21.82785,19.92138,7.399396,4.9404755,11.0551605,17.008228,16.28931,16.864185,20.008698,21.039963,21.217201,21.24287,20.783413,16.371906,16.583698,12.045897,4.6717825,0.6437697,-1.7892306,-0.91261566,-0.022043884,10.091663,13.952576,20.623905,17.458778,19.137089,23.495083,27.008125,23.32315,14.783701,8.483619,3.3083673,-0.5329546,-0.87397075,-1.4268154,0.3310001,4.535861,1.776351,7.0991287,10.529045,12.091685,9.941114,3.6872816,4.337178,5.088375,1.1746757,0.6550404,2.1691284,1.6165457,-0.36517572,1.1631494,12.272803,12.211412,9.375869,7.7569866,7.805481,5.547621,10.990816,13.039121,10.973795,12.182005,11.21542,10.490833,11.28964,6.539397,5.7596807,7.3560753,2.8540852,4.5614614,6.1255264,10.129101,7.768512,14.082825,20.566528,19.177118,21.962511,18.242077,16.2299,18.04089,15.528135,13.059284,14.293658,15.941493,17.741402,18.391178,17.766815,21.441063,17.09071,6.6432953,5.382562,9.201965,7.3556647,1.580664,0.2753551,4.9582934,7.343032,8.9657955,12.647021,9.198004,7.30114,11.022526,23.005066,24.79026,24.789024,29.24799,34.21656,35.92277,35.40442,31.271942,30.911732,27.641449,16.187857,15.388553,13.733683,9.021183,4.343175,3.0053606,8.18466,11.676615,11.945465,12.052267,11.251558,9.846254,9.534461,7.814285,12.454674,18.978342,18.799286,13.744038,18.285084,22.383402,19.683943,25.406223,21.795559,11.561806,14.673542,23.403032,20.222563,19.271427,22.608707,24.37424,18.6776,13.954964,14.671262,10.256704,11.598703,19.406902,17.40011,13.999683,18.478016,21.272812,18.718761,20.882647,24.344296,23.204952,26.66999,32.425713,29.716969,17.434898,15.711849,22.88081,24.335857,22.317684,24.774103,27.617218,24.227654,22.072487,21.563717,24.86964,25.503357,22.414421,25.70829,30.510729,28.584175,25.609112,21.208956,24.267292,25.25307,23.663195,23.27655,24.110058,28.345911,25.339603,26.171902,23.325916,24.656769,21.601719,23.084667,25.92556,22.90308,24.870441,23.628622,23.15815,25.983267,24.21793,21.847702,22.714073,25.75078,27.697815,25.568567,23.9603,22.244678,21.242687,23.90566,23.588408,22.285595,20.001024,21.254646,24.207508,26.696384,23.789898,23.68734,26.736755,23.65596,17.609882,18.034367,22.931232,25.91734,21.083805,19.750147,23.147682,19.189621,14.010528,17.112629,20.088066,15.016842,12.0521145,11.796584,11.599956,9.13364,11.839947,12.682667,12.139925,10.226412,10.886799,16.673088,15.18169,12.7926445,11.094595,5.1072383,5.018775,5.0202694,8.519711,12.294509,14.459284,19.52801,18.493599,16.992947,7.9621706,2.397625,4.177574,0.68031067,6.4739666,7.671322,10.5345745,9.933716,12.760164,23.76326,23.903078,23.9924,28.97248,31.052872,30.312769,22.2698,18.430782,22.399036,23.964474,25.580965,29.529526,22.053564,20.23186,29.612919,27.435673,25.10975,31.490257,33.847786,29.013227,26.802649,23.253159,19.721012,21.392956,21.237175,13.144066,8.33678,8.438647,6.565358,8.603939,14.14373,20.047478,25.813606,25.269444,20.773746,12.837233,15.091184,20.400486,19.56132,17.796886,14.456155,17.70026,12.524689,8.04699,13.091361,18.531103,12.689483,9.700924,10.33837,6.8815203,4.338845,8.88625,8.121845,8.228127,5.6041026,8.639438,9.365474,9.094561,6.231759,5.004671,1.126019,1.8807125,2.8049684,1.0750813,1.3157854,0.2198224,1.924745,3.1112776,6.086318,8.078179,5.6746044,5.247119,1.0855451,-6.8569837,-8.720628,-5.9285355,-5.9185734,-7.346794,-4.882312,-8.083636,-7.4293,-8.573221,-12.043133,-10.200041,-0.86528337,-2.884696,-9.755646,-6.7314405,-4.017654,-6.214283,1.9762783,2.8035884,5.253205,10.956333,16.009806,19.380497,20.161472,23.73238,25.653275,25.179241,19.790089,16.018885,16.246574,16.993612,16.707787,18.696566,12.110213,12.058542,13.79433,13.033773,13.010998,14.35615,16.551153,16.958294,16.802538,14.910071,19.659134,16.195957,12.919346,14.7434845,14.972862,11.9033375,9.728314,9.797398,11.005297,9.040776,8.4683075,5.249762,3.7086957,8.183689,6.0079417,-0.61077964,0.6049241,2.7965238,2.042709,-0.0837836,4.8615623,12.501594,14.911614,19.724007,16.623838,15.674114,4.5252247,-3.217967,-7.831978,-3.12065,2.567056,3.0720277,5.4560976,7.1359167,4.4038143,-0.8834793,-3.774562,-0.1205146,-3.1711571,-5.1540756,-6.616418,-3.4280238,-2.240324,-0.97902715,-6.4251976,-5.92399,-4.8863907,-1.4699426,2.0294,-6.426334,-11.820579,-12.596708,-9.676239,-6.9817934,-4.980989,-5.1850944,7.688802,12.742697,14.436745,13.284602,13.212817,16.479153,18.899843,14.267397,12.323114,12.461365,10.129341,11.944852,13.041864,11.708925,10.659756,10.490517,2.7063427,-3.4095154,-2.7119117,-4.3087883,-6.6064677,-13.571721,-15.054373,-2.9217207,4.5296364,4.9744806,5.3927555,0.8228413,-0.22148396,2.3419614,-0.026616693,-5.9882073,-7.111242,-6.5978203,-5.6587152,-1.5300894,1.3968525,6.7029133,10.08117,9.2589445,6.2665324,6.9985733,5.176138,0.7823453,2.6694603,-0.50923896,-5.745807,-9.929817,-13.019439,-10.0145445,-13.123535,-12.13533,-8.606398,-6.0108376,-2.5577302,-0.9432945,-9.006147,-14.032376,-9.651211,-1.4459767,-0.9589019,17.427698,21.819336,15.957979,5.0628514,1.4063098,3.2066984,4.9214144,7.793825,7.339121,3.6640496,10.208211,13.255098,11.73635,10.594023,11.382038,8.612703,1.298918,0.78553087,3.2568302,2.4386961,-0.3249646,-1.8598993,-4.286417,-2.6718526,1.6508152,6.84089,13.70108,13.579392,12.191593,12.942701,12.902864,13.41324,15.541224,14.619225,10.897409,10.188222,9.575145,10.459845,11.004877,15.19208,13.263107,9.605191,8.701452,4.9183984,8.441909,10.545893,9.387987,9.165573,9.416452,6.5614843,10.250906,16.88963,22.829601,15.246628,10.803568,7.125128,3.1010637,3.8849106,10.412255,9.931387,8.713635,4.1059914,2.6910133,4.0662637,11.065758,16.424112,23.796862,19.885746,12.634157,11.38205,11.124947,10.795506,10.789997,17.423035,20.123768,22.9072,26.288097,23.613235,22.878695,24.523302,23.939816,22.150928,19.332743,22.207033,20.816761,17.548832,15.7230625,18.55228,21.556574,20.029951,19.840046,18.862705,12.786786,10.002159,7.757243,1.8209691,2.3253138,8.136053,15.949421,23.76085,25.208908,20.004221,11.994095,14.433228,14.6895485,11.750645,14.773491,13.857822,14.244434,11.643585,11.651752,13.984913,18.352055,20.195454,13.448722,10.1844845,9.510988,9.608547,5.4084063,6.776892,11.321123,15.495291,10.843983,9.030113,15.295098,25.137535,28.289467,24.161396,16.05526,18.264622,16.708637,14.912508,12.962212,9.9966545,13.666086,12.374796,12.2420845,17.361912,24.662434,25.720146,26.817516,33.74642,33.108894,23.030987,12.053099,9.108738,9.386262,11.31164,17.270687,13.087072,12.13031,12.855861,11.813096,4.770019,1.0974975,-2.6443303,-8.666182,-12.740372,-7.2486563,6.6882086,4.3819437,3.4995053,10.08746,12.468086,15.901348,23.416836,22.070541,21.294373,18.256443,18.688885,13.427965,17.323286,26.660093,24.068333,22.937996,17.536213,10.137384,6.9052634,0.96658677,3.2532845,-0.22012417,-1.0504334,-0.08717048,1.2802941,3.40805,5.611744,10.267748,6.9018774,5.167619,9.540085,12.215122,9.08659,9.344191,8.712166,9.399179,14.475719,23.799793,28.25381,20.575565,8.798367,7.684438,7.75998,10.9161415,11.405565,7.8529415,5.6330156,6.848344,6.6565924,6.473881,8.079968,3.9189672,-0.51890004,1.5439029,4.055839,3.7007122,1.8091283,1.4416163,1.5506105,7.884233,7.8625145,8.842027,19.3404,23.384888,23.13119,21.97918,16.735348,9.968475,5.9101796,8.368387,8.544439,12.314011,7.945976,4.4826746,-1.4566373,-3.2814155,8.036213,15.426476,15.527742,14.271534,16.137302,10.265867,12.340273,9.08886,9.811747,11.274203,6.0598783,0.32817847,4.2627764,8.8069515,8.903275,9.722145,9.741915,5.705099,2.2401867,-2.8612208,4.7983685,13.616943,15.111453,15.156076,20.577854,24.803368,22.041813,22.913078,22.277872,23.081419,24.237406,25.847942,22.182535,24.21034,21.630047,17.935318,18.822258,19.148014,22.505161,17.069618,10.05661,17.113434,14.560953,13.135592,11.759864,12.246005,17.562136,20.409025,16.240524,21.495754,22.753826,16.203037,11.115799,13.709368,11.539343,6.8445163,0.82821757,8.770813,20.201006,23.64711,27.503979,25.09343,24.697613,22.102425,17.161201,17.609661,19.83059,14.375982,13.222516,12.058391,5.492926,9.765441,16.181244,6.214656,3.2248573,2.643366,2.1537888,-0.97200596,-7.095134,-8.016304,-5.6170106,10.146342,13.601249,15.497862,14.604587,15.949316,17.435392,13.953066,11.027911,5.9621363,7.9186163,5.2677927,3.2778492,2.2493584,-1.94015,0.16489449,9.003316,9.346958,8.4517975,7.3743987,3.0101528,1.4942487,-1.3049707,-0.09033522,0.25982803,1.1729068,4.9560833,3.8279543,5.092843,2.0549483,-8.365794,-1.6297199,5.0736294,7.1657596,10.1641445,9.3924265,4.8529444,1.3066633,1.0263903,1.123848,3.6034212,7.204644,10.918461,10.323224,13.584038,17.816544,18.07836,18.414028,17.40302,17.254612,16.481894,16.098036,17.52172,26.974277,27.346,16.900188,15.214608,15.129221,11.473128,11.97131,11.696332,9.601732,10.836673,8.684822,13.928471,10.588522,9.665058,10.776275,10.708218,8.060316,8.582262,7.579655,5.4146366,9.768051,19.852573,15.545998,18.97535,22.653885,15.470267,10.965063,10.40789,15.013891,20.525116,23.386932,23.941532,20.023106,22.28548,21.277094,19.907291,28.475014,32.192055,28.58096,22.75608,21.191875,21.073717,8.461846,4.8847156,4.7525005,0.90357375,9.838182,15.131705,18.28372,17.609333,11.97155,11.873381,14.5659485,10.79553,10.8201065,9.267517,8.68142,15.314227,16.746204,17.457504,19.346565,24.645844,23.393192,24.418514,26.992031,23.96646,18.035599,19.410843,19.859451,21.288437,22.116879,25.019876,20.55234,23.561092,24.824154,21.286318,22.922478,25.973202,23.492546,22.813705,24.311817,22.893566,16.975504,19.241022,21.124443,18.215698,16.027073,20.446493,19.798698,20.09874,19.369965,24.476261,27.444931,22.623764,23.253368,18.739464,18.785826,22.836237,25.319069,22.055641,26.756382,26.467968,25.254059,24.388203,25.516953,17.128414,15.571043,23.508533,26.350348,25.380325,25.864155,23.823864,21.63285,21.732304,22.627739,24.083849,25.289791,24.512394,20.584984,19.986504,16.65121,14.50865,16.50875,14.203663,14.8536005,18.104067,20.01385,23.967443,26.072786,28.463585,27.053846,27.593533,24.815655,21.985704,19.183254,14.104018,13.594025,17.783432,16.556671,15.705202,13.458277,14.039862,7.8232427,11.140141,12.555309,15.124522,18.390175,19.804829,19.730042,19.343847,21.010029,16.273104,16.345257,17.173813,7.590533,3.3562899,7.7818236,19.188137,26.985144,30.741608,32.35105,30.15372,24.06176,19.613712,18.61953,15.815331,11.454393,4.1852837,4.1184783,9.033373,9.107804,9.501877,11.851706,6.344266,4.7627606,7.3625183,5.870405,2.9438906,7.831436,10.853213,12.653717,16.004248,16.323029,23.846767,28.355213,29.116388,26.916567,27.710876,32.19919,25.96672,16.480762,17.696114,21.233803,31.189075,34.67533,31.806564,27.860022,28.860039,28.747787,26.76558,27.6313,33.548504,33.971878,29.019371,24.550312,29.61813,29.943367,26.908144,20.565804,17.49971,13.5354805,14.727271,17.45454,15.811395,19.471872,28.40149,31.951157,21.646229,13.227816,10.11095,10.177834,12.853452,18.153381,7.9475374,2.4044485,8.050389,10.981859,11.8216095,3.627534,3.8069806,6.7839904,3.802672,6.858585,8.310466,8.061626,1.0291994,6.0608206,13.415096,7.6082144,4.201577,3.414781,4.001214,6.2877283,4.4647017,4.073538,2.580142,2.258345,6.0401225,5.021267,4.2720094,8.634476,8.712589,4.15689,4.029524,13.743517,23.67884,16.911316,14.739634,18.477345,12.385246,9.276119,4.1200323,8.107851,16.515297,17.514128,12.96533,1.6757277,-2.062405,0.24273379,4.417863,6.2140875,6.948331,8.308813,10.707491,15.599438,12.960926,16.116,19.692974,17.464687,22.992134,22.79042,27.225388,23.035141,21.57759,23.884998,18.438757,16.965584,15.4861965,15.589496,16.409233,22.228844,24.367157,26.160393,22.666033,30.071205,24.791397,20.732746,17.668564,20.67876,21.545748,24.163538,26.24934,20.838224,16.112152,21.680195,22.852053,20.683327,18.810776,14.210192,13.25289,16.33778,17.439125,17.724636,27.56958,29.117592,24.453106,19.420353,20.498203,19.94236,15.472128,19.237368,17.222797,13.48588,5.249923,0.7115679,6.1884456,6.903904,5.7618947,5.7779703,9.670783,4.498854,4.44571,9.355368,16.478489,17.47303,14.86024,14.759518,16.848623,20.691288,20.714783,17.550278,16.521849,15.378305,20.35075,14.902588,9.370625,9.200602,5.9444904,2.7465053,11.006088,13.969061,18.514862,17.607708,16.609428,11.873471,9.725976,7.949157,1.2326069,2.099716,-0.71195734,-2.510147,-3.2532809,-2.0807939,-8.000618,-8.379092,-4.42131,-5.3869457,-6.9501233,-5.072562,-8.022945,-7.9720984,3.7001178,9.078728,7.2148485,12.156269,20.043213,20.279514,17.350016,14.788115,12.177082,12.152624,9.372622,1.0241148,6.3680525,16.962383,25.485008,25.720078,26.828766,29.305378,9.456154,-1.254924,-2.5287561,-3.8779213,-5.951352,-1.8168464,0.61168385,-0.73543966,2.6470532,-2.1422338,1.8148115,4.567238,7.403431,6.262237,-1.4561481,0.55429196,10.303017,15.054888,10.864571,12.640936,16.017372,21.013561,16.739695,9.309298,2.4690497,-0.8698711,0.03789907,1.1243328,0.52223617,0.36918157,3.0481732,3.4666977,-2.784939,-2.732515,4.3588657,5.3648534,0.866348,-0.5304558,-2.6798878,1.6873045,0.6584566,8.400869,7.575335,10.936775,10.368039,8.027756,5.0757875,6.456649,4.1095133,-1.1815302,-1.0945474,2.8078516,3.7097812,7.7441816,6.728631,9.9988,16.144215,19.831055,18.220993,16.054317,14.014575,12.154462,11.062115,5.5368347,4.6178007,3.0971832,6.926896,13.107183,14.988667,18.543446,19.485893,13.476372,8.337307,4.6201043,4.0571833,-0.4740442,3.292097,4.6384115,4.574802,13.22057,19.554848,21.358683,22.960331,13.586681,9.58713,8.845629,7.7582173,8.780141,6.3753467,4.400917,5.8184304,15.350075,17.58284,18.095999,22.945759,20.270088,16.034206,11.149729,6.1308565,5.644985,7.346401,8.0216875,2.3784504,8.141159,10.070296,6.9278927,1.7429738,0.5765413,0.38020247,4.0630317,1.5490057,0.6115927,-0.98431844,3.956779,7.392749,9.336461,17.234596,20.595848,13.454266,7.198887,10.466442,10.275405,6.9245462,4.3535666,4.594618,-1.3714714,-7.33045,-2.8308887,1.2166116,2.7075474,5.331424,0.75046957,-0.5142579,-2.858449,2.2832475,-0.261689,-8.804606,-7.6976357,2.7862315,6.9763565,13.655949,16.894604,19.085947,15.6039505,12.5402,12.372749,7.854907,5.7025785,2.7131283,6.1632204,-0.29631263,6.4104395,20.107677,19.182827,20.508175,13.548923,13.805929,14.269314,14.673071,13.826691,11.810195,6.181115,6.6274285,7.818084,6.030692,0.4078679,3.8477952,5.321645,5.475348,5.026061,3.4111202,0.96890056,8.544332,10.557352,13.732704,16.939264,18.490719,20.625881,21.610315,21.89009,13.900169,12.908473,10.47094,9.238329,16.337955,19.501835,26.427927,27.596016,26.690128,26.890146,21.859722,15.206374,17.21387,17.092419,11.031557,7.1613455,3.7345948,7.2946005,17.522112,19.125233,16.921871,15.629203,14.396194,13.7199745,19.228075,18.388027,15.31716,13.050884,15.351566,16.632088,19.622862,17.642515,20.695555,22.106876,21.386843,21.771587,18.775661,19.896477,20.991177,19.675205,16.440666,10.118802,-0.06596142,-4.3647733,-4.114291,2.6487663,6.1006994,10.007757,14.151892,10.16682,9.415481,16.225533,17.329021,13.6396885,12.799637,13.531652,17.025528,18.362162,15.086235,11.866494,6.3707404,-4.2011967,-7.0512047,-4.7192545,-6.333011,-10.368184,-8.996961,-5.5596256,2.2022161,11.820732,8.511647,5.0768065,-5.853936,-12.263863,-6.725936,1.767909,-0.23199685,-10.316986,-13.0058775,-4.202267,2.1146636,2.3094776,5.6333113,2.6723475,6.886366,13.532226,13.193737,8.934441,14.043368,9.806246,-1.2729082,-7.6686144,-1.900101,5.905062,9.591995,6.882956,12.026861,12.172057,14.927692,17.712738,21.734222,19.85252,19.86906,14.609322,14.030381,18.262276,16.902626,13.972133,12.882982,8.818489,2.089915,0.5757559,-1.6418471,-0.41346484,4.925926,7.775672,7.8509617,13.631688,11.674324,4.685659,-1.2018846,-7.069235,-5.981022,-4.624586,-10.029987,-18.86914,-16.674519,-7.001548,2.4311814,4.4783163,7.807854,8.401167,8.460695,11.283318,12.85997,13.523888,10.580891,7.366506,11.205805,8.172245,5.1799107,3.9938293,2.3748467,7.858863,12.865874,8.802693,3.382142,5.3947544,8.650636,7.434558,11.493694,7.6649637,4.858873,10.688417,9.753172,6.297737,0.7477459,-4.741462,-13.313721,-12.620592,-13.293201,-14.240625,-12.557787,-11.995514,-14.758858,-9.2158165,2.5298777,6.431651,7.6443396,1.8723936,6.2116632,8.265446,4.7605987,5.0759068,4.8477573,4.158648,1.3458146,-0.3321542,3.594059,8.653977,6.948017,1.0794468,0.8493728,1.1057019,2.855713,3.7151713,-4.7099094,-3.2257586,4.7245727,10.833427,8.178257,8.798313,11.416456,7.6543913,3.8165073,2.9666638,3.2470977,5.0342913,7.800337,9.073651,9.373728,10.953629,12.185797,16.885061,13.84388,10.699444,11.162112,6.507764,6.807469,4.9225154,0.6900948,6.4981384,7.7164936,7.6513257,13.114344,14.382064,9.37952,5.462316,-0.39800578,-0.52119017,-4.375,-8.948093,0.4466558,3.0561945,7.2554417,9.380638,11.260777,14.960243,12.251293,10.008122,9.089327,6.291398,6.0053873,8.212372,8.099756,4.115293,8.195087,8.34524,6.3005476,5.425188,0.30838615,-0.13776386,7.551565,10.02729,9.509592,4.4204636,3.7426028,10.312639,13.980186,14.427645,14.822264,14.154418,8.619664,6.4993744,5.9384785,7.891024,5.2882576,-1.6211805,-7.8880253,-5.9092445,2.5253463,11.830664,14.899251,11.822811,14.263368,7.577219,1.6703926,-9.127294,-18.07367,-18.465275,-17.462814,-9.949635,2.9247632,6.707296,2.1014342,-1.7824839,6.5332785,8.58768,8.081115,8.719025,11.657974,9.452756,12.4399185,8.830657,10.846351,5.835745,-1.2625422,-1.7611241,-1.8731053,-2.6414857,-3.2638593,1.689308,0.20150211,-4.197113,-5.592951,-0.22199857,5.8966885,12.921534,13.001398,14.403315,17.26558,16.979557,15.461274,9.001493,4.886523,0.90318453,0.76934195,1.60455,4.846138,16.341883,12.595114,4.3464975,-0.10850027,-5.502453,-2.6811273,-0.3605418,-1.0562942,-2.0090477,-3.5883892,-4.091777,1.2372881,4.1389685,6.201242,5.8011937,-1.5456698,-4.5820913,-3.3799286,-2.704327,-0.099286795,1.1867406,-6.144786,-3.3807712,6.181751,12.688909,9.936416,12.746906,16.842197,14.858419,10.120148,6.00587,9.255691,12.274069,10.303566,8.500262,5.689274,2.4221082,0.538165,3.192957,4.6344543,2.694862,-7.261502,-3.8886957,-2.920904,-3.66043,-4.949327,-7.6416883,-4.066367,2.5835714,7.0314603,13.028081,10.544586,11.099528,7.466853,5.0881987,5.087778,-1.1134254,4.9820437,16.789585,23.2244,18.232449,18.975754,19.677217,17.700298,16.333488,11.815128,3.8665175,7.839224,5.6484184,5.3004084,13.069149,20.557741,19.854084,20.309958,17.504107,17.754026,23.486048,21.379738,15.856453,15.181448,15.666138,12.305219,9.419563,12.701992,10.2967415,19.379416,21.139812,24.996042,28.72234,24.218792,26.2244,22.273525,13.510619,6.384309,12.536031,16.005123,26.476837,26.601803,18.316666,12.133699,9.697187,12.446873,18.093754,15.500349,15.255455,11.253916,18.358067,17.962639,18.65683,19.997784,17.26907,14.373918,15.60089,19.174976,17.15478,13.76569,12.603188,9.741753,10.628062,13.742861,12.266043,4.741601,2.8119051,2.7680168,-0.47614664,4.690897,9.6541,8.286995,7.4201794,8.7609625,9.87077,14.385941,14.197221,16.76758,17.694504,20.394684,16.09774,6.026711,-1.7605062,0.24552327,1.3165689,-0.22076823,-2.6860626,-0.96820426,2.7673886,4.9853067,6.176613,12.066839,14.394171,9.33437,-2.050671,-7.133648,-10.847705,-17.014645,-16.614687,0.73516536,10.580351,18.106247,19.007847,11.3649845,10.557757,9.138823,12.672378,11.146121,8.034697,11.265043,13.338715,10.965673,6.186989,0.20702913,4.040695,4.82069,1.673372,3.9909868,4.67424,2.7982059,4.4989996,3.0614648,-2.066595,2.161416,9.626237,10.304726,12.771849,17.738575,18.350977,11.019567,9.012849,14.718548,20.773823,9.506036,5.0038285,3.649187,7.3217387,7.0676565,9.225738,13.5371065,10.900148,2.6000428,0.2993815,0.9275124,-0.85387915,-4.3466134,-2.3364244,-0.22730988,-0.85456246,-1.5456613,4.412609,8.361528,10.835017,8.311023,6.8913107,1.0333368,2.881137,7.5727625,11.285846,7.569952,5.2457404,4.141721,6.0664225,10.740017,11.6542225,8.850993,7.6832027,9.398819,4.8697257,6.500983,7.6942673,8.2727995,4.0915475,-2.0820875,1.0108339,5.774799,5.313936,0.38939142,-1.8515725,-1.1979059,-2.0162318,-5.63195,-1.3302884,-3.880513,-8.595667,-2.0600696,0.06546917,2.0933766,7.303334,9.306186,8.77766,8.664324,7.9573717,5.8612347,9.6140995,9.732513,7.970127,2.2543497,0.6841973,4.3089476,0.7546532,2.6339808,10.565559,12.568819,8.478264,1.666701,-2.194775,-0.24113339,7.929433,11.680032,13.588123,13.34594,12.55579,8.692476,10.378817,11.124882,11.823931,12.484135,9.540924,9.036093,5.651842,10.673956,15.804841,16.84883,17.420597,10.993544,10.268824,10.854643,8.56468,3.7217045,-0.47307014,1.6025136,1.0691019,5.3998466,14.44678,9.568615,7.0477047,6.4796963,5.7010245,4.361761,4.7791314,1.3998454,-1.4140176,-0.50545007,7.9818754,18.343266,18.486103,17.515621,18.025454,18.812948,17.16507,19.98841,16.96003,16.358,14.512892,19.84621,22.888577,12.53784,8.173559,3.370667,4.9337587,9.849932,9.735862,11.09497,11.532437,10.625448,4.066106,-0.9562777,5.087165,10.436878,14.253542,18.686249,16.670149,16.636698,17.389545,12.979635,9.398694,6.9913874,7.892396,8.920946,8.153325,3.284492,1.7435987,5.3606563,10.148424,8.038538,4.3327966,2.6164274,0.607178,-8.647922,-6.8385744,-5.5470486,-7.4602814,1.3090677,5.782915,7.022442,12.002464,13.183704,13.80043,15.876297,15.155855,13.222997,11.9366,12.276489,7.118764,0.9289404,4.7854857,5.4662414,4.6891785,0.5389617,-0.81932575,0.33779913,4.2294326,5.864609,6.3255253,5.02993,7.089489,14.651571,22.934856,20.500483,19.693848,15.96208,21.60109,20.146336,16.658125,11.285425,9.354216,2.445757,2.5555406,8.675703,6.9013414,2.2046294,3.297989,5.689608,1.1915199,6.4705205,8.18382,12.777277,14.451211,3.1004887,4.0382195,8.064846,12.742343,18.881697,16.147213,14.903643,16.929562,18.032991,17.394875,14.6081085,12.169083,13.699421,14.489595,14.569203,10.3103695,14.978514,20.735514,22.455147,20.570187,21.705227,16.351109,17.743952,17.15842,15.876558,13.937212,17.96598,19.176403,15.664747,16.648058,20.067749,20.994692,18.281425,14.97876,7.1886272,6.4363585,8.350052,10.160332,11.712934,6.0781484,6.334425,13.358735,13.796081,11.972328,16.14534,13.37554,12.249725,15.789444,14.980406,13.94342,17.91681,15.684412,17.66388,20.794441,18.516417,22.871456,21.435665,21.52232,24.466497,18.87317,19.709469,22.159416,17.37392,10.603104,13.132884,19.244492,19.310537,20.385334,20.60128,23.167316,22.262535,17.000898,15.899025,14.815647,20.644466,24.063267,21.54974,26.870426,29.61991,26.557484,27.804308,32.130016,31.391308,30.091846,25.587055,24.834133,22.99641,23.795753,24.697277,21.262436,19.749601,20.814453,28.44624,30.58585,23.9983,18.175503,16.853138,17.858356,22.161106,20.351318,16.10758,16.863764,16.494652,14.486986,10.597017,8.429492,11.008063,12.316635,12.343505,10.177471,8.599148,0.7566151,1.1292049,6.0482197,2.537094,0.6791642,-0.16407526,1.0722845,-0.64885086,-0.5837712,4.287504,11.571187,11.185142,12.440996,11.089245,9.892111,12.194206,12.4580555,11.117998,11.942147,9.532572,14.44446,12.327714,5.9782963,1.3393605,0.111792326,-2.4585962,3.63064,3.0563228,5.725885,1.1602066,-9.343811,-3.9254656,-3.6462688,-5.1315784,-3.230872,-2.6611211,5.0045586,7.7787466,7.9572697,11.526518,11.38689,9.046579,8.599815,5.2936263,10.097111,13.325247,6.961995,4.362599,0.5248499,-1.8645378,1.5800529,6.372325,11.558777,10.158554,7.1290474,1.4626974,-0.63106287,-0.36954218,-0.11699409,3.0233216,7.783798,11.988863,8.327159,9.938396,11.901588,6.8310556,7.585682,8.822744,11.711472,10.596092,9.948128,11.608839,6.9271936,10.058241,15.572612,10.260765,2.6056266,-0.14111137,-0.593869,0.6744399,1.5348748,-1.516861,0.6137677,1.8652368,3.4984217,1.7870452,0.10563129,7.499766,14.18602,15.204598,15.05783,12.383905,20.06903,17.281925,13.417482,14.306361,12.376495,11.545726,4.5639596,7.1896324,11.221191,11.218851,12.366322,13.057301,8.193879,3.2838528,3.222087,5.1719074,5.8048744,7.8103848,3.2116146,4.6260414,8.302024,8.959956,6.5313544,9.246042,9.161416,5.994035,-3.0422444,2.1335957,6.2733684,4.0820913,5.8573484,11.851485,6.565833,9.539906,14.267459,15.38364,10.972667,7.8518343,7.6704807,7.4893293,10.8384285,14.113592,12.234924,6.762206,14.848142,21.519539,17.513918,11.365768,14.998743,12.461411,10.962135,5.704694,11.127459,5.649529,4.633935,6.866416,6.2152057,7.7790794,11.012035,15.922688,15.391326,12.303417,15.262732,13.5338125,16.117699,17.286095,20.708632,22.647308,15.455139,9.043206,12.563868,19.046207,16.013664,16.467022,19.314257,19.070835,18.081482,16.599083,16.971443,13.077582,13.673789,9.952958,10.426218,10.456711,11.302015,14.079748,13.776697,14.894615,21.501873,20.085045,13.630808,7.1038227,5.4800625,10.32394,13.919192,12.428955,12.415802,16.369757,20.063251,16.968166,14.155458,19.234913,20.063913,13.041974,12.882416,10.676434,13.594946,14.456781,18.200924,14.207237,8.42593,10.107706,18.429462,20.327206,13.685119,14.827045,15.958815,12.997606,10.768884,11.111107,7.8199425,0.76710135,2.5564384,5.935975,-1.5475937,-3.4362912,-1.6196365,-6.764942,2.893989,7.808723,8.345102,2.942158,-3.457521,-3.1726873,1.1825976,4.162873,6.173761,10.672295,10.540794,9.213606,11.015135,13.469624,11.156019,11.977558,8.701172,8.149204,7.52063,8.724048,11.948625,11.661299,5.9149637,6.2675505,7.328639,6.741992,5.497956,7.8627934,9.793155,13.341773,17.26477,20.809145,22.645836,19.489243,21.461163,19.383076,19.90799,15.560575,14.972336,19.489803,15.910263,17.992577,23.401337,25.240627,20.808552,19.121502,16.003073,17.099133,16.940895,11.751616,3.5300865,6.3040934,16.70536,15.152306,6.765335,4.3034163,21.396244,23.69065,9.467133,4.7390094,12.481677,10.181116,3.3156629,0.76589924,0.024660349,10.670338,19.431355,18.985744,23.022972,18.736002,14.308948,11.753229,11.07427,12.704836,15.907185,18.394264,23.49815,17.923687,16.362581,15.17069,16.796593,19.13607,12.500627,5.7059584,9.519166,17.780212,21.236105,18.947914,17.33041,13.046278,6.86112,2.9981499,6.6084824,12.309843,8.353077,10.886292,17.456495,17.382763,25.036709,21.586506,25.369093,26.975897,23.088316,13.607513,4.5261025,11.186945,22.507313,25.05396,22.97445,22.728867,22.14587,23.094612,21.313046,16.75306,20.054321,18.14347,19.374928,18.83018,18.701681,19.658295,19.398352,22.921373,22.023266,22.153538,25.170303,26.771145,20.494514,18.259624,19.80289,17.049301,19.572441,19.301004,22.672768,26.876774,29.338741,27.734926,26.387823,28.137497,25.925194,20.151033,18.170757,14.342032,11.750758,17.315744,21.252758,22.559376,23.794205,21.239061,27.853989,33.5957,29.51242,27.45868,27.03173,25.676098,23.117863,26.793015,19.09174,18.188736,12.5415535,6.127729,12.217131,14.392075,18.151066,14.60437,12.710523,6.9985256,8.155493,11.904373,17.521692,17.156345,12.414783,8.7331295,6.693311,0.37288302,1.1199058,-0.011365175,-5.0393753,2.4143014,11.438836,15.852018,19.356384,19.312872,16.252432,9.334709,6.5157375,6.4415975,0.8473314,-0.9113557,4.4438977,10.507074,6.239813,2.9491997,5.7170076,4.8992934,8.143833,9.183754,5.86322,7.493848,4.578226,4.229143,3.7013211,0.14284632,6.7094316,9.352346,12.473221,17.85611,21.952038,10.534742,6.084911,7.451746,5.022045,3.3206682,8.064489,7.2313666,2.8688912,0.9028235,4.204542,11.084612,8.4763,5.8219275,1.5352895,-1.085835,0.2825731,-3.7265382,0.17797604,5.2334976,12.513913,13.172926,11.501677,15.750051,15.444107,9.856212,5.6538696,10.38288,12.693449,5.6191254,4.5130315,6.627171,6.1705685,12.771099,14.055103,11.118229,10.050785,11.39419,6.4518337,1.9775895,2.2941298,6.3047886,6.7653737,-0.21833503,-4.234891,-0.9387671,1.4059913,0.3894836,2.2427535,3.0504453,4.2821693,10.054287,8.331135,13.908797,19.843864,16.390926,4.472418,7.923555,15.940685,12.690073,11.110736,12.426016,11.015907,11.695892,12.463892,6.763113,7.4727783,9.193022,10.41887,8.948678,6.3870273,4.159131,3.616406,6.5930853,2.105243,-8.03222,-13.231201,-5.699007,3.958869,10.30241,7.657881,6.0800905,4.468512,5.3365493,8.160741,8.562723,9.738325,11.247452,10.298403,6.530323,3.3053129,2.7750454,-1.1349031,0.3166687,11.04332,20.860037,24.716757,22.19981,22.135063,13.458135,8.915198,7.852125,8.627072,7.552075,7.782087,13.166935,16.989826,20.18983,23.562355,23.079132,14.888433,5.4999123,8.183107,16.946972,8.041074,3.9037564,11.642019,15.869919,15.571503,22.023424,21.728622,26.306725,28.925247,19.838217,14.92885,18.298906,17.326546,12.49752,8.5481,13.1838665,16.584078,19.103613,22.129177,20.091848,16.690374,16.730095,7.9744406,6.9018793,11.478924,15.5379505,18.612358,18.327518,24.209843,17.598255,12.74342,12.079962,16.156822,12.911582,9.749918,11.629162,9.060831,3.040658,4.9068336,4.976178,0.049556255,3.2552063,3.7755728,6.349331,2.424601,0.2717646,4.5395594,4.791903,5.0632563,4.204525,-0.25894624,5.2973595,8.866691,11.292297,8.365962,12.704975,13.885984,10.035156,8.289137,7.7921534,9.854305,9.192523,7.431323,0.18687677,-5.634407,-0.4055987,-1.031471,-0.76141334,-0.52397186,-5.602623,-9.134937,-3.7024095,-4.1701803,-5.0003624,-5.1663275,2.8370614,14.865432,14.680303,11.292767,8.407534,3.7382782,2.7361555,4.887874,9.671374,11.104349,9.199549,8.671017,11.0611725,4.9662485,-1.0862343,-0.9060607,5.0026674,5.9099045,9.372337,12.628994,17.356709,16.04948,19.027346,18.453453,13.724705,9.7478695,15.585238,10.4107,9.047543,10.251463,20.39421,18.2588,14.524706,12.361528,13.605201,15.384919,14.33361,17.237207,22.04113,27.079952,28.641523,25.99989,16.737028,9.096728,3.4413424,11.374327,20.465809,16.397835,15.669928,19.204746,21.367874,24.300148,26.554169,23.38533,9.014186,10.116894,18.884674,22.387821,19.94112,14.95418,15.649275,16.853245,17.256252,18.920227,22.652977,25.016539,27.139856,27.682682,27.887207,27.03721,23.219038,22.642097,17.376722,16.86892,7.957958,2.655686,9.303224,14.054817,13.856512,11.396912,8.356496,6.1634326,8.562766,17.970901,24.895622,21.011715,13.493591,7.9042296,13.741944,22.385107,19.10677,15.494871,12.892743,14.772355,15.455242,12.767571,13.520838,13.123655,10.093271,24.442966,30.843975,29.873077,28.170866,29.311384,21.083393,14.7533045,14.435609,13.788338,21.942013,22.059864,17.728962,18.493532,25.349213,27.14782,25.18003,16.955404,15.92481,15.007499,11.165422,13.920248,18.031479,20.298359,21.196838,30.169819,34.55093,32.696564,28.025436,23.149054,22.373491,14.821991,7.2892165,5.089374,7.391,10.860377,13.81189,23.886707,23.85809,25.460762,24.66465,21.358463,21.131126,19.098335,15.531528,12.89212,16.812466,18.00108,18.273659,15.166149,16.86161,19.41148,10.452632,8.808799,9.58386,9.835806,1.2899338,-1.428058,0.8279128,10.039644,10.054156,15.495291,18.848148,18.510933,16.30568,11.903311,9.993759,10.962421,9.719029,9.71686,15.095112,18.53106,23.070433,17.164902,15.236279,15.873682,12.846907,12.7842045,15.437969,14.498579,14.169855,13.0775585,5.7800055,5.5448914,5.858759,12.267157,9.329143,9.051246,15.210982,10.615292,3.8424578,5.0690136,8.246156,12.304485,14.113016,15.997979,24.305271,20.104322,15.411543,15.267336,13.133729,16.32922,16.222717,12.791246,9.123768,5.566823,5.5668373,9.6725235,25.679861,27.894014,20.295055,16.119793,23.180527,28.135513,24.305834,22.431156,24.067015,20.678286,17.605785,17.471512,19.623531,22.819214,29.023918,25.475191,24.10896,23.876808,27.015465,24.379845,20.81049,20.457592,20.936787,21.15719,27.748428,26.63586,25.535675,19.771729,24.30043,24.133121,21.811138,21.436901,23.587408,22.55532,18.469353,20.251041,22.95195,23.617317,21.992393,24.145706,22.135214,21.900444,21.386463,24.854748,21.104002,22.87326,23.765125,25.414677,26.916866,16.914719,12.541464,21.420527,19.66655,19.13231,19.18247,18.417435,20.97416,14.943823,11.987225,8.055695,4.0189114,12.195023,11.549513,10.865642,15.901942,16.856327,18.515171,19.874794,18.377089,16.436405,18.254244,20.670765,20.485363,16.036976,15.758997,10.290995,9.063311,13.457582,11.412928,10.44676,13.132861,16.040045,13.918304,7.629141,6.7833652,11.108994,16.103828,17.484165,15.217221,17.391178,12.932457,11.868689,13.636644,10.63461,9.888452,6.3133483,-1.4555447,1.3651091,19.88955,29.129566,22.77641,19.855503,23.274418,23.685373,20.769814,21.351639,25.170479,32.30035,28.796246,30.818766,26.45645,20.948566,19.277084,18.704105,18.755533,20.066925,24.550781,27.415142,26.451324,18.83058,15.317486,13.974497,14.756248,15.568275,16.827206,19.407263,24.536728,27.227257,28.785442,25.687725,20.93574,21.580769,22.948444,24.904318,22.39169,17.934856,21.668945,20.852612,21.149178,18.674265,13.7258625,16.667257,14.49799,11.624721,12.213327,12.036238,9.279066,12.122616,16.02985,15.108486,11.341179,8.012762,6.0016813,2.6641614,2.9217408,5.2747793,7.2184663,15.241777,13.719887,8.467819,15.432428,19.112617,16.702477,19.05081,18.886524,16.958536,19.1944,16.872671,13.650657,11.477493,7.9704037,12.306707,15.00091,20.981733,22.776077,24.546818,26.551544,20.273788,20.471775,19.937859,20.199894,26.649347,30.480621,29.201714,28.759537,32.369965,31.914124,25.745117,18.940477,18.280842,16.433098,12.564133,8.584722,16.663998,21.66511,23.684093,24.604572,20.583086,20.567257,21.391035,22.077099,21.248428,24.822407,23.135788,16.965755,19.105488,21.727905,16.800703,16.27549,20.772293,21.471813,22.446259,24.591003,22.396214,18.801413,14.853281,12.364851,26.131443,32.7367,30.651913,25.817818,26.709303,27.78593,29.502075,26.826092,23.438639,19.742767,23.37505,19.715065,23.034767,24.421124,25.71435,19.77491,18.461555,17.2929,16.588173,17.193974,16.827347,16.087337,15.70652,15.40262,12.956228,9.454078,9.636999,7.54414,1.8632721,4.0207777,5.6744432,6.0391874,6.8010764,5.495613,3.4573739,5.47711,12.969751,21.667542,25.164532,20.92281,24.974161,24.336533,21.291748,21.090956,23.801071,20.295988,17.070387,19.73503,13.985491,12.984465,13.104769,16.636402,16.144348,10.953596,10.033779,10.002174,9.541787,12.549164,13.562538,11.618633,15.34439,19.162605,19.842234,22.347298,25.403812,23.924019,23.262104,23.793312,23.12926,17.211086,14.686544,14.393101,15.925837,11.084195,10.424364,10.2529545,4.725048,5.5307775,9.69889,11.526739,12.068046,13.986827,12.842403,8.384674,7.013551,5.2927594,2.9042768,6.2170286,7.5403233,5.3059864,3.4686503,2.4722772,3.432186,1.2931406,1.1032665,-0.11197135,3.5462122,-0.81050444,1.3399203,2.0401652,2.5619822,4.286727,2.8786647,1.5381045,1.6176851,4.0407505,6.3497763,4.325372,3.4695907,10.576647,14.480463,16.285995,24.558392,29.252792,25.714928,18.222805,17.011948,17.577358,18.316607,17.919367,14.675918,15.025518,15.266452,4.637336,9.55961,6.7603645,7.6643276,9.576511,10.768785,13.718224,11.335703,11.204414,14.793287,14.761553,9.270609,9.9803915,9.408458,10.709965,9.398644,6.689672,2.964593,6.2472725,15.112143,14.489381,12.64815,12.83778,8.93769,8.209097,8.867222,6.2244806,7.488074,5.5255055,-0.05184479,-7.384843,-8.648609,-3.2662268,-9.134214,-8.834705,-7.4498687,-10.642757,-14.100101,-10.801996,-12.911987,-8.66548,-9.07794,-9.133986,-9.729828,-9.126078,-9.792193,-12.088866,-12.263578,-8.298169,-3.5750036,-2.0575109,-5.2716303,-6.3142996,-14.149553,-13.356903,-9.080779,-8.773327,-6.9454193,-8.842603,-12.065227,-12.591055,-13.559787,-14.064228,-8.90601,-16.246893,-16.852362,-8.167862,-3.5940852,-6.281249,-6.7717447,-1.6813474,-3.645005,-3.8446927,-1.0681882,-1.2648748,-0.00314039,3.9482627,3.1219888,2.2727377,-3.0516393,-1.8250825,-2.7174087,-5.191354,-12.3788,-16.792107,-13.08963,-10.468818,-15.550325,-14.464926,-11.415144,-12.50965,-13.628537,-11.60182,-13.708572,-2.285931,15.616064,20.109627,18.518106,20.769123,23.16558,16.132524,15.627016,19.147964,19.244661,9.217797,13.39089,16.867344,18.019268,17.627758,16.584137,15.265107,15.5315075,16.719456,19.24523,21.858604,22.016623,18.204956,15.796786,21.171625,24.791292,25.073559,25.88496,24.867733,25.114351,23.14557,21.936596,21.258312,17.461252,17.975084,16.101469,14.084189,7.7379713,-10.337622,-7.267849,4.852364,10.975832,8.040794,6.975827,6.3024874,11.352394,15.190414,13.966829,10.970118,16.283875,17.322031,14.379936,11.178398,5.807693,7.6458387,5.57561,12.183113,9.474164,6.249776,8.707891,10.930494,7.994334,11.225994,14.488754,15.589716,14.590878,12.464685,10.446459,8.095449,3.8946435,3.347166,-4.485159,-6.1979847,-4.574044,-2.306626,-4.2280836,0.2916647,4.834907,4.841547,9.987116,7.8551664,7.265871,9.358494,8.563222,5.76578,8.243994,6.6153474,6.514491,3.8689938,-2.4864664,-8.610872,-12.154346,-9.398954,-8.485249,-10.618526,-9.265351,-13.121183,-1.2015715,15.795792,14.462149,11.204296,5.0651946,8.138096,17.683453,20.916443,24.810497,28.993666,28.023119,30.186779,29.341518,24.958464,21.317173,26.301544,30.489525,24.981571,16.473696,8.239615,5.397076,11.714709,6.1216087,2.850178,7.9094076,12.247975,10.724102,9.595804,17.512882,24.788345,25.30796,25.354843,22.634666,18.140087,16.052513,15.266162,13.219564,12.8700695,13.010919,12.767489,16.309574,12.419855,12.461929,17.892399,17.227646,15.665401,17.136234,16.394197,19.995005,20.588346,15.882202,14.151997,13.113102,12.071657,9.7187195,0.8205737,-0.9872338,0.99894154,5.221719,3.6048603,4.955008,7.1644874,3.7512012,9.162719,14.7311325,15.878086,15.43773,17.39246,17.37084,9.104202,6.1027355,5.5524473,5.096425,4.0326953,0.7877148,-4.0086894,10.318057,26.034885,30.932049,26.61108,21.82186,18.602459,19.856262,14.942511,9.5752125,10.514931,18.91706,18.755344,11.046587,12.072981,14.908447,18.637589,16.880068,13.401054,13.746246,15.579098,12.772109,11.526222,6.6678734,3.1934,2.6257787,7.865346,12.859587,11.593395,9.130006,10.56977,11.834347,12.370411,18.659145,18.23792,18.343777,18.579575,20.271393,15.309551,5.850609,3.6689048,6.1951795,7.4204583,12.886364,11.942341,7.39631,8.665336,8.161207,7.0127583,8.150651,2.8886824,2.5252948,6.498498,9.89152,17.011536,20.498695,10.121128,8.912422,9.371796,12.289598,10.722754,10.08218,8.255245,4.4554114,6.085739,10.982086,15.566001,20.008095,27.309078,27.022217,21.967096,26.030025,29.186016,28.078045,18.005627,10.838338,5.5073543,4.1974993,16.75409,29.61027,28.51131,23.251091,19.793745,22.672108,23.621994,19.543127,7.1784954,-1.1452602,-1.6378152,0.0004130602,10.068478,14.822371,19.712784,21.500671,24.032753,17.492256,9.830943,11.191772,19.737099,26.79838,19.47188,22.196253,22.384327,24.488564,26.681961,24.101187,21.477245,22.31884,24.923336,27.558985,26.205776,20.891045,24.445995,27.796349,28.831287,26.0898,21.412004,21.429052,17.865768,8.624008,8.918751,15.363338,11.800024,11.333267,16.692059,19.31226,18.05322,11.84552,7.5752654,0.8584317,1.0295203,4.319213,2.7824352,10.808125,16.480906,14.29193,14.751203,13.836969,3.2452123,-2.9644067,-1.28913,-4.5861425,-3.2985184,-1.7998245,-4.4910903,-4.6911354,-4.2365675,-9.452275,-8.369698,-1.0540141,9.073176,9.964305,4.564542,0.3012817,7.081808,16.215965,16.970762,16.6415,16.647491,12.494375,10.116185,6.716236,4.456843,11.057398,22.716766,18.099747,13.178265,9.396244,6.98915,7.0256877,-1.2669559,-3.9217668,-3.066945,-4.472931,2.7265823,10.389958,9.103353,5.9999022,3.8809896,3.0609984,14.309994,12.842229,10.889576,7.063784,9.130602,13.545624,15.278818,17.404932,19.95082,22.21319,23.683823,18.31903,12.622626,13.748349,15.839393,10.428097,14.153429,12.117386,16.90897,22.532217,25.728664,27.345556,28.54491,26.249176,28.890884,33.83304,31.86796,32.58466,30.93851,25.994553,25.546019,26.243174,25.206877,22.548859,20.680733,19.72181,17.803146,16.685253,13.896898,15.595047,15.348946,18.401623,24.916813,26.048206,22.80214,20.424608,18.304758,11.70919,10.015277,7.500517,5.656172,6.909936,3.3141937,3.6114182,-1.4179716,-2.396764,2.901599,-1.5060928,-7.5090504,-7.5498466,-4.8012686,-0.20270175,-0.38636386,2.0815504,4.9674416,4.1421494,6.8034053,7.584259,8.054335,6.2230806,1.65171,7.0267324,4.8886113,0.023780689,-0.24919164,-1.3644793,4.5684733,5.969599,-0.3678429,-9.589911,-3.8668199,2.5501409,6.359101,-1.6978254,0.049674273,2.912315,1.7435017,2.3042378,-3.9381368,-2.8263445,2.9153285,-0.6507686,0.33360338,7.1374054,1.4461542,-5.450666,-3.5140095,-0.54005957,2.6409688,4.1897426,9.280228,9.331945,0.95561284,-3.7081556,1.0446857,6.835369,9.313455,9.403242,11.5150585,11.275794,4.802391,4.4582186,8.039813,9.197785,12.231958,13.439913,19.357868,26.17812,25.84129,19.367565,15.654295,14.414484,13.623108,11.89352,14.828994,17.309666,14.724495,15.28619,20.6664,20.690197,19.766487,26.672363,18.031868,9.424728,4.255041,4.6222363,7.574088,6.886306,12.45501,20.401962,22.884466,22.858345,24.454042,15.217881,12.053378,16.285461,25.67654,27.117104,27.29477,29.445602,25.052673,20.980062,18.989178,16.381468,13.894749,12.113592,13.8864155,14.939434,4.752781,-1.2360996,2.7579522,2.8829408,4.221701,8.677975,17.784634,18.721012,9.905582,1.4342675,3.4615726,3.432629,7.4417567,9.103704,7.366193,7.6239014,6.274844,8.968635,5.9671144,2.7077427,8.056747,10.313401,8.141298,10.724197,11.07538,3.3140745,3.473206,1.9542273,2.7574947,11.293446,11.647574,9.3974495,14.862505,16.872568,19.118942,24.608734,24.78934,23.729591,21.962828,25.602757,23.208271,19.270922,19.712631,19.643147,20.221716,17.02401,18.21515,9.850937,-0.789179,-1.0474206,4.089355,0.01607418,4.3375807,9.03956,17.084873,20.136108,17.682606,15.642798,18.864138,25.539404,17.619923,21.61063,29.020264,28.159185,29.90169,32.817097,29.111965,19.720352,16.833189,13.054243,15.134909,12.622065,8.121203,6.2770195,6.900932,11.301939,18.016083,24.779125,23.848389,22.688421,20.531317,10.231434,10.94384,18.7803,19.00404,20.544724,27.579767,23.825195,23.397396,22.795124,17.156921,15.446399,13.174051,10.60684,5.0306616,2.5812817,3.618592,2.9996977,6.649696,10.178619,8.126804,10.018803,6.1544294,9.166615,8.088284,10.053511,12.428463,15.2246,16.674704,13.8745575,14.269011,13.9950695,11.666183,6.6935062,4.4518924,1.6870631,1.4150971,3.1987002,7.916513,6.804384,6.4712276,10.693903,12.0967865,20.09184,20.861458,12.774747,5.617999,3.2926185,1.9284253,-0.88160986,2.2674475,11.592371,17.814835,19.185692,18.545914,15.679958,7.497739,5.741111,2.6338959,5.7271996,11.63863,15.533672,13.972887,14.1986065,15.955895,19.162106,20.730442,17.603378,15.913415,18.408028,21.234222,22.489365,22.61665,23.80729,22.249798,15.542319,16.455217,19.90179,22.330648,27.851658,20.561825,16.520512,17.795439,19.640453,21.326153,23.482483,24.974768,16.153154,10.023214,9.47297,11.282836,14.144711,14.108007,12.733785,18.992798,24.515358,29.901697,29.423527,26.780167,22.95224,17.78815,16.316896,23.836319,25.27071,13.0809765,5.433685,1.4452935,6.7561955,10.359745,14.284577,14.122583,15.502001,16.645893,14.506947,13.519304,7.583798,9.757532,10.863657,14.366761,12.198959,12.362989,15.634676,13.5051365,16.586607,14.879311,9.425749,9.444202,11.473116,8.43444,12.027544,10.984346,6.9124575,4.232706,4.0011773,-1.7234533,5.89729,8.2232,13.752949,14.062698,13.909483,7.932822,6.032956,5.603057,0.9432497,4.9491816,5.3590283,4.0366626,1.1104586,-4.9676213,-4.7296124,5.6355004,0.61183465,-1.9046791,0.06855336,3.3881114,7.40385,6.2478466,6.9915366,14.041971,14.8577795,13.519324,9.523286,7.9853683,5.249339,4.536406,3.991494,3.5888672,0.63182604,1.7678678,4.2617745,6.792031,4.664054,5.639697,9.14874,12.728812,12.664557,9.514093,6.5650578,16.014477,14.695801,12.751844,15.357652,11.266489,1.1041205,1.1421824,2.308733,1.7660202,0.13240597,-0.4472347,-6.5327187,-7.0319386,6.5180836,22.785423,25.711622,24.439587,10.534481,6.3641458,19.690983,25.848202,22.88671,22.392225,22.357246,19.769876,19.254671,18.815815,23.45391,29.224506,29.883768,24.138096,23.63221,26.796825,23.10367,20.989807,21.602074,26.21759,25.892002,24.00114,16.142551,16.672974,22.877066,22.09927,16.990341,20.876661,22.369307,17.384426,16.434036,26.753706,27.848072,20.782341,15.121725,14.136818,14.16383,13.948494,7.618269,4.6699743,3.9735513,2.7515926,1.4480748,1.1030109,-1.1645157,7.0269833,18.797283,22.25989,20.043697,14.850086,0.5730653,3.0441918,7.449725,5.965475,8.002112,8.409003,6.7826595,5.0753574,6.472657,8.306326,11.789561,16.572107,12.5777235,13.621769,18.179049,13.808882,11.078629,13.568752,13.730868,10.107405,12.180361,15.304697,10.1065235,5.858309,9.307447,6.0864363,6.57767,5.3331537,6.646664,14.232735,17.052052,7.3111277,6.603351,14.150312,13.357728,8.361399,10.1411915,13.179548,11.840544,2.4254956,0.10469133,-4.043168,-3.3550863,4.207401,17.578184,20.287949,22.569225,16.168596,9.58817,14.5447445,21.567833,22.597202,26.841831,24.295708,23.459883,27.042278,27.955322,29.330673,24.13723,19.559422,19.74165,22.366869,24.289154,21.706364,16.83367,16.876406,21.767614,17.252337,9.083914,16.635284,28.655964,30.227009,22.873478,20.594025,19.331806,18.165422,15.759806,20.919075,25.986073,23.649494,13.631226,1.2226789,-0.6917802,0.95659626,3.7428455,1.6967617,0.118175745,5.3101573,5.618155,-2.7956233,-3.418778,-1.2120478,9.710157,19.387672,14.400639,5.4876637,1.8269986,4.426419,11.664014,11.779605,9.512452,4.2023253,3.9905763,4.4052334,0.17651057,4.590718,6.139334,11.899717,13.646516,4.0805445,3.7177515,2.162711,5.1936445,7.8155084,6.3684816,6.3850784,7.5718575,9.561415,12.01012,19.458172,15.793892,15.382989,21.437473,14.508954,12.246101,15.192871,13.528318,11.571346,7.667569,9.300974,13.715299,13.074279,15.343687,12.047183,6.164033,4.8899584,0.27911866,-0.44954666,0.8774603,2.080516,12.429546,16.79444,17.026989,12.934639,10.640919,9.202637,11.559635,14.321894,15.094543,12.984862,14.035265,13.971273,9.357809,3.7743044,7.9655886,7.8335485,11.084703,14.2332535,12.5463085,5.868154,6.8303022,6.4190273,4.6553335,3.7170892,9.143191,8.544252,7.474055,6.7202077,8.481408,9.490854,10.967354,13.963364,5.473564,6.0479217,10.525711,13.563577,9.646419,-5.9582043,-7.3695955,2.7984695,9.411446,9.879153,11.489365,16.388336,14.1607,15.177928,18.329924,11.602016,-0.45542592,-1.4025743,1.0889548,3.2759938,5.7181396,13.504612,15.156603,19.054274,23.160625,23.929317,17.669556,9.468267,-1.367011,4.66352,6.9583373,9.304184,10.130905,11.973371,12.994055,15.122141,20.56822,19.87975,13.401592,7.735545,9.665804,13.621666,20.01913,23.820133,21.722857,26.455297,26.874054,27.115568,25.050718,20.493061,20.701363,16.418526,16.990177,16.17429,22.944405,25.233631,19.100695,14.662968,14.946243,14.978498,12.18064,11.694687,6.410534,1.7984183,7.867632,17.080135,18.484264,18.535908,12.543117,10.564409,11.669328,16.543655,12.427026,9.571244,8.383486,12.217672,10.240381,6.463273,4.3236656,6.286786,7.929142,3.5916862,-0.58340013,-5.630289,-8.43308,-6.7758904,-10.09843,-9.020157,-10.031134,-8.1116,0.1650235,8.1590805,15.301721,12.955574,14.683946,14.143482,10.689251,11.036333,9.523838,8.036995,6.6580367,6.7051773,-2.563142,-4.7860622,-2.0437937,4.8760424,7.186063,1.6661232,4.9835176,9.379431,5.8141546,2.5746677,0.24425113,-1.3658642,-0.79594797,3.8827596,6.705942,4.196389,4.0238314,8.965164,3.7196376,1.4674993,5.3505487,5.0497046,4.774216,5.340971,5.6028404,6.876017,10.115386,12.1631565,15.097544,17.399647,19.879921,20.094627,16.187553,14.295048,15.9647045,17.35493,8.622383,10.245109,16.878065,27.087143,31.91893,28.16972,29.798424,27.301083,24.107489,26.768436,26.937422,22.976177,19.626097,13.476547,14.680569,16.9196,12.606974,14.24971,13.106169,9.287074,3.3497243,0.57722306,1.967425,5.826251,10.291494,18.335438,19.118147,7.205286,4.2861576,6.1161194,4.399063,8.06162,8.401636,9.670856,9.778944,11.747662,6.3437514,5.8421793,6.4586105,5.0214996,-0.10942793,1.6222652,-4.3588467,-3.8615742,4.854719,9.372709,15.269686,11.0650425,6.9755087,7.2913065,7.7291374,7.6900806,2.3093855,2.7362025,3.8942416,1.4451606,0.5210699,5.6611624,4.638978,0.38635552,-2.9675317,-4.375762,-6.639819,-13.635841,-5.4787107,3.5586627,10.024031,9.5769005,9.002685,6.907968,-0.50241065,3.3495972,-0.90469784,-4.493826,-3.6822414,-5.5711985,-7.464407,-6.8810315,-5.8864894,-3.2835267,4.5127845,8.823457,13.35277,14.326376,15.138854,15.261806,15.8766575,15.621528,19.278091,20.333406,19.112988,17.421463,20.225906,19.889004,15.853844,17.629408,14.759378,15.738951,22.051094,23.757786,22.758095,22.238823,18.727268,16.417625,20.55173,20.56847,21.179043,23.888805,14.849139,14.636236,19.696884,20.287321,17.562801,15.188431,12.133046,9.703627,9.990972,4.4760227,3.5701203,9.134813,12.891504,16.513506,21.446507,27.886969,22.220207,18.682344,23.165897,23.751793,22.970585,24.538342,20.821178,21.874668,19.354004,16.769688,20.318348,18.602821,11.565525,13.083501,14.32931,14.243968,8.395652,2.5270257,3.0569305,3.4443557,7.4209843,7.955636,11.527112,10.14535,4.0015807,4.1021795,2.5662189,5.3911457,4.191354,2.013051,2.331819,6.493285,10.369397,0.11893193,4.615318,13.901943,18.108273,21.036737,16.26236,6.8140473,-0.09215605,-0.5399606,-2.5588934,-5.6606183,-9.869125,1.4605346,7.493979,8.627703,15.393202,15.15707,16.21678,15.210104,14.393792,17.345472,14.884739,15.971778,17.52414,18.135202,15.688334,14.687599,15.0171175,12.977676,10.452616,11.068554,4.4663763,1.6087657,2.8375964,4.535017,6.823453,14.862374,26.326572,29.294834,22.407806,20.826862,21.330322,23.704876,21.473223,17.434967,18.972595,19.459854,17.930378,16.02266,13.272555,15.573643,20.939886,25.693913,23.4925,15.382157,14.0140705,13.840996,12.948155,13.216259,15.738396,20.207466,23.79709,20.393509,5.1922035,4.6812806,12.452278,14.472158,12.421173,12.214664,13.970722,10.456157,3.655014,1.8547802,6.687948,8.002981,3.5758278,-0.137716,6.25807,3.9746666,2.7011137,4.1881332,0.08394921,-1.3722982,4.878126,8.181741,18.29381,22.34217,22.577415,21.355686,19.427494,21.184826,16.468094,15.326359,16.42432,9.126762,1.9637076,3.8794389,-2.2325275,5.3883505,12.878762,7.66212,9.323782,9.1371975,2.1593194,-1.584957,-9.893408,-5.9500074,3.7278895,-1.8798456,-5.773857,-5.827018,-0.15867762,-0.6293078,4.077358,5.742439,13.221426,20.874378,17.8858,10.059971,-3.934311,-7.0271454,4.413598,20.033928,23.263947,24.047005,24.189053,21.877853,19.224283,23.862967,23.079576,5.7538805,1.880156,9.92313,15.600279,22.394957,24.50212,29.523031,23.629364,19.79914,17.877747,6.854904,6.9504113,10.061628,11.251398,15.120925,14.142872,14.515521,15.293522,17.028637,14.081524,4.0143113,-1.3321218,-2.5153167,5.859891,10.082163,16.585365,21.931412,20.384203,13.548788,15.6176605,15.666456,16.13485,17.999859,16.959541,18.606346,15.92886,13.50087,12.8322315,16.77312,17.761517,20.855402,20.250492,17.358683,15.946434,19.51043,20.829763,18.620972,18.979404,16.205,15.679409,17.875004,12.556496,16.012756,23.515425,16.060266,15.851536,14.936783,13.56049,11.656675,9.741455,12.1175995,13.073746,2.776427,0.23397571,1.1524966,1.7273476,4.9719057,12.4474125,8.686692,11.357757,11.694059,10.445524,7.9253197,3.9634533,1.1611915,3.7609081,3.208531,8.395815,2.0354981,-1.9041703,1.724639,7.0733976,4.318993,4.7923937,5.530194,3.2295284,2.9826918,2.0606165,-1.7293895,-1.8286241,-2.5253088,-4.138528,-5.2391734,-0.3907832,2.9089057,6.0299544,9.46049,13.034245,15.198313,25.474545,25.909376,24.507786,24.09452,17.194149,12.157451,8.382231,15.080303,18.0112,17.075245,7.623539,0.38789445,3.2385886,7.214837,10.503304,10.687594,11.958119,14.3681965,14.364349,11.313138,13.242705,15.251962,11.669409,9.673088,13.602838,15.591817,17.392818,17.341223,17.452343,15.782971,15.105722,13.777538,10.15317,7.699619,9.065653,11.761933,8.959091,8.164227,5.0182943,-0.74518615,-2.6370416,-2.765736,2.9665546,9.362238,8.102482,10.509197,7.070217,1.646577,-3.3673844,1.9516076,6.3270407,10.401256,9.499739,10.834658,5.3980565,-0.27247423,2.283171,2.8217897,-1.7278037,-3.2867992,-4.107646,-3.3991308,-7.405118,2.664394,8.098608,11.582996,12.648192,8.96348,12.210367,10.890355,-0.7398397,-8.95784,-5.0128245,-5.6132736,-6.1953087,-1.0494978,8.575197,10.089184,8.668804,5.31173,-0.3486024,-8.100108,-15.063166,-16.722878,-15.972269,-14.496048,-10.996168,-11.780626,-5.1823435,1.5478262,3.352923,2.7940679,-4.7635546,-5.8748274,-1.6629956,-3.5722086,-3.4999146,2.0129595,1.3151748,4.9014783,4.424734,11.058943,7.440756,2.7553072,8.50225,7.4510455,5.2767053,4.863072,2.75317,2.5407083,-0.20529234,-0.743415,-1.2247317,-2.024809,2.1147833,13.0855875,8.728167,5.572691,11.693954,13.151052,15.241903,13.546139,9.58214,6.511984,-2.6714377,2.3130064,5.846198,5.460513,9.103593,17.31985,20.668518,28.02273,30.564754,26.12413,25.409382,26.562456,23.307808,18.652466,13.997879,12.310546,12.064994,7.2809725,7.8000565,2.078393,-4.991683,-2.918883,4.9808707,10.40631,8.835392,11.595211,13.808321,8.4899845,5.5487156,10.330425,11.4712305,9.7332325,7.8330708,0.42052796,-2.3413732,3.2361398,13.739744,10.593088,12.066118,15.740141,15.888893,14.1371975,12.206118,15.881766,15.913748,9.244745,0.96624637,1.34511,3.4523988,4.9338593,5.7596655,9.52287,14.423843,20.194752,17.51632,16.227444,27.38264,25.754608,26.95518,19.56147,14.352682,18.180435,19.35973,22.884556,25.912352,24.593441,24.953346,23.926382,22.554348,19.092457,21.262625,16.140003,20.648369,23.69897,24.82226,26.643879,30.132992,29.047585,29.5884,21.677784,21.414133,21.339924,22.48106,23.273537,22.112055,25.799665,17.248547,20.02129,25.916744,24.597324,25.362534,23.600618,17.679161,22.01296,24.407654,19.907776,23.076515,32.783653,30.559116,29.534458,23.605642,20.29832,21.74329,25.748352,18.462456,21.29097,21.334003,21.994965,24.642258,26.037178,25.610207,29.384958,32.88303,31.066923,14.927129,10.882374,14.47917,16.953526,16.285515,17.567755,16.44865,14.642027,10.923163,8.861192,12.735214,11.120208,14.774567,13.582621,9.132326,9.681546,20.880314,26.012814,24.90763,27.425999,25.01841,23.08077,20.227894,18.279757,15.227455,14.763414,13.773651,14.031141,17.475689,18.632221,14.5613575,7.7087183,3.8741024,8.506703,4.4657955,-3.0175598,-7.190497,-11.984023,-11.631917,-10.647466,-5.0025663,4.352623,9.483248,14.551452,23.241411,25.402164,25.925694,23.02776,17.034119,9.837851,15.222267,27.25137,27.479137,27.820229,27.525208,26.14372,26.164139,21.85941,24.871052,21.34443,14.954771,7.513365,8.280336,16.381151,20.16594,18.799454,11.182077,13.933207,12.979362,12.045344,12.73851,17.538439,23.83722,25.40591,31.015675,26.50326,27.79639,33.557907,22.227757,8.227475,10.279903,16.036222,15.010683,14.271896,15.041923,9.767208,8.629274,11.7106495,13.191523,12.278761,14.630028,14.408998,12.489758,14.854282,16.263676,18.141829,17.235037,13.333685,13.45564,15.991355,16.84351,11.914009,9.839529,6.6115294,0.7975849,2.1627674,4.9039707,5.4761662,2.9300768,4.611233,5.1701503,2.258001,8.147247,11.377323,9.182547,7.2442617,-2.9641385,-7.7721634,-0.053257823,-0.5478998,-4.9069114,-5.4585276,-7.2141495,-6.55665,-7.1348968,-4.696794,-9.727056,-17.27727,-12.555265,-11.363897,-18.499908,-25.430079,-24.20626,-20.326447,-16.08637,-6.9585056,2.389425,5.6862087,3.4466944,5.7444234,9.126442,10.316381,9.495252,8.872681,11.175255,14.247112,8.789225,12.811867,15.560475,12.570808,14.076966,5.9728985,9.3286,16.7624,14.650759,9.28491,12.870077,11.906592,7.417718,6.575106,7.4475713,5.6478095,7.741027,12.147805,10.323118,7.139776,9.074874,10.555006,5.78998,1.1109939,0.5986114,-1.7798164,0.25113305,0.6278908,0.70270395,-2.9528794,6.4412155,14.911118,15.916012,11.799039,13.682628,13.949831,13.564979,10.455721,8.079512,8.541021,11.879808,15.443468,9.707193,7.3870482,1.8568597,-1.3958418,2.2826726,-1.1976862,-5.4551997,2.1612244,7.1805058,6.5638,0.7329707,0.22292042,-1.2035332,1.4174764,-2.2582161,-1.1129335,0.43726015,-0.30907464,0.7025291,1.5056195,2.5837924,0.31380096,-6.9383106,-11.437155,-6.4334497,5.756402,14.934375,14.967203,15.476891,11.173386,8.174997,6.1160235,6.8789268,9.569494,14.963113,15.613025,13.010139,15.54479,15.146498,18.731888,14.932137,6.0127964,3.8858633,5.670246,0.6485718,-5.190624,-10.507064,-3.7468572,2.836857,5.698201,5.321799,4.277835,8.431171,10.711279,14.616415,14.513659,13.518489,7.679358,5.5371075,6.0490704,6.228153,-4.2650743,-1.6354706,6.4353456,10.803893,11.507742,13.1972885,0.8270252,-2.4797962,-2.8721073,-8.703643,-4.60621,-3.466661,-1.9267228,-2.6536472,-6.911367,-4.663225,-4.1515846,-6.3009725,-11.8682,-14.713474,-13.711596,-17.787935,-13.788467,-13.875246,-9.4675665,-2.0748436,6.8460965,16.275272,18.316092,15.862734,14.305283,12.031825,16.112282,19.589966,18.211555,15.511911,12.563547,10.652864,10.861294,8.273985,2.2862976,4.652646,7.961051,5.248617,2.132749,0.26385486,-2.0798163,-5.4778423,-6.8222504,-6.640345,-8.154128,-6.1733484,2.0700426,12.492859,16.067669,8.102806,4.624545,7.5451727,8.310144,6.342075,4.022364,3.3831172,2.2696939,3.4167864,6.1539793,9.395706,16.052975,16.831732,15.640829,19.95551,15.712923,12.18676,12.176262,7.6253586,10.111324,8.459448,17.60218,19.236992,11.091641,14.774952,18.308064,15.674818,16.99491,12.068192,10.865255,8.343433,13.722731,16.017807,15.095176,20.89843,23.537285,26.087444,25.359657,21.362303,26.17587,25.101809,22.692978,17.815191,19.53012,18.697002,22.675026,25.345348,26.908266,25.403141,24.428106,25.373177,24.541435,26.59579,23.19683,15.096432,17.535885,18.951256,16.488209,17.687805,17.70207,16.886517,21.314466,19.737663,18.013048,12.914913,13.008942,14.595719,14.895195,18.500898,20.880676,22.717716,24.25138,31.53056,28.524696,21.045197,22.857021,24.090458,22.664623,19.72905,17.370495,15.377558,13.516414,7.7911873,9.67454,10.70455,9.635288,8.4351425,8.989078,7.060643,10.254832,6.201095,6.3460064,3.3161516,5.663491,14.012987,27.633171,24.722095,16.941437,11.12556,8.990988,7.655761,11.230931,11.892427,10.3850975,10.103613,5.275283,2.1186798,8.672153,17.407713,16.795826,16.858936,21.377867,22.408787,21.752522,13.863993,10.8995905,6.6743917,2.387631,10.303579,19.321983,14.02453,1.6581714,-0.25910965,-0.2753806,-9.470823,-13.671664,-14.831366,-13.442461,-10.208405,-5.392451,-1.0436138,-2.962921,2.6018455,13.662042,21.497442,25.641052,25.030497,23.27557,19.896687,18.831514,12.650026,10.373983,19.368135,21.623373,13.67448,6.834191,-0.19380371,1.5973696,5.845931,3.4408107,1.7842774,2.3774261,-2.2202482,-1.3086033,3.3997562,6.5204167,7.1598463,8.99085,10.966045,10.978876,11.477985,13.909744,16.722162,13.883369,13.309173,15.590913,23.613708,25.875723,25.143284,15.444061,6.309395,6.7513494,9.371302,10.92041,8.411505,14.474988,11.645103,6.879296,6.855732,12.049559,4.5395103,0.9838761,-0.11852932,-4.2418194,-6.5289783,-2.4361582,-1.092113,-0.54573977,5.871475,10.841096,11.757493,20.354706,29.473808,24.104141,20.63005,17.168488,15.494913,10.53833,9.197401,10.792652,10.626264,15.627127,8.504887,5.134143,12.653669,19.942543,29.784494,28.121452,25.939522,23.359898,18.024094,17.130703,13.890673,9.590443,3.6519294,3.011441,0.40822747,0.9914,4.330686,6.4701986,10.396887,9.589424,12.590908,5.8050513,2.2259226,3.810626,4.2349825,11.403323,15.810801,15.310549,19.890495,23.139225,21.687548,17.641396,17.914854,15.803746,18.179914,16.08678,15.633,20.52325,23.687065,27.882364,30.633104,18.104855,15.207851,20.098972,21.613039,21.32003,22.83577,16.940582,15.059491,17.27758,22.48756,20.177883,19.39658,19.19617,23.95295,22.502537,17.8443,15.523367,8.316606,9.157724,18.141605,23.659227,25.668945,22.373562,25.494576,21.19371,20.30438,19.054771,17.254684,15.313627,11.621395,6.383532,6.748805,7.3528194,2.5557194,-2.8168638,-1.6965468,-2.0503554,-2.044249,-6.566856,-10.687614,-9.926059,-8.056917,-0.25631392,6.08392,7.6531515,14.572466,20.900623,11.627432,9.527348,6.988082,4.3714776,4.074982,2.5359766,3.3878179,1.2919948,-4.29995,0.3768703,7.9383535,11.988454,12.006969,13.300241,10.047482,8.781027,4.743464,1.0645094,2.506621,-0.91926795,-0.31569934,-1.5238569,4.9717064,7.0597944,4.7739472,6.547859,8.715656,-0.4567139,-0.49139595,-2.0247474,1.7685813,7.3185015,6.4967017,1.8867532,2.8760672,10.221048,8.837731,7.428364,7.236758,10.54315,13.654026,18.100985,17.407883,12.986415,7.7696657,11.911944,21.626959,31.557816,23.054207,22.164892,21.854198,12.7421,10.388908,14.818648,16.036171,17.513159,15.5224085,12.024145,13.332589,18.938438,16.672342,16.598644,20.757038,11.139683,9.233759,13.057106,12.361425,12.01412,15.396247,16.551083,21.857895,21.658844,18.518513,13.486086,8.608254,15.294374,26.38353,29.52016,29.054047,30.20112,27.026571,29.427298,29.613375,25.473473,20.470268,21.288857,20.840721,14.463348,7.027011,2.0221808,-2.2315798,0.45325863,1.12488,4.1023116,5.2451296,4.6232157,7.4752107,15.688529,14.48531,14.652758,19.787552,19.689533,21.359665,24.971474,22.767189,18.711712,13.484915,6.7059226,4.753628,13.736811,20.788769,17.015339,14.74089,9.843502,10.537323,12.428137,14.799532,14.761788,9.322397,9.122717,14.375975,19.237637,17.986929,16.892658,20.561144,20.874863,23.06268,29.18474,24.124138,24.261879,22.579075,19.33286,12.553669,10.261978,13.909597,12.12285,11.513408,10.964924,6.4918404,6.281047,6.477044,4.376315,10.487301,10.434307,5.1782923,16.797367,26.668919,25.232227,21.663725,19.235611,22.478382,12.908997,9.572731,11.956987,9.9708,8.92362,11.297666,10.461908,15.060497,18.503532,19.935566,21.451794,19.443184,13.582914,16.23509,19.136185,23.798496,19.566978,16.075178,19.215502,24.300442,28.48259,29.891104,27.495628,25.765562,23.023613,19.243164,15.834153,13.719696,12.101164,12.424269,11.354025,6.3471527,6.811781,6.0649405,2.6736376,7.068118,8.712758,8.285924,14.638264,17.72403,12.055213,11.566184,16.899952,21.05772,18.052475,16.204433,11.478983,12.002989,8.630621,2.9906235,0.13634092,-1.4663413,8.96191,21.227417,19.118574,18.510666,15.598328,14.087365,13.783545,7.7702475,8.894012,8.157017,1.4024949,1.7191708,5.011223,8.716542,7.055995,9.192417,9.592521,9.079332,8.665739,9.315855,11.357592,24.484829,29.807545,26.926388,23.81194,25.708553,27.5862,25.62356,27.841461,29.21225,28.376823,24.557884,22.495708,20.503338,21.757715,18.447102,16.789581,21.253384,30.549644,32.008064,31.890793,29.846542,26.514793,24.812672,19.331562,21.002094,26.604736,21.345802,18.873808,17.487602,18.723541,18.987942,16.6707,14.517131,8.457533,6.907784,13.352347,11.259468,13.873609,18.96268,22.375729,13.155678,10.638496,14.963694,22.009247,19.524307,21.691689,25.164452,26.395412,17.124485,13.262035,13.8293495,17.543999,11.442662,10.807105,13.120678,12.318844,11.627325,10.301876,7.369559,8.365416,4.1737723,5.8500576,7.918788,10.249788,13.420608,10.855749,6.1258516,1.3925308,3.9654775,1.6037295,0.91449594,4.942921,11.220633,2.7252436,-7.146964,-11.692825,-12.213886,1.5512891,12.784565,13.683107,13.968411,10.791494,5.9630694,-0.6163983,-1.8413048,3.3267908,3.7455785,2.6365423,-3.665313,3.2647805,6.171631,7.3207045,4.8857055,5.791724,10.730045,14.818319,19.762375,23.973288,19.479698,24.882229,23.489824,17.932837,16.911913,23.462679,27.299562,19.701017,20.809223,25.817554,18.985043,19.467268,13.288229,21.904903,27.55614,24.08866,23.983017,26.27635,23.365662,23.479164,24.425423,21.30853,20.599281,16.06922,15.460628,20.128744,20.127697,13.231226,13.25824,19.206009,13.638559,9.8825655,10.664644,12.705767,16.069473,15.925459,15.8789215,19.889866,19.952106,14.970051,11.886686,9.562754,9.900623,15.116886,17.426676,13.920799,12.538935,12.242971,11.03092,8.977488,11.057841,10.419888,5.768639,5.0658035,9.304493,14.061236,16.676573,17.328018,12.92906,8.684725,5.767555,4.2867956,4.8277574,5.0823627,4.554322,2.6843586,2.5110552,1.866761,3.3781579,8.626036,9.085502,6.5991964,8.481565,9.985247,6.891576,6.508546,10.023106,9.776438,5.8817406,4.177564,-0.2653218,2.036461,2.6186364,8.233613,13.164656,11.643946,16.135658,14.109933,15.376202,17.899303,11.915663,15.849672,15.312424,14.241415,13.435757,11.093338,14.284805,12.776895,8.854399,11.342657,11.075028,15.605079,11.083654,9.251188,13.521577,10.437575,9.7379675,9.984831,12.647045,14.374666,13.886294,10.233347,8.644793,9.150438,8.485673,10.5272045,12.278797,15.613186,15.69998,13.686344,9.542217,9.908842,17.178604,19.644176,13.55209,14.498542,14.907571,15.562889,13.37718,17.078247,13.925304,7.7106028,7.9896445,12.201748,14.709961,16.905481,16.218449,16.652685,18.670818,16.720394,19.15391,19.59729,21.734077,18.547321,17.798836,20.459667,16.726349,18.723946,21.51394,19.414902,-13.802752,-15.131191,-9.365845,-6.505871,-13.604594,-15.293022,-17.458225,-20.967413,-21.051048,-15.865114,-15.683994,-12.273823,-15.825922,-12.357786,-7.862339,4.7640305,13.230267,16.975975,21.347052,17.459091,15.593084,17.144928,13.678278,15.117408,13.522574,12.425499,16.693554,12.31039,6.913191,-0.5785762,-5.560193,-10.297574,-11.44174,-8.545847,-11.25245,-12.594038,-19.347233,-28.342346,-31.071922,-31.474167,-26.229074,-20.140965,-13.748684,-17.0318,-19.369053,-19.942827,-16.790028,-16.534222,-17.5298,-13.216915,-15.860122,-19.055164,-19.74422,-17.110931,-21.931671,-22.513977,-18.25012,-20.74377,-18.313124,-15.084264,-12.968975,-2.4680464,4.8616514,5.2709346,5.0548987,22.689415,21.676628,22.34106,22.530973,6.700568,-6.903684,-14.8520775,-11.695543,-7.8073726,-9.663662,-6.3506765,-3.562149,-1.4382573,4.1535025,7.379528,13.727615,10.118433,9.1849165,11.865071,12.659682,8.714102,1.022986,5.4013033,5.354663,4.326373,-2.2657585,-5.456812,0.7852364,1.8586521,-0.68055,-0.46645665,-0.4296497,-5.8010244,-3.8382354,-0.4223131,-6.33535,-6.4500613,-4.00194,-5.2969074,-3.1756139,-0.19356465,0.04773283,-0.76337004,-0.3971781,2.725638,8.976215,10.627502,5.325219,5.4791107,9.744169,11.158367,7.9707775,7.16881,3.692378,3.3616314,5.0027757,6.1042395,10.889778,9.51337,11.386172,7.8880205,8.978035,16.987041,12.065332,13.320982,9.82469,10.807724,10.107513,11.1617565,9.55802,6.702808,7.7638574,11.16811,15.497738,13.900625,14.944515,16.765411,15.263878,13.552776,11.771265,10.798349,9.69395,11.178995,10.923542,11.465189,17.10363,23.045177,24.963356,24.054468,18.362757,19.762608,18.52742,17.108646,14.255839,10.503592,13.402262,17.151789,17.78997,18.01575,23.689617,21.001825,18.343872,17.143665,11.657944,10.984165,13.560982,11.197037,18.707697,23.193863,21.898685,20.427578,17.060522,20.192871,17.323158,14.69588,14.472103,15.677046,14.113713,14.919482,18.258465,16.701443,16.805626,16.850876,18.585703,21.760908,24.587015,25.954689,26.2906,21.741592,18.25235,16.21042,17.90564,17.991941,18.203022,19.99151,18.66919,19.779503,20.453907,19.460718,19.497898,16.40272,20.9339,21.048597,14.894226,10.90775,13.734861,21.102497,26.692064,21.81726,14.392098,13.311945,9.045109,7.925169,7.025423,8.6348915,8.506987,7.625737,5.9037976,4.6309047,6.50325,8.264006,9.658944,8.975254,8.5542965,7.5116596,6.984956,7.1554976,6.885412,5.7808447,6.2404003,5.758626,6.1511908,6.574547,7.13692,6.3418884,6.6039095,6.9222307,6.4119844,6.8332243,6.8713202,7.226329,8.669897,9.660421,7.719844,7.0553083,7.276575,5.7117453,4.711336,4.982832,5.7801704,5.5448256,7.321744,7.0980706,7.4979677,7.3188744,6.220568,6.768196,8.82881,8.385022,8.425815,9.201284,9.255302,9.81776,7.7043934,7.5584292,7.8826056,7.80445,7.063859,6.7289095,5.7594147,5.2981267,6.5324583,7.5161505,8.142819,9.445185,7.718011,7.1215415,6.5569263,6.960933,6.2746353,5.9554806,4.673813,5.2149663,5.575822,5.839443,5.1209216,5.701873,5.1153493,5.245453,4.490493,4.675588,5.1690197,5.369751,4.8391943,4.1333036,4.5733767,4.5200105,4.2678137,5.309827,5.0850477,4.541614,4.1947994,4.2599826,4.2466173,3.9641304,4.112813,4.3881035,4.2954035,4.581832,3.3725877,3.0414023,3.5498052,3.9877243,4.4494114,4.1286488,3.5496051,3.4141257,3.6178782,3.308218,3.097018,2.8090773,2.3537202,2.531198,3.3180864,3.419025,3.23217,2.9254117,2.6310418,2.5540082,2.580112,2.6753542,2.5812428,2.4906847,2.4648979,2.4494798,2.4773142,2.5576663,2.4512572,2.344894,2.3175008,2.3299856,2.2415857,2.2884097,2.1535184,2.117804,2.0929565,2.0336802,2.043831,1.8704674,1.9799283,1.8646884,1.8054433,1.7790695,1.6282903,1.7021035,1.4996678,1.5460676,1.4462031,1.2904583,1.3819332,1.0837522,1.0497469,0.7992439,0.77522606,0.64575034,0.24346578,0.102573186,0.0,0.0,0.0,0.0,0.0,0.0,0.0,0.0,0.0,0.0,0.0,0.0,0.0,0.0,0.0,0.0,0.0,0.0,0.0,0.0,0.0,0.0,0.0,0.0,0.0,0.0,0.0,0.0,0.0,0.0,0.0,0.0,0.0,0.0,0.0,0.0,0.0024404977,0.0,0.0,0.0,0.0,0.0,0.0,0.0,0.0,0.0,0.0,0.0,0.0,0.0,0.0,0.0,0.0,0.0,0.0,0.0,0.0,0.0,0.0,0.0,0.0,0.0,0.0,0.0,0.0,0.0,0.0,0.0,0.0,0.0,0.0,0.0,0.0,0.0,0.0,0.0,0.0,0.0,0.0,0.0
0.0,0.0,0.0,0.0,0.0,3.9644833,5.313409,6.089102,5.348248,5.4898477,7.452985,6.8274,7.139537,8.196053,6.054796,4.8341017,4.1128917,4.2682805,5.2440166,7.418908,4.700431,3.539902,4.848439,5.2536364,6.8239994,6.9851694,4.049576,4.826801,5.963969,3.9383433,4.4118824,3.829143,2.5274,2.7357569,4.941156,2.8928447,9.71534,7.588773,6.3401914,1.8420031,2.8822317,12.173554,9.852487,-0.37446404,3.8440094,6.7816486,8.461364,0.6722411,-3.0433671,-7.6385155,-8.225178,-7.7359886,-8.589458,-7.41916,-7.279091,-9.5698395,-11.967471,-10.956499,-12.695448,-5.4277678,-1.0366954,-2.5096061,-4.865941,-8.905024,-7.2481728,-3.868561,-2.9642968,-3.815307,-6.754098,-9.761349,-8.549274,-7.101145,-13.930842,-6.8460236,-7.3722887,-6.923924,-7.3840837,-8.875246,-0.40785798,-3.0395784,-4.076199,-3.516075,-4.9649534,2.1378374,3.32124,-2.2900412,-0.17578539,1.0059967,4.876683,3.2015228,1.2288895,-3.5279527,0.67343163,-0.020456135,-2.029686,1.1244495,7.009824,17.384552,13.85446,6.7334447,2.9923966,3.2700117,7.510755,11.774664,11.0402,9.622628,11.492926,11.698202,13.178865,9.640163,8.736194,3.86543,7.076389,11.006159,11.970047,7.121471,9.758423,7.0224867,3.9861012,4.5079575,6.9011955,6.0509577,-1.1451049,-2.2181072,10.017107,7.6757107,1.1731222,5.6084824,5.5240765,6.948216,4.005803,0.23084474,0.4788007,5.7480593,9.197676,12.08979,9.408836,12.475697,15.572415,12.44742,8.277285,7.9376564,3.092576,4.418106,10.667042,13.758279,11.2972145,9.104273,1.0874516,-9.503592,-14.535038,-9.123227,-8.363531,-11.755882,-11.706671,-5.425907,-0.060486317,-0.08376509,-9.97188,-11.837753,-6.2751846,-5.51716,-9.777273,-5.819519,-7.496196,-3.9444385,1.0139,-4.15574,-6.2108035,-4.3404646,-0.40818185,-2.5096047,-5.3561788,-5.4229727,-12.664995,-11.428128,-1.3250003,-3.735814,-6.6765356,-6.4370193,0.46609014,-6.1734047,-3.7998137,-2.4698133,-7.850712,-3.564481,1.76558,1.3882173,-1.2619964,1.7759337,5.890661,6.2948875,-0.33193892,1.8465998,0.92056584,-0.6435139,4.044621,5.155255,2.6559353,4.2267294,8.292807,7.2463207,-2.365889,-6.356167,-7.859006,-9.495805,-4.248395,-7.521419,-0.79624176,2.160654,-0.13970028,-2.771814,-1.1496089,4.360818,-0.7718455,-1.1494617,8.133819,-4.237669,-6.8946795,-5.295961,-8.026472,-2.4626276,-8.642665,-3.6459503,-4.179612,-3.4651208,-2.7754061,-1.3349833,-0.85535073,-2.2926679,0.49577194,-3.1262941,-4.2284303,-1.5454156,7.5148087,-0.07792896,-1.7641337,2.0252042,0.34666413,0.62343544,-1.5976377,0.30282187,2.3727772,2.2915714,1.1827879,1.6195912,-1.1682355,-1.4914731,-1.0008214,-10.997581,-9.203312,-7.584845,-7.4780855,-12.20073,-11.97681,-12.79973,-13.076937,-7.14774,3.250567,1.9288416,5.1867976,8.282952,0.62443936,-6.000458,-1.6554048,-0.43102592,-0.709446,-4.936923,-6.176756,-3.4126854,-7.284832,-10.593312,-7.5521135,-11.516655,-5.730045,-4.0166483,-4.5160666,-11.535892,-13.839963,-7.13048,-9.116778,-5.5166063,-6.668194,-7.115795,-2.9658217,-4.841609,-8.18347,-7.7913914,-3.3369002,-3.8853292,-10.035037,-4.99551,-4.6148243,-5.801953,-6.853346,-7.5721707,-7.9451127,-5.457725,-6.4834185,-8.441202,-4.382407,1.5036254,-1.4376664,1.0614781,-0.82314456,-0.03182867,4.4579067,5.4657555,1.7228386,-2.5107627,-0.28646767,1.239911,4.3495417,3.1069999,-0.13829145,1.2846917,-2.4755886,-6.2407355,-4.1715703,-3.520207,-9.800716,-11.873108,-13.866208,-11.225316,-9.266926,-11.384238,-11.808403,-6.268935,-10.233367,-5.929282,-2.3742185,-3.6837978,-5.0766926,-5.3263454,-11.836327,-2.928625,3.4081285,-4.9822397,-5.870393,1.1007906,-1.6758115,-0.5111741,-0.28981864,-3.3274565,-6.181527,-1.7698357,-0.5828768,-6.9695444,-3.4062045,-9.231956,-13.4755535,-5.985573,-3.5144703,-10.682028,-12.141608,-16.372135,-16.573307,-17.984825,-21.513102,-23.40532,-26.451757,-24.183167,-22.67705,-20.267544,-22.582184,-25.021486,-23.128096,-22.358788,-25.561485,-30.003231,-26.597157,-30.628462,-30.053183,-18.528618,-14.9356575,-15.980373,-18.417622,-16.187988,-12.46386,-14.023981,-19.506157,-15.58991,-18.665966,-20.534363,-18.455797,-18.268913,-19.114754,-20.209095,-17.238098,-15.274357,-17.778856,-19.689083,-22.675142,-20.507729,-17.700596,-17.531572,-18.200478,-19.563549,-17.573736,-17.09363,-18.4262,-21.410856,-19.217457,-19.754568,-21.607992,-17.615543,-14.11669,-13.181583,-15.503187,-13.030447,-9.786669,-13.790571,-17.45705,-22.938507,-23.194225,-15.510064,-11.952974,-16.004343,-20.445375,-20.97765,-12.136161,-16.281685,-15.368395,-6.517167,-8.718124,-9.260862,-7.0359945,-12.57741,-13.023752,-18.546377,-11.139488,-12.091373,-9.703554,-9.247536,-9.150787,-10.66481,-8.634035,-8.070654,-7.4246016,-9.86087,-9.102099,-8.807815,-10.998145,-11.265982,-7.7342443,-9.164323,-7.6766644,-6.5145082,-8.370205,-6.9055815,-3.3414626,-4.934169,-3.757211,-2.562282,0.35476667,0.56415534,-7.340167,-9.201063,-2.3578167,-4.791341,-2.5746033,15.6261835,12.65715,6.3326473,9.9522,12.834247,14.395437,16.761465,14.2960005,13.114728,18.660616,14.998589,16.749916,17.447412,22.594353,19.391077,19.538317,11.838352,12.279186,14.056678,12.08234,8.222134,10.377115,12.10368,13.701918,14.695381,14.426495,17.202044,13.302015,10.658548,9.303666,3.2882853,4.2289567,5.739332,2.4562445,1.7881675,2.1171749,11.508055,23.226892,24.97578,26.291836,19.79575,-0.04570151,-4.9056625,0.5758301,4.162312,9.590196,15.211864,13.120359,14.085552,17.363457,16.204803,17.070051,15.011381,13.331797,11.256428,10.921207,9.530098,13.575667,14.448501,16.224516,19.343956,14.991878,14.860529,14.834745,9.1069355,7.598665,14.221145,6.4721203,4.137458,6.6532984,8.196354,10.086557,13.341416,22.157078,25.984138,21.298067,20.055851,23.257534,20.094349,9.5856495,8.431093,6.4555707,3.5225554,6.1957827,3.12224,1.4241343,2.890256,3.0143366,0.8151383,-0.95590186,0.4100033,4.4842887,7.6599693,9.219027,14.461863,5.4015265,8.459174,17.731712,21.968878,22.424164,20.226778,21.570421,23.585361,18.157589,2.5480704,-3.6334183,-11.590415,-9.795011,-4.34365,-5.7161036,-3.8962617,-6.022289,-1.5051967,-1.7293428,-4.2180777,0.566609,-1.9875977,-5.3504696,-1.9649476,2.5212874,0.40603006,5.8877325,14.1413965,13.483642,14.1493435,14.191959,9.057365,11.5060215,1.9835463,-1.9161282,1.2257893,4.2949014,4.085458,3.256751,1.9973387,-5.6751857,-5.486493,0.42731643,1.729039,1.8938597,1.6157005,-1.3636465,1.6852583,11.126888,10.213274,9.700838,7.4948635,3.5970283,4.3775268,4.687871,7.833564,11.107577,10.363527,8.745689,6.8259487,8.181507,9.071443,12.0937195,18.278137,16.31992,17.842045,16.90841,15.129038,15.267594,12.555962,11.219763,9.513563,10.010506,7.6754894,8.059006,11.325787,16.123167,19.455523,16.727955,17.602009,17.339375,20.20132,18.90435,20.506039,9.310001,4.1045384,2.3213434,-1.9024043,-6.5263476,-2.5044568,0.67869306,4.212332,7.629805,4.3986464,3.2812867,3.1974049,6.0826993,11.262732,7.501503,13.059746,15.64469,12.547979,14.453755,15.365547,14.322044,14.989984,17.593687,18.65265,18.837612,4.787182,-3.1051226,-4.2466063,-6.7112923,-7.975743,-9.547279,-8.439784,-1.9229711,3.7486026,5.288863,8.664642,11.566917,13.6614685,12.093559,12.068423,13.6449375,14.824083,14.11408,16.060326,14.598642,16.774998,17.09927,17.567425,17.23121,14.834355,6.698591,-2.6777942,0.60425735,0.65106034,0.6577463,-0.8760842,6.6268907,10.122349,11.225455,7.012108,7.8522854,10.008966,9.716375,9.355535,10.040323,10.205224,5.871093,5.619793,11.664753,10.891941,3.3354447,2.0201347,7.567957,13.278545,10.806829,13.261672,13.56369,13.86956,17.903336,19.374653,18.915295,18.781757,15.925511,13.136054,8.958899,9.651228,11.447607,11.748639,11.621634,9.909504,6.6618233,6.0377812,11.265974,14.312935,17.472034,16.013275,14.701386,13.624016,13.386418,19.413029,19.294802,13.648857,1.290775,-3.0900881,-0.6382679,0.7271169,0.20819068,-1.120002,-4.0692205,1.9475753,7.3347497,8.736663,19.832745,21.74268,21.207687,15.934971,12.333118,15.427542,18.897615,19.472929,15.550159,18.897171,18.717037,21.748089,23.524487,21.642422,18.781155,3.9995084,-5.5128646,-2.7853749,1.66963,-1.3130708,-4.2447257,-2.2612236,-1.9806848,-3.1733246,-1.7149396,1.0781741,1.7467579,5.5904613,10.402784,9.333914,8.827631,13.891813,13.687968,16.022646,16.251108,13.638378,9.9930935,14.951607,12.619741,6.463935,5.1695757,6.328205,7.138694,8.001606,6.9158044,6.366427,9.214643,8.590588,6.6593304,9.016032,6.6760254,4.862955,6.721575,5.5283012,4.301586,4.865466,1.1317954,6.6126757,4.9638734,2.9846106,6.641339,9.663725,10.882106,7.78022,5.0813103,2.874662,0.29633877,2.3438609,4.2099648,1.4628268,5.955657,2.3619783,-3.6141958,-5.036665,-2.4422586,-2.0532422,-2.5753963,0.06215322,1.0526087,1.2431607,-0.059651494,-2.2963586,0.10044384,2.7896793,0.7266637,1.4042667,-1.7733672,-1.7132102,-2.4320667,-0.1323939,-0.867437,1.2005641,3.944577,4.107079,5.8392916,10.347067,8.806745,14.863771,14.702602,-1.5321295,-12.592523,-19.377356,-17.503445,-14.528046,-14.9123955,-17.899675,-14.72385,-11.433251,-12.964497,-13.498692,-20.531773,-21.8335,-24.705662,-22.739952,-18.778465,-7.159569,-1.1073611,4.699383,1.3162068,-2.4645822,2.0472584,8.916443,12.764307,16.317389,17.12689,19.167572,9.225994,2.8221097,1.8044446,-5.915698,-4.8208203,2.6559262,-3.4943156,-5.690979,-3.465784,-1.8514488,-3.9582644,-0.12348658,2.769651,-1.780764,-0.54370177,4.111964,6.8515577,7.985057,4.6939464,10.379708,10.638767,12.436636,14.374092,16.196638,14.05456,15.314828,19.946606,23.757645,24.13196,20.524033,16.836649,15.883135,15.543779,12.606009,11.117399,13.441977,15.039274,15.091858,11.633759,11.034651,13.485027,16.097305,16.186115,14.069206,12.862668,9.128746,9.241935,15.341688,11.845322,12.562877,7.5325155,4.582184,6.372018,11.281708,6.8640738,-3.3007357,-13.685011,-9.039753,-7.4602075,-7.201433,-7.518119,-6.43957,-6.589979,-4.4836407,-2.2937098,-0.89555144,-2.2365818,4.935515,7.66741,10.148605,10.29789,7.9549255,15.154906,2.2678885,-8.643734,-10.640073,-15.103579,-15.09049,-12.749597,-10.766396,-6.874393,-4.6636906,-0.23765293,-11.287766,-26.20963,-28.896873,-22.175236,-22.685509,-24.214148,-24.542227,-25.770082,-24.025963,-14.725927,-13.372077,-11.136601,-6.55837,-3.2504554,3.507566,4.7796793,2.2577097,5.853055,10.097236,6.5550375,3.2485037,10.257077,15.02026,17.192436,10.092412,5.4067326,0.100951195,-12.197029,-18.781534,-14.582115,-11.1218815,-11.761212,-18.556622,-16.198332,-12.327864,-12.907215,-12.029661,-7.480693,-6.7544975,-7.3358626,-4.292602,-3.9578562,-2.21725,-3.056163,3.8284028,5.3734236,7.227898,2.6607728,-0.61063206,3.2750983,9.747828,11.037119,7.966364,5.785084,5.1739902,3.1426768,8.214612,7.809968,5.637356,3.9222631,5.9386187,6.7682166,7.090909,8.267843,11.455035,8.630018,8.656484,9.889341,13.095691,13.570223,13.578501,12.809858,17.511864,9.231901,1.2105964,1.3168976,-1.9617682,4.7013483,13.955259,10.378747,16.67946,21.049568,15.239645,18.654526,12.016372,10.654179,10.4284725,2.744361,-6.231387,-8.7436905,-10.016256,-19.116991,-25.73964,-21.898886,-16.658432,-9.555687,-8.066504,-15.22599,-19.29496,-18.254692,-16.534206,-15.92001,-9.98628,-11.432056,-15.907578,-0.777158,1.0085433,-0.8711268,-2.392198,0.507712,3.9398842,3.7924492,6.2225637,9.733822,4.872983,3.7913642,4.110503,2.6797853,2.8669147,5.575877,9.169745,10.968393,9.488433,6.731157,6.5663404,8.281481,10.515808,11.156911,5.9179835,1.7539644,3.1822405,3.5037913,4.6355553,-2.7681699,-5.7164955,-4.611565,-7.5075455,-6.6454854,-0.06883614,2.3319216,4.922264,1.5196908,3.5615501,7.193824,6.2235823,5.6149435,3.5142093,2.5377896,5.8885765,3.1397202,-0.28519025,5.786677,4.1108103,-1.348211,-1.3609695,4.9715724,1.5570842,-9.001359,-15.240131,-16.882896,-9.197895,-12.816836,-10.859894,-6.0769124,-2.1766102,-5.828248,-4.1640058,1.1302946,6.317688,6.1910553,3.9336472,-0.5081823,-2.4098208,-0.25344867,-2.1601095,-1.1418269,-0.29631782,-7.5294895,-8.153734,-7.986805,-2.1974983,-0.25524735,-2.904373,-1.564556,-5.5086846,-4.0534954,-1.1693647,3.3358881,-0.19665873,-0.62251127,0.99188775,6.4373293,2.4308534,3.849824,2.6573026,-1.4798323,-3.5905366,5.26706,5.4065275,1.7429383,2.503461,3.2212462,3.597348,2.3795016,-1.3067834,-2.8383665,0.83520657,1.7081002,-1.4120688,-4.2722726,-4.6912446,-4.7994814,-5.014667,-3.7006571,-3.2530136,-5.8417797,-3.1638892,3.9595358,4.9169927,1.5812132,4.7817826,5.142478,2.5318372,1.9811952,9.576418,5.1141043,0.79365814,1.2966554,0.9291638,4.804434,9.860834,4.3246427,-1.8265176,1.8699265,-3.8550575,-6.711265,-6.083965,-3.0401683,-1.1908809,0.47395802,8.83149,9.794897,4.3409348,6.025856,11.697209,15.077652,18.4937,16.292349,16.311195,17.759968,18.028675,20.922337,18.400648,18.605865,20.231005,19.246689,12.285256,-2.4782193,-1.0886812,-1.7769954,1.1857257,2.1184273,-4.0250945,1.0902699,5.7757506,-0.60846126,2.9446235,4.692809,1.4393349,4.4595294,6.620062,6.793239,6.701835,5.578627,4.157402,0.5368701,-1.6199555,7.2734113,15.296606,20.636522,18.897438,11.093228,7.92119,3.3210702,-1.3348825,1.3897355,1.9404881,0.12808275,-2.2461505,-3.4833622,-9.118209,-9.518401,-8.449381,-4.4203196,-0.8864703,2.5275095,-0.25748563,6.9747944,6.282489,5.174368,7.6975994,7.7584014,4.669388,-1.2201684,-2.812322,-4.883064,-2.89004,-0.7547387,-4.048668,-7.404143,-5.210818,1.8204628,-3.5301712,-1.0694689,1.4927688,-1.4896746,0.17562175,-0.9330667,-1.1390147,-1.4255393,-0.400859,-1.3603258,-0.08017871,1.5358784,-0.6032783,-5.3923864,2.1606905,8.7117195,4.0877733,7.285317,18.298908,18.402546,15.6449,2.8920197,-10.755861,-9.340345,-3.6541567,0.14956671,2.8371959,4.63847,1.5311038,1.2448528,-5.029487,-0.17729115,-0.06399083,-2.7905881,-5.9397554,-10.492437,-12.252941,-12.754742,-12.583208,-12.702431,-13.428582,-13.117273,-11.571965,-13.127339,-13.623422,-17.651155,-20.507004,-18.483273,-17.636215,-21.270576,-19.79067,-18.364342,-20.21192,-17.453606,-13.798269,-11.194537,-10.883152,-10.48359,-12.635487,-9.107708,-14.080875,-14.314321,-3.973176,0.3130627,-7.147361,-1.8376493,4.0198646,0.3934374,2.6690445,5.152684,1.9708664,3.2370458,-2.7429142,-6.8836293,-4.217149,-3.4483755,0.74994695,-0.92456675,2.1908588,-3.3355994,-4.081315,-6.687832,-10.607201,-8.84359,-10.150728,-9.651964,-11.777443,-14.180158,-11.432207,-10.874324,-9.817148,-11.295893,-7.4458838,-4.9353848,-7.8827353,-5.8251963,-6.260543,-7.3506465,-3.1794827,-0.13636309,-6.8979354,-6.4761987,-4.1432323,-4.9069347,-6.3278503,-4.6169634,-3.0474193,3.8084457,4.304014,-0.24527681,2.2352045,0.25524676,-0.7246008,-7.9523153,-6.6916075,3.7518845,3.114692,2.84994,1.179809,-0.35034028,2.5479472,5.1849775,2.8270044,-0.3582428,1.2727883,3.9533157,6.2613726,11.67361,13.325605,8.787333,7.5295115,6.6521835,4.37236,6.6161976,13.194786,9.22919,7.1213703,9.758155,9.568182,9.233793,9.263676,12.37915,21.626038,17.521503,16.466991,13.000693,3.1853902,-8.158049,-12.914153,-0.49720025,5.3068004,7.0986557,6.0223017,-1.3304605,-4.6102147,-3.1489081,2.5652525,1.8317807,1.7611411,4.390571,3.4958382,-1.641329,0.492324,4.0287843,9.783862,5.686811,7.7087398,5.006729,3.1809716,11.486358,11.1935005,5.317623,4.689893,1.5171202,4.3339195,0.4214384,5.883469,11.186163,6.5956287,4.3987875,2.8402004,0.78001297,5.9774547,1.9380902,-2.2408266,1.4810336,0.14066789,-2.2841885,0.15494025,0.5674366,3.2599888,6.32191,12.257784,16.951416,13.39183,8.200956,6.5743084,0.95461017,1.3834716,0.69921064,-4.656797,-8.678607,-4.690854,-5.247345,-2.0711932,7.3387637,8.510559,5.028734,5.1686344,5.56001,5.917407,4.8847466,8.072958,12.862978,7.8960896,5.5945215,1.9065245,-1.4483995,-1.2094321,2.3393776,10.763016,10.731859,7.1665573,0.7854666,-2.9481525,-7.467243,-6.706911,-0.9456805,4.8920813,6.7489223,3.4531803,2.6398559,7.1305804,7.274989,10.076,5.4851007,7.23148,8.197648,9.692898,14.31578,10.391094,9.260225,8.809181,6.4971952,6.257061,5.093758,-1.763854,-3.217314,-2.9812198,-7.1545753,-6.082096,-1.1203904,-2.68117,0.2707323,3.5829268,8.386099,9.318827,6.188876,6.383767,10.666481,7.150098,2.656055,3.886429,1.033247,0.95748746,4.4521494,10.158085,11.224246,12.224502,11.666607,13.393801,6.521813,2.0761912,-1.6273607,2.155169,5.300706,9.935153,9.74751,8.604743,10.215212,10.374,9.381293,5.7709494,8.42598,5.2524266,-2.3901086,2.0952463,7.4875765,9.760619,8.769091,10.936651,13.215209,14.151428,12.485782,7.899666,9.134733,8.405451,5.6260605,1.606466,1.4866868,-3.1150708,0.6537041,3.2408962,5.3894916,6.1417694,4.242033,4.166512,1.2898355,2.5066977,5.4734993,8.806014,7.900505,7.8468294,7.0177054,8.093555,11.29525,7.4824457,7.279693,5.5987926,4.821476,8.926495,4.355771,-1.0296433,5.8022013,10.47499,14.56514,12.643902,10.23414,12.025072,10.125736,13.229995,18.867418,21.348154,19.102314,20.556404,21.904552,21.318247,17.725292,7.432997,6.487689,5.855355,8.353691,15.073226,10.105642,7.5847816,10.384761,5.7324743,0.8628216,-2.240063,-4.6311827,-7.3990088,-8.854936,-0.82152605,4.0879564,4.9741583,5.1972094,7.4761515,5.7931066,3.569025,9.906341,9.398183,5.9894085,16.892532,17.273518,19.0112,20.38604,13.94577,7.5140047,15.079561,12.830899,11.015705,14.2912245,11.824852,13.911156,13.354113,12.1100445,11.531992,8.750154,7.3794346,12.059597,11.623131,5.8007083,7.644291,8.583539,4.0373516,4.99333,4.0515976,4.859159,3.9739456,3.6886663,5.9726677,7.6762066,14.553926,13.841962,9.084066,14.333282,6.871566,1.5810037,-4.010302,-8.00785,-9.8804865,-10.588515,0.1717338,3.359926,3.4459734,-0.58928716,-0.07377374,6.8764505,9.857313,4.6406975,1.4922043,3.9829216,6.674147,6.009184,10.66317,16.291023,15.554338,11.149305,10.211484,6.2014093,-0.57182735,-4.107607,-1.1984231,8.107496,10.357542,3.8971887,0.54109454,2.8846521,3.445665,1.8293054,3.6533346,5.377906,4.5681286,4.442054,7.2250757,9.187935,3.869085,6.2244954,15.619256,20.758995,20.359325,16.673132,17.09696,9.428476,5.362789,13.178989,4.8752184,-1.5580986,-5.5748224,-6.143339,-0.6997894,-1.5067976,2.738484,10.752401,13.712546,13.59486,14.034756,17.465311,10.314597,-2.861462,-4.701725,-0.3596397,0.44521207,6.4318533,13.018316,15.227684,7.103126,6.275787,7.015876,5.9057274,8.678658,3.80409,2.2103992,8.394083,5.441785,0.9799627,-0.9884003,-1.8690491,-5.88291,-9.872291,-11.156004,-7.65002,-0.92031115,1.4082873,8.047542,9.463714,12.849458,16.441874,21.782043,20.831806,16.885899,14.452385,10.99609,11.958723,15.766182,7.572714,2.488395,2.735105,1.3537341,0.21172947,-4.561386,-5.5507765,-5.815487,-4.759474,-5.4383492,-5.7878027,-3.9304538,-0.17303011,3.0806055,3.0016856,-3.8403783,-8.419754,-5.137231,5.786929,10.493828,9.056923,7.740871,12.871365,11.374228,7.8994994,-3.6693077,-10.246868,1.560718,1.5355974,-3.2066169,-3.5291128,-6.489907,-4.4104104,-6.1480246,-6.205005,-8.991295,-9.762178,-8.880078,-7.1076183,-11.424524,-10.17042,-2.954735,1.818851,-1.0775423,-2.1312902,-5.079035,-1.2080725,2.668686,3.2758286,1.5651425,-10.791134,-15.64751,-13.004922,-13.560803,-11.665076,-5.9180813,0.7637469,1.0040941,2.124172,-1.0990559,5.616944,12.091397,16.989006,12.896754,7.7005463,0.2911366,0.23973207,7.1082397,17.239119,15.326613,10.619593,12.039396,11.598354,13.292657,14.92746,11.421004,2.9291534,0.73602486,2.6021948,5.7167635,-0.66446155,-4.3022947,-10.390923,-17.211624,-18.480942,-16.124905,-17.718689,-16.842655,-19.459988,-21.005512,-17.378944,-8.190127,1.7265637,4.1617546,5.6393776,0.12551785,0.38552633,-0.8901812,2.5986009,1.676101,2.3147054,3.0648532,-4.788928,-11.725973,-13.008108,-8.102482,0.43115324,-2.6795118,-5.7262554,-1.6593034,0.95854485,-5.21359,-5.5614705,1.2207712,-2.9418826,-7.723824,-7.642235,-3.8558834,1.6313132,3.9194174,0.6223005,0.119637966,4.071205,6.886012,5.2859826,0.9929265,-4.0661974,0.98621535,-0.44843206,-1.168804,1.6405752,3.8352354,2.8828938,1.5556475,0.41336846,-0.21684957,-2.5847826,-2.7860665,0.83692884,4.5820894,1.1293323,0.33771038,-3.2247198,-10.533331,-14.922483,-16.931675,-14.209842,-12.489403,-7.79995,-13.130663,-15.654758,-15.625832,-10.383314,-8.240492,-12.051652,-11.275032,-0.8984195,0.83884186,2.0913124,5.286182,12.953222,9.263023,9.124773,10.387135,3.9988139,3.0653255,4.270343,5.841652,11.269426,10.616801,14.616858,16.354748,9.829454,8.646542,6.7854013,8.906797,11.951226,11.338299,9.581962,7.65082,8.815815,6.92027,7.167446,3.4141126,1.9322253,5.296145,3.6769779,4.276099,1.3596165,-3.6513145,1.3654652,8.828229,10.165657,8.435091,11.699963,8.1166935,7.0732346,7.343645,7.8750463,-2.7715278,-3.2475996,-1.3436158,1.641672,8.310301,9.276926,5.878742,4.7617674,4.919346,1.3712857,1.2472088,1.6669328,5.0000634,4.7944975,4.0419083,7.570344,7.990379,2.980813,2.275063,4.4193554,2.9224174,4.19666,10.595545,12.023389,5.489209,3.6557012,5.9438686,0.63233745,0.9359784,4.627712,6.0853453,4.6451807,2.9095743,6.67823,8.869116,9.616177,15.197836,19.646126,22.853054,22.49512,23.303352,22.869123,18.36052,17.08086,17.308336,16.233149,16.667793,17.871061,12.397928,4.74197,-6.527634,-9.962957,-5.701935,0.9939083,-3.6810465,-3.0737402,6.0976324,7.296896,4.645501,7.1340613,7.316141,9.634064,12.260317,19.49868,16.347712,2.6640313,0.5389856,7.2083254,13.853553,11.207915,10.625725,6.4107614,5.1451216,7.12428,10.152289,11.990335,7.8239512,2.6539493,1.4519258,4.5699964,2.6860414,-2.1735864,-1.1457086,-1.9097319,-6.090826,-8.39457,-7.34337,-3.7988472,-1.0959809,0.4237253,5.290382,4.2075377,7.48341,3.6031668,1.0780336,1.3248355,0.6999024,5.154066,-0.104059935,0.45445132,0.86861634,1.418894,1.2202663,4.0667453,3.8739593,-0.8595979,-1.7602158,-0.639583,-0.9572499,-1.876372,-1.7685455,-3.0174618,4.6353474,2.0998707,3.173874,9.255467,7.316915,1.1846778,1.8116539,7.389115,10.058292,12.439512,14.536175,9.738407,0.622071,-5.1881495,-4.718564,-1.7591171,1.9306166,0.4480276,-2.6298199,-4.698739,-5.1179504,-5.4126554,-0.07711601,-0.916064,-2.7172532,-3.8215165,-8.567117,-14.382799,-17.787903,-16.688751,-9.98297,-7.743719,-11.602642,-11.208537,-11.704657,-18.35155,-20.549171,-19.797338,-13.7322445,-15.597223,-18.722467,-18.02048,-18.916351,-17.454227,-21.70872,-25.452057,-16.654423,-8.648359,-10.228695,-13.456507,-3.6443126,-6.528285,-8.015215,-8.985096,-1.8653396,3.5259366,11.372937,19.509754,20.218452,12.767546,5.014787,4.7266765,11.461483,15.92737,-0.16286013,-4.971824,-1.6834538,3.8958168,4.806739,4.60725,1.7448733,-6.072748,-13.141966,-12.294973,-13.081694,-11.997607,-7.9716287,-8.130334,-3.7108722,1.361233,3.6145017,7.7973557,1.2557759,-3.130374,-3.659569,1.8563833,0.9427956,-4.7818985,-9.433544,-9.609327,-4.635353,1.3422469,-2.818822,-4.536625,-0.61008996,1.9086592,4.102996,8.825373,4.3181734,4.8991857,8.372952,6.302581,1.6235348,0.1815322,4.9714174,6.458119,10.42304,13.377939,12.710302,16.864843,15.49983,9.508677,2.4687133,3.8883348,7.146627,9.316666,10.075151,8.276112,10.854648,10.435162,9.505975,11.647284,11.922413,11.8601055,6.787685,11.802394,17.51318,16.131317,17.70947,15.347926,14.688418,14.804924,11.086119,13.544679,16.892212,15.881561,1.2688061,-2.3293083,-3.4664834,-1.8239284,-2.267783,-1.0078671,1.0389773,-0.68911916,8.096778,13.227053,10.732895,10.73025,12.649917,10.768501,6.9656215,4.475401,9.703343,12.768113,9.722754,9.527975,9.17444,10.408907,7.0516434,10.032262,10.719172,10.757048,5.601192,1.0851417,8.150957,10.753905,11.246717,10.042944,3.5394175,-2.1693609,-7.9725695,-1.4917331,6.95014,6.8639007,8.582855,3.9899604,4.8176703,2.5784116,1.9026395,7.8604293,10.832362,11.184742,12.12525,9.359808,11.912989,18.551758,16.262093,11.210297,-7.4944572,-14.869331,-12.222374,-6.802615,-1.7499516,5.7096786,6.5040526,4.4972987,3.7001843,12.253921,12.958468,11.6722,13.910615,10.702207,5.4284463,6.3298,8.101448,7.2961826,7.9197583,4.474699,5.422382,5.446061,5.3348293,-0.35911518,-0.024626836,3.1288595,3.3335023,-2.5737662,-2.854107,-0.29730955,0.10978627,-1.5117208,-1.5237558,2.29138,3.850047,2.9683611,6.0156884,11.861962,8.130332,4.6921415,6.9693675,0.6586032,-3.0823066,-8.865564,-4.904413,0.56199753,-4.203255,-3.4983592,-2.5107586,-3.670484,-3.137766,-5.4273105,-6.4962068,-4.1575136,-1.906955,-0.8003627,0.31229243,-0.3281784,-0.62320197,2.4932127,7.763399,4.5154896,2.7779531,-3.1726236,-1.0664399,3.6898363,3.385973,4.518694,-1.0992453,0.06265277,5.2257986,1.7505267,1.2208841,2.0429845,4.239765,3.9940605,5.8211555,11.262605,11.64838,13.0927105,10.609907,5.582729,4.579253,3.6390646,6.500828,9.152185,7.945114,0.62597346,2.9968429,4.260533,5.672971,5.5942326,6.0575423,9.555334,14.240957,12.710918,4.5952816,-3.6107574,-9.929661,-12.808317,-14.998033,-13.27441,-9.7015705,-3.8531418,-3.2268538,-0.5970444,1.5490099,1.4769615,1.4857552,0.95598406,4.2218065,2.912751,5.2807837,-0.077049494,1.8677095,4.7552557,3.0363433,0.08508907,0.3994217,6.3817687,4.819201,-1.7910788,-6.0913563,-0.9061371,3.5464644,11.462379,10.941744,11.517735,10.114014,8.188336,8.7258835,5.970028,4.3969593,5.810441,8.5313835,4.3381996,8.863791,12.764976,9.775143,5.753322,11.070084,7.993798,-6.946967,-5.0456357,-2.3181062,1.0887215,0.908823,5.5685167,4.7414913,-0.83277595,-1.915384,-4.640902,-4.7786083,-4.3584223,1.6447897,-0.21060944,-3.808879,1.0530546,0.6904205,-0.17719975,4.062143,9.799074,9.173486,11.029158,13.112714,14.446463,13.166151,12.002533,10.493317,10.199202,7.035342,6.030258,9.477449,12.274776,8.107448,8.369095,7.315258,8.836183,14.1499,14.406879,10.378957,12.5171585,17.757774,18.772598,14.427216,9.747471,10.013304,8.389923,8.856877,12.962367,15.1821995,15.200136,12.123045,9.214793,8.359399,7.307009,5.8081546,10.685324,12.5404,17.193287,26.115755,22.747734,22.927599,21.872456,18.345463,17.380795,14.584315,21.928562,17.704346,20.756636,18.935802,17.689583,11.241098,8.557629,10.044067,13.960072,2.6165624,4.14227,9.538186,4.373479,5.123869,8.622725,7.552757,-0.84319615,-3.4825857,0.17264974,1.1144408,-5.3887043,-8.326527,-14.557926,-14.176806,-4.841362,1.2298896,7.54295,6.0333605,1.2531459,-1.9200383,-2.4802802,-4.3433676,-2.0837126,-3.1784396,-6.3191385,-7.641946,-6.9455123,-7.9770775,-6.095754,-4.786812,-0.34986907,0.72362787,-4.8752174,-1.5187953,-4.5672536,-2.8306181,-0.006799221,-3.9516153,-7.6935654,-9.571877,-10.663735,-14.209568,-27.15873,-32.994366,-32.87821,-25.321678,-23.783606,-23.301382,-21.460983,-25.42862,-18.863045,-12.789345,-8.83519,-8.893639,-7.311187,-6.2857203,-4.6261826,-2.0062668,-3.0777483,-4.0709863,-6.8090177,-15.841564,-18.318808,-9.826355,-7.1902847,-7.200303,-5.0394583,-0.33672667,-5.695829,-8.995799,-4.905788,-2.5666163,-2.9157753,-9.392667,-9.370587,-2.714611,2.7516737,1.2392261,-4.872162,-10.350366,-6.8848553,-1.5839789,-3.173509,-5.963491,-4.701247,-3.2981935,-8.853884,-10.18343,-12.2347765,-12.044861,-14.144071,-18.982723,-26.031158,-24.29472,-20.05311,-15.963182,-10.835996,-12.00708,-17.221994,-24.756851,-23.564842,-18.525436,-10.09459,-0.4865284,2.3562965,0.20967126,-2.6604505,-1.892434,-7.113413,-11.393935,-14.630123,-15.804995,-19.944405,-20.32238,-15.565161,-11.795409,-6.364744,-7.5031195,-9.764346,-5.4452868,-3.0758836,1.110259,-2.151465,-6.3944345,-12.673435,-14.324769,-11.872812,-13.499439,-10.657916,-3.4283094,-3.9928365,-5.488556,-4.48879,-5.6223745,-9.367968,-8.365481,-5.1966224,-1.8769574,-5.7193766,-5.655004,-0.55510056,-1.8563796,-7.3648176,-7.291595,-9.454241,-15.449371,-20.098328,-20.843925,-23.800426,-26.910088,-27.848663,-21.126392,-15.10261,-13.843357,-10.403966,-3.537344,-1.8897012,-0.17007828,-0.2608354,0.15137625,1.8961,0.6830628,-2.9168003,2.234266,5.6355076,0.8252516,0.6844573,-4.1132383,-8.988819,-8.940147,-9.401698,-7.650279,-5.9105806,-6.407912,-6.4140644,-3.984714,-2.8954444,-1.9488169,-6.228679,-4.1169596,1.6020566,0.39259857,-5.0391192,-3.2691689,-4.212867,-1.4052004,-2.3307154,-9.800728,-10.183564,-7.8031054,-8.142738,-14.516459,-16.22166,-11.550064,-7.649865,-7.441377,-13.1841135,-11.512257,-13.109247,-9.048019,-1.2186162,4.5289316,0.6519636,-3.895457,0.8393163,4.333724,-3.81469,-1.2881521,-0.43079168,-5.211656,-10.700663,-9.661976,-13.446811,-19.37726,-14.523733,-10.245594,-5.301344,-1.4807947,-0.24514699,1.4980252,0.3138016,-3.635691,-2.529434,-5.5086985,-8.750494,-8.327071,-11.672291,-14.499252,-14.503561,-15.744928,-9.857836,-14.7971115,-15.544074,-15.775947,-12.005443,-7.619054,-8.924695,-10.95863,-13.858338,-20.745596,-22.464428,-24.739967,-20.85785,-19.718586,-18.095518,-20.627014,-21.165321,-21.090954,-16.91092,-13.723357,-9.023901,-3.3158755,0.6481867,2.354652,-1.5665358,-1.9337986,-1.3088402,1.3302789,-3.4583147,-8.201998,-5.0412903,2.868412,3.8788605,8.806162,11.606168,4.972721,3.8579047,4.427126,2.867772,1.9453307,-0.9047158,-3.481958,-1.6248783,-4.4503593,-6.661949,-3.3367214,-6.2341514,-9.901506,-11.720226,-7.3551164,-6.21173,-10.451857,-13.157265,-17.880383,-14.700037,-16.085173,-17.530516,-12.287038,-7.618408,-3.0633209,-0.8763101,-0.64602023,-1.7746575,-6.436325,-8.666868,-3.5646987,-1.1105279,-0.6871052,0.5926607,-1.2133979,-1.7639616,-0.48755965,1.6884537,6.342869,7.8690376,5.3586264,-0.31069872,-4.5819798,-7.009972,-9.209415,-6.4807615,2.764915,-0.9025988,3.6105661,9.808958,6.260304,4.3585844,5.618694,0.9730012,-5.2283316,-6.456561,-6.6655245,-11.966395,-6.9027643,-2.8764744,-2.0113015,-3.1451464,-4.950913,-3.2429292,-3.0429611,-0.091347426,-0.9025715,-3.750009,-3.5525963,-3.8601465,-3.2908254,-4.6678,-5.208531,-2.3852212,3.4540272,5.0695233,0.77470005,-2.4058073,0.97237474,-3.0177922,-5.7141666,-5.9945407,-0.4479267,3.9005256,2.165506,5.512118,5.096776,3.090248,4.9711237,1.0392299,3.485118,8.91674,9.892494,8.570273,3.490816,1.1292517,3.7198222,2.3257308,-0.37022895,-4.95271,-5.739654,-0.939832,0.26497367,0.7636261,0.2918378,-1.4382055,0.059812985,3.1825376,3.7994757,8.017138,9.821259,9.672619,8.304514,9.2488575,4.1372657,2.9828045,10.017074,8.65576,8.2731285,6.4384413,15.975792,16.643852,11.844031,9.299673,9.028358,6.274268,-2.2127495,-4.3856196,0.42855203,0.24891986,6.829171,13.708405,7.0422897,0.94526255,4.7544346,2.285451,0.038826674,-4.0854435,-13.974372,-21.725248,-17.00698,-10.922033,-12.234189,-9.781373,-6.9660826,-4.8032346,2.7554326,7.724597,0.839081,-6.664424,-11.606438,-13.075539,-8.348163,-11.622909,-14.899565,-11.352819,-12.970638,-14.635173,-17.624321,-20.756748,-20.94155,-20.513153,-18.82726,-19.593258,-14.551605,-11.097359,-16.905476,-21.956137,-23.779022,-24.043541,-20.05716,-21.884298,-21.041998,-16.951618,-16.367554,-12.91164,-16.799332,-23.573914,-19.983952,-18.709469,-12.652609,-7.45965,-7.4734774,-8.153997,-4.475313,-3.237093,-6.3545046,-6.458253,-5.4590006,-6.1311827,-1.7950171,-2.6544058,-8.246626,-3.2401476,3.1669893,2.8235536,-2.284403,0.49323535,-3.6795325,-1.8740323,0.7305397,-2.8502479,-4.5467544,-6.065336,-10.556644,-8.147545,-3.357254,-3.8535457,-7.8242846,-9.511691,-4.576718,-5.2448845,-6.039507,-5.367635,-4.035365,-8.622559,-18.54954,-17.735956,-14.231436,-13.612736,-14.71558,-9.434526,-6.809814,-6.5387707,-8.184188,-16.790524,-22.230541,-19.355522,-15.374938,-8.548354,-3.5538335,0.13724601,2.0878115,-0.50992966,-2.2766273,-7.206894,-14.116079,-13.126833,-11.40756,-4.7960443,-0.35668826,-2.6215935,-4.2678566,-3.9826007,-1.2362292,-2.2978466,0.8818127,-0.4206202,-4.7669597,-9.05246,-17.580708,-20.531368,-14.725163,-17.310127,-23.188047,-19.919666,-11.895607,-8.193248,-11.196615,-12.619389,-11.471361,-11.705347,-10.804256,-14.988963,-10.973286,-7.4254055,-1.420898,-7.4598827,-9.7817135,-9.645056,-11.374992,-11.1145115,-14.180711,-18.687698,-25.798206,-24.457859,-17.736921,-8.28059,-4.380454,-2.54644,-7.0493374,-9.056352,-6.483552,-3.071354,1.6524389,-2.7403114,-4.3991737,-3.0356126,0.86952925,-1.6507478,-4.0189943,-1.0493772,0.19114172,-6.1187577,-5.4029045,-2.7795765,-1.7315485,-2.9653215,-3.4559603,-2.4082403,-8.185777,-5.4272146,-2.7211447,0.75720364,3.476595,-1.4576619,-5.6446114,-3.853373,-2.3567936,-3.6679225,-0.23379898,-2.7210748,-7.103129,-3.2351213,0.8535274,-5.196918,-10.377386,-5.926858,-8.176405,-5.004692,0.14728284,-0.7648832,0.11319758,-2.3987072,-1.1455466,3.7272067,9.651658,5.7365117,1.1833731,-4.3576813,-10.202893,-10.304833,-7.5434847,-6.051322,-6.941186,-18.717377,-17.368748,-11.010366,-6.490947,-2.1792839,-4.7286954,-4.950992,-6.6496453,-9.180798,-14.949578,-14.589792,-10.053427,-11.029289,-13.347309,-12.532395,-13.053438,-14.952558,-19.253395,-16.07124,-11.589349,-12.940849,-13.87689,-13.627264,-9.856585,-9.701384,-8.555689,-12.888075,-22.519299,-24.560764,-24.114815,-14.517504,-10.512613,-9.76626,-11.501372,-17.027704,-15.969189,-16.140236,-11.964813,-12.504412,-4.299548,-0.9681799,1.5122083,-0.85961,-3.7101169,-0.13476497,-0.91085464,-4.9273677,-12.89299,-25.573462,-18.411015,-9.911495,-5.2577796,-4.5621467,-6.1654034,-8.538565,-5.2438946,-7.6020627,-10.130825,-9.203539,-3.184921,-4.840841,-8.88978,-4.9927216,-2.51625,-8.393037,-7.797287,-5.6381645,-8.188534,-7.6643767,-6.6379266,-8.296377,-8.005738,-10.574879,-8.85109,0.097749814,3.9324932,0.28665307,3.166668,6.305987,4.198743,8.110311,14.276543,9.758455,-0.4205413,-1.369091,0.042126417,-0.29656047,1.8163949,1.3561077,1.7593398,1.881784,1.9045587,2.749141,5.3367066,0.6380849,-8.421179,-6.5093646,-6.1602106,-8.120632,-13.561575,-11.467909,-4.3187475,-0.9516901,1.1559064,2.6544876,0.012774011,-6.202196,-7.6097565,-9.577107,-5.7684307,-4.6068964,-9.486385,-11.008848,-7.140807,-4.340951,-5.507741,-6.519332,-6.328455,-7.419448,-6.4237175,-0.16642922,2.3621044,-3.575782,-9.365559,-10.485756,-4.8581004,-0.47491342,-0.96188307,-5.248328,-1.6083627,1.5024292,-2.6069736,-8.697923,-6.051305,1.2036734,1.9966942,3.3471522,6.416402,1.5340987,4.353569,4.6765122,1.6145253,5.1390567,0.47352633,3.3279157,6.4133763,7.6841693,10.41496,2.778737,-0.766844,-1.655701,-2.5533104,-3.7522275,-0.2276602,5.5180936,5.003619,5.8130417,-0.46439445,-4.280964,-2.5935016,0.30940163,-2.7347198,-1.6941284,4.3591332,5.3751163,4.9128275,5.7569733,5.5990667,9.612048,10.471012,9.621205,0.35187012,-3.3528118,-2.3461864,1.1770371,0.64783615,-2.0064013,3.681397,8.607144,8.719606,8.899692,4.627299,-4.0504217,-7.4811583,-3.6522408,-7.3045826,-2.9743629,4.143544,5.65987,3.1544628,2.438139,-2.4808886,-2.3846176,-0.7545475,-4.5253534,-7.339788,-4.365768,-9.039074,-7.7281885,-2.997658,-2.5906987,-1.6816986,-4.323346,-11.172018,-12.71638,-15.973762,-17.198837,-12.696566,-16.263939,-19.031494,-17.979841,-18.507719,-19.161858,-16.532606,-6.8538322,-6.0736256,-14.393555,-16.850422,-22.727657,-23.963007,-17.768717,-14.360305,-16.326721,-20.505676,-20.402508,-19.303352,-20.79726,-23.922155,-17.606289,-13.402426,-11.4871645,-8.353481,-6.4809194,-8.261919,-11.494035,-9.847157,-7.4461393,-12.100689,-14.123504,-19.459816,-18.343985,-16.410849,-17.795155,-15.377815,-10.637148,-6.1169477,-10.676073,-11.194241,-5.1226797,-5.575101,-8.525276,-10.187005,-6.13054,-4.226395,-3.1899683,-4.7915754,-7.6001625,-14.951187,-11.363375,-8.948441,-12.81698,-11.526878,-5.675793,-8.266752,-9.914728,-8.731183,-8.815258,-12.169178,-11.231371,-7.735305,-14.228137,-14.864468,-12.839901,-10.207403,-11.076735,-12.229668,-12.168608,-18.70987,-19.376167,-14.350588,-8.573846,-15.29636,-19.350666,-17.582832,-12.276169,-5.198992,-7.614146,-5.2390795,-5.026021,-8.830765,-13.245871,-14.337564,-11.607294,-8.652927,-9.34983,-7.911187,-8.4247055,-9.96694,-8.802452,-3.6064856,-4.5255976,-11.073519,-13.288162,-14.731266,-14.474913,-13.8971815,-14.610449,-10.010945,-8.419556,-12.884796,-7.075841,-1.8287349,2.9114904,1.4781122,3.7682798,2.3792357,-1.4704828,-5.2763147,-0.58248675,-3.427177,-8.58715,-11.225681,-10.002401,-10.194338,-5.038789,-6.4434047,-8.091053,-1.0635748,5.341757,3.727383,-1.4891315,3.9222689,4.647436,-0.70149386,-2.0580285,-5.164299,-8.682085,-7.3647895,-12.7306595,-10.303275,-10.761723,-10.580366,-6.466526,0.36107343,1.8059301,-2.310831,-4.3064795,-3.4291568,-5.533163,-7.195341,-7.1783743,-9.424234,-13.735626,-14.464636,-14.291477,-9.943422,-5.0922866,-6.6183863,-5.413726,-10.479214,-9.104704,-9.283679,-8.126279,-3.338807,-8.262208,-15.390215,-15.009113,-9.772348,-7.641676,-6.437193,-6.123691,-4.7693315,-3.4545128,-4.7688656,-11.91362,-9.738621,-11.499365,-9.404728,-4.935474,-3.3904357,-1.5831422,-6.7784133,-12.797266,-12.508049,-12.022073,-6.916589,-7.088742,-2.8612566,0.9790267,-8.239544,-11.569742,-11.297073,-10.56415,-10.750668,-8.220514,-4.831642,-5.010518,-9.967594,-9.204723,-6.624712,-6.151585,-7.242566,-10.272438,-10.549627,-10.549136,-10.891623,-8.646597,-12.040769,-9.270522,-8.6346,-7.135009,-0.6481532,-2.6300626,-6.051502,-10.937492,-16.8838,-17.29538,-19.088589,-13.566639,-8.715269,-18.37023,-19.44994,-13.355854,-13.131039,-11.175532,-16.908092,-14.455444,-4.266699,-1.5419099,-4.3582263,-7.8632097,-0.8551407,-1.5693078,-10.775543,-15.893541,-9.081341,-9.5534115,-9.89477,-12.14695,-13.323454,-19.516079,-17.162666,-12.650021,-10.831786,-7.859543,-0.66986376,2.2472491,-0.84143126,2.5596857,-0.050740123,-4.1391807,-3.4343421,-1.8533567,2.0946202,-3.4938602,-6.554182,-3.7290354,-1.8386176,-4.077136,-1.5897857,-1.3432198,-13.263335,-19.142742,-22.919186,-19.59694,-11.956324,-8.967209,-12.408688,-14.321308,-6.5666046,-5.334568,-5.419135,-2.9953046,-1.197162,-6.436166,-6.160368,-6.643348,-4.815271,1.8143001,2.242335,-4.480104,-6.171803,-3.377384,-2.0256147,-2.525462,-3.4828916,-5.8319297,-2.307826,2.4708295,0.9370086,2.366182,2.7130296,-1.2825131,1.1584686,5.196103,7.274375,5.4036665,-0.56260705,-5.560912,-11.64872,-13.696098,-8.595351,-4.71218,-1.5854247,-2.7479234,6.075903,8.533012,-0.90162927,4.2060905,16.378254,12.313761,-0.37675244,-7.132405,-2.8458467,-5.9913187,-9.625198,-9.446734,-8.543706,-1.35261,2.7955317,-3.2924688,-4.6864643,-1.8072658,0.13879931,3.343464,7.0217996,5.8218184,3.1332388,1.94321,4.237112,3.8946452,-4.118228,-1.9807727,5.0606713,6.0659723,0.38511956,3.1384308,3.68151,3.1964288,6.279499,6.882033,12.20089,10.01733,4.578301,-2.0861952,-9.251835,-5.6444883,9.495541,16.72741,9.88446,7.4387665,4.610359,12.418625,16.138668,11.853418,11.943379,18.42752,13.919055,11.5279045,10.456902,8.085589,13.602976,13.353552,14.453566,14.264408,11.799454,13.356678,1.7066228,0.30137753,3.7477076,4.4182863,2.6360188,0.4307932,-4.619749,-10.707508,-16.040527,-15.751749,-15.504429,-8.658434,-8.149466,-12.153864,-12.061073,-7.686004,-3.6100593,1.882046,-0.8092507,-2.8352733,-2.84446,-9.075859,-11.123383,-12.994741,-16.720654,-23.408983,-18.573418,-9.236374,-5.25259,-6.336596,-13.804335,-12.779189,-11.378688,-8.245721,-7.821669,-10.716545,-9.501436,-5.8406444,-8.298895,-7.9522824,-10.176991,-16.959335,-21.940731,-19.827595,-15.162024,-10.35823,-9.557491,-7.7547545,-13.349726,-14.962687,-13.723314,-12.123971,-6.375167,-2.5541377,-3.1278367,-0.25133896,-2.2172515,-1.4670424,-0.9000846,-2.084476,-4.1912413,-7.0224295,-7.115117,-6.7757893,-7.965457,-2.4114468,-2.2465267,-7.58558,-7.5675297,-0.11815441,0.38282323,-2.6701753,0.20291138,0.44447035,3.1121278,8.702841,9.892512,13.636053,6.80494,-3.9783313,-3.7774577,2.4713464,7.241564,3.282041,-4.6747932,-4.165069,-2.4305048,0.087298036,-6.432952,-13.898034,-8.713951,-5.6999297,-8.803863,-10.705857,-16.792707,-21.210342,-14.034358,-12.246663,-12.088793,-13.316677,-10.056478,-8.308726,-2.7107668,-4.2413588,-3.5145895,1.831931,4.136954,2.6007602,1.9227146,0.9891262,2.1115768,-1.5713482,-4.799264,-2.757122,-5.6244173,-5.679837,-2.83171,-3.8676329,-0.40027577,0.35898057,-1.3925579,-3.3748314,-3.4106717,-1.9492748,-7.39585,-16.285854,-21.446978,-29.32542,-23.271515,-16.863138,-21.114733,-15.044033,-10.723572,-8.90664,-11.17588,-16.049332,-15.229036,-10.952784,-12.368111,-7.3305798,-4.496443,-7.24098,-3.807695,-3.9234731,-2.7492561,-4.3737435,-8.711996,-10.68546,-7.1670623,-4.178982,-4.6888914,-3.5502007,-5.4234242,-0.06933531,5.996061,9.62494,5.8717165,2.3562129,0.732342,3.2078733,3.0566003,-7.088374,-5.9713616,1.9208394,0.61374974,-4.408609,-3.8415132,-0.27742678,-3.1455278,-5.4539986,0.644444,1.1079614,-3.0396447,-3.6723557,-6.3048763,-8.738651,-9.813441,-10.491609,-7.931802,0.9954553,-3.7048683,-5.6461687,1.0199254,1.5371801,2.8404317,6.609437,1.666255,-5.662833,-7.8681664,-10.27907,-12.861161,-13.41741,-6.7002926,-10.276682,-10.688234,-5.733364,-5.826536,-5.6098547,-5.562562,-4.233164,-2.3221343,2.5072427,2.9823947,-3.2344868,-7.934353,-8.279188,-9.533823,-7.7241507,-9.004777,-10.161106,-10.670204,-10.070984,-7.993038,-13.807976,-12.851978,-11.983126,-11.883671,-10.050324,-13.888198,-6.955358,-5.4791937,-9.382951,-12.837798,-15.790358,-13.197749,-10.580989,-11.418657,-6.6662145,-5.433814,-8.484473,-10.305684,-10.63918,-4.511178,-3.8596933,-4.139471,-3.618481,-12.520681,-19.343298,-16.210232,-16.535809,-12.712403,-12.963297,-8.745415,-12.440533,-12.666604,-5.81173,-12.524023,-13.707833,-9.986614,-11.86931,-9.431849,-2.8074765,-11.996248,-12.132454,-6.003525,-3.6033692,-2.7542288,-10.408155,-8.802805,-9.811438,-15.730682,-16.150888,-15.057783,-10.002851,-12.32049,-15.370284,-15.854212,-10.566423,-6.176275,-4.1002703,-3.3467522,-8.1885805,-10.452341,-12.654147,-4.4143643,-1.046402,-1.2292606,-3.7206795,-9.362057,-7.948328,-8.433569,-8.0048275,-6.229294,-7.452594,-5.683707,-1.8261263,-1.9444227,-9.035877,-4.3566904,-9.945686,-10.126207,-0.9248197,3.4365396,0.43982324,-9.993189,-8.978236,-0.7439028,1.0531776,0.45510608,4.9910107,5.017747,4.1968555,-2.3079467,-6.076932,-6.536625,-7.408827,-8.698656,-12.176386,-13.1465645,-8.719139,0.044748664,2.6461337,3.338944,0.9519137,0.91635853,2.1052454,-2.3601172,-9.364524,-10.151981,-13.881399,-14.326297,-11.783436,-9.350334,-10.217216,-6.549959,1.7549993,5.13105,2.464987,2.1347578,-1.4127423,1.6857773,-10.28304,-9.288908,2.3733015,10.208334,10.331058,5.9005995,-3.9942527,-5.2530017,-0.11032008,4.3083878,7.8937263,5.3375397,6.0092173,7.851882,8.258278,7.835046,8.017583,10.943142,7.845865,1.5957997,3.9450097,6.7107515,-4.6611195,-3.5950708,2.7883224,3.6810987,7.0096607,9.328293,15.189056,17.496323,13.69462,9.290073,8.4153805,-1.6597213,-8.109711,-7.221601,-8.075483,-3.5620496,-3.5265923,6.67776,14.502987,13.733547,15.874018,12.586908,9.155424,17.92528,18.115376,14.119834,13.901206,16.850376,11.896252,3.9312372,15.45929,22.647223,23.023693,26.200935,11.466156,-0.4795212,1.9970565,4.817027,4.3335195,7.4888287,16.110146,21.639154,22.213163,22.284142,15.521947,13.0557995,15.263353,11.467585,10.804302,6.401641,1.9878199,-3.6779811,-2.0479405,-2.3883445,-4.2775235,0.7320494,-2.0369039,-1.8867252,-2.2169588,3.4704876,0.75940686,-4.67801,0.04434687,4.3863363,7.5367384,6.5619,5.273786,1.2144388,-0.24083528,-3.7827663,-3.2027366,0.6032359,2.5087612,5.308443,10.400759,3.148943,-4.424756,-5.647984,-6.0119686,-8.544586,-2.3191195,3.1536262,6.2537365,5.592105,2.8616111,1.8345089,7.474391,11.68285,4.930626,1.2923955,7.0536337,14.141449,16.822803,17.405493,17.144299,13.687277,16.074257,16.095474,10.961145,16.662289,18.613674,8.601164,6.3236003,4.944823,0.29894876,2.6342962,5.8589544,9.0897875,9.927531,10.450773,7.777746,4.5254803,6.7846513,2.3616662,5.306963,0.50434077,1.9006314,9.28302,5.801546,4.7675753,12.307236,12.180549,15.418728,17.320087,11.42207,8.779073,3.3387153,3.4407454,4.5830445,5.011586,7.055279,10.035238,11.964352,5.3774695,12.119326,14.655672,11.048386,8.181568,11.367648,16.172455,12.877378,6.8344893,10.863221,9.86986,14.182695,17.497194,17.551386,11.465377,11.397111,9.845423,9.7180195,7.250061,10.1558895,11.329811,10.362389,6.82821,9.692598,5.3753195,-5.9104395,-4.703763,0.8035579,7.698241,6.978321,0.9131831,-1.654,-0.85941666,0.4903103,2.8853402,5.002559,3.8006134,1.4901184,5.8004446,12.74038,14.995914,4.6755514,-5.7115574,-6.1752462,-4.2687883,-5.2369423,-5.6978874,-0.33221143,6.2884884,6.8737793,7.8896914,11.312277,11.87067,8.946039,13.799614,22.37084,21.083752,19.863476,25.557758,26.802862,23.133533,16.528605,11.387211,6.255314,7.8314548,10.866219,7.1877475,4.57156,4.198665,3.9204776,-1.0253898,1.1500275,6.2186556,8.200081,2.065182,0.69670755,1.0786756,3.7051995,7.617196,7.6498365,7.411063,7.926432,13.406017,14.764612,17.8196,21.595226,20.130974,18.975441,17.179161,10.376053,12.977305,10.664209,10.457652,8.687017,3.199287,8.862061,11.912447,16.112667,18.58249,15.589136,8.15237,7.0666313,8.803152,13.41872,15.477282,7.144681,5.883603,7.6876593,12.513248,13.215393,10.544243,0.20209683,-2.9254866,-2.1431227,1.6118625,7.3258295,9.645508,6.388625,1.9931997,1.5729649,5.483042,8.253324,5.396674,4.1986995,0.0248563,-0.7633972,-3.3792896,-3.0590367,2.4450529,7.015022,9.3172655,5.910151,7.2838044,8.504089,9.39191,15.654002,10.799685,0.26628765,-5.834895,-7.7831726,-6.6700754,-4.3155527,-4.4781523,-8.363631,-8.877576,-9.903988,-8.021288,-5.1359806,-2.226648,5.6787486,8.724982,13.532927,18.245836,14.77656,10.738287,17.153244,22.579628,17.89503,18.17662,18.772972,14.699033,11.604498,9.167215,4.9385376,6.3504553,8.985518,13.506622,9.42227,10.706575,9.732063,13.203419,15.658173,8.303347,4.282507,3.8704488,3.4890866,-3.8047886,-3.4641933,0.5729548,0.06739394,1.1511316,5.973193,4.797822,4.8338842,4.6522927,2.1314774,3.4179175,6.642618,5.176524,0.343282,5.4751945,10.557709,13.996975,10.834072,11.062585,0.264791,-3.3994381,3.5922637,5.271613,5.082177,0.38499135,0.051202416,3.468104,8.631512,9.532667,10.227024,11.59765,3.7736578,4.287234,6.1352367,9.2681875,15.186823,12.819815,7.9960065,9.907051,15.001857,16.499191,12.947994,9.914353,8.713384,5.329612,3.5240562,0.056088865,-3.6897016,-0.26495013,2.2516613,6.232053,9.830726,7.945322,9.641186,5.0939784,6.221904,8.428687,9.872757,9.688559,7.014173,8.558263,5.1733704,5.706374,9.675726,11.016576,8.989862,8.666843,9.681484,10.104275,10.403623,8.033827,4.835149,-0.1337915,0.88885945,10.135522,12.280918,5.454624,-1.7510827,0.16380864,6.5127444,0.7641956,-3.5517228,3.2475815,12.976042,13.945673,13.576142,18.377747,20.893997,16.551432,14.606611,16.21628,16.61706,16.473726,14.304927,12.587435,9.667243,6.134343,0.7431103,5.1135325,6.047904,5.607814,5.560874,6.537986,7.4702044,8.553628,10.0597515,12.176865,13.81896,12.226169,10.962252,7.5018873,4.609111,6.8884983,7.833411,6.8326874,5.521265,3.7693458,5.9155226,3.7562723,8.432867,11.416063,6.137619,4.7925973,5.391354,-1.8407183,-4.7613783,-5.483123,-5.7844925,-7.9802647,-8.195161,-4.0223074,-0.8950579,1.3706656,2.662823,5.927608,7.4103584,5.7149816,0.32301712,-1.1614795,-1.4597719,-4.204326,-2.0575986,1.1867754,4.07666,1.9425237,-4.240736,-5.6064577,-6.0044684,-1.7543449,-6.564186,-3.7783587,-1.3968633,-4.9911585,-7.4277315,-4.0587144,6.4129586,10.745173,8.712193,10.69045,12.2966175,10.233604,-7.8241844,-16.969082,-12.524862,-9.9832945,-10.110465,-19.79135,-22.623362,-9.281766,7.1253314,6.937082,8.214667,9.613018,12.39583,19.144295,17.770874,15.122828,20.93319,23.521854,20.635494,2.6500878,-14.801567,-17.82465,-8.1829815,-1.7786633,-0.18228471,-5.712581,-12.134489,-10.34447,-7.425098,-9.536257,-13.232273,-14.006464,-15.055634,-8.330711,-7.9356675,-6.1173925,-7.849949,-10.395846,-3.22482,-5.6534557,-10.3899555,-4.2706776,0.8364141,4.090826,2.3788543,-1.6515007,2.2274268,3.5644908,2.6564784,2.4470382,-3.1740494,-4.1112595,0.51884675,2.3268898,4.5677023,5.3629885,4.528751,0.6975391,-4.9880824,-9.281459,-11.390291,-14.652872,-19.583714,-23.738111,-16.388712,-2.450654,3.5314212,6.0821533,-1.5231001,-8.279529,-14.477869,-12.784313,-6.1087723,3.3016205,0.1764822,2.5642443,7.0642023,12.771689,11.598135,10.207242,8.112743,11.556356,15.841463,15.266441,14.328548,16.318943,20.020958,19.635818,16.879948,8.886417,7.789382,14.623494,15.660851,12.075794,11.266953,12.283743,14.241602,14.979559,12.687025,7.434875,7.0452895,10.325581,15.198845,10.758955,-0.26369715,4.081084,1.9387581,-2.1346292,-5.7858534,-5.682048,-4.2283683,-8.177734,-6.773505,0.5154791,-0.005924076,2.5447922,1.7748337,4.6476088,5.1227164,4.1652255,2.7823045,2.4914904,-4.3519564,-7.4931765,-2.142782,-4.9353275,-7.1417203,-9.237972,-5.9085455,-1.5799296,-1.9139905,-4.5881853,-4.75994,-1.5923989,-2.2068753,-3.2122912,-4.274682,-5.038583,-13.447958,-12.751444,-10.39843,-12.182916,-14.402897,-18.706997,-8.018705,0.21786514,-2.2864602,-2.2442274,-2.1552193,1.3219323,2.4036975,-0.23463798,1.9674882,6.6370306,4.957225,-5.5982075,-8.480537,-4.481796,5.089058,6.4525313,13.738909,11.51339,10.8954315,14.305918,12.158943,2.502329,-12.407097,-15.52018,-12.881088,-8.372165,-11.64016,-16.57034,-13.931606,-10.068106,-8.444432,-8.699625,-6.404067,-12.834881,-18.02623,-18.417263,-11.989801,-14.943317,-15.400286,-17.717829,-17.783318,-12.113134,-10.051628,-8.071765,-9.601471,-9.932033,-4.4502497,-3.9433875,-4.097538,-9.728573,-10.786811,-12.011753,-13.859249,-12.405598,-11.944172,-13.028835,-14.9014225,-9.883218,-10.018874,-11.77639,-6.341806,-7.1314807,-9.018798,-8.668951,-10.625442,-7.2083693,-3.5146322,-2.134767,4.6853557,-3.0160232,-3.6676414,4.890363,7.9359465,4.472388,5.981621,4.553097,6.526967,4.6167808,8.254,5.098125,4.2030506,4.7124944,4.7560773,3.1743588,0.636155,-3.6925755,-1.4121699,3.1223013,6.4736032,6.480013,4.1596913,-3.884815,-4.80675,-4.773847,-8.5418005,-6.831165,-1.5188069,-0.1776967,0.2275747,-1.2724121,-2.3441627,-1.6047612,0.79478,2.1084385,-2.5174358,-7.8083167,-4.0455766,0.5105679,5.5680666,5.0366497,4.6899652,3.5124187,1.837178,-3.472118,-6.6401834,-8.447482,-4.0690084,-4.167531,4.1693215,13.013928,14.761765,8.710489,3.7200208,4.53528,0.30936193,-5.982127,-11.795134,-11.485284,-7.517747,-11.528173,-10.083769,-13.105368,-11.361155,-6.255829,-6.7673244,-12.217369,-11.41013,-11.310486,-14.854764,-12.943472,-4.187026,-10.475399,-13.552693,-15.556668,-13.590151,-12.102411,-14.044734,-11.021185,-4.9731236,-10.484688,-9.818415,-11.122272,-9.071845,-11.154933,-15.385971,-14.04744,-14.272331,-15.38058,-13.297798,-15.437927,-14.477999,-7.8694525,-8.183519,-6.5936384,-5.6295614,-2.3159082,-5.57697,-4.271215,-2.692024,1.283525,2.9749,4.24287,9.788916,9.575438,8.431923,0.5876428,-4.1292343,-10.750305,-11.268036,-7.498111,-9.668916,-9.210728,-4.9291716,0.86188626,1.6592231,-6.5280447,-8.702639,-3.9015994,1.99804,-4.28748,-7.0129423,-4.7413545,-5.9271517,2.7517288,6.621298,-0.6444666,6.2243557,9.677301,8.790742,6.1738453,0.96606916,-3.7227228,-11.862765,-10.0607395,-1.6643697,7.746091,9.85668,12.126005,7.1047177,-0.17485118,1.7672442,0.018429726,-6.277079,-5.0258827,3.6895294,6.9145913,4.9607,7.7635264,4.4908495,-1.9909228,-9.3518305,-8.384809,-6.4862633,-7.0489197,-7.6359262,-3.123402,-6.0429153,-4.53362,1.3580179,-5.2064133,-4.7498555,4.941223,2.0696328,0.85002315,1.7531922,-2.4088707,-4.063401,-7.333354,-5.446527,-2.9219031,-2.1948714,-8.57366,-15.639311,-15.355753,-16.996143,-8.126944,-8.170469,-11.603365,-11.61001,-15.035487,-8.317479,-0.5156193,-1.2715747,-2.9955258,-2.1012063,3.2404637,2.3432798,0.6425999,6.3588667,-3.8549428,-12.170837,-12.46937,-10.508099,-3.7305186,-1.6621896,-0.24752164,4.404742,7.3919206,7.539412,11.826914,12.916866,8.725435,3.046056,4.788052,-1.5932639,0.72989917,5.128993,5.750984,-0.083260536,-4.1808677,-3.3822393,-5.227186,-1.6636865,-1.5724632,-3.8109894,-1.5760314,-4.207655,-7.413687,-3.8818445,-0.94902635,-2.2843168,-5.339164,-9.570923,-7.364993,-5.7579193,-3.8442647,-2.0887144,-4.587082,0.8047472,1.4494476,2.4065301,6.1092315,6.0998583,5.290704,0.13629717,-3.8407578,-0.5208379,2.88476,2.1700287,-3.3872738,-8.374559,-10.4129715,-8.140976,-6.568102,-1.6809226,-1.4447389,-8.648637,-6.40919,-8.185263,-9.173519,-7.114546,-8.164188,-6.8201485,-3.7275555,-0.77987784,4.0477242,9.50671,9.381194,5.7144046,4.711898,7.7611275,8.453172,12.719099,14.58616,15.947243,15.031988,15.238078,11.972309,9.581878,8.822485,8.049103,3.0439477,-3.071105,-1.5734884,2.087738,-4.249572,-6.938528,-5.9297943,-4.689274,-6.3680835,-2.990425,0.8679759,4.5384035,3.5163639,-2.1350155,1.3123705,-0.7962236,-7.4373903,-10.084919,-4.9685526,-9.596649,-3.8845649,-2.0966423,2.753976,10.128607,14.867551,15.808708,16.484344,13.518633,14.702749,10.720006,2.9344416,-6.099693,-10.51428,-11.196339,-3.1377325,-6.5663204,-10.7137375,-11.066891,-5.3247957,-0.20571506,2.7817197,2.814496,1.4785087,-0.91785955,2.7848778,-1.7353607,-2.0806832,-1.4906629,-3.6705284,-3.8171687,-4.140483,-1.0007852,2.8135831,2.4898808,3.2353292,-1.0889909,0.8891138,8.663032,13.391619,12.707142,6.8011975,1.8934306,3.1583781,-2.6433735,-14.446357,-14.4433,5.592978,12.662777,9.513817,6.754348,18.629747,22.539389,19.32771,10.265991,7.2749877,-1.1184702,-2.1467605,-2.4872086,2.3394182,8.07512,5.371475,-1.6837633,-6.3973975,-3.1461349,-2.7482245,-7.4081373,-10.141283,-10.6959915,-5.49747,-8.875039,-7.91963,-5.5742364,-10.292123,-6.190254,7.5999384,9.230129,0.5259044,-5.0529413,-0.38018855,-2.2942855,-1.1416767,-6.1278176,-5.990473,-12.348103,-17.316822,-17.993118,-16.204227,-15.073795,-11.81706,-8.782384,-6.1406817,-11.392151,-9.828793,-13.085579,-14.307404,-7.4685764,-5.8082256,-1.4798014,5.1252017,3.258832,-0.50031483,-0.88453233,3.3387039,4.047041,5.0085177,6.6014376,7.3541474,5.3191113,5.351648,2.5962465,-4.300151,-2.5414948,0.47175854,3.227908,-2.8168933,-6.8438883,-3.5578988,1.7735059,-1.1681104,-7.4744387,-6.058187,-10.034737,-3.7550917,-0.6114544,4.5030313,4.3790545,5.0071263,3.2921882,4.334066,0.78893685,0.778262,-2.6567085,-6.490281,-3.1488006,0.84542584,-1.5399966,-4.4222465,-2.245949,0.48149765,-1.9626379,-4.2648644,-3.4563272,-9.831129,-12.438459,-5.465619,-5.09509,1.4084074,12.480601,16.044407,13.890681,9.254289,4.5695114,3.5040364,-0.28243855,-1.9838347,-0.48968565,-1.9020238,-8.349045,-6.763801,-6.0604496,-2.3737698,-5.0321016,-3.4605498,-4.4609785,-3.3975554,-3.6774743,0.26363826,-1.3433657,-5.1615853,-7.3737593,-9.483067,-3.4604778,-5.3191547,-7.6188087,-9.733994,-8.073042,-9.10043,-11.505566,-14.415932,-14.628085,-19.021214,-12.8096485,-7.110255,-9.614576,-16.054844,-15.965303,-13.509874,-12.83473,-13.890461,-12.382919,-13.274015,-5.9672937,-2.052257,-2.1950698,-4.9348125,-3.7928166,-3.960466,-5.321353,-7.778352,-1.5774026,6.1768513,10.01951,5.900878,8.440799,12.441647,4.756695,-2.1281295,0.52544963,0.17800075,-9.327465,-14.73432,-9.090457,5.3638153,6.4609094,9.879475,5.9679666,0.53362936,-3.5205598,-2.585854,1.7731348,-6.1474133,-10.047932,-4.672556,7.442045,12.542728,6.843507,2.01822,5.31908,9.186768,9.791161,11.148088,9.026091,4.0828104,5.96289,9.017145,5.7911243,-0.9528799,-3.8627794,-1.581145,7.135936,8.829624,4.629165,3.4244215,3.5254178,11.309757,12.836901,9.1300125,7.3021555,11.025367,11.556276,4.6845074,-7.87869,-13.39056,-10.538601,0.9006438,-0.31686646,0.30822074,-7.9385796,-9.714977,0.70521724,6.745667,5.157978,6.1872597,5.6971064,7.3674536,4.584362,2.181172,1.5508265,5.3883495,4.0663605,4.80266,4.1992936,6.4195848,-6.4112854,-12.999565,-10.679213,-7.5688877,-8.417984,-13.801084,-12.8465185,-14.863916,-14.366803,-7.625301,2.9718454,10.758896,10.029782,13.917859,-0.39073485,-17.089128,-20.801107,-20.686592,-21.680254,-21.25867,-19.654682,-9.156482,3.121809,2.1415615,3.1664262,6.372516,5.4294252,8.451898,12.610691,13.354902,18.041222,17.474873,-0.37201452,-8.572843,-12.392883,-16.896759,-10.012856,-3.676199,-10.678898,-15.362969,-13.420352,-9.610025,-6.1666985,-8.205,-7.0980234,-7.1059628,-6.3701086,-1.9069818,0.43218386,-0.3398937,-1.9522405,-2.4146676,4.3292994,6.1307964,6.873083,4.943597,3.971055,5.9049745,6.809597,6.7551584,6.000127,6.003355,0.1692555,0.68646526,3.729074,6.6748786,4.8883443,-4.6998224,-7.078262,-9.946999,-13.873905,-12.60206,-3.0533307,2.1614857,0.8610351,-8.695444,-15.332273,-16.633698,-13.48317,-8.045234,2.2018502,10.322177,11.99395,7.6301994,7.9362283,12.370207,11.322684,10.508703,10.985346,13.858814,11.185528,13.214958,14.747709,15.050127,15.931276,11.883011,9.340671,7.0964727,-1.0201826,-5.7967243,-5.500266,-5.0138683,-3.1063564,-1.4021972,2.4088676,0.56754005,6.529851,12.385558,9.701244,4.9949217,7.093314,2.7273617,-10.161964,-9.185926,-0.951193,-4.973608,-11.590086,-4.8838906,1.7268711,1.4407921,-1.3476515,3.5998282,0.37757897,6.0212574,8.770368,9.655179,8.486703,-3.5124977,-6.531437,-12.862744,-9.595524,-7.5897565,-8.448021,-14.36587,-11.235161,-3.5975661,-2.3064606,-0.07708594,2.6986141,4.6854086,3.0226064,2.2359865,4.308123,6.824598,-0.46341956,-0.9407346,1.1043411,3.5873682,4.940405,-2.1435199,-3.0255942,-0.120682545,-0.021454066,-2.560468,-0.32586414,0.058192015,-5.5234017,-8.329318,-10.1740885,-8.366633,-7.894209,-5.853117,-7.070626,-0.07757604,3.0886893,8.157904,10.30382,13.468889,22.577587,18.50005,8.477772,1.7041821,-3.0150273,-4.128112,-7.569563,-8.391199,-2.7879817,-2.5366623,-2.1390643,-5.2453723,-7.6090264,-7.978643,-13.858092,-13.064138,-11.189258,-11.803027,-16.074848,-20.432308,-19.458057,-16.422314,-15.067274,-11.172546,-9.68421,-9.276924,-9.482283,-14.68765,-12.666244,-5.197751,-5.0682406,-12.257594,-20.854057,-22.136368,-19.148094,-14.228119,-13.132201,-9.052292,-0.9229518,-1.8912057,-5.352091,-13.970268,-12.430865,-7.107876,-10.970251,-11.355857,-5.312891,-0.21931243,0.53543365,-3.5222888,-4.249737,2.802373,5.193735,10.321836,14.961771,14.652279,16.94099,15.69515,7.8814516,7.2146435,6.841614,5.1555243,2.1871262,2.4356997,1.7664423,0.5836592,3.7931976,3.2320929,0.8971633,4.8752837,4.038337,-0.36808932,-3.2229366,-3.699153,-12.034252,0.14137036,-3.4086614,-8.749566,-10.268582,-13.401241,-7.4215913,-4.600283,-2.9425876,0.25707904,0.79416776,-3.8547382,-8.034452,-5.99012,-5.477012,-5.151623,-4.079893,-3.3768618,-7.580145,-12.484652,-8.417468,-7.147999,-5.1220064,9.639973,17.182575,14.328011,13.256417,10.381378,8.600092,-0.03166631,-0.7583684,-0.708689,2.591313,2.9237528,-2.2859674,-6.636587,-7.7822676,-6.5333242,-2.7314262,-0.23883379,-1.113027,-2.4526398,-3.135423,0.4567668,1.5261282,0.91126716,1.147923,-2.7517562,-5.5661774,-7.2000456,-12.22914,-15.466301,-15.11804,-14.745039,-17.195904,-14.541446,-17.707699,-17.071888,-20.686554,-19.83548,-17.407837,-13.56939,-10.810591,-9.846302,-11.150654,-6.5245104,-8.9413395,-10.770747,-5.7379265,-5.179262,-8.603594,-6.495945,-5.0212398,-8.199007,-8.50846,-6.4164515,-4.89262,-1.5394835,-2.6020508,-6.1301975,-16.350048,-22.640217,-22.480358,-16.656803,-10.565964,-1.4552395,1.2697711,6.688984,11.038705,0.8290801,0.29630542,1.1861689,-5.1244364,-6.684046,-8.534403,-6.6778383,1.4196515,12.530829,20.945919,12.226173,3.1726623,4.290774,3.9791117,6.229505,6.075001,-0.089945346,-1.427812,1.2465065,-7.4638586,-7.2973895,4.3838444,6.645925,2.0727062,-3.952517,-3.4138317,-2.4647431,0.3047495,0.4539932,-0.4734198,-1.8923248,-1.502722,3.191906,4.539473,1.2542613,-3.1552525,3.046908,5.440175,6.6653023,2.894557,5.6259127,4.5902586,-2.0977166,-1.154856,-1.9790299,3.4654026,0.036106586,-5.06021,-3.5601559,-6.24326,-3.7281847,-0.845543,1.1671103,1.3610917,0.53164643,1.2109389,-2.9362729,-9.168673,-14.609594,-20.729452,-21.543879,-15.430849,-11.790509,-5.913721,4.835895,7.6853256,7.4186726,8.539911,5.8149548,5.585968,8.47109,1.839678,-9.927238,-13.358781,-23.88948,-18.464249,-8.101004,1.5197681,1.3562427,0.7348897,7.512497,5.5277586,6.142969,11.015917,7.8830204,4.085442,9.930546,18.077854,9.038158,5.14524,6.569593,6.8789606,6.2064247,0.3004321,-5.44875,-2.7194638,-3.8314595,-3.783194,-0.27268004,2.2381763,7.783646,4.9948277,2.1114106,-2.7552907,-3.2096999,-3.5811589,3.3982828,4.450031,0.5454416,2.864243,5.5139227,3.824388,5.466596,11.346621,13.268183,7.055132,3.617848,2.8124948,-3.1647644,-0.6367271,-0.7666667,-2.203788,-7.1775327,-9.948715,-12.055462,-10.966812,-8.105867,-8.088561,-0.5280017,0.24716961,-1.6181974,-2.4816535,0.60318387,2.0972495,2.5210795,4.168847,7.9288535,13.667395,15.921574,12.324276,13.489938,13.872423,11.005459,11.8806095,15.065759,17.418179,17.647892,12.170176,17.403387,20.205767,18.63506,15.248728,12.305445,10.936916,9.481999,3.037022,-0.20873648,-2.1865633,-3.905742,-1.1250608,3.8114417,7.7481117,3.220037,8.793215,10.0263815,8.784479,5.2149663,4.604326,0.7694603,3.343677,-0.64425206,-2.677711,3.006864,6.08034,11.436899,14.037709,14.567455,11.207428,10.891092,8.857962,6.5284414,8.477642,8.719246,6.6153727,5.113525,5.885727,7.311389,0.9382446,-3.594137,3.091161,2.8398755,-1.295545,-4.3645906,-2.8816373,2.3952317,8.804068,9.376653,12.661747,9.15492,8.147365,11.041094,13.185829,5.197809,-2.6144998,-6.559903,-2.0963233,-2.627367,-10.031139,-8.6633835,-3.1993895,-0.8839121,0.20552087,1.9235404,0.8349387,3.4995873,2.998559,-1.7376173,-6.229626,-4.0795746,-0.37258005,8.794548,9.17766,11.779179,7.1664453,5.126286,7.2703624,14.336149,0.22918355,-6.7923894,-5.1569347,0.20586485,-0.57206833,0.6627841,6.19995,3.318431,4.426893,3.8990602,-0.8408264,0.3066671,0.7143174,0.544263,-2.5520396,-2.3583531,-0.7809834,-0.70535815,-4.4239607,-4.5353293,2.9380362,2.3593602,3.0061862,-2.0542293,-1.7002603,-1.8869607,-7.443866,-12.536022,-11.4879055,-9.838143,-12.563061,-10.039265,-10.416054,-7.8703403,-3.44749,-4.0868583,-2.042557,-4.8865857,-6.0700655,-4.2424393,-3.2983477,-0.4242711,2.4017174,10.350529,14.057438,7.6733437,4.9682264,-0.038543507,-1.4053086,7.362516,0.97176534,-1.07509,3.081994,11.128869,9.098054,2.0257318,1.8187629,3.2492518,0.6642381,-3.405371,2.6577914,6.497276,1.6345975,3.91927,3.25675,3.0460014,2.657043,1.9318404,6.228325,8.343511,8.551483,4.2066407,3.9852047,7.0461154,8.147708,7.420202,4.1505938,3.564694,3.7496088,-0.23837203,3.4117167,2.0597787,2.0857646,2.9436646,2.7402568,-0.16475964,-0.26426452,-2.1569605,-1.9282792,-1.410285,-3.308011,-0.5467804,7.003909,19.132437,18.145142,15.435053,7.8124003,10.694204,8.832914,-1.5201459,-0.93313223,-5.1876116,-7.088598,-2.8452263,-1.8342941,1.150814,1.989252,2.0717576,-1.0512934,3.6838083,8.528321,3.9765067,9.933241,19.68165,21.213594,17.06387,11.246324,14.010374,14.034006,9.929644,7.719762,5.931678,2.685684,-0.26647365,-0.18889636,-1.9187803,-3.8403847,-0.6936431,3.2476966,1.7492574,-0.13832128,-3.3854334,1.7961382,-4.4498644,-12.197778,-12.81884,-6.887868,-0.14052537,-0.79883885,-4.780259,-3.5441718,-9.99099,-12.563492,-11.146587,-8.315023,-3.7812622,2.3925421,1.0961831,0.56083244,5.615709,6.623351,2.254959,-2.4953134,-6.30466,-1.2266016,-3.0458744,0.6365806,3.195774,5.603358,6.4819117,5.4697723,0.46362358,5.041678,5.9442415,5.3564987,7.2147827,7.2498255,3.909072,6.6629834,-1.3978658,-5.8646183,-0.03774929,-0.99927056,-0.87889695,4.2612743,-0.2581346,-4.223401,-7.0381045,-5.7092485,-2.2366862,-2.643149,-0.27414155,0.55549026,-5.319725,-7.436009,-5.738269,-7.9465976,-9.078684,-6.701538,-7.9123077,-8.984432,0.2669412,1.5349374,14.873505,13.712378,8.137259,0.3162998,-4.6303425,-1.8759482,-3.4480429,-10.302899,-12.48546,-18.116875,-16.93013,-14.806814,-9.772145,-7.543706,-8.320213,-7.8712077,-2.6175106,2.8252687,3.4907842,7.135331,11.928248,13.007326,13.993187,21.210545,18.919247,17.512953,3.6852186,-5.1867437,-1.0757086,0.08880836,-3.1443896,-2.8327289,-1.1831272,-1.2903752,-6.917506,-12.51342,-10.763027,-9.063332,-8.249394,1.1676204,3.4554138,-1.5575658,0.8139988,0.6717995,7.061948,9.915613,11.443071,14.568596,15.379379,13.391654,10.447805,1.0925286,-1.4434139,3.6667366,4.3379173,-2.4661696,-2.2683187,3.4215822,4.265448,-0.06382316,-5.812394,-4.8383594,-5.1141486,1.8355016,0.18568218,1.9354641,2.0940185,5.4233093,5.205114,7.5344276,4.5747666,-0.3893587,4.95986,11.352439,4.0874395,-5.7428846,0.87450916,4.0783997,2.5498562,4.0819087,3.5248559,3.3258343,0.82279575,0.24985886,2.014593,2.136363,3.791974,0.17102575,-2.4763577,-2.4180334,3.8352485,8.504289,8.567733,9.560878,9.613932,15.162203,11.375332,6.862525,-2.4023035,-4.363162,6.3200865,11.782984,5.928133,1.5782772,-0.61172223,2.6947732,1.1042998,2.6638618,2.7126098,5.689027,9.307753,13.716778,9.101736,7.8351693,9.214162,13.501638,14.03891,8.861288,4.0237646,5.000512,6.709926,-1.4579129,-5.023326,-0.77153707,0.97218436,1.861976,0.64926696,-2.7922888,-2.5811024,-1.9838287,1.0979917,1.1007621,3.8680573,5.7792187,3.2422998,6.1740494,2.4464958,-2.5203223,-0.60565245,3.0456526,9.536217,7.45983,1.3347412,5.8933964,12.514645,14.618914,13.310469,5.5158877,-1.0979452,-1.6547347,1.1481116,10.376797,8.7721,9.011078,16.095577,16.654587,8.328579,2.7770321,0.8717213,-1.6396699,-5.9916277,-4.7368655,-6.4836106,-6.885746,-5.516511,-6.2190895,-1.8454704,1.7581205,0.03129208,1.4720337,4.070684,3.09098,5.961026,10.386772,1.461667,-7.2545815,-12.579733,-16.421967,-11.545881,-8.450781,-4.642163,-0.9386983,-3.5616908,-1.9961113,3.1402624,3.055272,1.0424708,-2.6010208,-5.508666,-2.7222967,3.2065744,4.9210553,5.7264624,6.3947096,7.1632376,7.9202223,7.152853,6.382612,2.441403,10.540344,13.348513,14.710227,9.802439,1.6532358,-1.2874238,2.3861692,5.8440204,8.510286,7.261223,7.756548,3.9309554,-1.8497305,-2.0988572,-5.7633934,-4.7128687,6.184288,3.792091,-0.24470174,3.3874347,2.238637,-0.89942205,-7.0270543,-8.26727,-12.065375,-9.467878,-3.2797275,-0.7024029,-2.9663863,-4.5178003,-0.9975511,0.49518645,-3.038293,1.3608774,1.8151251,-3.4353871,-2.093504,3.5717258,-1.8905191,-0.5441673,1.3534241,6.8303137,5.442176,7.7115927,9.526041,11.9141245,7.3449907,7.827176,6.076538,0.827904,3.7574782,2.9334087,5.210112,8.201561,9.716713,6.04295,8.039142,10.695659,8.237604,4.049736,5.593439,7.440677,8.008535,9.116397,10.024054,12.480981,8.933981,9.4696245,10.562484,4.188467,4.248581,0.8907755,-0.75903475,-1.3627687,-0.6279178,2.859164,-1.1985817,0.53710616,7.559505,11.391945,15.141773,11.391581,9.373759,6.541072,7.108174,6.4454165,7.8058767,7.0235333,12.056689,12.368597,9.797796,7.544663,4.4431934,2.205323,-1.8012586,-5.7885733,-0.8560555,0.7069005,7.330515,10.470043,10.639444,11.153051,9.66023,7.237411,5.713665,4.442463,0.75455874,0.8241912,4.224416,5.270093,7.816727,5.410811,8.634683,12.9170685,12.240934,10.5160675,11.631358,10.313141,7.001576,2.6164174,-0.0017646551,-8.175325,-2.079394,2.1104417,8.68916,4.69633,2.5316377,6.586832,12.844511,11.8968115,6.2943816,5.9911222,2.610254,2.143417,1.5648562,4.9533386,9.958176,11.299084,15.644493,17.983704,14.879551,14.2872925,11.988132,14.542694,16.255049,14.060766,14.252403,13.4137,16.33463,10.975758,11.260424,12.675158,7.422845,3.661295,-0.06054783,-0.45473057,-2.6135511,-7.7233734,-3.962915,-4.173957,-4.5357995,0.65365005,5.1584024,2.1011128,-5.3723793,-3.7178721,5.218709,1.7347023,-2.7524166,5.674325,2.4056454,4.9820023,6.111259,7.5582476,3.8238516,0.08056903,-1.707505,1.3070383,7.628154,4.5037775,-2.741858,2.1782432,7.769347,11.162406,14.578854,15.984938,19.141582,11.452162,0.5751145,-4.5160728,-3.9265995,1.5608573,13.439391,7.1064825,-2.1232948,1.0093644,-1.4597043,-4.102476,-4.369458,-3.221612,0.64471227,0.9997274,-2.9303699,-1.9506769,-1.6747986,-3.6843667,-3.5202732,-10.109712,-12.972813,-11.080135,-13.595686,-14.704332,-15.565107,-14.166911,-15.269592,-16.102993,-19.270292,-23.27996,-24.807384,-23.479713,-23.97044,-19.626408,-14.59156,-19.161896,-21.231861,-19.246754,-19.037636,-16.18215,-15.976292,-17.224766,-16.232367,-13.916555,-8.455036,0.62780714,0.3201586,-1.8669413,0.47471505,0.08702198,2.6309607,5.3818235,2.0801983,3.0572238,12.299297,0.8681797,-16.011415,-10.962801,-7.0960083,-12.53126,-12.5454035,-16.225887,-12.772884,-3.0189428,1.1540595,-2.7917266,-9.3983965,-7.880701,-5.7948465,-6.947118,-8.658641,-6.610343,-6.2123775,-6.418529,-10.431618,-7.5333233,-9.375293,-11.64094,-12.063196,-8.577465,-0.4731816,-5.7187805,-5.1126404,1.2148789,3.2655642,1.7685168,5.4860277,7.3194513,5.4448767,10.241135,10.532827,9.249441,10.920557,11.348204,11.33204,10.432524,9.536612,5.165406,6.9009504,14.449263,10.793457,0.34430552,1.4632533,7.015644,6.1674547,6.0280566,-1.3904332,-7.390459,-2.7371306,5.057424,3.3159695,1.0637357,0.52192885,2.6696625,-0.94173,-0.07286033,1.912038,11.678797,14.890219,11.104376,8.553812,10.438995,10.614376,11.101774,7.7522964,8.665747,6.0069256,6.6330543,6.6473656,11.453295,11.588156,9.92461,5.164915,7.003614,7.886752,6.562726,1.4985814,3.2457228,5.632825,4.616412,6.201791,4.8844547,4.349161,-3.528226,-3.7841911,-4.8495836,-8.068259,-6.4015465,3.103624,8.883326,7.6397085,6.8028755,8.799978,15.610428,13.2101555,9.70462,14.667192,14.919537,8.383105,8.404976,9.789446,8.046908,4.588947,4.689639,0.76022696,-2.684548,-3.4381409,1.5971904,4.005922,-0.1546804,0.6361667,7.869235,13.780433,12.789893,11.867655,13.382438,11.195456,6.2102556,-2.4694736,-5.659729,-2.0826712,4.0534034,2.5438676,4.634758,6.287882,6.3556056,9.393462,10.146757,9.795812,11.475004,14.145208,8.104609,8.648195,9.802066,7.578232,11.45697,16.98096,14.339536,7.5660295,3.4274564,4.626341,11.483698,10.910505,4.9460306,-3.836936,-7.1261997,-3.722847,0.034799993,4.321519,1.5772852,2.92685,6.220041,5.9090676,9.63667,14.143074,17.678143,16.656902,11.275274,6.9836464,9.229338,8.710287,10.104084,8.66266,4.633848,1.6739484,1.3436517,0.5516939,0.63410646,-6.431696,-5.2347956,-2.3114424,-7.737874,-2.718404,-1.3918035,0.8517804,-2.0876882,-2.609407,-1.7146344,-0.14282084,1.2176514,7.6854467,9.179596,3.4530714,-0.8164338,-7.712717,-5.698133,-3.919107,3.786638,5.199825,5.9426203,9.649752,10.388153,10.432416,8.327425,3.9726658,7.2214723,8.628191,9.480311,12.154257,7.5394177,7.2154527,9.896471,8.694423,8.924015,10.346237,17.172894,17.57379,8.506174,2.2159364,6.1688414,7.2460446,8.580929,8.099405,8.456287,10.450408,10.57984,12.502846,5.9051447,2.9420025,4.597789,4.1376133,4.570219,8.181902,5.855452,2.4021788,2.9271681,8.058872,10.212446,12.556019,13.338968,13.770784,16.635231,7.8574014,3.1039574,8.158637,14.043928,16.964043,16.065321,15.095966,13.714139,8.410177,-0.13312241,-1.2333541,4.832115,7.103403,7.1381855,5.6371155,5.6936874,7.1867676,9.818358,11.397067,19.324703,15.075304,10.797615,7.1918845,11.144572,14.115626,11.030489,12.906921,13.7648735,12.365541,9.2024145,14.740079,14.777376,22.030752,4.8183746,-3.8826444,0.9128961,4.1075854,3.05016,1.4253337,-0.23398894,3.5053358,0.39432448,3.4707026,3.3013053,-5.661226,1.1667867,9.320995,14.949648,13.519045,13.73031,15.535806,14.672483,21.7353,25.545368,23.1287,17.090714,16.280737,14.683445,17.116072,23.587097,17.969563,13.35405,13.021431,11.44326,11.935888,11.801027,9.848926,11.988269,10.943273,7.197771,8.9102955,4.5675097,0.70553964,-2.6843433,-4.881117,1.9707136,3.794352,2.3038101,5.154476,8.241277,10.112489,3.09684,-0.61320865,-0.7586001,-6.6956143,-11.266901,-9.240919,-9.864929,-6.087546,0.08577435,4.22176,1.7026614,6.607935,6.639499,9.556591,12.571113,5.57413,4.8116355,5.01101,7.136018,11.57427,15.15935,12.429466,10.698612,6.60726,8.65383,10.744526,7.801819,3.3235972,2.133309,3.5076919,1.4216079,-0.024512846,1.8463187,1.9984714,-3.3645785,-3.4053574,-3.3706257,-6.4453235,-0.47280806,6.801092,10.203373,11.026434,13.229309,13.998403,16.944073,15.095629,12.883297,14.672071,15.544004,7.516425,3.4033618,0.53195554,3.2414987,-0.049415484,-4.351598,-5.0055513,-0.7650904,6.4251537,9.63233,4.9090385,4.0375056,11.9405575,10.370668,-0.31537908,-11.822998,-15.485706,-12.828641,-8.378737,-3.2316928,3.576064,6.4310236,9.672329,3.4658208,3.9962382,4.9442477,8.820821,11.36903,13.978477,9.351934,3.8108187,1.137511,0.5738995,1.6624948,5.736535,2.4128804,8.202722,16.521013,18.611572,13.18643,5.270191,6.820033,9.162475,10.637419,10.091722,8.091709,8.329709,9.485384,4.929099,10.410919,13.777491,6.852321,-0.83472824,-12.877829,-10.162542,-9.00552,-10.181654,-3.7084315,-0.95825785,-3.0638895,-4.8294888,-2.7105825,-1.9486061,0.62963533,3.3415856,9.572121,13.225894,14.136999,18.895477,17.585516,8.005428,7.969549,5.629013,9.273762,7.333619,1.6842569,5.266012,6.6252403,8.038962,6.1626635,2.57576,-2.727436,-4.0433927,-3.3896859,-1.023304,2.972663,-6.147638,-3.6277769,1.7773209,-2.6680574,-0.5628382,1.4900076,2.6436415,4.3794584,2.5228095,1.240727,3.9459398,-2.398358,-3.691904,-2.7788188,-7.242525,-8.061508,-8.687545,-13.302341,-12.367315,-10.110006,-5.095846,-3.7092204,-2.3698559,-2.4666517,-0.44940826,3.1683636,6.752738,3.700749,-2.2478044,-1.6571695,2.7550645,0.46837896,-0.397343,1.0884641,6.278535,11.494025,14.410414,12.757792,11.902482,7.0164256,-0.21559238,-2.4025617,0.2946698,-3.6156998,-6.439777,-10.66818,-14.572805,-15.1795225,-12.779037,-7.882274,-1.6650467,0.98186326,4.0166593,1.7854099,2.7659302,1.6178093,4.278344,3.7409058,1.6417979,0.30849916,-0.5727606,-2.0688832,-0.9666497,-2.9843953,-5.549605,-8.776686,0.47303236,0.7268992,4.0395737,6.584354,9.094807,14.403801,14.932167,9.440353,7.4690013,7.7240624,7.8277264,4.7534447,7.105566,11.02716,8.121294,12.140144,13.025132,14.235893,13.964102,12.840673,8.642586,11.772869,15.803046,7.8060017,5.966404,4.563328,2.057713,3.156458,1.8995479,-0.048759818,0.98152643,0.8324429,-3.7659612,-2.8902419,0.4564723,6.9712243,6.6374054,2.8062098,1.5896384,-1.830358,2.321348,3.229573,9.51567,7.2230606,-1.9232041,-3.0895174,-11.251877,-18.997059,-15.895509,-8.238361,-5.7449064,-3.494072,-5.4324865,0.6479405,4.8863115,1.8312292,2.1758957,-0.04355952,-1.5484366,-3.8667345,0.11493981,5.280571,1.8439765,-1.1703238,5.2804127,2.7394323,4.5009837,7.4020405,6.438612,5.9834785,8.173753,10.472202,8.322031,8.369581,9.672425,7.7862635,6.1911244,8.582554,8.960792,0.08803564,1.1391112,1.6629854,-0.90304387,-3.3289583,1.4199247,1.6645228,4.722021,1.9183321,4.9480014,8.117313,6.229039,6.134019,3.3854122,0.43791437,0.7630094,5.437724,1.3850864,3.1703017,3.0164042,1.7356391,3.1090338,4.9596996,-0.6366465,-0.5272176,5.2769637,8.030182,4.2733936,1.2883375,-1.3944267,3.948213,7.9759097,7.306242,10.257879,10.07497,7.9507675,2.895965,-0.52061486,-1.0917282,-2.2772126,-0.8573694,-0.70049906,1.2279123,1.1366968,3.7241554,6.110485,10.370533,12.0601,12.337585,12.426096,13.910765,19.12983,19.720913,15.684549,17.622118,25.637436,26.045952,24.831432,26.271677,24.185524,4.429317,-4.227164,-5.7645354,-7.8219767,-8.768703,-7.677435,-4.4772444,-2.4197931,1.6905096,3.3495283,5.5639954,6.515253,1.582857,4.139517,4.9115686,4.1767693,4.402787,1.3581432,1.6133116,2.5074658,2.0352426,4.133009,6.091444,8.562532,7.2335696,6.3512487,8.633645,10.654247,14.424045,8.30636,10.4234295,15.664442,12.534832,5.056937,-2.5601482,-1.1432654,6.160449,2.1705499,-8.417887,-8.426937,-5.3470807,0.23919368,2.4705496,-0.35954714,3.371887,3.817171,1.089268,-4.474868,-0.99236536,3.728251,-6.1260557,-9.756258,-2.2597926,1.3300318,2.2357264,5.051402,5.2779217,5.025879,5.618009,8.787096,11.622284,5.381014,-2.8768935,-4.353087,0.46805465,1.3475802,1.6540127,3.782727,5.0706186,5.036634,8.055022,9.696679,3.4667203,1.01271,2.0926027,-1.9124894,-4.1002207,-3.6417758,-1.7114848,-1.0615069,-3.3225353,-6.7174616,-8.258896,-4.0636225,-2.0465946,-3.572449,-9.536743,-8.285303,-9.46706,-12.587426,-9.023182,-1.8548208,-2.113103,-15.315621,-15.702745,-10.942564,-15.8335495,-18.383331,-20.683271,-25.75916,-25.978546,-23.760563,-19.656952,-17.993162,-15.491772,-16.611843,-22.847847,-20.605957,-22.837002,-19.67037,-20.282309,-23.847672,-22.182991,-9.397486,-8.971218,-8.226968,-4.3979306,-5.4666,-2.376603,-2.3724618,6.774334,12.3769655,11.562931,9.383837,9.274142,-3.5863671,-7.1818285,0.3660324,-5.425606,-4.796112,-7.8177547,-9.262827,-1.3376756,-3.9765654,-7.8235106,-8.962137,-11.182289,-8.030904,-5.0580473,-5.272379,-7.106674,-6.75725,-0.18370281,-1.3152874,-3.124215,-0.4649365,1.121929,-6.7482986,-8.01808,-1.630794,1.8135674,-2.7654543,0.19150686,-5.0125103,1.156672,5.213119,8.75223,9.571195,5.6656713,10.06274,10.120815,5.543001,7.569555,6.851062,5.880062,11.175678,12.902168,14.709554,8.354351,3.1788607,-2.8771298,-1.332694,0.90228766,2.2292497,-5.1176167,-8.199425,-3.6147878,-3.3506331,3.5536175,9.200155,9.34346,7.7480955,5.5945754,5.639141,11.442525,14.090181,12.878674,15.819857,9.210749,5.3657265,12.97073,15.3184,9.657019,8.153386,-1.2825191,-6.9214697,-7.786236,-4.2121825,0.46844876,1.0458138,-0.46758175,6.4011917,6.9046097,4.036007,6.4756145,4.7185087,1.9127043,10.620647,10.579172,5.600889,4.924774,6.603282,9.55246,7.2413054,10.260906,9.602171,9.294924,9.295985,8.857266,9.796129,10.452236,9.926804,8.219578,8.063581,9.844145,9.747757,6.56717,-0.30560467,-1.1227949,0.42299032,-0.2989751,-4.0350876,0.42111874,6.413645,8.797543,11.312775,18.08633,15.709188,10.928209,10.955099,6.847501,6.362231,4.307864,7.216421,6.942295,0.016527414,5.508812,4.7068276,2.5428472,-0.7044271,0.1033752,1.3869468,7.5895176,9.063692,12.686031,12.346832,5.8714733,7.386525,11.947443,13.344646,9.764753,5.496249,7.663718,16.074722,19.461601,7.8986006,2.3231785,5.3445272,2.322586,-4.576539,-1.1723101,4.4590554,6.3004785,2.3536053,2.329916,3.0793438,6.0272694,9.491217,15.9343605,13.959037,11.963697,20.494354,18.589066,9.730934,12.325914,15.72412,19.50935,12.55102,9.885538,10.91987,10.256653,1.2774211,-4.5619597,-6.456938,-5.5265346,-5.6914353,-1.8913201,2.427493,5.84041,6.3460083,13.60148,14.772947,11.897329,4.7983346,1.263448,0.9865204,-0.74730825,-0.37467676,8.710129,14.534647,11.026604,13.725357,13.999955,17.103619,17.064743,13.222834,15.532737,17.110722,14.622833,17.087524,18.711147,12.443302,7.963111,14.393621,15.361487,12.626966,14.969986,13.291598,14.649418,15.234512,8.24734,5.1476817,5.5262604,3.2361348,4.7019587,8.847776,7.924339,6.7268267,8.675055,2.2190769,-7.407663,-7.8440585,-0.960609,6.4942775,7.0542736,5.8621597,5.838107,8.253087,10.469578,7.9698334,10.811502,9.25379,5.6256084,3.220983,5.2261147,9.863652,14.150258,7.6103883,4.201001,6.1294713,3.6382122,0.06475401,-7.118991,-2.7889485,6.1516433,7.3953485,5.154535,2.5607176,5.0159245,8.118457,5.160795,8.617553,11.385147,6.7429214,7.520207,9.398352,11.581356,12.272392,16.117834,13.875283,7.852284,9.060903,12.718403,-1.3607316,-6.002239,-1.2346964,0.98647845,5.6552563,-0.12314808,-4.6933103,-5.087277,-2.1781573,5.1471243,7.5146,5.2874527,-2.4117322,1.5849555,3.6404676,-0.19373715,-0.51382095,0.43803495,5.5015035,1.5908115,4.732333,6.3128457,7.413232,10.796426,12.205445,8.513038,15.87026,16.986526,12.920996,8.038512,11.833656,17.425613,15.464715,8.171761,6.9273396,8.00535,12.901503,12.439491,9.54689,13.211348,12.808149,10.621605,13.269102,13.950494,10.1392765,11.744963,11.296416,12.7288885,17.24597,13.554781,7.458213,4.9831367,7.214283,5.528051,11.944414,13.688881,16.730602,20.360893,14.403036,12.084761,10.132961,7.8057156,7.736692,9.320275,10.838262,15.3533325,18.332779,16.567226,19.070236,14.950925,10.560883,10.218427,15.459339,15.184255,10.263069,7.668259,6.2826066,7.145254,7.5530515,11.202369,7.578167,2.2996109,0.9048736,-1.3911605,-7.205758,-12.848928,-12.691176,-4.2405205,0.6203518,-1.7995379,-0.54356533,1.6654347,-3.5911372,-7.3196898,-3.211624,-0.29543602,-3.848414,-7.3493094,-6.918289,-4.9219127,-5.636956,-8.379482,-9.656862,-13.570372,-17.496145,-16.256447,-15.3274765,-18.281876,-17.165688,-12.965287,-7.22783,-4.9791646,-7.396277,-9.093924,-18.192703,-25.221678,-25.663454,-22.694864,-16.838501,-13.782675,-16.668816,-18.530529,-18.491245,-20.598518,-20.148312,-18.186985,-12.840151,-12.911319,-7.4691725,-1.775668,-2.468027,-5.839723,-0.88398874,-4.728242,-11.45225,-13.916188,-15.085463,-8.387312,-5.950502,-5.7735662,-4.30247,-4.4068375,-1.6864207,0.116482735,0.5117874,1.0233068,1.242794,-0.46547687,-3.6369314,-5.7147703,-3.9699674,-9.043816,-11.593429,-9.576223,-13.33302,-16.424442,-18.309185,-14.646563,-10.120931,-9.526314,-9.42745,-8.566815,-10.620083,-15.982813,-20.57799,-21.301502,-14.240522,-8.681587,-5.553525,-9.663532,-9.480125,-11.264767,-12.725135,-9.9420805,-8.026291,-7.836563,-5.8305955,-5.9851856,-4.0083656,-1.8418231,-1.7222219,-1.0998684,-2.7498639,-5.7225204,-5.698997,-9.244562,-17.189606,-12.099358,-8.337502,-10.359945,-9.910456,-6.875548,-3.6468244,-6.9103823,-5.2967243,-6.7624226,-9.931259,-10.971634,-11.77865,-12.017361,-9.825712,-9.07136,-8.971568,-10.346003,-13.938519,-13.539148,-14.240944,-10.1409645,-5.7828135,-14.721085,-17.966526,-15.682739,-18.031431,-24.245987,-21.209053,-17.307243,-18.121788,-14.6643505,-16.435764,-21.702534,-22.81712,-20.596441,-12.947037,-7.073145,-5.9156027,-13.576023,-9.561738,-5.0260983,-0.5356304,3.265697,0.14981487,0.7284322,0.88497305,0.6327043,-1.3220407,1.7417198,3.5902548,-1.2308538,1.9683652,2.8064597,-2.3343697,-2.1390123,-5.1548233,-7.3565083,-8.575602,-6.0379567,-3.3107738,-0.39561743,-4.8881626,2.1168861,3.5770135,-4.0547624,-0.6420255,0.41127902,-1.453474,-0.007846653,-3.626678,-4.529377,-2.6812544,-3.0667055,-7.723341,-8.509185,-10.624798,-7.944151,-12.156888,-13.239477,-20.150768,-22.797642,-14.017839,-0.25895858,-0.3991537,2.8009627,4.5644937,1.9814969,5.2212496,5.346886,4.823228,6.7459574,7.6646576,6.1988134,3.6672716,-7.247001,-17.782528,-18.453518,-14.970116,-15.435327,-8.848876,-6.342165,-5.547648,-7.3017693,-13.267597,-16.653435,-16.591427,-12.30748,-6.6952014,-6.7650976,-8.82675,-9.356613,-13.611601,-14.212728,-13.212564,-14.708057,-18.180613,-13.1967325,-5.4457965,-5.889944,-10.976946,-12.3888445,-7.376086,-8.137491,-11.696348,-16.902565,-16.343416,-12.334288,-17.353712,-17.45552,-3.44407,-8.374472,-11.661436,-11.873355,-9.19947,-11.722458,-12.409643,-14.668198,-9.743023,-6.6887465,-1.8718419,-8.135025,-4.8423605,-5.652317,-10.411297,-10.817942,-8.465001,-7.0838733,-8.357086,-7.2091255,-5.372848,-5.745034,-4.738972,1.7332435,-0.07907313,-1.6276808,-6.6055155,-4.5717707,-2.384159,-3.070114,1.6767801,-2.5840569,-6.8470297,-11.115101,-11.477896,-7.704856,-10.117641,-7.8610477,-12.431517,-15.891653,-15.932149,-14.068266,-7.295683,-2.611115,1.1677287,6.350671,9.245268,4.3983274,-3.5811868,-4.821013,-1.491417,5.3976803,0.5598934,-1.1690897,-0.1108755,-1.2338006,2.1176896,5.1127257,1.996349,2.9169073,1.8341098,-2.764183,-4.610796,-3.9333537,-1.7823306,-0.98764956,2.6475935,3.0760632,7.814207,5.8101163,6.7617455,9.114653,0.6472336,-7.4142714,-14.709256,-13.7049675,-8.780373,-7.6326814,-10.706607,-6.2469726,-2.9695177,3.1941087,1.3614204,-0.48090556,3.628883,5.6568503,-0.7147259,-0.485254,-2.227919,0.6098307,0.09220523,4.8155913,5.670805,0.6115297,5.3260164,5.954232,8.242818,4.0743585,6.1320353,6.457347,-1.30363,-1.0202144,1.1331245,-4.2689376,2.06549,4.2627316,4.5051417,8.981918,7.440382,7.952366,12.336655,8.692711,8.565601,14.397098,16.226551,10.800579,12.007539,14.394308,13.603716,8.630871,3.4370189,-0.4316358,6.3495617,3.0347834,1.90732,8.409298,11.33029,14.880167,12.047276,7.3844404,2.8538492,8.598488,13.930624,13.389915,15.636667,15.98996,14.906502,15.273838,19.699165,19.873095,20.986263,20.566753,15.518844,13.43681,1.8761103,-3.1866927,4.8084383,13.356762,14.514853,12.896872,7.393199,5.0472736,6.5984945,10.473383,12.791513,11.510131,12.629023,9.770042,0.095611006,-6.7857504,-6.1906295,-4.6695127,4.205289,9.062,5.8344345,6.863785,8.026849,5.191631,0.21849918,-4.5848174,-3.7976134,-5.2536,-4.585098,-13.000645,-20.925888,-18.510258,-15.105101,-11.762629,-16.011938,-18.0695,-16.015156,-17.578018,-17.670424,-14.550666,-6.9905663,-7.282838,-11.673763,-15.143757,-11.308104,-6.6222353,-10.50214,-8.68391,-15.910906,-11.716049,-5.8032646,-5.0540013,-10.215055,-8.496681,-7.967653,-7.162975,-7.458403,-7.1463304,-0.77004874,1.3876877,-0.4748354,-6.3646164,-9.415193,-10.208032,-11.189745,-5.612378,-1.0965521,-9.2522335,-7.6187763,5.1083097,3.20698,-5.9047604,-2.7827103,-2.8270288,-0.6305803,-1.3037676,-2.095897,-1.1317508,-4.1948442,-1.6606358,0.6692703,5.0036535,-0.30610088,-1.2539197,0.42851698,1.3930426,-4.4581776,-9.422695,-8.338654,-9.892471,-10.935144,-5.4057283,-6.06703,-1.8507817,-7.634274,-11.080359,-6.77194,-6.736064,-12.372623,-4.3840194,2.567625,5.0395136,8.443202,9.6104555,7.681456,5.636319,12.83919,11.464737,10.781568,11.495436,2.6499739,-4.4305835,-1.5349023,0.6247803,-0.28258783,-1.9239982,1.0850077,-2.3353808,-0.24632901,0.60428023,2.410072,0.01781869,-8.079707,-13.020196,-16.257042,-20.758,-20.866611,-14.664803,-9.95076,-9.29365,-15.58008,-13.897278,-13.262178,-16.834549,-8.901159,-4.765665,-7.9850397,-11.233836,-9.529532,-7.1100554,-9.130603,-9.703502,-8.214322,-8.386747,-12.119477,-13.541671,-15.850832,-21.643814,-18.324482,-15.4656105,-9.159278,-0.6129569,4.1327925,4.2602267,-1.2209165,-2.7655814,-2.886219,0.34643888,-1.0078837,-2.4289193,-2.3700926,-7.0149665,-9.936274,-3.9460058,-0.018566132,-2.174981,-1.4117578,-3.663653,-4.5823536,-7.06633,-4.915349,-7.1431246,-7.708892,-1.2117667,-5.5578384,-4.073004,-2.2628996,-2.8983119,-3.353045,-2.610878,5.2119303,-2.195187,0.029665202,4.0899606,0.19723582,-1.2791944,1.6582081,-1.9644514,-3.4469461,0.3217242,2.0838223,4.5359225,4.621693,0.09664488,-2.6257377,-5.1216154,-2.8450541,5.5504155,11.054344,5.059791,1.1597693,-1.6431046,-3.041384,-4.785696,3.892267,8.986452,-4.6209154,-9.203421,-8.191656,-6.131393,-6.276292,-4.5303583,-2.0451813,-4.7480273,-7.042521,-7.376624,-13.446074,-10.617323,-7.4142666,-5.9186206,-7.117442,-7.105734,-8.235556,-10.049072,-11.526646,-8.454766,-6.1978693,-6.782559,-5.9926715,-6.3656473,-6.5518293,-3.3622732,-3.266523,-3.0000987,-6.1604824,-9.06414,-14.31745,-12.675838,-9.177867,-6.999819,-6.740554,-7.5999374,-6.746189,-7.4092484,-7.780241,-12.441263,-7.2477646,0.70480555,5.197004,11.767568,7.267834,7.041704,2.3490562,0.19805574,-4.622852,-8.590503,-7.7172785,-7.214056,-8.052469,-4.8876796,-3.6683466,-0.7172712,-0.4808209,-2.7121797,-5.349394,-5.2929425,-1.2437681,-2.466592,-5.949643,-5.0775404,-7.8225813,1.7956705,3.6851141,-2.4214501,-5.214427,-4.3355203,-8.955324,-9.841732,-6.3700705,-7.97412,-13.234896,-20.164112,-18.116459,-14.257999,-8.150094,0.81225413,2.1047933,8.223272,1.9930441,3.3925185,3.9628723,0.97060716,5.0126505,4.811198,7.0136943,7.5626907,4.274072,13.9668865,9.761936,3.559412,-0.9565387,-2.2271373,-0.5767964,-0.2036092,-3.2806304,-6.3113995,-2.5749784,-1.5342951,-3.3949618,-2.983659,-3.1542704,-2.8823133,0.5161717,-4.51246,-1.7847962,5.7719297,0.6105225,-7.632434,-12.140848,-11.807212,-11.643986,-6.400742,-5.3250523,-5.801731,-5.457137,-4.4880285,-3.012785,4.5667653,3.3894923,6.5147834,11.684765,6.590558,3.118209,2.8776832,0.6531668,1.1873105,3.7702508,0.04815936,-5.1683836,-4.913589,-5.741474,-6.520623,-1.7693365,-0.24236184,1.9192817,8.254019,7.665642,2.0224786,8.2603035,12.568911,5.463296,-3.4631672,-1.8256297,0.64008105,1.780836,3.5946789,2.104938,-3.1347952,-5.882879,-5.27729,-4.883781,-1.4685633,4.8205214,4.7070513,-0.22761574,1.9864235,6.778058,8.065859,8.835689,12.531345,1.8069416,-0.37396836,5.066739,11.32306,9.562678,9.204975,5.1040406,3.5898676,11.14221,14.229727,12.76563,12.485488,12.980022,10.403503,6.2459383,4.970579,5.652993,3.9585745,-2.5794156,-6.7365146,-7.180113,-8.639211,-8.655345,-5.676841,-0.9402447,-0.7538663,-3.2129495,-1.6792511,-1.1079452,-2.7439451,-0.28855693,0.341855,-3.3165874,0.7528762,1.6694914,-0.1152637,-0.26683673,1.5221752,3.474538,3.4064612,-7.8011017,-13.740528,-16.460705,-18.338459,-16.709826,-15.901611,-15.163552,-9.162489,-12.994669,-10.953784,-9.167678,-7.954332,-7.630659,-10.357004,-12.443014,-12.632639,-14.967798,-13.666141,-19.378681,-24.55006,-17.39254,-15.106373,-16.471066,-20.154842,-23.018742,-22.716995,-16.335632,-9.769814,-9.189767,-6.9143696,-6.2244754,-5.7095594,-3.544636,2.1716719,7.855836,-2.7474706,-4.853141,-8.07322,-6.9356475,-7.4429493,-15.514952,-13.960844,-7.530361,-5.399228,-10.3276615,-15.62046,-14.752987,-12.002007,-8.347808,-10.414465,-11.071374,-10.900639,-9.398882,-9.362305,-9.137506,-7.378473,-10.147766,-3.5464885,-5.655195,-7.510695,-1.1236587,-7.0617776,-13.50732,-8.503147,-8.825127,-13.251431,-10.204377,-10.246496,-9.484249,-10.458494,-7.610243,-5.9270487,-5.736081,-3.5139337,-4.8680296,-6.9380245,-9.822775,-10.91716,-13.043358,-11.269072,-4.728193,3.7577786,7.0893974,9.117409,1.7744148,-5.268199,-8.685425,-15.684092,-15.327447,-16.459402,-16.842136,-11.056511,4.275156,2.182681,-7.184565,-7.899951,-4.8452873,-4.90293,-1.8803586,-7.2188106,-12.304131,-13.171543,-14.739043,-16.483997,-16.24847,-13.22966,-11.213369,-12.051539,-7.040222,-1.0230043,3.9794583,-1.5217317,-2.2903852,1.27415,1.7995712,2.44266,3.7322655,1.9425917,0.28241736,1.1840379,-1.3903958,1.1951509,3.9751122,1.2872527,-0.152071,0.050326757,1.3169383,0.69627035,-3.372641,3.066,4.37381,-0.21380356,-5.4958224,4.40821,0.14410758,-13.843935,-16.55325,-12.9893265,-14.639984,-16.966837,-19.877823,-17.706963,-13.684411,-10.213712,-7.7874756,-12.298521,-11.59359,-0.742159,-3.8323455,-15.937567,-21.561604,-17.03711,-9.919249,-14.911003,-15.296206,-14.189339,-15.780176,-11.113794,-1.6807728,-1.4524157,-1.9632318,-2.5012178,-3.228961,-2.9894755,-2.0567117,-2.1189651,-4.496564,-6.217593,-4.3924828,-9.444199,-8.180613,-7.7881546,-12.521042,-17.828966,-15.228937,-10.791697,-11.178637,-6.3736315,0.11464417,1.7646806,2.969934,4.847989,3.182819,3.580612,-0.8053713,-0.42168665,-4.926882,-2.4079952,-4.324999,-6.178276,-9.329374,-14.624919,-10.541034,-12.164173,-10.307084,-11.311714,-15.663845,-17.331602,-14.812538,-14.949265,-16.561377,-15.217091,-17.304623,-10.185891,-2.5230987,-6.945772,-7.112273,-4.823408,-9.7409,-13.512373,-14.8617935,-16.993093,-14.457106,-12.835588,-13.599886,-7.291164,-3.9652548,-3.891191,-0.9602426,1.3606079,-1.8706005,-5.593772,-6.1513987,-4.782785,-5.5792994,-7.4361706,-5.1024036,-11.656521,-13.929436,-11.86046,-8.482645,-6.951316,-8.126507,-5.577051,-4.70967,-14.608606,-15.454739,-14.631044,-11.31061,-13.466216,-16.262157,-17.172829,-19.043499,-12.782493,-10.317671,-1.2034812,-15.467157,-17.570305,-5.8040686,-3.0138004,0.6869539,0.2925464,-3.8853233,-8.279826,-2.6397786,-2.3229914,-2.7318556,-10.28434,-12.723414,-17.461197,-17.620417,-4.562729,-2.918232,-6.98524,-10.2860985,-4.5928,-9.7035675,-13.184149,-9.14653,1.0604872,2.590991,0.58303636,-4.0368657,-2.2578862,5.898302,10.568435,2.7166994,-0.8845912,-1.418474,0.2120168,3.6790261,-0.22751689,-0.3921901,3.18397,1.490473,4.3222704,4.719563,4.4845977,4.1480594,4.819948,7.667532,3.7668872,0.021469235,-9.117399,-15.401968,-16.55396,-9.686533,-5.0257626,-3.7863069,-1.3808259,-3.92446,-1.5075688,7.0223684,2.3539062,0.3467344,2.196026,4.229749,9.308159,4.1716805,6.239999,-1.6999958,-7.722663,-9.948991,-7.3469625,-11.543734,-8.774098,-3.2601523,2.6569948,4.8337812,4.344763,11.377759,10.316095,7.383687,13.767954,9.507771,1.6417595,-0.592958,0.75238293,-3.5026064,-3.8099046,-3.6266527,-9.652636,-3.966629,4.8067656,10.210886,9.1626005,9.4963455,8.343115,1.5670273,3.1401582,2.6870425,6.522522,4.2505426,-0.42385507,-3.2900548,-4.544958,-1.1055685,4.82038,6.5346375,10.501936,6.868544,5.502102,8.237642,12.916707,12.13546,14.41555,10.482031,7.70108,4.921777,1.6809906,1.8416834,2.4224403,-4.2952757,-8.544168,-2.802762,-3.7451313,1.1823559,3.070086,-1.7344157,-7.6070423,-9.893603,-6.8122864,-3.0780573,0.2028873,-6.337509,-7.604832,-2.6866522,0.03974635,6.567974,2.3884351,-1.1812408,5.1282225,5.467309,11.521693,8.522381,1.211215,-3.3789086,-4.635488,-0.7836485,3.6009898,2.027588,-7.037895,-9.105802,-10.259533,-6.546179,-9.920687,-8.230669,-6.0948534,-5.376906,-6.1709566,-10.023212,-8.996162,-2.1104233,2.5686417,-0.90911233,-10.234286,-11.139364,-13.72458,-7.7574997,-3.1364443,-7.316806,-6.807927,-4.0121603,1.8043752,1.4928193,0.31281307,-8.022206,-10.3593235,-9.355009,-10.309528,-6.2214723,-2.9166172,-7.2079177,-9.316015,-6.921398,-10.6672535,-11.731888,-9.978728,-2.9724333,-4.2795563,-4.205433,-5.279048,-10.423729,-10.422564,-11.532036,-9.9392605,-6.1961036,-6.800741,-2.2075484,-0.90517056,-2.5168037,-4.819009,0.5662489,2.8890407,-4.9093084,-3.5175743,0.12706602,-1.517354,1.445556,-7.416879,-14.868562,-11.320877,-6.4856586,-6.8092566,-9.118879,-9.654686,-5.6064577,-7.9841385,-8.637154,-5.3678284,-0.87629867,-2.2034898,-2.01564,1.1129348,3.3691652,0.67789507,3.293416,3.7677214,4.5725865,8.403416,7.9815903,1.7935524,3.5503492,2.9196122,1.0787183,-5.569006,-10.798483,-10.519972,-4.0145216,-4.7222743,-7.2263126,-2.8599253,1.7009447,0.78786385,0.9125252,4.15736,2.2149665,-7.304206,-4.2511616,-7.515449,-15.867538,-19.908339,-13.267389,-2.207539,-3.5432892,-11.009575,-13.009241,-15.5367365,-14.888479,-9.508896,-8.74584,-9.580055,-8.146154,-8.362299,-5.0290437,-0.6255249,-5.4279795,-14.300317,-18.42364,-11.862221,-3.1632538,-2.992629,-5.5824366,1.0436839,1.1800381,3.1838202,6.2232985,2.615693,-3.117463,-3.8418853,3.9432173,1.5329823,-8.009271,-8.428875,-2.3503103,0.33266455,-9.1509075,-5.7683816,2.618311,-0.8673783,2.9379525,2.1461234,-4.508599,-7.671338,-3.5917587,-5.098283,-4.5555687,-5.347301,-9.262426,-6.944864,-3.2796698,-7.5912333,-6.712241,-10.180628,-9.391975,-13.210673,-11.674177,-10.270122,-11.102337,-13.44858,-8.074639,-4.8512974,-5.781622,-4.8377867,-1.4064591,0.40935397,0.16567938,-1.2244108,-5.252508,-0.47690642,-0.52629864,-1.2461505,-6.4037724,-9.464683,-6.4387465,-5.0987306,-4.3356705,-2.7856615,-7.796386,-6.361062,0.08440566,-0.67144436,2.8695407,-7.4527235,-7.5617948,-4.834862,-8.39252,-5.4499846,-0.33996397,-7.457538,-11.731943,-13.083159,-12.080779,-12.377163,-8.305578,-6.9497013,-6.293531,-8.064133,-7.950615,-8.373559,-6.4288573,-1.4322507,-9.68602,-13.559634,-7.905733,-8.391059,-6.367015,-9.078037,-19.9698,-21.249641,-15.277471,-13.068768,-10.350644,-13.591387,-14.587787,-11.63625,-5.6086407,-5.684728,-9.011179,-11.540096,-10.800819,-9.003004,-7.3942003,-3.1017323,-1.4939723,-4.2514877,-3.2123404,-6.15611,-8.268141,-5.3966846,2.758113,-1.5647433,-6.6110163,-6.023818,-1.1162453,-4.878924,-5.2700152,-6.335119,-12.686012,-9.466981,-0.86756253,-4.2594686,-8.434697,-7.9517355,-1.1195796,1.4730861,-2.0428085,-5.2507114,-2.6842551,0.19492698,-4.53462,-3.3233478,-7.3321257,-5.5395107,-6.1242514,-6.6314034,-3.9697468,-3.3663714,-2.9174986,1.1456224,-1.4523239,-10.476903,-11.29309,-5.349189,-8.18927,-6.9800105,2.8525026,5.010658,-0.6089802,-3.1098168,-1.9304245,1.1083062,0.4949187,-1.4475657,-2.645787,-3.6789591,-5.0439763,-6.3111715,-3.5008488,-6.3687234,-4.1363444,-1.6386168,0.2461204,1.1545343,4.1148386,-2.1621618,-11.263756,-8.732319,-8.52219,-10.93137,-14.902819,-17.521053,-16.275589,-15.835064,-16.36436,-13.9561825,-11.893082,-10.744587,-6.209134,-8.085462,-6.5821047,-8.360457,-9.771927,-6.1638594,-5.8848352,-5.900838,-4.2633905,-2.9797015,0.47020072,4.786304,5.7191176,0.6690074,-0.8232744,-1.1177275,1.184452,-0.3154817,2.2137382,10.271037,8.057699,4.2848806,5.936489,7.7992764,-0.66905487,-3.4952786,-3.0833197,-8.774858,-2.2587776,3.9488797,4.5903554,7.56809,8.663412,13.293337,11.818003,13.657717,20.115517,14.811497,12.633873,13.872181,11.062085,7.1150656,8.198359,8.172682,13.423819,13.157904,9.051356,11.044086,15.315006,9.684029,4.278386,8.110575,9.68614,8.630541,6.771743,10.78971,12.995708,12.008888,7.281661,8.582287,6.6700363,-0.6155065,0.24491084,3.4927826,4.6837263,2.951177,7.2362666,10.618676,6.61895,4.775787,5.1855764,5.548013,7.798153,15.051496,11.994764,11.346052,7.431573,3.368384,0.6785697,0.6974632,3.3876157,1.9083737,-0.12800188,1.7369173,8.789175,3.8030243,2.3744535,-0.36576122,-4.5013494,-5.709567,1.8705144,7.9458866,8.220209,4.249234,3.0877662,7.1835165,3.5042849,2.122839,8.070779,4.1666183,-11.178539,-17.467567,-8.4669,-4.3256807,-2.6092694,-4.9629955,-4.3466063,-1.4040473,-0.9248493,-0.99769914,-4.862136,-2.7662778,0.71095824,4.2845826,11.8442135,14.477097,15.312292,19.311682,21.315891,14.384413,13.549064,12.464384,12.307657,10.580959,4.1161814,0.6972283,-1.7966946,0.4867456,0.63657343,2.7206936,6.7231107,10.830059,9.490103,13.491812,6.0341573,10.190281,9.6859665,0.54178566,6.8512077,4.8298593,3.317555,1.4668539,9.975931,13.97054,10.466074,15.936125,17.14188,12.60183,15.212036,9.768758,2.819815,2.3938904,5.331442,5.8623543,12.138634,17.52381,20.801281,18.94857,6.9911237,-1.3619578,-0.076164484,3.6505785,9.787272,14.403536,15.187568,13.393724,11.741951,17.963064,21.548443,15.779534,16.367573,5.3481083,1.1890236,11.811987,14.44583,14.806316,17.780712,18.084866,20.936138,17.879023,11.096218,5.954826,-3.167522,-6.10985,-3.2152772,3.2056713,7.4185286,4.9594154,2.2107713,-0.38245496,-1.736453,4.4509773,8.269869,11.014776,8.655935,5.055749,3.981945,0.23488754,-4.152671,-2.7775354,-4.4922366,-2.030292,0.40980923,7.9617352,10.062452,10.31736,9.868549,9.721544,8.373518,13.218973,12.1557255,12.6908455,14.155319,17.85286,21.752407,22.092442,23.585999,16.303255,8.31769,9.224415,10.167101,8.094115,7.6482897,4.2680006,3.2549405,1.437322,1.4717638,2.2179642,6.352312,23.57632,28.54618,23.29658,1.4763579,-1.7960892,-1.3199935,-6.974564,-3.8326545,2.9357483,3.9747944,3.6093473,10.493545,3.2702906,-1.6291339,-0.7789411,3.2417958,3.319302,2.073752,3.2879298,1.1213751,0.65578973,8.628595,5.577823,10.943964,12.389988,14.1715765,17.985176,11.4176,3.917043,4.419121,4.565212,4.4708557,6.91124,11.869481,19.104683,16.991592,17.587505,12.706125,5.6130505,-3.5645926,-9.506273,-6.7897825,-3.3917496,-2.9984982,0.12669015,2.467211,2.4056795,3.1662245,3.668047,-2.9222517,-2.4399004,-3.8523211,-7.8848915,-5.0555534,-2.9093664,-5.921603,-11.456976,-8.825141,0.8101763,7.891732,6.427207,1.6603333,3.4994082,2.2454867,-2.0849745,-6.35469,-3.5721958,-0.3456716,7.0176573,6.346996,3.417089,6.622761,8.417606,7.741808,8.171463,4.023387,5.862721,11.932785,16.567616,17.802423,16.163296,11.970076,13.334013,15.125945,12.197672,6.978734,6.260215,4.395977,3.3097153,7.207978,3.9458852,5.869958,5.7447286,8.630316,9.563646,12.410261,11.517575,13.193861,18.775635,15.953155,5.6371937,4.6373243,13.276861,10.648424,1.7398646,0.91379255,5.9412546,7.5709047,8.970052,6.683211,12.129732,11.806589,6.140949,10.20344,17.918873,12.21455,8.97367,8.462832,12.878089,16.355679,19.472322,18.986477,11.443455,7.331919,7.757557,11.143602,9.847418,10.513533,6.9044046,7.6084375,7.1998777,6.989211,11.1456375,12.451353,11.345624,9.960903,12.713334,16.32189,13.951714,12.983831,14.669504,18.30815,17.069368,11.427207,10.001629,3.6151655,1.3826816,1.3228537,-0.042105436,-5.4360914,5.2295475,8.415583,7.9665775,11.328415,15.22411,14.983402,12.729048,15.692038,15.653271,11.430631,7.591563,15.203801,16.974508,13.459706,13.3454485,11.384022,10.895023,10.679271,10.449707,5.383131,5.0097036,0.2844278,0.9138934,-1.9497631,-1.4804708,-4.2403345,1.9412246,11.575951,18.90332,13.297647,8.657425,6.649482,0.85794,1.4576409,5.9399667,3.8938937,0.57604665,1.1234558,5.1573915,4.672038,1.3690541,3.2303026,9.400462,8.534849,4.6904507,0.82144344,-2.441899,-0.9521011,-0.8908397,-3.1027613,-4.1444006,-6.121172,-0.7155106,0.56063116,0.2641751,-0.8233317,3.3498874,3.2859159,-0.08305508,0.4738496,0.5877788,2.3219545,-0.34020442,-0.56910294,-3.2684534,-6.219568,-7.030796,-4.8858595,5.4548516,12.782113,12.133343,10.63608,10.519445,2.2889402,-2.7426472,2.571013,2.179418,0.33625272,7.650318,11.230951,5.2209764,-0.32556808,-2.3645692,-7.6719327,-2.8501334,-6.9059563,-6.29072,-1.4466515,-3.5066915,-0.06340319,2.0696476,5.806755,7.9742823,10.403334,7.851368,11.477552,13.111931,3.160811,2.1260355,7.865114,3.7688196,-2.181013,-9.304338,-18.725117,-18.736214,-14.157165,-16.102121,-14.418802,-8.82101,-10.391905,-11.8317175,-17.325378,-21.319126,-25.696735,-28.606739,-24.82917,-14.04133,-0.35897362,4.7837105,3.775415,-2.819368,-1.1427265,-1.8496383,5.6705675,9.215757,10.564358,14.610744,11.4054165,4.0786777,-15.452373,-22.860247,-16.885523,-11.100815,-10.288749,-8.756273,-9.79405,-15.931688,-20.442593,-18.406597,-14.570988,-9.753131,-8.865438,-6.881602,-4.9176707,-9.827183,-13.920893,-13.787577,-13.980534,-16.845982,-18.224483,-20.12394,-19.838839,-16.732922,-9.565727,-7.0852,-5.08685,-4.519018,-8.728472,-6.426385,-4.7720184,-8.792694,-8.595359,-12.139765,-11.067193,-8.4020405,-8.212386,-10.449118,-6.455671,-2.2208436,-0.8864685,-5.699088,-5.801964,-7.614664,-6.667219,3.349537,-1.3472798,-10.390526,-15.174145,-7.7550864,3.3774557,6.640238,5.4191656,-1.1729629,-7.2113237,-4.229688,-5.081621,-6.984147,-5.5973988,-2.1248937,-0.3266834,-0.25357655,-1.7105149,0.7923062,-1.2422879,-0.88434404,-0.58331066,1.7928826,-0.8081965,-0.8648204,2.5437644,-1.028426,2.2621102,4.0899463,5.0132647,8.092047,6.3021054,6.13661,8.411039,10.599375,7.462453,-0.81792516,-4.6401353,-6.6855574,-7.2136183,-8.582778,-10.225651,4.452744,17.134342,17.060188,18.561546,15.859063,14.825885,14.064737,18.96732,26.150059,23.48301,4.68021,-0.6489376,-8.171211,-14.198645,-11.742842,-5.4932356,-5.859908,-5.504117,-6.8838434,-11.1932335,-5.4080677,0.057106793,-1.6278106,-2.1169653,0.89339364,-0.03268701,-0.41038215,-0.0062069893,1.0100968,0.6017952,-5.8142157,-4.5250835,-8.588438,-7.9337044,-3.4423168,-3.3406935,-5.723967,-0.29882786,5.2184157,-0.0994966,1.1198912,1.7133338,-0.41438603,0.85623336,4.0428953,6.3423457,3.1668873,1.1190184,-5.1345234,-8.959198,-7.217684,-3.7834706,0.5852387,4.939052,10.526785,12.343239,12.095928,7.0242033,3.8443885,-3.184504,-5.7468843,-7.6351166,-13.048672,-11.317447,-5.0106974,-2.8412051,1.4968629,-4.16974,-10.150623,-3.458379,2.0784588,2.1232257,1.1766534,6.846798,13.760542,15.616988,16.584667,11.495622,9.832982,8.996752,1.419251,0.13709372,6.4251957,7.74092,11.269494,7.1173344,1.0074539,-3.0179722,-2.7428963,-4.0585537,0.37066174,-1.3977153,-6.5629387,-5.4763,-5.42851,-6.34533,-4.585932,-3.8207974,1.6125052,-1.3810642,-7.0097847,-3.7190905,2.5632043,5.8200994,9.367369,13.271412,18.417583,15.347325,14.696949,15.078278,11.536887,6.632851,3.9546192,-1.3198421,-6.3512783,-8.548012,-7.735647,-6.911355,-2.239599,1.1874106,0.5581436,2.3115172,-0.46800506,-1.6720823,-2.8726435,-0.33436,-2.801279,-8.730843,-8.596598,-3.0671813,4.638339,12.619844,14.179316,9.898855,21.309122,21.479065,10.21826,2.0691752,-2.3423226,-3.3825994,0.1929965,0.30622,-2.4853005,0.8954758,4.633442,5.413021,2.2995136,4.466126,0.9410871,-1.5316713,-3.3756144,-6.161197,-5.932149,-4.6496243,5.510051,12.923643,10.786058,13.051072,5.4992075,4.4714866,1.7839975,-8.988741,-12.808527,-14.82265,-13.5898285,-12.9362755,-7.6339397,-0.58361495,-1.6292849,-3.0013595,0.15412903,-0.7390208,-0.37210098,-5.1619973,-9.551878,-12.21862,-8.032225,-7.472726,-6.938785,-6.968576,-8.442231,-8.623455,-7.916198,-8.186472,-12.258427,-13.758972,-12.406962,-10.709419,-8.203248,-14.816048,-12.596125,-13.426403,-13.11075,-14.932566,-11.938356,-7.867749,0.3925665,6.3832235,-1.1657625,-4.584566,-5.5114226,-4.967924,-9.707396,-13.100154,-12.964096,-4.6929774,3.1190724,11.48416,14.210803,6.381648,5.687846,7.09585,3.6099248,1.4209937,0.114001006,-11.156438,-7.896446,-6.432917,-3.632508,2.1405895,3.4824266,5.4355316,4.943015,-1.6700768,-7.5074415,-4.6368437,-2.7828035,-6.3290777,-7.531105,-0.93234044,-0.5001887,5.926181,9.710373,6.358302,6.1053934,4.331414,2.685719,0.6436826,-5.2050977,-6.4483805,-7.213587,-2.2381048,8.588741,4.5394316,-1.4627501,1.7586259,4.1687922,6.176934,4.4900923,-0.50200886,-0.7970155,1.2451538,2.7959332,5.551601,2.6336086,5.324055,8.033332,8.92442,7.591133,-6.1453457,-10.318323,-2.7913198,-5.6274867,-6.9826765,-6.840314,-10.200867,-5.699529,-1.2761655,-0.8518002,-2.7641926,-6.1596813,-11.033329,-12.377404,-15.367001,-15.967261,-6.6485085,-3.0357037,-2.211797,0.385683,-2.23837,-7.849088,-4.446193,-6.8064547,-7.745228,-9.918201,-8.323605,-4.190473,1.6101764,-0.43845785,-5.5600195,-6.617334,-1.3085972,-1.4886911,-3.1838593,-1.8925043,-7.8953614,-7.682089,-2.8122914,-5.109762,-7.529949,-10.3226385,-8.9058895,0.0023625717,-1.3266594,-3.8254917,-3.1734564,-5.087982,-3.0431142,3.2628486,3.6556096,0.9417523,-2.480278,-10.444958,-12.623183,-17.788666,-11.580963,-12.692556,-11.227386,-9.291237,-3.9804292,-2.3181787,-2.406815,-0.007935338,0.021648824,-6.1102386,-3.1848009,0.45769715,-0.568404,-5.1924925,2.1289582,0.03539442,-2.8818622,-1.2762969,0.9231239,5.639062,11.582054,8.855528,6.341741,12.63581,14.973669,15.278742,14.290724,9.647633,7.335515,5.0143576,8.325611,4.41489,3.4939716,-3.650006,-2.0088482,8.121664,12.986082,18.162672,14.924469,15.277906,13.234552,11.841158,13.117203,19.140419,16.285343,15.06429,16.673641,8.662443,-5.237764,-3.6631021,0.47336447,3.2505229,1.9117361,1.7804993,2.3931072,-1.5178921,-2.7317333,-4.2398167,-9.547072,-8.399332,-6.8886228,-11.695022,-6.7833915,-9.148406,-11.667116,-12.622755,-12.340704,-12.1307745,-17.038372,-12.76277,-18.045216,-20.237217,-14.296291,-16.358643,-14.9975395,-15.251051,-22.112127,-23.923351,-19.888657,-19.028568,-14.93536,-13.616787,-6.4663734,2.0787642,0.6852811,4.926897,9.111519,8.147913,12.965278,6.4636517,1.9226891,6.9765463,8.585662,1.1860551,-7.7432833,-5.567547,0.5981338,5.0651507,4.6451383,2.511809,0.026293322,-3.2202709,-4.881926,-7.2607803,-4.6112957,0.24557449,2.744769,5.278386,4.4000053,3.6954038,9.945057,5.861621,0.75319207,-3.8205032,-12.952831,-10.628935,-3.695464,-4.1423135,0.016584426,7.335172,6.3374987,-0.7248687,3.0842257,5.4687634,4.66827,6.2507095,11.419865,11.626644,8.1891365,7.8554983,0.21506554,1.1955572,7.6766224,11.092941,11.689429,16.15094,15.884785,8.599933,1.9175334,7.0237913,16.31596,10.818397,2.6849718,0.6618841,4.1067247,7.2738585,13.048019,11.993283,5.8148136,3.9871294,5.5444355,1.5835094,-4.808864,-8.352687,-8.0975485,-7.205186,-13.068409,-16.17931,-3.5962431,-1.8338221,-0.3090937,-5.9954586,-11.516335,-13.675165,-15.245207,-10.820845,-8.164635,-10.222631,-9.960541,-15.657333,-17.83019,-16.14413,-16.46394,-6.6889944,-13.349974,-19.936996,-13.482237,-9.36157,-7.3573723,-3.9286568,-4.728349,-8.651794,-0.81411964,2.7502851,-1.4177759,3.059451,1.4211075,-4.02194,3.78359,7.583967,6.200427,9.564749,13.08802,10.860765,7.564926,5.2558126,2.1627169,3.6882038,5.3881598,5.666868,0.47550288,-7.76106,-12.962306,-8.320779,3.347682,7.1283484,7.70557,1.3988656,1.6668297,-0.11142136,-0.1469751,0.4145499,-4.6735334,-6.0197363,1.7151865,3.5811229,0.53055644,0.82134056,-1.6038136,-1.7221979,2.2771647,3.6591299,0.87596583,0.965443,3.420247,3.086556,10.8021145,11.24021,12.69629,18.910553,19.37175,15.671093,11.9807,8.795117,8.421671,11.462974,4.602224,-5.3020077,-5.4708853,-2.3576548,-1.0215442,-2.2862506,2.6785517,4.685233,3.660683,2.916353,-1.2087934,-0.13013983,-3.1595385,-0.64042675,-4.607323,-8.730661,-11.012455,-13.3843975,-8.838552,-4.058237,-6.3868694,-5.1552124,-4.4254274,-8.340697,-13.189609,-7.4270205,-6.5334644,-12.415096,-6.674526,-6.543881,-8.866428,-12.595875,-12.111448,-10.564047,-8.337814,-12.789454,-16.487164,-12.379616,-5.515418,-3.6319232,-3.035702,-4.6679416,-2.6753843,1.700444,1.2065082,1.9663279,4.8995314,3.7615154,3.4932263,8.091104,14.240292,11.504605,5.7397623,3.751351,5.961547,0.47773284,-7.798484,0.53809875,10.260848,9.722,6.571062,2.0706024,-6.7958198,-11.574171,-7.90582,-3.281561,-7.314793,-5.8346605,0.9202877,5.4762945,4.0525455,-0.084419966,-2.0458512,-1.3978093,-0.111408114,-0.15178502,1.8338989,2.479916,-2.3964086,-0.40826213,-3.563096,-7.172094,-4.891737,-6.4266973,-3.9627185,8.520373,12.452273,8.572214,5.58739,8.6252985,12.036261,13.904133,8.498188,0.38994366,2.0430892,4.6882877,4.880089,7.350987,3.111743,-3.1414614,-3.1044607,-2.868001,-1.5554965,-2.0496736,-6.085192,-14.251866,-11.809757,-2.7313147,-2.548427,-1.4770739,-3.3459108,-5.3596816,-5.425912,-10.885437,-16.411596,-8.959129,0.7434616,5.2092195,1.4667366,-4.564601,-4.2510843,3.2607198,-7.612136,-14.175312,-19.012081,-21.638899,-16.738161,-20.137928,-18.59267,-10.629101,-11.2688465,-13.353376,-18.824741,-21.750301,-24.986305,-20.11589,-12.874958,0.16251612,3.6844525,6.7247515,1.2131644,-1.8723385,-4.1089034,-5.9837594,3.750193,10.771566,9.051325,5.132617,-7.7280293,-12.198696,-8.289576,-11.011948,-8.772907,-3.720512,-5.4326854,-1.339895,-5.444426,-7.538816,-3.7574172,-0.42093024,0.021544069,-0.85977304,-1.225976,-0.09423518,-5.47836,-6.2571735,-5.213756,-13.790678,-18.317795,-14.948065,-19.671001,-24.496693,-18.189253,-13.866222,-9.525183,-6.101782,-8.342276,-13.343781,1.1027807,5.2521267,1.2362627,-0.8429142,-6.9157104,-14.732666,-6.379952,2.1907635,1.4876883,1.4858574,1.2602103,2.3195612,2.9154754,6.668186,14.973468,15.175425,7.211057,-4.2560525,-7.0894036,0.53164065,6.3524313,5.082148,0.17202759,-0.8967172,2.2549183,-1.1877849,-1.3357538,0.98527086,7.3707557,5.4741817,-1.5797685,-0.22900546,5.4902782,2.7380784,-0.47816646,0.27015924,2.0167954,0.92485595,-1.5211008,-8.544033,-6.341758,-2.7863822,3.0660157,8.495993,6.589664,9.852016,9.6239605,5.4842486,7.5694513,1.7774305,-5.034644,-5.2131457,-5.38132,-7.465291,-7.1328635,-7.2629395,-2.146073,6.124022,11.312635,11.603027,15.323732,16.818424,14.665054,9.496157,3.0394013,3.2043285,9.177572,1.7478867,-0.14943922,-1.518048,-2.8786714,-4.8388953,-4.280819,-8.1798115,-4.650161,-0.72852397,-0.3175094,3.7723303,9.89026,5.443385,3.9083078,6.907831,0.124500275,1.6175315,5.5408306,1.9699996,-5.583083,-3.597982,-0.75997424,-4.8933625,-9.024225,-7.5519295,-5.841651,-4.1769094,-3.4145155,-3.1726718,4.9761324,10.010141,6.46206,6.9007187,13.643824,10.313018,3.2749913,6.238702,10.555017,13.33816,10.327856,17.666763,16.03087,13.945541,11.2850065,4.267021,0.96775097,-3.5147505,-5.980331,-9.907537,-4.741886,-2.191432,1.8144367,4.5843015,-0.68762743,-3.6945038,2.5168746,5.9961424,6.317815,5.332668,10.052311,11.671116,13.738945,20.146202,12.639416,11.029167,10.869187,9.049229,4.4457583,0.7394515,-1.544028,2.1359408,-1.5779716,-6.389607,-7.210478,-2.536441,-4.8780794,-8.0564165,-6.3350334,-9.594082,-16.160107,-14.408184,-13.644032,-12.145581,-10.733382,-5.2748957,-2.5246663,0.6708246,7.002631,9.316656,6.985449,7.58531,0.8748386,4.3199673,6.1226463,0.38792443,-3.8069882,-5.077467,-5.063517,-0.52059495,-5.7041693,-7.3743496,-8.038477,-2.3401642,7.690551,6.9494286,6.0622835,5.2424874,2.6685457,4.3273478,-5.6721087,-9.798517,-1.1384195,4.638623,13.668405,17.589386,17.014717,13.156445,3.4467947,-1.2854702,4.9349446,0.18352342,0.7117339,5.186758,5.395068,4.2487454,2.3472795,3.133509,5.4578943,5.7724104,3.5949297,-2.0191686,-4.8766828,-0.85399145,-1.2369468,-1.4055936,-2.068703,-4.05548,-1.8886589,1.4622915,4.11575,9.102287,6.573505,3.251797,0.6496928,-1.1382759,-6.054906,-5.9166546,-5.4933677,-1.2346675,-2.0272975,-1.7835081,-0.11707929,-1.6991556,-7.1537104,-6.447173,-8.66705,-4.884722,-2.0374942,-2.7827637,-7.22246,-9.319557,-11.131689,-10.412115,-11.017866,-10.619584,-9.430233,-10.749256,-11.524733,-14.773728,-14.876819,-11.308599,-14.970859,-22.416595,-19.62138,-17.66673,-16.757015,-11.257393,-11.015919,-6.900133,-7.9192348,-11.29908,-10.630817,-4.9197283,-2.921693,-1.0014355,0.64645606,-0.36796442,1.6725062,-3.9118252,-7.048162,-8.010302,1.0621011,7.7420716,9.5008545,-1.1876264,-2.5485704,-2.7344306,-4.47777,-2.8562748,2.399436,3.3637838,9.971838,15.84843,16.133087,7.93361,-3.2971559,-6.5745454,-9.593207,-6.976345,-3.8673747,-4.1862917,9.109757,15.759981,10.220538,4.041682,2.399178,4.4067273,1.8859863,0.026010543,0.016797736,4.062834,12.562237,12.679717,4.3817234,4.248013,5.6797285,9.796463,12.340639,5.5195537,6.0014906,11.195301,17.63062,18.026491,9.406234,2.9444647,-1.8999045,5.0180454,12.911682,10.128376,3.0799384,-9.206466,-14.015058,-12.365732,-2.5910769,-3.5600119,-7.449341,-7.442309,-0.13190344,-2.8190498,-8.805007,-9.680191,-13.24275,-16.116447,-19.058136,-19.833927,-12.400244,-9.33211,-5.9122734,-8.151449,-6.0098143,-4.65301,-6.0754147,-8.525994,-5.888687,-2.3761592,-6.530646,-1.3859051,-1.4050765,-0.5780864,4.651622,3.038385,-1.2521431,-0.051843405,1.3216858,1.4251106,2.8621843,-4.198078,-5.418907,-1.9507593,-1.5801032,-0.48325193,4.318386,2.233214,1.8651525,4.3056383,8.808335,9.545605,4.6904163,6.6726503,8.0598345,2.514789,2.9190586,1.2388821,-5.576072,-6.3526726,-5.5924177,-4.8511815,-9.062425,-9.279709,-5.8571563,-0.3505217,0.59360856,-2.2943904,2.3189778,-0.07590169,-2.659563,-3.3892312,-1.1592102,-0.7639171,4.12508,6.404855,2.0655415,6.454774,11.7095585,15.045915,10.190481,7.284975,10.92576,16.513573,18.629465,18.887934,18.353733,18.988926,13.082188,10.739767,9.9757595,11.049572,13.638184,16.14524,17.295937,11.561159,10.366958,7.908491,14.408358,18.468998,19.484985,10.26058,1.4514,-1.0843072,-9.186192,-7.9728456,-3.9331684,-2.0421665,-2.095055,-2.6818008,-2.1022336,-6.1805916,-4.98708,-7.5731964,-7.324151,-7.482941,-2.2571387,-0.048527062,-3.2725265,-6.6265993,-4.013064,-0.85057855,-6.325417,-8.552658,-7.4681034,-9.90724,-13.347733,-17.571955,-15.857038,-14.682045,-14.258532,-17.50507,-15.844259,-15.930237,-10.790296,-8.503546,-8.753398,-9.7673645,-16.15079,-10.125938,-8.239534,-3.0070786,1.7867873,7.055851,9.997582,12.139575,17.702166,18.399616,13.9051695,10.167685,14.915989,6.3043003,4.6325016,11.4608555,7.006741,-3.3043494,-12.199411,-11.473238,-9.135287,-4.655255,3.8101687,4.1244144,5.6297526,5.8458347,5.7834406,7.1103377,5.72407,11.113715,17.233004,12.641786,14.376326,11.61919,12.9935465,15.284607,7.342903,-1.6384025,-3.495667,-2.9263604,-0.43200827,5.2057905,4.7536345,4.376096,10.120822,5.3291235,1.3467883,2.5077934,5.1256256,8.021945,4.247174,2.4072895,4.289218,6.0898895,1.5894138,0.39949447,5.877081,11.29655,14.414065,11.131982,6.3810043,0.63135743,-5.700265,-1.4775498,1.1164633,6.844032,7.4379025,4.013225,7.924888,5.339717,7.2579594,4.6309104,0.61065686,-2.9274328,0.40322244,1.8223919,-1.2957903,-9.163409,-7.3138647,4.479764,4.0816793,1.0934017,-3.164653,-12.151169,-19.931404,-20.736998,-11.495565,-4.885972,-3.5098195,-8.840953,-12.704818,-17.552074,-15.769045,-11.433008,-12.753592,-11.016183,-8.587624,-9.025059,-2.9901862,-8.578976,-9.536241,-4.289586,3.145282,6.9460835,6.301464,3.685173,4.4623914,5.855941,7.141064,11.947472,17.072023,21.613064,18.800787,22.16549,19.980362,20.861654,20.169281,18.773064,11.599627,7.869894,7.4502316,7.792244,5.670107,2.075133,1.3586752,2.1672478,3.7010307,3.091127,3.3078752,5.9021716,3.9490757,-1.0468419,-3.0671787,-3.721416,1.0137644,13.0874,15.38805,7.724633,-0.16503686,5.5753794,8.79463,10.274729,7.3807483,1.9658451,3.439657,5.892742,4.7159944,8.17453,11.185923,9.698416,8.937836,9.706009,13.280085,10.197136,7.3848453,7.263938,6.3268814,-0.88890415,-5.1898017,-1.607226,0.5256469,1.9880185,5.091917,7.272293,7.5227365,6.8610487,6.58056,9.309046,8.116671,7.5588264,9.437738,17.302828,14.072247,10.645617,11.802375,9.288673,7.2476444,10.065477,-2.8273563,-7.943527,-7.6299753,-6.571591,-1.4483948,-2.648984,-5.16825,-9.342474,-6.4541674,-3.6216297,-2.344795,1.1130487,5.3079348,-9.512739,-11.719612,-3.3301082,-3.394992,-9.87198,-5.7870393,1.8555777,5.04762,2.7461078,-6.517954,-9.305978,0.4084349,4.956692,6.304315,11.655615,8.702993,1.8954134,-6.2247996,-4.520935,-1.7568306,-2.053433,-3.1543946,-11.120283,-5.27079,-3.7817714,4.448512,8.792655,7.3234563,4.292872,-2.4259822,-7.8297634,-6.792133,3.8744633,14.950709,12.828634,10.072447,7.533123,5.8358984,3.9181309,7.243705,2.0846143,-3.4258404,-6.021432,-2.0990474,1.1444857,0.5605566,0.8854665,5.703421,3.7402525,-3.1762614,-7.135713,-11.291012,-7.535724,-5.9560013,-9.030647,-6.669187,1.207696,1.0492105,6.7880435,6.4787455,4.073171,-1.3510898,-7.6011066,-11.727482,-6.9724226,-3.869485,-4.9632797,0.10198653,0.13755769,3.114088,6.1761217,4.792779,8.418747,15.9331,15.314405,15.057946,17.429756,17.86266,19.068893,19.568214,15.818106,10.377517,7.3381443,3.6746876,-5.146559,-12.903764,-6.909849,-3.4439468,-3.8288393,-1.8843521,2.8358374,1.155467,-3.4705229,0.063557744,1.7045017,1.6712322,-3.6312218,-11.08936,-6.657609,-5.284254,2.542023,1.0564541,2.7385612,5.5179853,13.030249,9.520927,5.921339,8.112621,14.350512,16.779366,15.735304,4.8682384,-0.66713756,0.09118366,2.6527736,-3.8351743,-5.8350496,-1.7897516,-5.867705,-9.1427,-3.9679112,0.5117012,4.313208,7.6638613,3.6383634,-7.178151,-6.3542056,-4.372862,2.0168412,11.483484,10.42782,15.50232,20.072224,10.701186,-1.0805998,-1.4305917,1.8204598,5.4468517,10.135539,14.621003,6.7456274,1.533217,3.834532,13.393723,20.750172,14.143371,11.455912,10.00676,9.8573065,12.033098,12.9775505,11.439909,8.941105,7.9529276,1.5868008,-0.7278561,1.4623542,-2.2053726,-5.118512,-2.8123825,-4.4409847,-6.22993,-6.99177,-9.234705,-10.560619,-13.829471,-8.668938,-3.3884933,-6.558095,-2.9912372,1.6102893,0.9501306,5.3797426,4.294855,10.021987,16.00851,13.2679825,12.1271,8.903108,7.415906,5.678775,3.8801131,-3.57641,-2.1252098,-2.2313461,-6.1150947,-5.306645,-3.822655,0.95102495,8.628371,8.215414,11.679213,8.042887,5.1633587,-5.6514473,-3.707025,1.074121,5.5351205,6.322118,4.8808565,8.120233,7.7312965,0.14402452,-5.517784,4.181125,10.979795,9.087613,3.6653736,8.633827,13.810904,11.282835,2.023409,-4.8440657,-8.522236,-9.476039,-6.860052,0.54649425,5.533801,3.140224,-2.2671607,-1.6801054,1.9206083,-4.101671,-6.6482105,-1.4029001,2.3785596,-1.1965458,-3.1995041,-1.4800687,0.8401684,2.9106307,4.790353,4.0270796,3.0356867,-6.1226816,-4.9863157,-2.930975,-8.239803,-6.0294666,-2.742957,-3.4392366,-3.290641,-7.4442215,-5.322456,-8.233076,-6.940206,-6.0833406,1.7697148,9.749592,15.803343,22.592793,22.05363,19.377281,19.790045,17.3146,12.712095,6.8221655,9.922015,6.4401617,-4.751183,-3.3890126,2.74456,-6.775257,-7.607189,-1.3921627,-1.6729587,-2.5292664,-2.757681,-9.031956,-8.500555,-3.197783,-1.0425608,-1.5841056,2.3205147,11.113287,5.924902,-2.051251,-2.4812388,-7.997805,-6.1922503,-5.2306037,-4.5862503,-9.489249,-12.746647,-13.009609,-13.961029,-15.801165,-14.948671,-11.177994,-16.893568,-22.454823,-13.140325,-1.6662285,-1.3859142,0.3399229,5.2240543,4.4529734,-1.7633162,-7.0192413,-4.378273,-1.2461832,2.974102,4.035217,3.0597808,8.010924,10.640509,10.1287155,7.6207924,5.4398565,1.6218774,-1.198514,2.4631329,5.166926,5.450656,7.55108,9.735528,6.459964,1.6718146,1.2920625,0.04040599,-1.4782248,-1.7702281,2.4001255,6.7287326,12.073605,10.832705,10.4809475,10.969559,12.754667,12.959093,12.471485,14.4179945,11.05761,7.651834,8.7187195,4.0383816,7.3554506,7.4199505,2.1152232,-0.7931612,-0.069165975,6.6835446,5.843501,4.2964134,8.062329,6.1351814,4.421189,4.5021877,-0.69371504,-2.3049684,-1.6902153,0.40466624,0.050464153,2.4001746,-0.40175536,-2.659455,-7.22221,-3.5050907,-4.568379,-1.008071,-3.6970353,-5.643024,-8.7943945,-7.6112313,-10.257549,-8.5911045,-4.829813,-1.5239892,-0.9051099,7.344907,-4.5780787,-8.662421,-6.8113766,-3.9479945,-3.9051342,-6.5565357,-11.040268,-12.477897,-10.718637,-4.257954,4.7734222,10.299426,12.772953,6.5385904,4.677347,4.2459865,2.5726874,0.12782511,-2.73913,-4.93618,1.0078465,9.398275,11.051292,7.4789815,10.702514,12.874847,14.929967,13.191362,16.741884,16.656273,10.2128315,7.0151944,9.343006,7.8517947,4.3056355,3.2880733,9.503577,10.250686,7.972007,9.013123,9.581954,3.9829135,3.184569,-3.044176,-4.4298134,0.28529954,2.6697292,0.58084095,-0.045318067,4.425363,7.1974354,7.7654333,4.8578672,2.447737,0.6670721,-2.6139178,-0.08062753,-0.8179061,4.336523,3.786387,3.7600126,3.2909746,0.2283237,1.0314947,4.8876643,2.1720364,0.09644884,8.0500555,4.1371336,6.2108755,12.276309,13.832373,12.470053,8.1810055,6.3496733,5.9326067,8.500724,9.077782,1.0756384,-7.1609383,-8.202057,-3.284133,-5.5435004,-6.0154066,-2.1304543,-5.2375274,-5.676438,-1.4218292,-0.02617526,-2.2559814,-0.2679267,-3.0972507,-5.7780533,-7.8841453,-11.554978,-13.310689,-11.694492,-8.399251,-4.1330233,-4.360221,-4.5706835,-3.6896658,-4.538226,-4.142615,-10.639381,-15.941265,-16.842651,-15.492689,-15.985738,-18.984243,-19.8782,-21.977425,-14.150406,-10.163918,-13.206281,-12.504917,-16.133434,-10.419619,-1.1055027,-1.5474365,3.3041918,6.017395,6.9264326,8.201952,5.601615,8.602097,6.9005766,4.6543465,6.4312105,-8.459377,-6.711434,0.94912124,6.194352,11.30567,8.853242,5.021825,-2.7372165,-2.9343157,-7.1654797,-9.837229,-8.464971,-10.903776,-13.309202,-14.460775,-10.9344425,-6.1113253,-8.866343,-9.203087,-9.700438,-7.7740183,-9.199266,-10.593998,-9.01973,-7.7127523,-7.739505,-5.9250636,-2.4602938,2.3946605,2.4696627,2.4252439,6.6383953,3.797795,5.6513033,10.965117,9.855147,8.158264,6.461704,4.8130693,2.7955813,6.703776,10.311692,7.6750436,8.34341,10.90465,4.5658154,4.3674426,-0.3643035,-8.916559,-12.182224,-7.9764175,-6.0470667,0.14865747,6.329244,7.746957,6.287531,9.780415,15.991385,18.498734,15.129601,14.206177,8.3345175,8.089293,8.981963,10.644739,12.514105,15.302458,16.75919,14.694025,12.992586,17.122955,16.757877,11.194901,8.054354,9.662273,7.6602592,8.291618,9.117847,10.893484,10.464582,9.791871,3.9705963,2.643046,8.039616,5.7406898,2.597836,-1.5818477,-3.807825,-0.4601751,3.7819676,5.943903,3.807536,8.155992,13.014856,12.7253895,13.317701,16.141336,14.659631,13.41678,7.612677,8.865934,15.244009,13.990288,10.173739,7.077526,7.148551,10.711723,5.3373017,2.041648,2.9803953,6.602979,3.3358493,1.3563995,1.7029703,-0.65866756,-1.0052304,5.6320143,12.967967,14.711115,16.731466,9.060725,5.2473803,0.9142648,-0.89005375,-6.4066906,-3.7747772,-0.84861183,4.0307055,3.8016381,4.002501,11.289911,17.2988,17.406902,13.739467,10.807748,15.085899,17.792267,20.696747,15.3297615,11.971347,7.617047,2.4349067,0.11400545,2.3183277,5.3363085,7.4950457,4.9535193,8.360017,5.5336704,0.49721897,-1.1448437,-3.3807964,2.9974933,6.576625,5.571379,6.7982564,4.8126974,2.309211,10.180062,18.10471,18.421013,20.579128,16.54038,11.371418,13.124057,14.350449,13.362261,12.951554,11.198883,7.6133137,4.8354115,2.2807019,-2.3629956,-1.202404,0.28631377,-3.8044343,-2.5169604,1.586312,4.759824,2.1837912,2.3884327,10.5236225,14.961004,9.908245,9.085501,6.8803306,1.3799069,-1.704673,-2.0940895,8.294241,8.223212,11.429362,12.075729,4.199634,9.94655,8.922948,12.219168,13.390936,12.36327,17.859215,17.038467,17.866167,20.220505,19.0177,21.90908,20.97176,21.125595,19.03259,16.754745,12.576425,8.636168,7.25144,4.9028563,3.6686988,9.647833,11.892162,11.657066,8.671288,10.011793,10.203892,7.22085,5.8792887,5.9995337,-1.4388263,-0.40405533,3.2371955,4.4272776,7.8307753,9.138594,12.752814,13.987953,11.885627,9.570795,9.7024355,8.177344,2.3106163,4.488884,7.2274666,9.860712,7.8242607,9.677791,14.3736725,17.616825,13.679914,5.3699026,2.2291727,4.583537,13.647604,10.939229,8.509208,14.076647,15.367599,16.400875,12.358192,13.394165,14.902595,13.713239,6.414109,9.201595,13.793429,12.909147,15.013929,13.405693,7.657916,6.060832,4.9315696,9.320614,12.2885895,4.032524,-1.3679638,0.07459895,-4.9282317,-7.0314856,-7.3566236,-4.2753677,-6.3029823,-4.8948984,3.6441305,3.7706435,9.391436,19.833115,13.502052,1.8098147,-4.498331,-9.50562,-3.5465283,-3.9827304,-3.924808,-5.9065056,-6.613356,-2.0726893,-1.2310507,-0.63918555,4.3814373,13.426545,13.012779,1.8683789,1.4821949,2.3764615,-2.4440312,-4.1509614,-0.30875963,3.6812506,2.0962868,6.086795,4.3479786,2.7223754,2.46806,1.1614333,0.42205173,3.3391209,2.5233185,-1.0779558,-2.292058,8.697863,19.52526,18.775005,8.242912,11.869578,-2.1879957,-8.455818,-9.219208,-8.0595455,-2.729032,-2.68985,-1.5297754,4.3361807,1.2701104,0.29694176,3.33933,4.35808,4.6317387,4.4184294,4.8367214,6.536763,3.183211,6.5699472,12.956127,12.660709,11.921068,10.187281,10.482765,13.9404125,10.292806,3.8969555,6.1548615,1.7495363,-2.1681604,0.05766356,-4.0315194,-1.0721152,0.5617671,-0.35661942,2.6237907,8.332852,11.905233,19.452797,20.648329,19.266888,18.165909,17.13412,16.58884,12.593628,8.409957,10.0844345,5.5897055,5.296033,2.2852032,1.6613578,6.90073,0.9899,-3.009647,0.081024945,5.288664,6.0001307,7.3202257,8.515551,2.0149667,-2.7430265,-8.303566,-10.356643,-3.2111073,3.3622236,7.2741923,8.18221,7.5762157,10.566241,10.62695,4.595203,4.3564377,11.390643,11.94697,7.154921,4.0835357,3.6971617,3.579076,-2.175845,-0.35774732,-4.1825643,-6.2828846,-3.1914506,2.2619772,7.490033,8.336243,2.9414606,1.6241171,10.325497,18.578442,21.08244,17.58554,11.7683735,8.4846115,8.295871,9.886793,10.649115,6.017598,1.1412418,-0.78110075,-5.3112564,-7.7132087,-5.789445,-10.091431,-7.746504,3.6108513,3.2987158,3.1261785,6.234757,8.171074,0.3071534,-1.0790243,-0.88643134,3.1794527,11.385157,15.636749,14.937616,16.549276,16.64287,10.217415,8.051045,6.3858337,7.798378,14.808565,14.1564045,15.359001,7.7012243,1.2041596,-4.952235,-8.243011,-7.2596936,-3.8520303,0.76234853,-5.504881,-7.8727617,-2.1522765,-2.593836,-0.19993976,2.0141695,1.7322454,2.410243,1.3815361,5.2462807,4.697536,0.7058306,-1.4363042,3.1768572,-3.3718896,-9.110975,-11.034668,-6.3137007,-3.500681,0.061677277,1.5024211,5.011857,3.6610649,5.984934,1.8023949,-1.9798496,-2.7819982,3.1023276,8.933535,12.350174,10.032398,6.7868037,10.328687,9.886763,6.235636,4.6794806,8.392525,7.869274,10.686163,10.905003,13.293318,11.125248,2.7642264,-4.4701633,-7.032045,-6.367963,-6.4985924,-6.691453,-9.459614,-8.11028,-7.577979,-3.2442765,2.9632738,8.02998,2.014907,1.7435642,-0.9174588,0.1492567,9.058572,7.3716674,-0.71669406,0.59725213,-0.028396785,-1.8861487,-3.6756945,-2.302417,6.9668813,8.658811,2.3254247,1.7299781,8.195513,10.617949,8.602799,5.789057,1.782262,3.8621159,10.133464,8.206749,9.924223,12.607697,13.807529,18.250195,14.640985,11.746329,14.199942,3.3707337,5.148549,5.190746,-2.3176951,2.0315886,3.3989801,-0.7205783,1.3430852,5.078047,1.1932427,-0.027207851,1.2274652,1.7311285,3.8175516,4.832572,-0.045716144,-7.1923084,-4.6164484,0.39436978,0.38049746,-3.363319,-1.051277,1.6163964,-3.0475593,-4.4177923,-2.8994403,-4.2154026,-7.482046,-3.8123972,-3.608136,2.6127543,6.3605275,7.397715,7.2968454,10.540917,13.685802,8.480147,5.5532417,7.5270557,7.0783854,8.259859,10.358096,9.503718,6.227622,3.8861787,8.919058,14.177065,12.13489,17.914253,20.473972,11.960787,12.164049,12.292009,11.508348,10.652103,10.970101,9.660233,6.6783314,10.775614,10.466122,8.996227,8.283679,10.624226,14.962687,18.639542,17.239086,15.583101,17.504524,17.116608,19.54782,14.322367,12.644926,17.528551,13.643094,8.306021,10.660918,4.6779256,2.3845913,3.9568725,9.787493,12.650322,15.973529,13.221729,16.452475,20.845478,13.952639,6.511857,8.464817,5.316658,1.8668966,1.921876,2.3227513,-3.7872105,-3.2219112,-2.2166014,2.9393218,1.6433245,2.5953531,1.0262506,0.27884576,3.9630885,2.3047447,2.985462,3.064015,7.7823777,14.841399,13.75916,17.983273,20.883715,19.402899,17.668303,14.669903,21.313929,19.675922,17.338911,21.763649,21.557827,9.906785,-0.46076193,-1.1863518,2.2547543,-0.16595197,2.9426508,5.6143503,3.4831223,6.108376,9.520634,6.4181156,8.180168,5.450801,6.047038,-0.48789704,-3.3832235,-0.18441537,0.087828696,-0.033770114,4.3552456,11.05158,9.307287,10.282042,13.425142,10.710985,4.832658,7.5235653,17.585428,12.883688,9.332205,9.820413,11.474514,11.55313,3.8328109,-1.0145347,-2.0936491,2.558979,0.9999587,-1.6666522,-3.1952033,-0.4133155,0.80230916,-1.253853,-1.8698018,1.3396363,1.6496481,5.0695496,4.002269,2.486959,4.838086,6.618222,2.1216483,0.06753111,10.552511,10.642759,8.194456,8.565613,2.9925575,-0.8952815,-3.0401342,-1.2444943,4.424708,4.063947,5.291317,9.278515,16.241264,14.7353525,12.488499,11.931206,14.660886,15.808996,18.30099,20.442911,18.338045,17.528465,12.5809555,-0.034617543,-5.6898994,-2.8767412,1.8059263,-0.025859714,-1.8239903,2.4387655,3.973382,-4.845867,-9.508249,-6.187325,-2.3543637,-0.65741646,-2.0390284,-5.440287,-9.21904,-7.023797,-4.3176956,-9.79846,-13.679052,-14.150264,-12.003735,-14.387615,-12.900192,-14.876765,-20.411957,-20.527306,-18.045788,-11.6735735,-15.663846,-21.218819,-18.72939,-15.209131,-13.9466305,-11.626297,-8.874628,-8.948816,-9.919006,-8.780285,-6.1124306,-0.6058127,5.450633,4.2753787,-0.40953124,0.26650268,2.8729281,2.8856301,10.461845,9.132608,0.76384234,-0.1705598,-1.2951206,-3.3377676,-2.686268,-0.4961332,-4.266717,-5.3130655,-2.3777053,-10.781199,-11.811081,-9.5502205,-11.775707,-11.673693,-11.634293,-9.901664,-10.635206,-8.958562,-3.6479013,-10.059135,-10.939121,-10.685062,-5.349848,-3.3318012,-7.264153,-9.931028,-14.63867,-15.980461,-9.787341,-1.2488168,-1.3932589,-0.9873407,-1.3531219,-4.11305,-5.8061905,-7.689777,-9.185307,-7.2873936,-4.112247,-4.655632,4.594612,12.933043,13.132535,12.3976345,8.204476,7.70562,7.7091966,8.804709,11.252098,11.686567,9.445222,12.5389805,15.197992,13.035629,6.92511,5.979661,8.085173,6.9051514,5.993009,10.733818,11.007098,14.009518,12.890541,13.1075,17.315678,21.857178,17.812378,10.693483,12.303024,9.956207,7.141397,7.016002,7.4419975,6.2833433,2.4972734,3.120728,2.4458914,1.1398151,4.1196604,4.8310823,0.6131482,-0.584265,3.177586,3.161893,-0.76061106,2.3488245,3.48638,1.1776018,-1.1512966,-3.7732108,-0.43427002,1.3492329,3.3958373,4.9936185,5.4246054,5.486227,3.2139993,6.002467,4.6349487,0.28370312,4.0716915,1.6399665,2.8714945,-0.1842303,-3.5825107,1.4039837,0.4832497,1.1954391,3.0025291,2.2269962,1.3866163,-6.4366517,-5.458563,3.657922,3.739567,3.3283143,0.5807873,-0.048607573,2.125691,3.1884804,-1.7087607,-3.700174,-2.5155652,-0.7338918,3.9224744,3.049531,2.7157924,3.535794,3.926158,1.4095683,1.5946679,5.5656824,5.241087,1.7527542,5.397459,5.8614407,5.9013352,0.46945074,3.13007,2.2517374,0.2834974,-0.14833236,2.713638,3.5616689,6.444088,6.380528,4.240184,6.964674,5.495611,5.939044,6.9240527,9.238197,6.217095,6.282446,8.839893,9.78413,14.155443,15.519199,8.013412,5.9367943,4.5792823,12.0815735,10.901058,5.9577665,3.7457213,3.9645064,2.7236798,0.05738926,0.9833311,0.11068761,-3.3099189,-12.560619,-6.1117268,-5.4891005,-5.7295995,-4.181327,-8.298231,-6.9508486,-5.4766417,-0.33373365,5.205406,6.107849,7.686242,11.873777,9.402895,7.387291,-1.6258591,-6.037214,-12.833008,-8.476894,-2.8935285,-7.3355665,-8.073824,-8.349334,-7.605116,-12.442738,-14.175266,-9.729263,-9.264162,-7.294779,-7.435541,-2.7521675,1.9691403,4.732228,0.35555893,1.6993716,2.6055222,1.9559484,5.3320074,6.207126,3.4106712,1.2843267,1.252353,0.32845217,-1.168835,0.58338535,7.1048145,12.584221,7.6161947,-4.832475,-7.081251,1.2597345,0.40150917,0.38766292,15.677669,18.23418,14.411026,13.032572,5.9670258,4.1479597,3.400148,4.550515,1.2511282,-4.3236322,-3.4775157,-4.858815,-6.467946,-0.5132127,0.6652733,2.4128706,2.644382,1.8468099,0.315281,-1.115921,-1.6748847,-5.0134406,-1.284481,-0.33403182,2.3526802,-2.198578,-6.8239202,-2.4851508,1.9045529,-1.524534,-4.995454,-3.3278222,-9.140123,-6.369145,-3.2826338,-5.656204,-4.849926,-2.4855306,0.15273023,-0.95743537,-1.9763142,-2.826822,-4.4988556,-4.7496233,-5.179053,-2.9969687,-1.5533936,-8.884409,-7.68676,-2.546873,4.8569794,6.3685265,3.2000139,-3.6814635,-5.986624,-4.4589357,-4.339109,-2.443762,1.1356313,4.8010254,-2.4239144,-6.054287,0.8413247,1.5104542,4.102836,-0.35185635,1.9563115,-1.2666456,-2.4543695,-3.9165452,-5.121787,-6.328338,-7.8037024,-4.545746,-2.316838,-0.0059689283,1.4758472,1.9329036,-6.9814243,-8.858917,-2.6744845,-3.223,0.07703172,-2.2625017,-2.2434273,4.604971,8.380791,9.541399,5.181337,1.0191835,6.573538,4.108824,2.6573884,0.90446013,-2.2813482,-1.24761,3.7053742,3.9549546,4.7938933,9.407455,3.9720347,0.9397997,-0.5287695,-1.72514,1.3423318,4.587269,0.4567756,7.2778206,6.588184,6.234175,12.193195,12.9478035,12.389406,8.39986,1.6789169,3.355764,6.9748173,5.4487915,3.6190429,5.393104,5.2935143,4.055163,6.0713644,6.3697166,12.1329975,14.125895,17.152615,23.387468,17.934612,11.733891,13.001572,17.396801,11.662401,13.492094,16.053076,13.657892,12.788248,14.270004,16.804089,13.212277,10.081709,15.329393,14.514831,11.656837,11.073146,11.87742,14.523483,17.151093,13.84093,10.977795,11.724591,7.5368185,6.336048,5.6722193,7.068588,6.638361,5.7730074,3.8638544,2.689867,4.724365,6.3058834,7.8261642,6.944357,6.613517,5.7483234,5.3166556,5.371936,5.4422646,3.8333411,4.4547777,4.257559,4.6931868,5.0491467,5.595088,4.8362026,5.0883656,5.193005,4.5440044,5.114476,5.6229725,6.0936747,7.450235,8.654457,6.79422,6.307538,6.829285,5.376832,4.6809053,4.309753,5.109377,5.0488205,6.2534266,5.9197083,6.422058,6.2611256,4.7669234,5.6274185,7.4273753,7.3721485,7.3778324,8.289965,8.400173,8.74305,6.8243093,6.605852,6.991328,6.844848,6.1509647,6.0848093,5.2196045,4.624549,6.0337915,6.8989353,7.276755,8.33068,6.6374865,6.314763,5.8592505,5.7693563,4.895559,4.666955,3.163129,3.9063122,4.6075583,4.9967775,4.5783224,5.1216106,4.4839234,4.680228,4.1151886,4.4412327,4.807899,4.918021,4.4632387,3.7384925,4.260392,4.1713986,3.9083724,4.9626036,4.7464185,4.1266413,3.7513506,3.8722692,4.0435815,3.4447699,3.7481465,3.856989,3.718553,3.9175944,2.8967142,2.5800526,3.268817,3.5139723,4.1804843,3.7690825,3.2466495,3.0595655,3.39928,2.8738897,2.7408817,2.5481052,1.9186213,2.1350288,3.0193238,3.2641795,2.9741547,2.813582,2.5324862,2.463612,2.5775828,2.6727316,2.578712,2.4882426,2.4624813,2.4470785,2.4748857,2.5536914,2.4488542,2.3425944,2.3152287,2.3277016,2.239388,2.286166,2.151407,2.1157277,2.0877287,2.0316858,2.0418272,1.8686339,1.977987,1.8628609,1.8036735,1.7773254,1.6266938,1.7004342,1.4981978,1.5445517,1.4447852,1.2891935,1.3805783,1.08269,1.0487176,0.7984603,0.77446645,0.64511675,0.2432266,0.10247261,0.0,0.0,0.0,0.0,0.0,0.0,0.0,0.0,0.0,0.0,0.0,0.0,0.0,0.0,0.0,0.0,0.0,0.0,0.0,0.0,0.0,0.0,0.0,0.0,0.0,0.0,0.0,0.0,0.0,0.0,0.0,0.0,0.0,0.0,0.0,0.0,0.0024381047,0.0,0.0,0.0,0.0,0.0,0.0,0.0,0.0,0.0,0.0,0.0,0.0,0.0,0.0,0.0,0.0,0.0,0.0,0.0,0.0,0.0,0.0,0.0,0.0,0.0,0.0,0.0,0.0,0.0,0.0,0.0,0.0,0.0,0.0,0.0,0.0,0.0,0.0,0.0,0.0,0.0,0.0,0.0
0.0,0.0,0.0,0.0,0.0,3.9052982,5.039858,5.4094114,4.193969,4.675556,6.5661325,5.8772097,6.151477,7.3107424,5.24843,3.87396,3.1058354,3.157372,4.4146614,6.7761497,3.7856743,2.5382724,3.4924643,3.9149847,5.744767,6.1632957,3.4741387,4.5090923,5.4364166,3.0222628,3.3234596,2.7028718,1.6961172,1.7510482,3.4729748,1.5352097,7.0401487,5.2719936,2.252523,0.89451885,0.031819373,13.563751,7.1323423,-4.72639,-7.1472807,-2.8811822,-7.4911227,-16.618773,-15.844639,-15.269643,-16.978777,-15.400522,-16.394342,-13.220521,-15.834637,-20.020123,-18.492664,-17.69912,-17.433899,-9.732603,-8.582374,-12.645372,-10.273968,-14.266171,-16.54588,-8.305304,-5.1332035,-6.7791233,-16.230724,-16.466465,-12.531445,-15.086378,-17.281425,-12.369769,-13.050456,-13.3209305,-12.124718,-12.892221,-11.173914,-11.996527,-14.334989,-7.018979,-9.064186,-10.757361,-4.5483956,-5.3554144,-4.7453485,-2.3117936,-2.2086403,-5.6412735,-5.6995945,0.17975743,-0.09031671,-3.094983,-0.39394778,-1.0085099,-0.07511401,4.886771,7.565845,6.7322035,5.2345886,7.30637,3.9012322,4.2654505,5.276783,5.9434233,5.848495,6.6418047,8.184112,5.3368425,4.793503,-3.1646657,-2.3751435,2.9555402,4.651662,4.884269,6.5113373,1.2546792,-0.55443287,2.2456682,5.9543786,3.877005,-1.9812603,-4.518095,3.654612,5.566136,-1.3385613,1.9842767,2.3448837,-0.30255306,2.9409742,-3.2654698,-3.101303,1.4336224,5.8783655,6.1222816,5.831069,10.217458,11.241625,6.4455237,3.5812597,3.6615524,-1.6806235,0.05209261,5.754834,9.787797,4.9606776,0.4098785,-5.402775,-9.472532,-10.6502075,-6.51037,-9.911669,-15.798555,-19.88806,-20.83183,-20.810337,-18.15301,-16.137947,-14.250327,-11.302471,-14.816538,-16.220203,-11.369356,-14.40661,-18.549091,-13.440794,-17.042107,-19.997616,-12.659552,-11.101944,-10.5219,-11.0837145,-11.884924,-19.423962,-22.667381,-13.622223,-13.199102,-16.489994,-17.244648,-13.848106,-19.350252,-16.421703,-10.486551,-11.751482,-14.566363,-12.506637,-14.087658,-18.301811,-10.009346,-0.54358625,1.1407866,-4.2152443,-5.3130207,-1.4541548,-0.02530104,3.7243104,6.4813347,8.197809,8.210559,6.4714355,3.9433517,-4.575676,-3.6654918,-7.202508,-8.444378,-3.4375331,-10.204474,-6.279275,-0.38234913,-7.4774446,-6.5048413,-1.9913285,2.3059773,-3.9551754,-3.0225434,3.6992838,-6.8707666,-9.482685,-3.5680583,-5.7707562,-3.56251,-8.118041,-4.06085,-5.349873,-7.682589,-4.640031,-10.371053,-12.303974,-10.608534,-4.973342,-7.0489683,-9.967449,-9.713043,-1.6294276,-11.756144,-15.378429,-12.818592,-12.532959,-9.610973,-10.88888,-9.374506,-6.4866266,-1.1277788,0.031022668,-0.6748383,-1.112144,1.6052344,-0.50301194,-9.907265,-10.724863,-4.21001,3.1842487,4.029551,4.154085,-2.7002976,-12.114842,-16.175625,-17.59562,-16.383915,-12.430863,-7.012504,-1.6005603,-0.9545346,-3.2712946,-2.8163304,2.6318614,1.1787097,2.4725842,0.07596013,-6.6783037,-12.059831,-10.521175,-15.538288,-10.788608,-10.216112,-8.147172,-8.257372,-8.506816,-3.2511246,-3.4088378,-2.226012,-4.631642,-2.4097123,2.7334423,2.1109333,-3.3093572,-5.5103884,-4.3985534,-3.7724009,-0.6941457,1.7993102,0.9231102,0.24648073,-6.2360086,0.20223957,-0.29363155,-4.3449574,-1.5958848,-5.552698,-0.7784524,3.5896783,-1.3823682,-3.7689123,-5.4225397,-8.051472,-4.1628437,0.11499834,-1.4178319,-3.5461817,2.611236,-1.0193924,-0.56835824,4.37485,-6.288542,-11.640657,-3.5476825,-8.566489,-11.343861,-7.512817,-6.4533453,-8.506528,-10.307992,-10.169519,-9.625131,-6.25955,-5.5916333,-9.1507015,-10.533983,-8.602172,-9.508953,-5.8536005,-2.7286026,-7.2193003,-4.8636374,-3.0110407,-8.29161,-6.3827324,-8.227988,-16.632668,-11.729982,-12.661032,-21.96183,-20.192665,-19.052193,-19.330093,-15.759278,-16.894712,-16.80957,-21.961891,-20.176064,-17.63972,-21.166067,-24.184322,-22.90564,-19.543129,-18.273193,-22.347313,-24.63739,-24.444414,-28.681032,-25.986107,-23.097383,-14.003775,-14.225636,-14.759481,-8.629116,-8.022824,-6.21274,2.0210001,3.578386,2.992794,0.12646854,7.077665,8.673144,0.16032374,-12.785034,-13.895357,-11.335949,-17.155083,-23.22543,-15.881115,-16.37347,-19.078281,-22.97526,-29.247047,-31.129324,-20.518703,-20.629642,-22.493729,-24.427961,-23.94178,-24.88313,-19.077232,-17.3339,-18.428858,-19.324217,-19.545527,-15.941343,-17.573017,-18.924938,-21.21474,-19.567337,-19.250338,-16.659737,-16.43273,-18.45892,-14.477851,-18.55891,-15.756567,-12.688341,-17.398666,-20.337591,-23.100857,-20.424759,-14.409119,-11.959076,-17.460617,-22.953415,-16.448082,-5.58981,-11.553744,-15.707087,-13.768637,-17.842749,-13.184668,-10.627673,-9.416227,-8.260761,-12.233183,-5.9191504,-7.79425,-7.695151,-13.312738,-13.892196,-8.855479,-10.216322,-10.380605,-8.686836,-9.069382,-6.6804686,-9.267622,-13.81077,-7.386222,2.5143406,-6.6426706,-12.759403,-11.970472,-10.055359,-5.973686,-6.5583363,-6.99772,-4.2180595,-2.591894,-1.4023972,1.1778133,-0.8281332,-2.5350938,1.3496468,0.28927082,-1.85624,1.1456624,-4.9615746,-6.16764,-2.8398192,-3.0518003,-4.016199,-3.4862034,-3.1921566,-3.49816,-4.084495,-3.4022684,0.22152716,-1.2489241,-0.24135315,-3.8729804,-3.3399959,-6.0689874,-3.5200238,-3.3626275,-5.247544,-7.6340303,-6.6770263,-7.247255,-8.787989,-7.6228385,-4.4750013,-4.3046846,-6.061573,-1.8358521,-1.7512236,-2.3807745,-0.21570806,5.4362426,4.960072,10.036482,13.447418,15.369347,6.219674,7.89123,8.521965,4.964654,5.427326,5.989178,7.360991,6.19681,6.8232265,4.87604,-2.0122619,-4.5142765,-1.2865244,-0.58323044,3.5439436,3.149433,-0.72633976,-1.8134584,-2.4974406,-4.0317054,-3.4363804,-2.2661116,-1.8423171,1.1268065,2.548101,3.0396876,2.1100554,-1.1935687,-1.1774069,-2.248867,2.906469,4.723431,4.0039716,1.2698089,-1.5732185,0.2975179,-0.89963126,1.113442,-3.605373,-7.4073668,-9.183951,-2.9447072,0.87232935,5.69142,5.2228427,3.9611435,1.876302,2.0678353,1.5195767,-6.9322243,-8.756532,-8.198503,-4.157423,-4.1502533,-5.3452234,-3.3713775,-0.4851147,2.5866091,-2.5981321,1.9925952,1.7427535,0.20159185,0.81846803,1.6286252,6.2712674,3.0860648,-0.69531095,4.0255933,6.771864,4.305038,4.0214415,2.9223034,-1.5946928,-0.4001691,-1.8657358,1.427093,-0.3911426,-1.2451541,-3.8316076,-11.737955,-7.3486214,2.1142638,2.1959846,-2.5452003,-4.742855,-3.6070452,-1.4607474,-2.765471,-5.5463896,-3.6254115,0.5132091,-6.482169,-1.3406997,0.49778727,2.9395647,-2.0709436,-1.1492596,0.10197914,-1.289743,0.5641925,-7.0493097,-9.848932,-8.363167,-2.4524844,1.7697124,3.6922493,-5.6597967,-3.3637042,6.251131,5.9176292,2.3415942,1.9183457,0.6855253,3.6178765,2.0837984,1.3677284,-0.755437,-0.8213719,4.0665913,5.691805,6.529291,9.343485,8.340335,10.197044,10.071342,8.010408,8.930243,6.8021765,4.024271,-0.117871344,0.2754457,3.8069446,6.2023444,1.9766464,2.49993,4.43852,-1.8055546,-1.1566617,0.17669618,1.0123429,-2.8048098,1.8631084,-0.04059708,-0.52301276,3.3697264,6.450911,7.635353,6.6709785,6.5458746,-0.99630255,-2.6131935,-3.2757502,-1.2317228,5.504236,8.296293,6.4464254,4.5249443,6.0210705,4.127557,0.19316065,1.4247028,0.49826807,0.5928674,2.7138402,3.9710653,4.723016,6.0185986,15.416649,11.433165,4.537944,1.4378959,2.0785606,1.5528713,-3.4587173,-8.893904,-4.4868755,-1.6432271,-2.7457938,-5.6004815,-5.2425427,-6.649756,-7.8247943,-6.120002,-2.6390405,-5.531797,-4.549221,-1.3913795,0.8968166,-3.4409926,0.22525379,1.1592577,-0.6872202,-2.8183498,-5.338139,2.0818865,1.4908766,0.210365,-6.138673,-4.0142922,1.4260743,-3.2754228,-3.9900198,-4.4128847,-5.7239256,-8.920618,-5.0005827,1.6603813,5.8466573,9.619122,11.107723,4.380434,-0.5383058,0.5965801,-0.13124919,3.4145584,6.0717554,2.4912834,-1.2832907,-2.1870682,-0.20533234,3.5406709,-0.22864717,-0.6606878,0.78179955,0.88852125,-1.9397736,-3.0027144,-3.5553365,-1.8605626,1.3107433,1.680469,-3.161798,-2.3129036,-2.0428987,-0.6652036,2.1903927,-1.2734149,-3.8567753,-1.9772705,-8.273215,-15.980577,-8.722315,-4.5596538,1.8849599,1.596991,-1.6518745,1.2684503,4.155448,-4.840931,-7.2465887,-0.773492,-1.7450644,0.3273536,1.0954418,7.907213,7.5846553,5.5544586,7.4576416,7.429307,1.357729,2.973226,6.5971203,5.788788,4.491809,3.0852168,6.5416727,5.177287,1.0578756,0.43216765,9.143127,5.617482,6.783897,8.878333,5.866294,-2.7204456,-6.3471937,-4.871143,-4.1327047,-9.666681,-8.056745,-6.6129103,-7.815443,-9.799782,-10.428455,-8.346646,-8.801554,-7.4807525,-5.765723,-11.292204,-8.562605,-5.3653755,-2.7750974,-1.3902498,-4.501586,-6.428137,-4.8094425,0.88073677,-2.7279305,-3.6603549,-3.6686466,-2.7767272,-1.8622811,-0.6841025,0.75883085,1.4408705,-0.7541851,1.56529,4.2991414,4.4786396,3.3648467,4.3196044,9.63251,10.115745,7.7490478,7.280324,5.858098,9.287567,3.4790645,-2.7533796,-2.8182368,-2.4827762,1.6994472,3.0109468,5.018544,11.210806,13.213911,9.731555,9.517697,9.926769,-1.0584307,-6.9360867,-8.700772,-8.262272,-13.134512,-17.746655,-19.310188,-20.425816,-16.666382,-15.892767,-16.260008,-17.022684,-18.141823,-20.407255,-15.187138,-13.91381,-12.246756,-9.525898,-4.293125,-1.4543471,2.9583168,1.8215559,5.7854657,2.8692539,-12.984517,-10.976093,-3.1469417,7.770759,8.816188,0.22246742,0.17046154,3.709159,-0.23178709,-1.6273379,2.9121153,2.580662,2.8314493,1.7686996,0.6033795,0.8284017,5.869012,4.692885,9.11056,-2.5097659,-5.202409,-0.027886331,2.8655188,3.581642,9.691439,6.075532,9.690567,7.6476254,10.443087,7.802287,4.6107225,-1.9873852,-3.515459,-6.06809,-8.414602,-5.4049106,-0.65722656,1.6366954,1.4198318,1.0696678,0.79014814,3.334245,3.1433477,0.46757764,-0.7430531,-7.4629555,-1.4797771,-0.6710207,-2.1785293,-3.476884,-3.6263936,-3.7641597,-9.881412,-8.222793,-4.515068,-3.5721426,-2.6367438,-7.8218546,-6.1050014,-4.165046,-8.748842,-12.192776,-8.84927,-3.277954,-3.6253977,-5.244378,-3.3010805,-1.4450326,2.7238805,0.9052653,-3.9617481,-3.7830849,-6.2922673,-6.1761045,-3.3469548,-2.925296,2.268176,-0.0542852,-3.0589876,-2.9245975,2.753198,0.47873467,-1.0585809,-3.258153,-1.7206407,-8.0307865,-9.976892,-5.8672175,-8.683989,-11.455776,-4.51879,-1.627378,-1.2238688,-4.7036753,-1.171026,3.1961937,3.22505,1.2500222,-1.9762287,1.025741,-1.6634554,-0.76188505,1.8244846,4.250087,14.241217,20.882275,17.241035,20.111088,19.057152,13.126938,-4.76966,-15.343365,-7.4460692,2.266911,4.6880236,7.664589,6.994344,-6.859648,-10.506477,-6.402169,-12.822153,-18.461977,-18.631842,-19.051968,-18.629177,-5.4251976,-0.3137439,0.5194784,4.736114,0.70648843,-6.856844,-2.4978669,0.861138,3.4178348,0.23201656,3.9601038,3.196669,-7.760644,-13.666213,-7.068676,-6.0501604,-5.1987863,-6.432273,-5.67795,-2.5123062,-6.1725044,-8.027468,-2.7944064,-1.1443703,0.26576993,-0.0888859,-4.145794,-6.485807,-7.1326303,-2.036446,-2.9914978,-4.0385656,-10.621441,-14.920392,-12.982985,-11.047008,-11.164993,-13.406488,-15.590189,-15.170908,-17.407572,-11.312296,-9.71662,-7.061245,-5.444728,-3.3184586,-3.9180832,-3.9436293,-7.5715504,-3.32304,-1.3776195,-4.8706026,3.1467752,9.85565,4.6569104,-1.3324288,-2.6312418,1.3993448,5.7531004,6.781436,0.80035526,1.3017216,-4.6582975,-1.7465398,-0.11071688,4.542338,4.404149,-4.5780306,-1.6633329,-4.7642717,-6.553583,-9.04284,-9.753681,-7.5392046,0.33186364,0.6747719,0.17908907,-6.1603723,-7.9836607,-5.2017274,-1.6036274,-0.17421418,-3.7359772,0.4569959,-0.33224648,0.5315571,4.116845,13.044598,15.825151,12.00592,22.296743,22.573902,22.463139,14.613109,7.559828,-0.079562515,-7.887761,-12.204601,-13.975143,-16.8766,-13.835584,-16.070778,-18.027906,-17.156893,-19.461079,-19.22986,-23.800184,-22.645971,-23.187527,-21.898096,-19.82644,-20.128326,-16.27843,-17.490402,-17.865427,-12.045263,-5.913766,-10.329727,-18.84866,-14.563849,-15.300282,-13.624445,-9.025469,2.9682317,1.7590728,-2.0755382,-6.3524933,-5.8225155,-6.363435,-6.6888285,-1.7708209,-0.74522245,0.43699187,1.7452779,0.010152698,1.1577424,-2.341228,-1.3957486,0.054582827,-0.3719939,-4.177834,-7.5943174,-12.962361,-12.921448,-5.9500637,1.6581855,-6.5226216,-9.73691,-5.9571567,-4.757775,-8.2754135,-3.4633765,-3.8964643,-10.887548,-9.946245,-9.362766,-10.059552,-10.932418,-14.320177,-4.5689483,-0.09122276,4.586614,0.08388831,-9.441556,-11.177179,-0.692655,2.9984329,-5.6952143,-4.7483673,-1.3099004,-3.250064,-5.31822,-1.3772637,-0.022031069,1.6720698,3.849244,7.458021,5.442147,4.6321745,4.2944107,4.01165,6.641737,11.300015,4.3209147,0.42463017,8.645371,9.283596,9.676996,7.695739,6.3818865,7.6230845,6.7243743,3.0160315,2.1147983,1.9457283,1.0754321,-1.8273215,-4.976113,-1.9086968,-0.5885388,1.0906048,5.3181276,8.269774,3.1155992,-0.4381696,3.7320857,1.1798091,2.9730425,10.26886,12.908665,3.1441083,0.05783987,-0.917477,-2.8087392,-1.7866659,-2.031521,1.4140451,2.2989292,2.0053468,-0.2102654,-0.3141544,-1.773074,-4.868497,-3.0991552,-0.9965574,4.184477,-0.7217718,-8.337172,-5.1619906,-6.31394,-8.511707,-6.1405725,-6.8603334,-6.8598604,-9.808792,-11.701257,-9.374637,-8.167315,-3.944212,-4.2456374,-5.057478,-8.741436,-6.4322844,-1.4730166,-2.37207,3.6609154,1.6234541,-7.840395,-7.977472,-8.524206,-13.809099,-10.924135,-10.026041,-4.965708,-3.194191,-4.5489373,-0.24060398,2.7859933,-0.22573563,-3.0969396,-2.4818892,-0.35231435,1.9295391,-0.01894492,5.05785,2.2441587,-8.86804,-10.677278,-9.088388,-5.142743,0.028628383,2.6904283,6.3016243,8.213163,10.904943,11.259434,13.474028,15.921053,19.794567,15.717873,10.187073,2.4422805,3.3185596,8.318991,13.234649,11.6234255,3.3246932,-1.620326,-4.4715147,-6.7979913,-13.846255,-19.849785,-17.5637,-18.536453,-10.760185,-2.8393714,4.721179,-0.33534926,-1.1469588,-6.9404426,-6.950459,-3.5954468,-4.0074997,-3.264444,3.6126888,-1.7009552,-13.579179,-16.26901,-5.810232,-3.0077863,-6.0850506,-3.8957708,-1.1969684,2.3046517,1.9980279,6.787361,3.0625868,4.3329663,-6.505948,-8.059841,-0.069362134,4.899041,8.77661,6.987405,7.432516,6.888656,12.669657,14.421154,16.618822,19.202265,20.249046,19.992237,18.204021,16.378954,7.76536,-1.2350109,-7.119896,-9.777294,-9.4662285,-9.751453,-8.122363,-8.55131,-12.955347,-11.117929,-7.0359674,7.192829,8.718504,5.676301,5.6327353,0.95405626,-1.6974798,-8.613445,-8.49238,-7.8268385,-4.09911,4.30733,9.629764,3.2903574,-6.8559885,-3.2021759,-1.986416,-6.009077,-0.057635576,0.9475477,-6.549626,-4.917989,-0.98160887,-4.7834616,-11.783712,-10.864999,-1.330184,2.8581963,0.76922715,6.786374,13.771609,14.806455,10.056643,7.724792,7.826009,3.173631,3.7078323,4.5696983,7.9736953,7.3038445,2.3429081,-3.8080733,-1.5052509,-1.9679065,-3.4302373,-3.0160978,-1.5491325,-2.4614277,5.6756144,9.216333,0.7854985,-5.3172026,-7.7888384,-2.9452755,-1.044225,-0.6673678,-1.6743296,1.6806428,1.9785532,0.5936547,2.7163162,-3.6421866,-3.500293,-2.214495,-1.818302,-2.1242208,-3.683968,-2.916116,0.056377,3.3850117,1.9544504,-1.2726094,-6.867518,-13.7384,-16.283516,-17.505322,-9.4889965,-2.311806,1.5380518,-5.122291,-8.221513,-11.152987,-13.350177,-9.604153,-6.830903,-10.087032,-13.086544,-9.413784,-10.836346,-13.982497,-11.024411,-9.418566,-9.88229,-7.1779633,-5.184869,-3.8083806,-1.6378167,0.19820336,1.0969691,4.678654,0.4021052,-2.1252737,-4.7292128,-5.8943014,0.5911608,3.1159253,-4.0280666,-2.4087915,-0.6611593,-1.4715152,-1.2684,5.050455,6.172905,2.186744,1.0095932,2.5766435,3.7167583,4.948162,1.0810812,-0.102154255,-5.4109917,-7.3061204,-1.371939,0.13175863,-2.8363287,-3.1146393,-4.831278,-2.6380305,-9.559795,-3.661576,2.32695,1.9273202,2.0856109,-0.22964849,-2.6287792,-2.5345607,-8.888475,-6.902377,5.5281434,8.191887,4.9416227,5.3596807,1.3614612,-2.3944707,-5.342474,2.7162523,4.609576,1.0242661,-3.029317,-6.8717957,-5.094947,0.9700202,1.3581985,-1.6884804,0.49177408,8.926807,7.431836,3.043353,7.37792,10.259809,10.012831,13.083818,13.399622,11.030348,8.170671,7.9332848,11.186096,6.1315956,8.017563,7.851573,8.69896,4.5443134,-3.005516,-2.7764864,-10.755737,-10.297039,-5.749271,-6.626852,-10.121693,-8.588919,-7.984087,-4.9939384,-2.8931394,-8.901229,-20.587337,-16.597378,-13.765602,-12.566959,-13.718516,-12.748785,-17.072811,-14.377707,-8.961851,-11.338177,-6.711121,-5.6061044,-7.368225,-10.350759,-10.1871605,-12.086235,-12.525055,-10.309521,-11.905785,-14.284029,-13.034889,-12.815226,-11.230517,-14.290909,-15.007015,-12.955048,-16.282856,-18.002146,-14.31134,-12.252162,-13.870895,-14.420813,-15.03749,-14.412952,-13.557584,-13.098003,-13.504255,-13.292609,-14.601952,-17.550705,-22.79372,-21.664825,-21.868946,-17.422264,-18.94309,-16.477415,-15.468166,-15.831944,-14.844503,-16.855583,-13.977746,-15.900493,-15.16803,-14.856267,-18.513058,-16.461308,-15.135048,-11.785828,-11.349808,-12.098906,-16.339598,-14.247458,-15.766392,-19.410484,-18.434032,-15.425842,-11.849214,-12.344281,-11.28136,-15.785164,-15.999858,-15.226432,-15.102136,-14.407665,-14.778945,-15.455668,-17.77436,-14.791889,-15.266321,-11.789909,-15.361429,-17.716877,-17.005322,-15.509916,-14.591332,-19.877625,-21.062159,-20.3468,-19.18813,-19.51096,-18.990349,-20.751513,-18.223812,-13.486446,-12.437959,-15.652521,-13.926508,-11.016021,-13.428043,-14.022264,-11.503495,-10.798171,-11.731633,-12.656797,-7.944188,-7.448805,-11.283033,-10.363337,-11.262732,-11.315414,-8.7875805,-8.364372,-10.381682,-12.259995,-13.027021,0.13287371,4.6389465,1.417536,-4.822749,-6.6369057,-7.0575185,-8.569582,-10.7633915,-11.062222,-6.2813387,-1.8363588,-4.591556,-4.3647585,-1.1613288,4.1695085,0.7659629,1.4986485,-3.6324453,-3.568921,-3.4409459,-5.035838,-2.640062,-2.9073246,-1.4537736,-4.3436093,-2.761513,-6.188492,-5.8927207,-6.48736,-7.663513,-4.968919,-5.3219457,-8.237696,-7.800192,-6.0243845,-9.460648,-8.306398,-5.570298,-8.387936,-13.002434,-10.981076,-9.709325,-12.725167,-12.623041,-6.8752804,-7.8355837,-8.889936,-11.449258,-10.550146,-7.9068775,-1.9941461,0.03295213,-0.9412344,-6.2890596,-8.4391,-8.934718,-3.3337493,-3.4874072,-3.3769717,-4.702131,-4.8061194,1.9424578,8.149292,2.4512181,-4.6640334,-2.8522525,-1.6964495,-2.72525,-3.3839183,-1.6002554,0.1807186,2.5481813,2.6058533,-10.446835,-21.913832,-21.098297,-12.292399,-3.764327,-1.5261755,6.3263297,11.946669,8.092243,5.8290153,3.9706447,6.297086,9.711071,10.345524,5.810437,7.0334406,5.0897026,1.7887523,4.9378805,5.0915804,5.1201873,3.7338147,3.5489101,4.3541555,-0.43327844,-1.9747492,7.1676407,3.0029633,-2.0284393,-2.8864114,0.11348927,-4.5969763,-13.502914,-8.426653,-4.1817956,-3.8378108,-3.0012712,-3.7537766,-0.5207547,-2.4678898,-6.6215253,-10.251456,-9.196302,-7.227336,-2.4377239,0.28481376,-8.078513,-13.848593,-14.157263,-9.9494705,-9.759827,-9.473411,-10.577497,-10.033822,-8.388115,-6.831994,-2.6279209,3.387229,5.7826858,5.452504,1.5977865,0.8676533,0.597834,2.4518876,-10.065151,-13.943087,-14.030552,-9.781307,-6.37535,-2.2731695,-3.5860953,-1.5012944,1.505176,2.7013416,4.732681,12.553236,7.7504587,-0.60096234,-1.6608303,-0.6174823,-5.098544,-10.347584,-1.7915802,0.6376119,-0.7003505,1.0464741,1.8916936,-4.9972553,-7.179798,-5.5269346,-7.97017,-9.51865,-14.321916,-12.827063,-5.8044786,-4.515638,-1.719682,3.2198765,-1.4198371,-7.8340464,-7.4203305,-7.698782,-15.734892,-10.656183,-4.5423727,-5.463183,-11.224627,-10.612318,-6.4284067,-7.3252826,-4.825776,-2.010552,1.2521987,2.0641468,-0.11541402,-0.6538191,-0.23884028,-1.0505501,-3.256009,-7.0011654,-3.9199448,-7.874901,-8.660204,-7.1003118,-2.528539,-7.289591,-13.936527,-14.858186,-7.414898,-2.4492323,-6.9287114,-9.13049,-6.421652,-13.43396,-12.137564,-10.130907,-9.398732,-0.7163601,6.170573,4.7806754,-4.2854605,-6.929057,-10.34303,-5.249107,0.7560135,0.3619995,2.21627,-1.1472229,-4.9064374,-7.8256245,-7.9595633,-9.251871,-10.12686,-10.757468,-7.6394386,-0.69167316,-3.4275823,-3.9486756,3.6505356,6.585306,11.356014,12.319105,8.524113,8.193274,4.0129056,-4.4274697,-1.1458464,1.8509301,1.1555889,4.351742,8.823181,1.7419536,2.8765113,9.1946335,13.715607,8.690503,7.7781444,7.7809763,1.1124765,-3.422644,-1.3343109,-3.1315656,-9.28327,-11.537601,-9.714312,-12.659551,-17.119991,-16.500067,-18.490438,-16.429955,-19.578495,-19.890163,-20.041485,-24.137074,-21.065681,-19.284306,-21.989449,-19.180683,-20.28828,-12.232648,-8.969473,-10.829366,-15.804495,-12.5744095,-15.28473,-15.340534,-10.400451,-6.6060457,-1.0903207,0.83158183,0.65779936,4.9958105,1.9421282,-0.2629001,-1.5147554,-3.3054667,-4.9410353,-1.2296523,-2.773072,-5.515332,-8.071853,-15.102989,-15.673613,-16.192593,-13.8880415,-18.667217,-17.492424,-12.540457,-8.46591,-7.981303,-10.639062,-11.785341,-4.5568476,-5.061617,-7.5782003,-6.8562064,-4.976115,-8.410018,-6.074272,-8.500907,-6.287189,-5.0537376,-7.8612676,-2.104226,0.008640945,-1.3006778,-1.0028566,-0.27748826,-5.859677,-4.1051664,-3.181437,-6.8452997,-3.6563435,-0.09298568,2.082979,-2.6887715,-0.23557559,1.2027456,0.59632385,-3.212134,-2.777473,-0.14049512,-2.540972,-0.38321328,-0.0464188,-5.039245,-0.9645856,4.9142866,2.9149575,2.5677893,4.6222296,2.5783443,1.4354894,-5.06649,-6.6781926,-8.666522,-6.7900987,-2.9354682,-2.7666788,5.2849927,10.863142,2.4788976,3.9753366,4.378178,3.1255734,1.1295946,-1.2248297,-2.5298083,1.509093,0.56122154,0.44612396,2.402114,-0.5632943,0.76535314,1.4888613,0.6379885,1.4505979,1.5653769,-0.35929382,-0.056938976,2.2092304,3.4268599,3.7628078,8.08252,11.463091,4.293651,-0.687335,-1.3797771,-1.9600828,-1.9676708,-7.4840574,-3.9292223,-3.474818,-7.8768063,-8.11673,-4.4357243,-0.7623491,1.254913,2.0855463,2.2823067,0.3819387,2.8765929,-0.49646246,-6.3151474,-4.677619,-10.6611,-10.761316,-7.6130457,0.79910624,0.8789302,3.77321,6.5700226,1.4652588,-2.2062845,-4.5352015,-7.0712104,-1.5185373,0.30779564,4.9532347,4.471444,-6.1070776,-8.337337,1.366097,4.0065484,-2.5351012,-3.75985,-4.4810786,-4.343842,5.9361134,9.709021,11.401706,8.685115,8.972364,11.14609,11.5037365,12.011795,13.524263,19.00903,19.97865,9.641357,-2.369658,-8.97493,-9.043465,-7.996962,-7.8989186,-7.704045,-15.517689,-14.908246,-17.973534,-18.164562,-19.164154,-23.334332,-20.542778,-20.51813,-16.626839,-7.8511024,1.581208,5.543465,7.425026,9.954848,9.10693,3.9223256,0.8877716,5.050479,3.922167,1.6036718,2.7324557,-2.7242806,-11.784254,-11.90433,-9.166834,-8.858318,-7.367626,-8.394006,-5.304595,-3.7136924,-5.560605,-1.8813848,-1.4366108,-1.7267725,-5.8213115,-2.9852393,3.544151,10.944231,17.364578,24.126484,22.48071,18.465857,17.567932,22.712929,17.989424,15.328575,13.364338,14.001873,6.095804,-5.77825,-10.70085,-7.6154976,-9.895257,-14.498253,-16.972006,-9.429993,-4.5059342,-6.9716825,-9.704899,-3.9901164,-0.5386417,-2.2796245,-4.7563896,-5.9337635,-5.9023814,-5.060342,-4.8445497,-3.7118073,-8.186864,-2.241952,-0.23090613,2.5531366,0.08167574,-1.5823956,-6.4379463,0.9435452,9.192765,5.4760675,2.8237627,5.1160297,-2.940391,-5.526389,-6.6488376,-3.6083748,-7.088661,-1.0286521,1.7088702,6.574622,10.937681,13.090162,15.19182,9.043758,-1.0016208,-2.9064555,-0.64368767,1.8164986,3.3648481,0.60539126,-1.7056005,-5.7305765,-6.426144,-3.1932306,-3.355595,-4.653122,-5.4223576,-7.2252254,-8.29937,-1.9481239,0.84578645,0.5059135,1.0774528,3.0545692,8.7257,8.469101,2.3066525,-3.9795158,-1.1767899,-5.2039804,-3.4381788,-14.018834,-13.442243,-7.660322,-8.838754,-9.142338,-5.305193,-2.8960536,-0.041638933,0.9743836,-0.28116196,0.93931806,-0.69262004,-5.359084,-8.590563,-14.954296,-14.155241,-6.575514,-6.611597,-4.128119,-3.47171,-3.3737142,-5.4183598,-7.301545,-5.2919908,-5.309333,-7.799226,-14.278658,-8.969111,-7.3289146,-8.207299,-0.71195084,-1.0378878,-0.294724,2.7249293,-1.1774192,-0.17343235,1.7108235,-2.656252,-6.5645914,2.3842437,5.570029,6.3645573,3.565366,0.6464075,-4.92251,-6.097025,4.754495,10.936718,9.325218,7.5638394,7.5991735,2.7078035,-1.8536853,-7.4107895,-4.6708846,1.8061522,-1.5838988,0.53007686,4.0488887,0.41165838,0.91733,-0.06360601,-5.211384,-2.2871337,-2.5758069,-2.596572,-4.8840423,-8.558125,-0.8655864,3.0805345,6.2379613,3.8737776,-0.5866542,-0.24042192,1.8292298,3.9380882,-1.5779418,-1.4175543,1.2668533,-0.83815324,-1.3965949,5.4509873,2.20088,-1.8225396,-0.28502512,-1.3601229,-3.930374,1.5412916,8.790249,6.0570755,-8.549548,-11.41221,-4.2496758,1.2894962,7.4070168,10.55593,10.878385,9.192448,4.287584,6.0160966,10.324118,8.784485,9.483987,8.504084,11.419922,8.129063,0.22368753,-0.20746017,-1.7750306,-2.6504574,-3.6996305,-5.917499,-9.15954,-11.155413,-5.31069,-3.0268433,0.7724451,-4.505081,-5.008016,-2.5529935,-4.648066,-8.853254,-7.304248,-4.458485,-8.497618,-14.956885,-20.585922,-14.482658,-11.387215,-13.292698,-8.059235,-8.3654375,-9.887286,-3.993593,-3.840564,-6.7412395,-9.107332,-11.228775,-8.268328,-7.6265574,-12.941887,-7.1390452,-3.8302193,-5.7148314,-4.0608935,-8.487599,-11.297087,-14.558871,-15.619587,-15.200941,-13.642437,-11.53116,-8.479425,-13.840134,-17.286945,-19.498363,-19.384247,-14.155329,-20.682331,-21.964193,-19.774025,-19.609259,-19.277515,-18.220089,-14.155407,-14.700224,-14.2845,-11.349289,-14.859289,-13.605008,-9.423795,-14.356646,-16.667543,-18.10605,-13.507416,-12.061066,-11.611552,-12.520296,-14.937128,-15.431654,-13.289137,-16.10707,-17.478846,-12.4303465,-4.4122095,3.467684,-3.8639414,-16.464386,-16.935684,-12.785593,-9.370144,-11.313313,-13.240484,-6.996498,-6.7602243,-12.750071,-16.731497,-9.695583,-9.747044,-10.326378,-11.549887,-14.76589,-15.414377,-16.423592,-15.344263,-11.184944,-6.434264,-9.018156,-14.048006,-8.779285,-1.5609723,-10.717352,-19.221447,-16.508276,-15.003613,-10.0289545,-9.119281,-6.1630154,-1.1659306,4.383815,2.048556,-2.4433851,-3.873215,-4.3609,-2.6307764,-3.9277563,-3.9727845,2.9537764,5.41779,4.4749193,3.4349477,0.47749746,-12.9067745,-14.386244,-11.334089,-5.600442,0.4570285,7.195544,1.7186072,-3.6590674,-3.8766308,-7.3307247,-7.3358164,-6.316233,-5.7895966,-4.804817,-7.1041937,-5.0610614,-4.674201,-3.0649085,-3.6030536,-3.466966,-2.410092,5.287102,6.990859,5.3721824,4.060618,2.1728544,-2.2991414,-5.602842,-7.880865,-7.819007,-1.5075607,0.19262326,-6.188239,0.56990564,-1.3357508,-0.48815924,9.071779,9.214169,-0.54189456,2.2523952,9.916639,9.658084,12.501394,4.8618875,4.4318137,-1.685081,-2.80961,0.5624043,-3.141151,-3.3668606,5.5440454,9.212995,4.7714014,0.74820364,1.8687361,0.87818,-0.8348025,-1.4744593,-2.56082,-10.670347,-9.9105835,-5.29466,-1.8217952,-6.7815638,-8.858937,-7.7760963,-12.164284,-11.333086,-7.7180853,-0.12161788,4.05093,7.0113726,-0.16895598,-6.590205,-15.418825,-5.4216385,1.146641,-2.2392259,-0.1529235,4.2369695,3.538248,0.29330435,-1.1275944,0.48148382,1.2981838,-0.5492354,-2.424395,-3.9816954,-1.5780087,0.6676622,1.4692914,4.9768686,0.33675987,-7.802788,-9.251133,-12.5043545,-9.967381,-12.386853,-19.053679,-23.726946,-12.060125,0.35104814,3.2523386,6.7774086,2.8686438,-1.850879,-1.3000392,-0.15761465,2.541895,2.8346276,0.19984306,-2.5589807,-0.69624424,3.6255136,0.34157395,-2.92345,-5.8744726,-10.050603,-5.52059,-1.3255649,0.23417437,1.2206597,-4.3442554,-6.348259,-5.993562,0.9578872,0.9374658,-2.4640074,-4.425399,0.15918183,1.8891461,2.9371336,2.7408705,-0.21280247,-1.4386232,-5.8852816,-11.44729,-16.588081,-9.301775,-4.256004,-2.6560345,-5.026048,-8.331536,-11.308825,-12.693662,-12.177966,-12.300602,-13.180328,-13.199673,-10.826636,-5.2669473,0.97051656,7.8088236,12.139509,13.364696,15.210339,15.294514,10.459555,12.903176,13.439156,7.2310576,1.075311,4.250517,3.0990894,-1.4659196,-2.4666333,-13.802583,-20.956995,-13.886341,-1.5580724,0.5876407,4.2172303,2.2943091,-0.08963849,-7.6838264,-12.087359,-13.585385,-10.572115,-7.57224,-6.6191998,-2.2596855,-0.4749887,-0.7638152,-2.3914504,-7.7697105,-13.655774,-13.346471,-9.90542,-4.9878707,1.7357606,0.5277148,0.29841673,-10.206643,-16.707485,-14.102465,-15.066455,-13.555023,-13.820484,-19.035969,-20.738743,-11.8856325,-2.1141276,2.100217,13.431577,14.971733,12.350811,9.742439,8.610178,7.3848495,8.317278,6.592699,5.680134,1.4058125,-3.2517009,-5.3035336,-8.082212,-7.9759293,-4.085343,-0.23116386,2.6556249,-0.055903077,1.1882881,2.9331021,-4.2291393,-1.9291185,1.8613929,1.1801265,-3.6395843,0.52628446,5.361882,8.469513,11.841085,9.482898,5.678503,7.3530416,13.763067,11.003632,10.63472,14.212918,15.340719,9.044058,7.7947063,11.471429,17.524963,16.268953,15.5318,13.763896,12.9786005,11.217352,9.350495,13.404251,15.015343,16.867462,12.178089,11.8687725,16.914505,12.65869,13.93559,17.866056,16.602516,8.757864,4.1305223,7.974387,6.17157,4.8024807,4.792755,-0.5864652,-6.250962,-8.127748,-8.244683,-16.229525,-23.780743,-18.020756,-15.226061,-15.417753,-19.82384,-14.341471,-10.6574335,-8.532377,-3.699789,-5.1042385,-9.3860655,-5.659337,-2.6852827,-3.7182279,-2.4417477,-4.0492897,-13.663511,-21.613102,-21.65859,-15.702795,-9.758465,-6.9069266,-7.6318703,-10.79917,-10.651334,-8.529447,-3.4022796,-7.96056,-16.151447,-16.149399,-14.994902,-9.070629,-2.6289253,6.2858996,12.728072,11.348787,12.168987,7.0677137,6.4450216,3.0333488,-7.609146,-10.262223,-7.4302177,-13.927302,-17.24792,-15.961334,-10.535805,-6.793441,-7.13319,-13.00308,-9.332013,-7.4740334,-4.3711767,-6.7466035,-7.7417407,-4.9650545,-3.0565367,-2.5099223,-5.008522,-8.331699,-9.906939,-10.837078,-13.229248,-9.397441,-8.367155,-6.8322363,-7.093506,-1.8887151,-3.14571,-7.2423573,-4.297421,-4.398266,-8.735704,-6.4527655,-5.094299,-8.00176,-1.0704167,3.2846563,8.674697,13.375499,15.983857,18.04689,9.695337,12.530767,7.714099,-1.3232863,-1.4778323,-4.9058576,-11.509282,-14.216051,-8.357051,0.37948823,-0.13182902,-2.524594,-2.1110559,0.005717993,-3.5608447,-12.6363,-23.408354,-20.138874,-17.193787,-14.910555,-16.10677,-15.217632,-12.375448,-5.5085373,-3.5095742,-5.7242103,-8.2947035,-7.9745884,-7.0603523,-4.782484,-5.109245,-5.839874,-6.7278023,-6.321773,-10.900252,-9.911356,-7.869647,-8.400353,-11.066499,-9.631268,-7.0130024,-12.847412,-8.878707,-6.363415,-13.243235,-18.139343,-19.018013,-19.141613,-16.975546,-18.125359,-15.758946,-15.873392,-17.29535,-17.702587,-14.73741,-8.577298,-7.8757176,-14.712677,-13.886655,-13.5087385,-15.183451,-17.908148,-17.765202,-13.11245,-14.049398,-8.588624,-4.697774,-3.1850693,-8.328108,-14.127132,-16.261406,-12.92715,-6.063604,-10.794483,-6.4473467,-1.563951,-5.693368,-10.464542,-7.5904098,-0.15102269,1.8384286,-5.643098,-3.3963902,-0.95086795,-6.0049047,-3.986142,-3.1485722,-0.99159586,-0.33763552,2.705834,5.3688583,3.72176,2.2633686,-6.0553427,-8.545486,-12.074093,-11.349331,-12.821638,-10.7857485,-10.751495,-13.1588125,-14.285577,-4.5693717,1.1204216,-2.6721463,-2.9567504,-7.2609205,-0.3785261,0.6893938,-2.579653,-5.052892,-4.500185,-6.0680723,-10.64807,-10.0645895,-4.7609196,-4.753113,-7.0266075,-6.7611856,-10.859043,-10.383303,-4.743689,-2.5279036,2.1175325,4.801832,-0.7621126,-2.8984783,-5.220558,-6.4509377,-9.412128,-8.812723,-4.6764703,-11.013034,-10.701845,-12.71759,-12.605983,-9.393454,-13.272802,-12.524995,-7.218834,-7.0970287,-5.562182,-2.0985236,1.1391042,4.592043,10.391239,13.643171,15.852653,13.455824,8.160917,6.8017645,9.145775,2.149238,-1.3634508,0.093961835,-2.725295,-11.847427,-17.863949,-15.084139,-11.352892,-8.455176,-6.8269825,-0.9465454,0.6701059,0.7100148,2.5175443,1.0952071,1.4966547,1.212408,-0.4889678,3.4316676,7.9258823,5.9018536,0.56738997,0.91068244,1.8144317,4.686213,9.89036,1.8006258,-4.709262,-1.5318791,-4.06355,-8.45222,-11.762131,-12.102186,-10.327137,-4.470546,-0.8843532,-3.4960673,-6.169512,-4.498355,5.875347,17.645487,26.546263,25.26817,24.775997,18.960678,15.550567,10.54139,10.080951,9.544412,8.448883,-2.4974241,-11.95547,-12.947435,-14.8349,-9.556047,-12.147585,-10.654774,-4.708235,-9.597302,-7.0174484,-8.246348,-7.4791164,-7.6013536,-13.450074,-10.347829,0.42469952,4.7350826,4.148368,2.5786076,6.489145,1.1494358,-3.6354406,3.503311,2.4142404,1.8173819,5.31064,3.7635093,5.468512,2.2807627,-4.8678412,-8.569109,-6.7906857,-8.725647,-13.275891,-11.487716,-13.758633,-7.8368826,6.2530913,9.06493,8.502735,7.728956,5.6898518,1.9515212,2.5058522,4.1921263,3.6020823,5.7015705,3.1063497,-5.6335373,-7.949926,-8.037467,-2.0557516,0.19953325,-4.8636217,-10.375393,-16.493513,-14.632635,-3.2398765,-5.6279755,-15.40959,-9.900237,-1.207045,-0.03864017,2.455024,2.7848477,0.26290774,2.5981233,3.4841845,5.2125025,3.7048683,0.08733113,2.0344815,5.0458927,9.558143,8.596612,4.948644,3.8040676,1.9689109,1.5004874,1.9395932,3.6274376,3.7597857,7.094564,5.1700263,8.650543,5.6522436,2.9020138,1.7972655,5.9045186,7.566215,1.7564646,-2.0493002,1.9101752,5.5487766,2.8457913,3.9607582,1.5129431,-3.9190893,-3.9504948,-5.30923,-13.065784,-17.907211,-15.118369,-19.16565,-21.856525,-21.260073,-16.64289,-15.8854,-12.833805,-12.169977,-8.816576,-1.4316702,2.7329464,5.9483037,0.20328188,-3.2601917,-3.877927,-7.2771926,-14.177518,-12.483545,-14.121202,-15.074703,-15.103279,-12.704923,-9.275023,-9.364567,-10.220427,-11.250695,-11.505336,-12.85886,-12.02096,-8.100816,-7.0924053,-7.714674,-5.917615,-0.6706996,1.5912529,-3.622552,-5.116972,-5.801645,-5.8186264,-5.7553086,-4.809538,5.536508,4.679813,1.9687253,0.27249825,-0.3265854,-3.3207202,-7.654167,-6.190833,-3.6404028,-2.078675,-3.5941157,-9.32263,-7.0848293,-7.594717,-10.528115,-11.329773,-3.2528577,-0.6006952,-1.3553596,-0.9725984,-0.8349582,-1.1476554,-3.3975372,-9.6225815,-10.952708,-12.629435,-13.788244,-10.946233,-6.9877205,-5.774638,-6.306,-10.427802,-10.727573,-14.505615,-13.965807,-12.446774,-8.668173,-5.508772,-6.6786747,4.189873,11.669346,10.26045,1.1873972,-2.1428812,0.92627794,4.460247,7.9703655,7.625973,2.595851,2.4116452,6.5736217,13.427518,11.787495,9.408815,2.8541327,-4.6035175,-7.866579,-4.512662,0.5983666,2.2347364,-6.3622694,-8.797884,-5.3325343,-8.889128,-9.860035,-6.060964,-2.9691954,-1.8653674,-6.0463934,-5.884324,-2.1480925,-8.284403,-13.251083,-9.463495,-1.7602379,-3.3875058,-7.834007,-5.310236,-1.520046,2.3867013,2.642579,0.9014115,-2.7330608,-2.6143508,-1.8228854,-6.8517036,-9.382525,-11.071638,-14.954056,-15.216768,-18.681469,-18.801401,-18.678667,-12.565538,-12.72842,-10.637724,-8.381667,-2.948866,3.521153,0.5516471,-7.941985,-12.184259,-9.669936,-6.3234587,-6.7871885,-5.128133,-1.5809096,-1.0125728,-2.2124376,-6.96301,-6.348178,-3.8369546,-5.0993867,-5.195507,-4.257026,-3.115079,-1.7546139,-3.5931058,-6.4090447,-4.335514,-6.2822657,-1.5200136,3.900548,1.4294819,-1.4083884,-5.305454,-7.6349754,-10.404415,-9.073892,-9.302162,-5.202307,-2.7855952,-5.305249,-1.7175484,4.73263,5.3231325,0.2125572,-1.8774307,-3.3485327,-1.7288592,-3.3562274,-4.0173564,4.3088927,4.8371253,3.0440643,5.4599347,5.325481,7.897963,2.051625,1.1785952,0.30250746,2.0209057,-1.1264075,-2.9540005,1.0797154,2.4935408,0.034654826,7.804224,5.045537,-3.0140777,-7.1897597,-14.490669,-12.912315,-6.5968356,-2.2462616,-1.1374576,-4.2634277,-1.45634,-1.4621458,-1.6031778,-5.0472655,-12.417131,-14.537798,-16.74213,-20.043964,-12.916322,-7.850248,-2.8658683,-2.452645,-4.4932275,-7.059554,-11.514212,-19.617044,-16.75331,-7.3799186,-10.740811,-8.289801,-3.3401937,0.86019194,9.951134,12.529755,10.310788,-0.4218048,-3.8018243,-8.908432,-8.728821,-9.402973,-9.216748,-17.813976,-21.257465,-20.527634,-16.068438,-16.16312,-18.620014,-14.045128,-7.849601,-9.3234005,-13.692352,-7.3129005,-3.8898158,-6.570536,-15.785242,-15.278151,-9.290385,-13.395621,-6.94615,-5.647116,-7.4995027,-12.720369,-15.691029,-13.033758,-12.12141,-14.032537,-18.719069,-13.120443,-8.007957,-10.493165,-12.116636,-15.602045,-20.873718,-22.352886,-14.197124,-8.118051,-11.568,-13.913493,-8.002366,-1.649798,4.3123455,2.8811965,-7.2360973,-8.466948,-5.919997,-12.424183,-10.078342,-7.993228,-13.4764805,-13.617808,-20.885136,-20.463015,-21.063261,-19.733837,-18.679943,-21.791706,-21.433144,-23.191916,-23.310345,-18.61725,-15.463451,-16.011148,-15.057494,-5.0532312,-1.2632772,-1.3690107,1.5681685,2.8035476,1.3103213,-2.5928788,-3.6493013,-1.0361959,-0.47981402,-4.5678606,-13.815297,-11.475662,-12.028749,-16.088055,-17.156204,-16.323568,-16.10032,-19.630913,-8.88513,-9.96559,-13.949118,-12.648039,-6.867116,-1.512608,-2.2927191,-4.461461,-1.7614498,3.752485,9.699253,7.318404,15.019304,18.083158,13.10788,4.732877,7.2784967,4.2869453,1.0023869,-0.44415155,1.6639282,-2.9353893,-9.289475,-11.947034,-6.5819864,3.1974652,6.8715367,7.8852835,4.18014,8.430503,10.877723,6.6459575,2.7489195,2.458963,0.3666631,-0.27312362,-6.621252,-2.8078249,4.0569906,10.785158,7.959523,2.9640157,6.0262184,8.0044985,1.3355639,-2.1739645,2.775569,-1.5627784,-2.167864,-4.004329,-3.1313405,6.25167,2.4419837,-2.542427,-0.76615655,-1.9205822,-1.1459417,-3.957945,-4.250333,-3.243185,-2.2447782,3.2335536,-5.3759794,-8.25069,-6.650859,-7.018334,-1.1520197,-1.5411226,-11.215584,-17.859852,-15.327102,-10.93482,-11.376591,-16.241488,-22.617825,-23.16077,-13.602933,-10.390421,-7.1392975,-10.110243,-8.115749,1.8595085,4.4396114,4.9128456,-1.9208682,-13.85701,-8.659697,-10.931639,-11.819042,-15.20657,-14.130957,-11.852785,-12.390042,-12.310112,-15.697607,-14.558602,-11.494714,-6.1139307,-6.558388,-5.2981877,-10.247837,-9.704905,-13.351595,-19.785713,-21.012016,-14.7393265,-7.0203214,-7.482935,-15.713081,-15.192022,-20.073503,-23.846601,-23.128496,-20.939304,-14.626865,-16.693218,-17.293003,-21.25679,-23.09043,-25.483421,-18.43155,-12.039975,-8.768209,-13.223291,-10.683897,-6.874014,-3.039009,-6.7765684,-10.620796,-8.858,-2.127583,-6.202667,-18.436901,-20.947163,-17.529598,-16.247028,-19.502123,-7.2544527,-0.10275379,-1.3121698,-9.704957,-17.193298,-18.957323,-18.072664,-12.079307,-10.001637,-8.398127,-8.8004265,-11.233179,-5.7687645,2.9619317,11.475464,6.1724396,-6.691832,-8.457253,-7.146557,-12.058925,-15.311965,-11.968489,-9.929601,-9.499457,-7.200334,-5.991889,-9.43379,-8.762919,-19.18229,-23.716164,-18.197926,-19.532188,-16.973879,-17.142773,-21.067162,-20.912949,-18.441189,-14.883419,-6.9680967,2.4039283,7.6494493,0.59923196,-4.900183,0.5359665,6.805157,3.5081706,4.219823,3.6274924,3.030424,1.8096914,1.4248801,0.5602487,-2.0963917,-5.575474,-3.1935155,-2.547286,-0.29695797,-4.192351,-1.852514,-3.0290344,-3.5162182,-11.625275,-13.892927,-11.4241905,-12.3686,-7.7879367,0.4601313,-5.5226707,-14.558679,-7.5124903,7.1915812,7.4453106,-5.5646906,-9.700394,1.5647852,2.7580495,-5.4728928,-24.374908,-30.631916,-22.506107,-8.502847,-12.962293,-10.849135,-2.934678,2.812325,-1.9478194,-0.99828464,-5.3685484,-0.636314,5.2561893,2.876729,-1.8967931,-12.229267,-13.079237,-5.9873276,5.802335,1.5042992,-3.506359,-7.2857714,-5.755578,-3.2428136,-5.0135508,-2.6625085,-7.591448,-13.258142,-8.950349,-5.9058027,-5.958625,3.5767944,2.8544226,-4.085866,-6.232317,-10.3527355,-5.3977313,-2.5897593,-2.1102667,-3.732663,-7.1718206,-13.001694,-12.731943,-13.348976,-11.791048,-7.338994,-7.6147223,-6.7101307,-6.3090067,-5.7985473,-0.53115284,-3.3055725,-5.3750696,-1.4115224,2.861106,-0.811562,-7.3395786,-7.889246,-1.3201054,9.787261,20.27327,16.12638,11.069311,10.59439,9.363065,5.74125,0.2858459,-6.707803,-10.135843,-8.348839,-7.8822594,-7.197683,-6.6663437,-3.1048222,-3.030772,-3.3504367,-11.140986,-16.068533,-16.154427,-9.553223,-10.395145,-14.79356,-5.386729,3.9814641,5.1272182,-0.031202197,0.06671801,-2.4897332,-2.473504,-7.747055,-14.356764,-21.52812,-22.261782,-23.902058,-23.112661,-20.462345,-18.55635,-18.263481,-19.787579,-16.162472,-14.840786,-13.020203,-6.626739,-2.3923907,-13.003406,-17.8124,-8.573027,0.34455752,6.5473123,2.326156,1.8394698,-1.0628953,-1.009089,-3.488264,-12.14785,-20.563686,-14.400906,-15.399313,-16.708776,-11.116713,1.6567047,4.16937,1.7060847,0.39785624,-9.861015,-10.4502535,1.1843354,3.0059404,-6.8567877,-9.778592,-1.2666553,8.004541,12.009155,12.802725,14.280922,9.938589,3.9714613,-0.617048,1.105802,-4.807123,-12.773709,-14.969851,-17.210754,-20.049324,-11.161381,-5.688481,-7.091284,-5.194254,-6.647137,-5.8092265,-8.513447,-16.87098,-19.819881,-16.290466,-15.164091,-6.4887266,7.957327,11.616023,6.8992553,2.273627,3.1112747,4.941982,-0.14196393,-0.6237148,5.569081,8.286106,1.8662689,-1.0167457,-4.992666,-9.014647,-13.277077,-12.946156,-12.796476,-9.291784,-9.2850895,-13.844082,-16.341642,-19.599636,-20.42301,-15.569552,-13.608974,-15.422501,-13.4429455,-11.569622,-10.001926,-13.430576,-18.872063,-10.147733,-4.6608777,-6.7791944,-1.0327246,-2.18115,-5.3141737,-9.06374,-12.680308,-8.68163,-10.900865,-14.110436,-14.185883,-8.613469,-7.110838,-9.597347,-4.395601,-7.4163575,-7.0436196,-7.6366587,-6.8291726,-10.496823,-9.22962,-6.2834697,-5.507932,-7.952962,-10.815275,-1.6694448,1.151916,-1.3230178,-2.5680668,-4.8307037,-6.9845724,-13.12858,-10.477528,-0.09721851,-3.6396904,-10.542938,-7.781046,-8.995036,-12.882652,-13.584923,-13.58594,-14.500591,-7.2572103,-9.537426,-11.030432,-4.499395,-5.773524,-6.9622602,-4.5106983,-5.5159216,-2.878163,-2.0728335,-3.9712071,-11.946264,-15.765171,-12.95755,-16.325663,-21.976276,-25.195423,-28.153439,-24.333897,-16.849014,-10.357494,-8.502244,-5.0335608,7.2099524,4.6117487,-1.6721505,-3.4443269,-4.6610274,-8.417982,-12.121601,-18.841753,-19.260324,-10.549574,-3.8103304,-0.8271037,6.6224613,6.153021,-0.7590515,-5.248407,-10.716603,-10.7982645,-12.469132,-12.050052,-9.898456,-17.666855,-22.73843,-10.149393,-1.3054206,1.6292267,1.8054279,1.5088537,-0.6070391,-0.12527417,1.2344968,-1.1171596,-6.2396784,-12.40643,-16.169212,-14.697718,-11.614071,-15.088577,-18.873596,-22.961575,-17.344234,-19.467085,-22.36478,-17.042707,-15.612114,-12.351868,-12.732545,-10.840391,-4.1569858,0.30374286,-4.0557804,-1.9309268,3.3280494,0.37905848,-0.19192627,-7.666836,-11.720069,-11.847563,-11.245041,-13.394352,-15.497906,-11.57486,-9.354566,-6.5614405,-6.6975303,-7.7077327,-10.272938,-13.238647,-12.990131,-14.001586,-14.5289135,-9.895521,-3.5282912,0.61061144,3.5913203,2.1100285,-3.139832,2.6995177,-2.0898962,-3.5761144,-0.46761537,-4.913136,-11.079971,-19.148281,-19.32696,-19.502167,-11.610672,-16.52224,-26.00372,-22.687029,-21.879986,-21.416561,-14.032772,-13.587821,-12.437664,-15.017656,-22.589293,-22.39732,-15.014517,-12.132608,-17.240746,-8.963316,-4.3638153,-8.166276,-7.4387584,-5.510442,-11.910619,-10.076916,-6.9471564,-8.34859,-3.8202078,-9.232396,-11.784019,-9.576067,-2.9904866,0.034462094,-3.2356641,-5.840803,-13.002159,-18.53606,-17.378664,-15.538071,-7.78912,-4.549798,-6.5973005,-11.567978,-9.469526,-6.2971854,1.6258013,-8.21927,-5.7713623,-6.55929,-14.940661,-15.729886,-13.953371,-12.578038,-11.952704,-12.491691,-8.883799,-3.2165575,-4.757536,-6.973117,-6.125897,-2.1669323,0.9863284,-5.2593045,-10.351366,-13.039917,-14.292221,-10.04745,-6.4733744,-11.7810335,-10.323004,-6.22447,-3.519531,0.79827106,3.719674,-1.1925039,-2.4466968,-5.620264,-5.211709,2.4210591,7.532335,0.52888507,-6.5592012,-9.264762,-7.3029127,-10.473497,-5.2345605,0.33271813,3.4081721,1.9549063,3.2942116,2.2648103,6.7465754,5.2192316,0.6651219,1.1657321,3.712181,-5.7659693,-11.484432,-4.536688,-2.7107387,-2.4502697,-1.8271629,-14.927664,-8.594715,-3.300173,-4.129759,-3.9304762,-1.7163899,3.2913573,7.5922318,3.575593,2.574871,-1.1951857,-2.4726496,0.7765918,1.8732653,4.678761,2.2689188,2.7395723,0.21415205,-1.0672253,-5.598642,-6.2847586,-5.9062953,-6.6055374,-5.373915,-1.5696341,0.24133557,-12.575129,-10.696041,3.538773,1.7249311,-6.3172016,-13.125975,-10.124047,-4.2277546,-6.688833,-9.200818,-9.139638,-8.256342,-8.667152,-2.5502949,9.297613,9.01095,-0.59366727,-0.47623375,-0.74031204,-2.43674,-3.6902604,-10.875215,-11.909332,-10.236739,-7.880637,-7.928744,-5.781169,-5.7899437,-6.864953,-9.768306,-9.293066,-2.308597,0.99805987,3.3302433,3.77752,-0.7580162,-1.3894019,-3.5488687,-2.29886,6.4517093,9.716667,6.4084406,6.4023533,7.612676,2.8212109,1.9247713,-1.384917,-3.5645251,-0.22300899,9.39846,13.020687,5.166975,4.2347927,11.302378,6.865187,1.9485489,3.9733224,5.82938,-2.7136679,-4.7779193,4.7028832,2.6910262,-3.3094969,-2.4955258,-4.020651,-0.0024709553,-2.3145413,-2.7690434,-6.9895024,-4.5718937,3.4614778,1.2277881,-0.75234854,-11.1596985,-11.345227,-7.426905,2.8482661,2.6622863,-0.9731115,-0.24051642,3.2906418,-2.5523777,-4.670189,-3.5529025,5.6394005,5.4341817,5.384821,5.8581257,8.253437,5.8830647,3.1843505,-4.210012,-2.08646,-0.199416,-0.86530894,-2.1081877,3.0071447,-3.9049027,-13.912041,0.031129397,8.270844,0.96066815,-0.90424895,-8.580805,-15.800625,-14.766131,-15.997181,-13.584786,-11.8672495,-12.400426,-14.427906,-5.5045233,0.3181814,2.07837,-3.5032172,-5.114247,2.8218317,2.03689,-2.526706,-2.2370303,-3.7759085,-4.3339653,-6.3961134,-10.314217,-6.4448633,1.2621422,-2.9905682,-0.72266275,4.898834,5.5490313,6.7506704,3.0761008,0.7192397,-3.726574,-5.6047726,-6.647707,-10.3149395,-8.455093,-2.0309172,-1.4540198,-0.63299423,-0.1261329,-9.1502285,-9.726992,-3.942603,-2.9108958,1.5573332,3.404192,7.567754,7.1033916,8.214233,5.644182,-4.0936713,-5.695798,-3.8203697,9.196005,12.591143,10.663102,10.79381,12.697187,12.740444,7.9537888,2.8755183,2.7526248,5.668638,3.3126292,-0.73553085,-2.4931252,4.152853,3.7645755,3.2953146,-4.331412,-6.73969,-0.8987077,3.0175078,-2.4940712,0.29092592,6.1826553,2.6781635,6.2786574,8.962698,7.70158,7.5974836,9.734285,8.969044,7.389378,9.767555,4.168072,7.274604,9.984985,4.880069,-1.0185957,-3.9491982,-3.0626805,-4.8166113,-3.9716072,4.242256,-4.991453,-9.011723,-12.358953,-14.848169,-3.8511581,2.6821208,0.79691297,-3.8467488,-1.4106466,-4.051003,-8.822784,1.8758594,14.450794,9.020544,3.9785602,0.3591247,-0.75511146,-0.72612906,-2.1693308,-2.3515062,-5.886455,-13.257586,-13.277485,-11.794384,-7.5120296,-2.7063668,-2.696357,2.764838,5.3235846,7.585308,5.3318863,2.2558753,2.8283947,0.020403743,0.39600194,3.005417,-1.4628886,-3.3065596,0.29651546,-0.5699152,0.44008642,-3.677955,-0.43717083,-4.31347,-4.0427046,-5.1467295,-2.9767432,4.208949,12.260767,16.531929,8.321697,-0.27054298,-2.8004217,0.0061849654,0.6086277,-0.5014916,1.1221161,6.2609158,5.858234,2.9460921,-3.0513945,-6.3679876,-8.109291,-6.046531,1.0804487,-1.3365929,2.3403845,8.027469,4.5928297,-2.9333432,-5.440222,5.7058887,11.102015,12.103306,6.8254733,1.8285563,-0.52706915,7.2446055,11.335272,7.337396,-2.178194,-4.1403112,-2.925315,-8.214725,-5.6592007,-6.057989,-9.206223,-2.1529973,-3.272896,-8.919415,-10.381262,-7.5873814,-6.349311,-6.544552,-9.507126,-5.8138075,13.662434,24.89769,21.65547,10.341282,8.280181,6.786882,8.8431835,6.849596,2.8560777,4.710777,-0.23823738,1.7544386,0.21151185,-2.0443833,-3.9613457,-0.23277858,6.026559,3.9077234,-0.6974451,-0.4383358,2.0366926,3.761732,5.2787533,4.708885,-4.5897336,10.12109,17.931536,16.891415,11.146238,9.934542,12.230658,11.144502,5.2036815,-4.248845,-3.244676,0.78949624,2.0963383,2.0904865,4.309329,-0.9909102,-3.3823156,-3.1483529,0.1127162,-2.0766602,-6.6869974,-2.468511,0.35951942,3.2467926,4.2133627,0.9041168,-0.03406656,-3.2203264,-4.686385,-6.7792206,-1.9055407,0.7535161,0.896735,-2.7442517,-0.36128193,-1.7489898,-3.6624675,-2.6960642,0.17372742,2.5183132,4.7027373,9.69879,19.788149,15.782331,15.393429,14.104774,9.066058,6.7894683,8.51688,9.509395,2.5206034,1.6348016,-4.191649,-10.592392,-5.738591,3.9018977,-2.6163096,-8.175462,-4.1652036,0.59448195,4.4919596,8.916229,4.1073866,-2.475113,-1.7067881,3.6438286,4.0717154,6.7815013,3.297692,1.606137,0.7816212,0.7942361,-1.4034877,-2.4631267,-4.2605705,-5.1705775,-4.3490486,-6.340537,-5.5094376,1.8319588,7.5354066,-6.0704226,-10.345341,-7.529974,-7.446493,-12.324778,-11.871847,-5.0107813,-1.1037488,-2.393662,-0.8152211,-2.516155,-11.343483,-16.63932,-11.077042,-6.262824,-5.6750565,-1.9256778,-6.061978,-13.662202,-11.291671,-3.019332,-6.8962145,-4.641529,-3.8531928,-0.260091,2.2538562,2.0830708,1.5011294,4.558728,5.8268147,2.1940224,-6.954604,-9.429268,-3.8190641,0.9894693,-3.611892,-9.913342,-16.015335,-16.53466,-13.90955,-15.739801,-17.247856,-25.461412,-26.712795,-27.98597,-25.619528,-19.096405,-16.482794,-13.634425,-19.305202,-12.111033,-12.000635,-16.834694,-9.729153,-8.719194,-6.855978,-10.256281,-22.16423,-19.164112,-11.733814,-12.42857,-10.226847,-9.169006,-9.867973,-8.270063,-6.6479793,-6.785372,-10.431938,-4.992026,-0.35926205,-0.63347584,-2.0899882,-1.7286028,-4.0067344,-13.437437,-19.36288,-15.266752,0.0075344443,1.4889882,0.6903115,-4.953972,-14.041803,-6.594407,2.2169943,1.5938883,-0.22073853,-6.740474,-7.206669,-7.882088,-3.2392693,-7.3558273,-10.429949,-8.28902,-4.1981425,-5.0362473,-9.299535,-11.001394,-8.228381,-5.340718,-10.607277,-8.99044,-9.227952,-8.449827,-7.7479734,-9.980638,-9.792686,-10.745211,-10.657897,-14.076109,-10.075138,-5.29216,-6.689636,-6.538076,-11.804396,-10.254425,-9.019455,-10.316886,-1.5884337,1.2089189,-7.2336845,-18.136152,-12.54888,-0.71348834,5.844943,9.720504,12.677082,14.423628,10.836901,6.1990886,-0.6820455,-3.047265,-4.2188144,-10.91935,-10.9617605,-8.61528,-11.941021,-5.291793,-4.9308834,-7.542839,-1.7092979,3.0009706,1.5477142,4.355041,3.4769158,4.602042,1.4266343,-1.913169,-3.0513988,-0.66706467,5.268549,1.9766462,4.819368,6.204695,2.0003598,-1.9460878,-0.4992594,1.4271827,0.2661335,0.51656246,1.0094695,2.337619,5.240869,3.1239967,1.7277524,-5.2677584,-8.427484,-1.3404212,-1.4497173,-1.2699056,-4.596079,-0.7663952,1.2017869,2.882538,3.5356567,1.9571962,2.0187368,3.007157,0.06526148,3.7747426,-1.9219935,-12.82487,-2.310397,8.6049185,14.841797,18.074978,16.620956,15.31102,12.737023,14.341776,7.0181084,-1.5178778,-3.9233222,-4.203474,-6.262265,-5.69812,-6.343383,-8.71705,-9.715105,-9.0241165,-10.15893,-7.6049485,-7.290863,-6.4684553,-7.774416,-8.562022,-0.97641855,6.2973757,13.39496,10.013721,3.9071422,6.7519045,4.400849,-1.7869306,1.8047574,0.79532045,-3.5415869,3.2932713,8.324904,5.390752,-2.398017,-7.161422,-4.798214,-0.02125746,0.33419776,2.5716946,0.19093725,-1.7803295,-6.0664825,-7.173484,-7.64924,-8.0956135,-11.108964,-9.014418,-4.757743,2.9795823,3.0539799,6.2499075,5.498735,4.904414,11.15106,7.1943493,4.889564,5.9448023,3.3176024,8.322502,6.9532013,5.550668,8.601825,5.5477557,-0.00787586,-10.6748085,-12.08836,-5.347332,-3.8053086,-0.5941527,-0.9225668,3.517779,12.45956,19.267384,17.86483,8.982339,-1.9135139,-0.52307034,2.786274,0.6043021,-1.6105559,-2.0763505,-1.3463979,-1.6937201,0.14418736,0.29708624,2.4956565,6.983821,1.5172946,-1.560251,-0.04693812,-1.783644,-0.6478982,-3.288228,-0.19892979,0.81478584,2.6574783,3.1776643,2.7493918,2.4375396,1.7601101,-2.2340193,-5.74885,-3.1402044,-2.1490004,-4.4612217,-3.1297693,1.2126232,1.3410673,-2.2423518,-0.37516218,1.1876279,-1.6115264,0.052780807,1.2153636,-1.8210635,-4.536504,-4.9827003,0.6598848,3.037839,10.10124,12.188248,5.6541862,-2.2871773,0.13793766,-1.9816014,-2.4485807,-2.599925,-5.094234,-0.6104522,0.68070793,6.7054234,9.422523,8.945719,6.988681,1.6691909,-3.1364248,-6.2336407,-1.340142,-4.184883,0.49053916,0.6229789,0.073159516,-9.368216,-11.743851,-7.140747,-7.952516,-5.786842,-5.900541,-4.973999,-3.8174472,-3.536883,-1.7787025,-0.53997636,-5.058504,-3.7265186,-1.6180944,4.35166,7.5000324,8.47793,3.3234835,5.7659817,4.4191084,2.080556,-0.42011213,-2.2071996,-5.9900618,0.9342442,5.304326,4.29422,3.9385462,-0.62588245,-0.76215535,-2.4450748,0.023202896,9.28578,12.326836,8.524469,9.020285,6.2754145,-0.1516025,0.3356961,2.342073,1.1676223,1.2424784,0.5538631,3.8464797,8.791418,9.734943,7.5218787,0.19439338,-4.202472,-4.891876,-7.234896,-6.56431,-4.8271112,-5.0968876,-3.5093694,-1.7744087,-0.97132176,-6.5395136,-8.419458,-8.151306,-9.514617,-7.6895638,-11.463107,-15.400682,-12.700365,-14.219793,-13.187152,-6.1022553,0.5272282,-4.2344074,-1.8578098,3.4447093,4.5032234,3.9290154,1.5523891,-3.1079555,-8.712994,-7.74335,-4.8885145,-7.80477,-7.887951,-3.395568,-3.1222968,-12.903706,-10.751282,-4.5710497,4.475072,-1.8755909,-8.501303,-7.266175,-8.502784,-6.0313625,-10.697399,-18.169949,-21.22134,-14.188946,-13.269558,-11.095813,-10.6105995,-13.405449,-15.398881,-6.5898876,-3.0971866,3.1932304,-2.0685296,-11.354847,-19.9445,-20.56202,-14.2853565,-13.674809,-6.3464575,-7.8617063,-6.2631598,-4.368438,-8.016678,-13.052473,-13.4821415,-7.646165,-5.45138,-10.539171,-4.6774683,-6.3527584,-11.564701,-11.808813,-10.5175905,-8.678744,-3.9411545,-5.488113,-5.7658176,-6.4098496,-6.667512,-1.961083,-2.7590857,-6.1803007,-4.254785,2.1474018,7.213217,7.93215,2.6258125,-6.4900093,-12.077301,-12.81397,-9.874451,-8.308068,-10.30041,-4.6488013,-4.8971305,-10.071243,-7.6529646,-7.9409027,1.1868223,4.0275993,0.21932119,-2.6773937,-5.564205,-2.8538857,-6.5536127,-11.303014,-11.191066,-12.925554,-9.996046,-6.858025,-3.539908,-10.5368,-12.657951,-7.792206,-10.986599,-14.191408,-14.047733,-16.39924,-5.732797,2.7075772,3.9475875,-0.94273245,-7.11182,-11.226982,-7.6069374,-1.6559509,-4.2667007,-9.570882,-9.092048,-5.3766575,-8.833307,7.0997148,10.258011,3.1829107,-5.7711344,-6.984308,-7.1254826,-4.8417773,-5.244223,-5.9988832,0.12882361,0.92762405,-0.8664129,-4.3739886,-4.500149,-0.7164474,1.4655526,-0.69070727,-11.856372,-17.62465,-10.600996,3.7179658,2.2585886,2.3354597,5.4418306,5.501601,4.3897724,1.3889705,0.10579181,2.9466505,0.285908,2.8616428,2.7950425,-0.69468987,1.2434394,5.252758,4.3438816,0.54402447,5.1129103,6.2017994,7.3546567,10.444424,11.897802,10.492593,3.1552958,-1.3155756,3.6696987,5.693947,4.473057,3.7072754,3.863037,-2.4952893,-8.106926,-11.583427,-3.2786632,-0.9705702,-1.1369908,10.212458,9.347149,3.8100061,-0.82134795,3.1360612,2.1086688,-3.6652036,-7.282777,-3.3808668,1.4952425,8.707729,15.976884,11.430496,11.538019,16.53832,14.996953,10.403977,3.6905384,3.2826123,-3.7964978,1.1243191,4.226798,-6.257984,-10.090641,-8.947931,-9.330041,-10.089451,-7.428258,-2.151742,-7.3907747,-4.1983924,-3.103726,-0.9103936,-0.8626191,1.4527771,2.6468084,-0.10167956,-1.9745611,-4.4747996,-10.211392,-9.828765,-11.447927,1.545172,3.4076815,-1.0816517,-6.956451,-6.3226833,0.3722152,4.8228464,4.4947844,2.812375,2.5435104,1.0577319,-7.4826837,-4.2058096,1.5939927,-0.44832668,0.83114874,9.937019,13.9563465,12.045983,10.503048,7.71628,9.750818,8.438635,12.298457,18.863417,11.512535,7.5905313,11.30691,12.290883,6.9469767,5.7847843,2.1517816,4.3781643,2.5164473,6.048073,8.729988,11.665267,11.129513,14.902588,10.924938,2.1414988,1.3931595,1.3513713,-0.8785083,-0.27552342,2.9286058,0.80899096,-4.2533045,-5.153049,-3.2368386,0.88762176,-1.301926,0.9489126,2.218779,-1.4439087,-2.5625954,-1.3592445,4.258209,7.420565,4.553673,-1.0620974,-3.9013932,2.860291,4.7607403,0.40773827,-1.1914108,-2.0668736,1.6449637,4.8369164,6.4816556,7.092552,5.8280907,3.8709016,1.8208532,-2.5963042,-2.3361568,-1.20283,-2.2113051,-5.612137,-7.5761776,-1.991909,-0.8638021,-4.0903096,-4.822037,-2.681562,2.266862,4.868247,3.6912506,-4.342404,-1.5619206,-0.8215383,-2.799346,0.6221577,2.2870743,0.8122153,-2.8158345,-1.6465919,-0.87783414,-3.8729444,-5.502142,-2.9988427,-1.395543,-6.5003095,-6.7897887,-3.7923188,-5.0293055,-8.446144,-5.8964176,-8.296378,-9.702194,-8.030535,-5.1295223,-1.9626071,-5.471835,-5.499088,-5.6182876,-4.327572,-5.377949,-10.093323,-8.325096,-6.317318,-2.1771142,-1.5326414,-1.1908115,3.1763864,1.8443403,5.4454885,2.3328583,-0.77180254,3.0625067,-0.32884747,-8.805269,2.407466,6.580727,0.047565103,-2.2329032,0.24430662,-1.7581613,0.20091677,7.3327785,-0.7874115,2.0772462,10.334396,5.715013,5.500649,6.2930427,4.4476604,9.33175,11.0000305,7.830322,3.637816,3.08758,12.159386,15.385298,12.61212,10.324187,14.3018675,3.2391155,1.1978623,-1.6332814,-5.2640953,1.8191657,10.7413025,13.488977,9.433927,6.4119687,2.2828085,5.55348,4.5978355,-3.4638581,-5.6041174,-1.7679436,-0.41087583,-2.2440286,-3.1872523,-1.1328874,0.28139782,-5.938942,-7.5956955,-6.7050056,-4.8503428,-10.70627,-11.009298,0.6575054,3.384727,-3.8246193,-11.767363,-13.141197,-13.363286,-13.652244,-15.799267,-19.662863,-13.929859,-9.310123,-0.76363015,-2.971791,-2.235257,-0.54793704,-1.9835336,-1.0343068,-2.242626,-4.318239,-4.8025284,-6.4074574,-7.39918,-5.0318913,-5.0431795,-9.771563,-6.506771,-3.3617947,-5.518364,-3.5225968,-3.532674,-3.8794742,-1.2635374,-2.5005262,-7.375364,-7.3340435,-7.024847,-14.028932,-13.226852,-8.7702,-6.3012943,-8.350777,-12.517748,-16.111422,-17.07691,-15.278713,-9.985287,-1.8952914,-1.7727224,-3.231315,-4.0075436,-8.034156,-11.411177,-4.2795086,0.3119769,-0.11101869,-0.9083588,0.46224004,-0.23878227,0.5723772,5.303824,8.278446,14.260225,16.810923,16.47888,17.34802,8.925901,5.919379,1.7699753,-4.8358097,-6.667895,-8.291344,-6.3963547,-1.245436,1.5073112,-0.8250955,-1.8286867,-0.03321153,-3.1544204,-3.7024975,-2.300626,-4.839617,-9.724283,-8.2484255,0.15481496,-4.045887,-5.2825346,-3.581088,-3.8451102,-6.8595843,-2.8032541,-2.793562,-5.0202904,-5.3921814,-4.718563,-5.2105036,-5.2984467,-2.2235746,-1.6166252,-1.213633,-4.2151256,-2.2834556,-3.9301305,-5.4952,-6.5073204,-9.705149,-5.733806,-7.486562,-11.156482,-7.858492,-5.073643,-9.301655,-12.07766,-3.7421284,-2.5960023,1.1653434,10.370596,14.2288,10.304865,3.826184,3.9412808,5.289385,1.4860914,-1.6516142,-0.75173706,-0.44254726,-15.489007,-18.881199,-16.186678,-8.384327,-4.4067965,-2.269278,-0.60324335,-0.84244275,0.4378246,2.985851,2.000525,2.333353,3.0606139,0.608955,1.4219213,7.9534607,10.051587,10.07069,8.677516,7.794058,2.9343338,0.5087081,5.0684347,8.277915,13.042428,7.559416,0.8946855,6.0804124,8.784262,4.5736747,6.7632217,1.1640224,-3.908451,-4.6876965,-1.8566978,-5.6319737,-4.051903,3.2355196,6.639838,4.542291,9.510342,14.744605,8.890422,8.383482,13.648707,6.274141,-2.654741,-1.1395673,0.31387126,8.516718,8.910714,7.4725337,9.651727,13.354231,14.027302,8.965973,8.540419,3.1509457,1.3937459,-0.58702093,-4.951396,-5.4812326,-7.337796,-8.130034,-10.254314,-16.098635,-12.074511,-9.815222,-2.3502731,4.4916086,7.10592,8.4096985,9.987897,7.028205,5.437377,5.0290813,0.6309097,2.1380036,4.0932226,0.36546132,3.0614839,2.5224636,-4.6215706,-4.5568533,-1.602434,-4.38908,-4.8838654,-7.0525856,-4.73788,-0.2860602,-2.0824716,-8.619299,-13.671463,-9.140558,-6.5227137,-3.2040038,-1.6512452,3.575523,6.7933283,9.43024,15.678144,19.109985,18.255205,11.37167,13.241816,13.720852,10.694328,11.29183,14.376494,12.697016,10.111544,7.849908,5.8846245,0.41150594,-5.0435505,-8.162365,1.5089772,0.70993423,-2.9675207,6.599378,14.514154,18.568754,14.299022,6.541207,4.4425373,3.167183,-0.62468255,-1.8277016,0.42326462,3.8021007,1.3364393,-4.028293,-6.414208,-6.8018084,-5.350054,0.29793578,1.3164546,-2.95773,-1.7925678,2.9493723,3.8762784,-2.1876984,0.522621,8.089796,1.0108216,4.3885036,1.8410013,2.4577334,-1.8814243,-5.686732,-8.936808,-5.7937794,-5.337442,-3.851742,-7.7166705,1.0646915,2.9233081,-4.907187,-9.124973,-9.123759,-9.871845,-7.5262523,-7.945359,-3.8498724,-3.2820437,-7.688227,-3.783278,-3.0181723,-2.7183566,-6.439146,-5.9828815,-2.6680517,0.02963823,-3.80653,-1.0415177,0.6992314,-0.69501734,-1.880181,6.850054,10.537454,7.4302206,3.145582,2.9798079,-2.4835489,-6.429164,-9.484598,-8.871775,-6.6214685,-6.5772047,-1.4634598,2.9262252,1.9402647,2.0696576,-0.55165875,2.959444,0.5400562,-2.7538,-3.0601454,-4.6589108,-9.180751,-4.842325,-5.3094435,-3.9567146,-1.9300731,-2.5640917,2.8160508,7.3919344,3.4451895,-0.5525753,2.3733082,7.2396746,6.301552,5.6411953,8.804422,13.012317,7.6368613,0.4936805,-1.7216787,5.1504703,12.870487,9.833126,6.86732,9.127418,9.748756,9.470252,13.378685,15.694033,15.866579,15.011289,14.396524,15.56328,15.342876,5.8959103,3.198108,1.6108713,1.3131764,9.798479,7.4510107,2.275648,-3.016292,4.4913964,5.4377522,3.0301123,-2.280117,-6.550134,-3.5519235,-6.894452,-14.152348,-13.77998,-9.9380455,-11.715157,-10.938837,-5.502733,-4.2181387,-1.5969726,0.8121861,-1.0522629,-5.1113076,-14.368775,-18.373306,-8.240114,-2.3090107,5.141961,7.449125,8.033398,7.499209,2.3046575,1.650159,0.8356948,-1.5723875,-5.3037186,-2.653123,0.36890417,-0.0080167055,0.6746085,-8.844957,-13.007428,-10.159843,-17.540005,-10.805632,-10.035835,-11.756449,-16.83381,-17.719501,-14.800079,-17.968658,-18.57823,-13.584135,-12.037529,-12.063194,-10.3455715,-9.262418,-5.734146,-1.3993331,-0.63078696,-2.901798,-3.053591,-3.6347485,-7.952664,-5.931205,-8.140829,-4.096351,-6.7681546,-10.961185,-5.581768,-8.246581,-5.4375677,-10.607271,-15.91666,-17.626793,-4.534919,2.2705429,-3.9823499,-6.2103415,-4.5542383,-0.55578744,6.835765,10.935033,5.6499233,1.7983236,4.357342,5.008353,5.898615,14.662526,13.804377,10.432034,5.8921814,2.1347122,-8.0616255,-9.660355,-10.086573,-14.153642,-17.122509,-15.061546,-7.3550777,1.7428861,6.7873497,5.094484,-0.08132252,-3.9206786,-1.4074655,1.8685838,0.7908887,-1.2003267,-1.2004509,-1.1109669,-1.3037806,-2.7149,-3.0460906,-1.2229364,-0.48678237,-3.7906518,-7.547964,-8.672504,-8.136097,-7.777686,-5.611457,-4.260111,-0.34593832,3.9779499,1.1621147,1.8561637,-1.902962,-5.1341515,-3.8217356,-1.0493197,-3.2354548,-5.6522503,-7.100032,-8.571959,-12.686329,-14.800089,-8.751215,2.0002873,-3.1966515,-7.793663,-8.149613,-0.9878236,10.2143,16.066816,13.447548,5.159943,2.1736183,-0.55658007,-3.4497967,-3.1025515,-3.096991,-0.7088772,-3.7419143,-9.617328,-4.6823072,-2.416306,-2.9306161,2.1626525,2.4177897,3.5117478,3.249992,6.6731663,4.725005,5.552392,5.6331844,4.6269703,1.3222187,-0.22010082,1.7275771,4.5143585,6.243505,5.1671553,2.6469474,6.1883736,8.272634,3.4484682,6.617296,14.418598,14.110451,9.921465,8.804273,5.277568,10.645847,15.5440445,14.057368,6.4175816,0.8346249,-5.0544267,-6.639202,-9.477009,-4.7711263,-2.0939646,-1.6508057,-0.018920183,4.61605,-2.0928612,-4.298386,-6.192393,-3.098123,-3.1618204,-3.9601526,1.2315226,5.4072423,11.320306,11.224583,4.5751987,6.0909166,7.7779856,-3.7325726,-8.814541,-8.845757,-7.7548947,-5.554931,-9.119059,-12.4172945,-5.965519,-7.48746,-11.326841,-14.310484,-11.290909,-0.14394772,-0.38103223,-2.151409,2.6937368,2.7169821,-0.7558086,2.2165432,-1.0567003,2.1595693,6.8273144,-1.8408843,-5.760047,2.0690641,4.5559616,-2.626753,-8.746246,-8.859455,-7.402671,-4.905547,-10.252315,-11.0859785,-11.21664,-12.250957,-7.2361126,-4.0303397,-5.789812,-7.652322,-2.5218987,7.149608,10.12627,13.153499,11.790358,13.126141,15.975031,15.096705,20.48385,19.329714,13.172705,10.822661,7.569491,9.157553,8.008541,10.53573,6.8068056,-2.5862956,-4.118406,-4.774642,-1.640698,1.114003,2.0265326,1.9561731,10.273354,11.252001,10.521532,13.035145,11.87681,6.866338,3.883731,1.8467895,-1.698097,-5.485776,-0.7843083,-0.2862537,-2.4102266,-3.932085,-4.2408295,-4.983758,-6.010332,1.721703,2.3889775,4.0499735,0.13290381,-0.4431541,-5.5085783,-11.669769,0.3668108,1.9405224,-1.7581387,-1.4224586,1.2875375,1.3921888,-1.9620477,2.3188074,-2.8784006,-6.1657953,-10.161955,-10.919567,-1.3443935,1.245312,3.2509227,0.3512903,-0.84477985,2.5881844,-0.9867698,-3.5492115,-5.3624244,-12.489822,-9.85726,1.5500947,4.0148473,-5.1352654,-8.105593,-5.990169,-1.164144,1.6430594,4.8485994,3.9004238,3.1140099,8.591045,7.731859,-1.5527885,-7.0712442,-8.707813,-12.628218,-15.025427,-1.9746217,1.1270615,6.1896133,5.4817896,0.83406126,-3.1025295,-7.9486217,-4.41875,-1.8255968,1.1644224,-2.7839713,1.579318,2.5152357,-0.5129347,-0.24646288,-3.776624,-2.6092024,-2.7197478,-4.285757,-6.0501804,-10.54586,-17.559227,-12.7054,-9.769562,-13.691332,-13.91371,-11.79401,-4.9966574,8.253914,12.59679,0.99246025,3.355372,11.63143,11.326363,5.250246,1.9578559,4.8815203,2.7331598,2.9950678,2.7281375,-1.6793919,2.7240834,12.247902,9.652004,7.112487,6.236819,5.482395,2.8602462,2.5634098,0.6919402,-1.8117075,-0.6724107,0.9522022,-7.142728,-9.843847,-5.8155627,-6.3668118,-8.473562,-0.66931003,4.22717,-0.008456975,0.03748411,0.38071463,5.3088274,10.288829,9.408091,6.1924047,1.7324654,2.0702543,-1.2323875,-3.906362,-1.8092151,1.5553203,1.9298341,1.8157022,-0.83782965,-1.24101,-2.1539216,8.007452,-0.22409448,-9.663549,-10.045188,-12.512186,-11.76336,-8.605042,-0.65874314,4.313771,3.27078,-3.5824227,-3.7897205,-4.204612,-3.1180835,-1.6927555,0.12500641,-3.2728338,-7.844552,-8.130159,-7.071882,-7.042454,-3.3257375,3.415413,1.5942473,-3.646472,-1.9435506,-8.646063,-7.639506,-5.3731966,-4.0433507,-1.5206285,0.11174774,6.0847025,3.270145,-5.4384503,-8.684737,-14.563585,-17.241299,-11.792493,-11.074575,-5.199834,-3.6013217,1.685369,2.4131393,2.5458891,-2.551273,-0.29999983,1.342557,5.5387287,1.5741953,-1.2033775,3.1091862,3.8821836,7.5470324,9.0707,5.5938025,2.2468855,6.0109835,8.6105795,9.791689,8.153007,9.593527,6.243041,7.6805353,7.6496944,8.901527,16.63839,19.187866,13.961456,5.1888704,3.529564,0.025079906,2.2143874,-1.2793283,-2.4019914,2.353066,2.6162477,-6.6139364,-5.163311,-0.16372326,2.2059524,0.3831697,1.9770658,0.26238018,1.2481422,0.7190964,0.3744471,1.2143205,-4.8074493,-12.150793,-11.604285,-7.9630146,-8.9941225,-9.261422,-9.852882,-6.2715216,-10.4898,-10.604802,-9.135974,-4.9579487,1.6146343,-0.07890177,-6.402873,-5.7235885,-6.92817,-6.9628754,-5.8239846,-6.4660826,-3.5141284,-6.71047,-7.9597044,-5.6004186,-5.577469,-1.4385525,-1.0536201,-0.49547875,-6.597349,-11.121165,-7.820231,-5.5117283,-5.0490737,-3.9300113,-8.697095,-10.655094,-12.197794,-11.122887,-8.473847,-15.057379,-16.216415,-9.590429,-7.966429,1.9915707,3.704749,2.9105568,6.7687607,5.555013,4.8259144,3.8983922,3.8765016,0.7817663,-1.4200991,-1.2648284,-4.0911264,-11.868212,-11.898339,-4.724495,1.3901132,5.5357876,13.122736,6.0807114,-5.5879393,-16.065151,-13.86343,-4.17717,-3.425304,-3.9405851,-1.5677798,-5.95127,-11.082357,-10.195494,-8.405873,-8.272549,-10.427177,-12.254382,-8.440391,-6.757016,-9.192989,-7.768814,-5.7651234,-7.9692516,-8.085716,-8.088302,-9.681102,-10.082891,-6.991092,-3.7549329,-0.97845566,-0.33664787,-6.2589684,-8.477011,-10.252173,-13.15308,-14.368088,-16.803835,-11.961245,-10.164346,-8.210451,-2.8088598,-9.488835,-13.196407,-5.4198427,-6.9913926,-14.466076,-10.430252,-7.930751,-11.377262,-16.52114,-12.082964,-14.581735,-2.6932907,1.5059237,-6.4899864,-11.735075,-10.423525,-9.26679,-13.457349,-18.726889,-19.68058,-15.130041,-13.111296,-15.33155,-15.796064,-16.547905,-11.53566,-11.614476,-8.130265,-7.4948225,-5.782129,-8.051281,-6.600871,-5.249365,-9.133268,-4.8080645,-4.40814,-1.1128958,-5.9021015,-1.7772465,-0.67109346,0.6092402,-1.8070894,-5.9052744,-2.3993452,-2.882802,-2.6198018,0.5842739,-0.07829988,1.2215102,-0.8940538,-1.4271214,-1.8477476,-4.2639456,-3.1670942,-0.6071338,0.82669795,10.887102,7.6567917,3.043808,1.1864365,4.394901,7.7771645,3.9471364,-0.39766443,-5.18124,-1.7560234,5.0320616,0.71101576,-4.8983707,-4.4355736,-2.3581853,-2.9127233,-5.836517,-8.520076,-5.0420594,-2.0796463,1.2091626,-0.12769902,1.1195829,-1.090167,-4.741687,-4.2888346,-1.7313555,-1.8214791,4.551931,5.1217294,3.1843727,4.468224,8.981924,7.4462223,9.856491,10.337622,7.7938633,3.5532484,-3.7070644,-1.6370622,5.825283,4.700754,-1.7748827,-7.346918,-10.558549,-7.005537,-9.041076,-14.260654,-13.525761,-2.032145,1.6768957,-11.093344,-8.526275,-6.9616776,-7.2992,-10.664302,-8.348042,-6.1165237,-7.93594,-7.0270185,-10.712267,-10.531177,-7.8128033,-4.768865,-7.3560696,-6.633812,-8.184652,-9.432386,-2.1112113,-2.688212,-5.0092883,-6.298313,-1.5991108,-2.3065937,-4.94501,-0.18715554,4.7805443,-1.3941915,-2.4374316,-5.4823055,-6.3263016,-0.51542056,1.9573675,3.9002857,9.428152,18.42192,17.649822,5.431202,-3.3228934,-2.584088,-8.702311,-9.968787,-8.953401,-15.974767,-19.193787,-15.972664,-7.4586744,-2.7522886,-8.622839,-4.773483,-12.261808,-11.041823,-7.721088,3.4660194,4.2323866,-1.2031105,-0.5459488,3.0427446,6.8415933,8.245002,1.011709,-2.5730398,-5.142606,-2.5380354,2.1093845,-0.3887085,2.6208155,-4.1153126,-11.368448,-9.266132,-6.000391,-5.932098,8.959972,9.021315,-1.0643153,-0.3539517,2.9397817,1.9624715,3.6708956,-0.849844,5.089068,10.701125,7.141862,7.3047614,6.43742,0.6364931,-0.13739443,-5.6265965,-9.978621,-11.904795,-13.373394,-9.720976,-11.387699,-9.7041645,-7.397317,-9.713876,-10.57282,-7.617406,-2.2427633,0.8264885,-3.764502,-4.771687,-6.691719,-4.382552,-3.1087525,-4.05694,-5.722412,-0.37507188,-1.9812853,-13.330363,-16.478373,-15.451982,-13.294468,-12.381521,-12.138108,-12.047053,-9.724014,-7.341961,-4.0967164,-1.9347913,-4.346568,-5.6893034,-12.69034,-11.8628845,-6.8206816,2.4901776,7.5893183,6.078578,9.687243,6.2525754,7.335312,9.632688,4.875427,0.36488512,-2.6148467,-7.7185736,-12.760374,-13.984032,-15.154275,-19.012295,-20.841642,-21.118595,-16.38413,-12.266497,-10.577068,-5.464346,-5.9299283,-4.2619762,-3.21703,-3.3956652,-2.1402397,-2.606032,-4.2581596,-9.735958,-17.317402,-15.444103,-16.38799,-17.822329,-17.255877,-21.002464,-15.926784,-14.1127205,-18.614857,-15.245704,-12.185516,-7.875221,-10.877176,-12.737831,-13.323647,-19.685265,-20.502268,-17.987228,-21.09248,-17.936874,-21.230606,-20.064585,-12.587012,-12.835463,-19.410389,-19.76672,-17.677147,-11.568176,-10.593509,-7.188326,-6.9790964,-4.1128926,-1.6147316,-7.43511,-11.667096,-5.6297045,-6.6429424,-8.715021,-6.51587,-2.8069925,-6.2691946,-8.084019,-8.716105,-5.316551,-3.3962328,-1.8113507,-1.9053065,-0.5154451,-1.9516438,2.4104328,4.0521603,6.186158,2.8445714,-2.6446614,-2.5934148,-4.7181325,-8.936008,-7.693615,-4.7711782,-6.1601524,-6.0679607,-10.937508,-11.837695,-0.9839157,2.4473035,-4.1837206,-10.404509,-3.8998947,-6.794241,-10.334946,-9.215214,-9.5580435,-15.346151,-9.823456,-4.547429,-1.5402647,-5.120408,-5.691382,-7.9587064,-8.431036,-4.9238677,0.8977561,0.9719694,0.21334589,4.925149,7.100265,1.4996166,3.3864627,4.4620705,8.131112,1.5344756,-4.9776554,-3.1285014,-4.548892,-7.688134,-7.6096277,-6.651189,-0.22150755,2.6787412,1.7124624,2.3695242,8.2402315,10.298676,12.605764,5.3168874,-8.323454,-8.64316,-2.3115396,0.18414792,-1.4351962,-3.3617332,-3.9835331,-0.028360605,-0.19022316,2.5051434,4.831381,-4.0423803,-13.624905,-15.465031,-14.074885,-5.8840885,-4.99475,-2.5136738,-6.4179754,-12.802774,-13.739248,-13.739773,-12.272551,-9.947787,-7.2152944,-6.294359,-1.631047,-1.4743464,-5.5473156,-13.665373,-17.141518,-15.152769,-8.07733,-8.751928,-5.190227,-6.0624495,-7.790059,-10.751234,-8.160982,-6.5000305,-17.478752,-22.15436,-17.913956,-14.333189,-12.841472,-11.569702,-11.077694,-17.140656,-14.885847,-9.653592,-9.173731,-16.63847,-22.29986,-21.153984,-15.106396,-14.017811,-12.421391,-13.99414,-18.399332,-17.438349,-17.498707,-16.882519,-17.729218,-19.448769,-17.363422,-15.370339,-12.308144,-10.102979,-17.027779,-19.02819,-17.39839,-15.326889,-17.886936,-17.957489,-11.968514,-9.782069,-12.269478,-14.495335,-13.115824,-9.701462,-9.664349,-11.002447,-12.329563,-13.03541,-17.835438,-16.757805,-12.590723,-4.7128444,-3.8734336,-5.0910883,-3.9366033,-0.4820565,-5.5624876,-11.780898,-16.7773,-20.011131,-17.056528,-14.074499,-14.577052,-12.507594,-12.488144,-13.874598,-19.655312,-20.389881,-14.621324,-12.33622,-9.069631,-8.602992,-11.706793,-11.993412,-14.185915,-16.39599,-11.828966,-3.5944037,-2.5724463,-8.076695,-9.215191,-8.535593,-8.378805,-8.197831,-0.64701843,2.7858007,0.1145753,-4.3937926,-5.607589,-9.364003,-7.6186275,-4.2371783,-1.8507204,-4.1537857,-5.575791,-0.71185064,-0.25197858,1.0073818,-12.273371,-8.742237,3.1290383,4.1118855,-5.7879725,-4.702366,-7.412665,-9.7839775,-12.520691,-8.06435,-8.0037,-14.562952,-11.967676,-2.6430676,5.060076,4.591407,5.7739296,7.8620615,6.0232983,3.6050458,1.512957,2.9475372,-0.34432292,-1.7873318,-2.716562,3.2912707,4.4918146,3.1710281,1.3405592,-2.6415744,-3.7876427,4.5808506,-2.1361747,-7.454565,-3.549388,-2.0041056,-5.3472548,-9.031594,-14.3975115,-14.100102,-15.379276,-14.758059,-13.075229,-15.523026,-16.676662,-19.309605,-14.817665,-8.151502,-9.529056,-11.2547655,-11.210494,-7.695487,-5.221795,-0.5052445,4.3350024,5.1570973,4.707631,0.58783627,-0.20871544,4.8192863,0.14880219,-0.8009277,-0.12971443,-4.5344887,-5.8213034,-7.801984,-6.847622,-3.6052182,1.2105222,5.3623953,6.55655,2.8279343,-1.6752515,-9.198637,-8.384565,-10.059423,-11.956917,-3.5387173,2.8043141,7.0247793,10.15391,9.519672,5.6953573,5.102579,4.8603125,3.3339758,2.0123346,2.0635278,1.4505732,3.0182362,-2.1011698,-5.3121195,-4.153069,-3.717421,-2.512316,-2.0999267,-2.7527297,-0.5698534,1.5123756,-6.9514675,-8.944787,-5.860712,-9.801013,-9.587028,-8.793254,-5.86357,-2.7022934,-6.024581,-11.278183,5.3127785,7.567337,-6.907359,-15.9277315,-17.437368,-13.955843,-6.634516,-5.772434,-3.610729,-1.2594578,-0.87399936,-6.9168363,-5.56704,-6.9571657,-5.7253923,-0.96654207,4.508228,1.7572224,-1.6472663,1.0572168,-0.04689312,-1.4345624,-3.9978843,-5.119067,-12.790416,-4.496322,-5.38393,-6.282674,-4.9641695,-1.6959323,1.0506123,0.8176322,-0.6674722,-5.3556876,-1.548901,5.9619856,1.0843353,6.2973213,15.789037,13.362085,5.3012686,0.2868412,3.5045261,-1.107997,-4.178153,-2.988019,-6.851304,-11.714354,-15.430282,-12.010057,-7.8381186,-8.736203,-7.8194838,-7.8233075,-2.4157233,0.70290816,7.6125927,2.338409,-8.023708,-1.7212186,-2.0957732,-5.3693695,-4.812625,-0.48964596,4.35452,-0.39862898,-13.922815,-14.712611,-8.701575,-3.0379877,-0.64163756,2.1183746,3.828793,8.165026,2.5153427,-1.7701846,-0.48374453,-1.0157981,-1.5953257,-3.1549942,-4.8331494,-3.446067,-5.0660195,-6.035613,-6.540428,-14.040651,-0.07868481,0.46942794,-6.5903697,-9.258693,-10.598179,-11.026257,-9.806931,-9.872515,-8.705311,-6.6175447,-7.1258163,-8.187096,-6.871589,-2.6183016,-2.7740145,-0.53961486,-1.662261,-3.2971902,-2.8526416,-3.7078454,-7.044242,-10.187014,-9.311741,-7.5071926,-8.343314,-10.25503,-8.092931,-5.468684,0.19836295,1.1718409,5.116269,-1.9396563,-3.40412,0.17844987,-2.247119,-4.0471153,-0.5729514,2.3566191,-0.13150531,-3.3301597,0.7300304,3.261672,10.728773,5.3257704,4.34836,5.786858,1.9138093,0.19065738,10.15218,13.326409,15.157002,6.6081095,-0.24471752,-10.613581,-12.431437,-15.707198,-15.5044,-16.836695,-15.997304,-13.494509,-12.468047,-8.066417,-7.3481603,-8.436956,-8.506218,-9.436262,-6.444517,-1.7760286,-9.2234745,-7.536601,-9.4873085,-9.214875,-12.692602,-10.337876,-6.919588,-9.249941,-9.000113,-14.648437,-9.731571,-5.841423,-6.530799,-3.8228562,-3.2557633,-3.7911844,-3.6182323,-5.6425686,-11.385881,-11.0173435,-12.934108,-7.891525,-7.391693,-9.461506,-6.4944644,-11.307607,-17.081121,-14.682596,-3.452291,-3.5760512,-12.554803,-18.570877,-22.318066,-18.407497,-14.968678,-13.108324,-10.869238,-1.3121241,-4.2783694,-2.7786381,-4.4643164,-8.638503,-9.210282,-7.275687,-5.2489223,-7.545062,-6.751978,-2.5469732,-6.605027,-8.3438015,-0.19390404,-2.4851952,-6.5409875,-0.71833384,2.9212356,0.9753401,-4.7709703,-3.7529395,-4.6423492,-7.722135,-3.8656602,-1.464766,-1.2942966,-5.0401177,-6.0373316,-6.5050225,-6.18673,-3.8028882,5.6394196,6.7776384,5.789267,4.983129,8.53256,8.833418,7.7535853,8.66354,8.992687,11.446722,8.303232,5.64087,6.404121,5.9308476,4.000553,6.6874413,7.4116125,6.431943,6.3493967,3.7806077,5.8206043,4.635007,4.740147,4.293091,-2.0933037,-1.8006637,2.6261785,5.8778515,4.77788,0.6051452,1.5627658,-0.85703516,-0.9783279,-0.048636675,3.1096883,4.6654453,2.490269,6.8246017,13.777995,12.993708,8.931198,8.328828,8.671173,11.500374,7.640608,3.2922196,0.7475219,-1.455332,-1.2734696,-2.2154064,-5.438927,-4.062257,-2.2706914,-1.0677493,-0.25820875,6.343681,1.1283224,-10.810212,-6.0965953,0.21717241,-4.429672,-5.5327873,-6.3021355,-12.485192,-11.602775,-4.481702,-9.044989,-8.055204,-7.917548,-6.7662506,-5.0193143,-5.942609,-6.569525,2.0197616,-4.5619583,-14.569244,-17.984268,-16.131966,-10.875332,-12.715341,-8.559518,-8.797081,-12.347512,-10.13113,-7.449564,2.0655978,-2.1951528,-1.7200329,2.638273,-1.1983818,2.5182176,7.0720716,10.887968,8.545051,2.6822977,2.6940784,-1.2532213,0.5543208,1.410078,-4.686488,-9.281232,-9.161432,-9.010887,-14.898815,-18.287844,-13.69873,-4.7494316,-11.554783,-16.74858,-10.817698,-5.133115,-1.299378,-0.17053065,-6.580164,-4.3313766,-0.5146795,0.8960477,-0.2954781,-4.336061,-6.1789284,-13.80398,-11.748005,-4.609492,-4.102762,-1.6512032,-1.1775204,-6.688945,-3.8151243,-7.8062525,-8.662368,-6.779658,-3.4202569,-1.0387203,-7.2784595,2.7644746,8.058283,9.786132,10.456118,12.294682,17.257977,15.759882,14.452925,17.11412,19.164083,18.722591,14.107098,12.100364,12.035507,7.5168915,-0.7323436,-7.3756723,-11.43997,-12.21593,-8.058455,-4.9122124,-7.2305584,-11.372822,-8.628519,-8.3277445,-5.6188264,-3.9082394,-0.64631766,-1.0365489,-5.591022,-5.526696,-15.592674,-9.808275,-6.974226,-13.186055,-15.072573,-8.943332,-12.610016,-11.648023,-11.286623,-11.324107,-5.2500405,-3.0167866,0.8909406,-7.9303966,-13.134955,-9.628212,-2.2106867,-4.090948,-1.437535,12.62232,15.95956,17.435133,16.262465,6.883421,6.1433234,11.200861,10.239464,4.868388,3.107283,2.6126776,1.4506875,-2.4496396,-1.5656474,-0.6686833,-0.41231763,-3.023496,-4.1048193,1.3273492,5.171543,6.965823,10.776007,10.059471,7.349258,1.9840473,-1.4699975,-2.6565533,0.91913044,0.8040017,0.55353177,-0.57479215,-4.237089,-3.2736697,-3.2361066,-11.814474,-9.156574,-6.0958796,-8.953971,-1.5528836,1.2020806,-2.5773494,-8.238692,-9.512405,-13.200962,-14.524454,-8.856656,-5.2618074,-4.1214986,-5.399336,-2.0212882,-6.000555,-8.082714,-7.5225935,-8.400623,-5.030077,-6.3291807,-11.133245,-5.117035,0.6807465,-2.4169247,-3.4948993,-0.10154033,-1.5973583,0.18317509,-3.4516735,-7.350632,-5.236408,-7.5026827,-4.915228,-4.1496925,-6.951724,-2.8581603,-2.5623882,-6.718996,-7.94908,-3.3224528,1.3427594,-1.833549,0.60501695,1.6596305,0.7300057,1.8550786,-1.8522623,1.2116125,-3.5856483,-4.660924,-7.9152985,-4.5327206,-4.307383,-6.6541243,-8.167803,-7.387126,-6.6725802,-9.372423,-7.6841946,-5.9177465,-6.6973114,-7.872966,-10.350977,-8.668055,-7.475471,-5.9191046,0.92861265,1.611119,2.1801298,4.542263,5.442775,8.809897,8.3038025,1.7288231,-3.1916523,-2.954332,1.5120164,2.9848373,4.5586348,1.2436215,4.863448,11.402302,0.93025243,1.1803813,5.0042686,6.34768,3.4261818,4.0902114,1.2994525,2.776317,4.3560896,4.265418,1.7416036,0.8653058,6.1281514,11.804121,13.675407,16.165503,17.861992,10.514645,4.784734,-0.9048508,-11.491295,-12.520384,-3.5864959,1.9838598,0.85964733,-2.5893402,-0.6883499,1.3158869,0.17200923,2.8040571,-1.9620298,-2.2360144,2.3646576,3.9409924,1.2273948,-3.0088367,-0.93359995,-4.90086,-6.8776007,-4.0982533,-0.31983668,-2.4010785,-7.313093,-6.4137335,-0.5986853,0.4768648,-5.220523,-10.038851,-6.6606026,-4.9192467,-7.983202,-12.734512,-11.441877,-6.64919,-9.081439,-4.7568345,-0.9133611,-3.4603171,-12.403916,-14.202719,-13.280526,-16.207285,-18.157166,-12.389605,-8.716777,-8.938912,-8.526864,-8.680023,-7.1177397,-10.104166,-15.824368,-16.903765,-15.525626,-14.561005,-9.951131,-5.435421,-11.141002,-13.625479,-11.213332,-13.364821,-14.215961,-9.407806,-4.0194073,2.1242967,-0.074409634,-1.8689353,-5.498791,-9.962938,-12.431585,-13.95135,-11.986107,-10.837118,-4.7372437,-4.3453197,-8.183379,-8.299988,-9.901813,-7.629052,-4.914505,-7.836053,-6.460188,-6.264971,-7.507929,-9.207159,-9.539997,-10.423987,-8.213848,-7.3409967,-9.820658,-9.236668,-6.0231714,-4.0445986,-7.9385333,-10.431927,-8.511116,-10.5139675,-6.6886673,-11.69646,-10.986975,-6.5819025,-5.222271,-5.05846,-9.398685,-9.0577755,-7.1874504,-8.333614,-5.3230777,-2.293269,-4.314432,-5.234112,-5.0211678,-3.1578593,-3.9380672,3.4209168,3.4170048,0.23711666,-1.38651,-0.2635675,-11.451908,-15.566437,-11.582994,-4.5181246,2.292644,-2.0977476,-5.3099146,-3.5244014,-6.43321,-3.2452445,2.1209166,-2.7413306,-7.2295156,-7.004871,0.16409375,-1.1125038,-4.786126,-5.8545747,-3.3985813,-4.4760876,-1.6554201,-2.615654,-5.686963,-3.6780457,-4.344771,-8.129333,-0.18489009,1.2126662,1.2484046,2.0241754,7.1787176,11.531046,8.356546,0.46193022,-1.6286901,-1.020851,-0.34333897,3.1927772,-0.0142784715,-2.3385725,-0.5453825,1.451849,3.5169754,-0.98355734,-3.008552,-4.128195,-6.513673,-2.3778334,-3.0496228,5.3611317,13.769491,12.326267,5.3598366,-6.716391,-3.5822408,0.27324834,0.70376515,2.0384073,2.3249364,-0.1318323,-2.7451782,-2.2130184,3.3398829,-2.3498125,-2.8682358,2.9460182,2.9635253,3.8637352,8.813464,11.076619,10.425028,5.5808916,0.33053616,-8.553661,-4.0002995,0.51074815,-2.5612013,-2.9341316,2.8100424,5.9021893,1.6593559,-4.1290817,-3.868694,-1.4854513,-1.9271102,-8.13419,-11.920446,-7.7458477,-11.86068,-16.984509,-10.78042,-6.155715,-13.019148,-14.438648,-8.878712,-5.334156,-18.485489,-23.51238,-15.724216,-6.011631,1.3213731,3.2890265,5.8712316,9.768753,14.170694,15.244696,13.922777,9.400016,9.906904,7.038947,4.1933045,10.3547325,14.437426,12.680988,-1.4065022,-14.4008465,-11.934071,-4.733849,-2.609945,0.43571383,-3.3157923,-2.6531935,3.756312,-1.4215403,-2.123711,0.46963274,3.061254,-0.072621465,-1.6041049,-0.10962659,-5.1232653,-3.5601976,-5.9189672,-13.028806,-14.704521,-11.222744,-17.224041,-13.827679,-8.015236,-7.528785,-11.826832,-13.187281,-12.533974,-8.069433,-9.71669,-8.163542,-8.836565,-0.51183796,4.940049,4.1704245,3.8351817,4.9065638,6.333566,10.599291,11.849096,6.088021,-1.3115909,-0.9849956,0.89953065,3.4814568,2.6971328,-2.5125442,-9.271479,-15.4935875,-18.412935,-16.027323,-10.1437435,-9.356549,-6.5933013,-8.021951,-9.079981,-14.685156,-12.458342,-5.3035965,-3.4116967,2.3264215,5.4543896,3.5827768,-0.19054651,-1.788337,0.002051428,-4.5813847,-13.07845,-15.6817465,-14.17568,-16.27782,-15.342064,-9.333414,-6.25587,-1.8855813,-7.6303606,-13.43738,-10.490679,-11.353718,-10.967505,-12.6070795,-8.038073,-4.018665,-5.6537504,-0.5168236,3.1842258,-1.6625748,3.9570556,10.356715,13.267283,12.6974535,13.117501,12.313845,14.573931,13.6903515,12.563722,8.870952,4.0997877,-0.28359497,1.6717372,1.9454776,-0.17842591,1.9792283,-0.8198524,-2.47627,-0.71294594,-6.1580944,-7.6290455,-4.560971,-1.496609,-1.9884424,8.736875,10.33905,3.3218327,6.4087214,7.998761,8.303713,8.438379,0.80186635,-1.9093674,-1.2409879,-4.697446,-4.1204166,3.308031,6.329083,6.3786955,9.840366,10.854205,10.731369,13.015268,11.419166,9.182411,11.272282,14.216375,19.693802,20.827694,16.994877,21.836594,21.933418,20.757114,20.54671,17.819874,17.686317,13.509229,11.193911,10.517817,7.7948627,6.215374,6.3997917,-1.6912179,-11.304987,-19.04478,-18.88815,-12.882475,-7.756049,-11.214172,-11.468336,-12.7700405,-10.5206995,-8.968141,-11.568097,-7.6145573,-5.9585285,-8.93702,-12.356448,-8.507444,-7.696387,-15.020356,-18.44914,-17.83484,-16.047874,-9.123287,-7.6350226,-8.914776,-12.536878,-16.129166,-15.342701,-10.196364,-5.1158605,-7.620942,-12.234539,-14.902519,-11.502172,-6.1861396,-3.0474389,-1.3489861,6.3055444,8.643495,8.713154,9.223161,1.8907855,-4.40278,-6.540923,0.34085727,1.7428718,-6.2964277,-9.55493,-14.523344,-14.46476,-13.591808,-16.969288,-9.726597,-6.203265,-4.0763097,-5.3231077,-0.6473012,-4.401288,-3.5916014,-4.501521,-2.215262,-4.802728,-3.3677998,-6.211843,-5.83124,-9.040375,-8.847037,-11.107004,-11.628386,-10.755143,-6.5197535,-6.939201,-10.375425,-10.993395,-10.149244,-6.9431176,-5.7176175,-8.359501,-9.854198,-10.557705,-7.5993977,1.725765,9.660376,12.7986555,15.472057,16.18008,12.189522,13.796625,10.8950815,-2.7801123,-7.954549,-5.7806616,-4.479777,-6.884817,-3.7727852,-1.3536055,0.8372547,-1.313945,0.82372636,-3.6799562,-16.820534,-12.720353,-7.9380336,-5.4914203,-5.850419,-9.45027,-13.408213,-10.728987,-5.335608,-2.3908868,-3.3870296,-3.0503323,-7.6943407,-9.313945,-1.6408913,-2.1670017,-5.838408,-6.47787,-6.6319838,-9.204449,-8.633544,-8.700518,-4.8900156,-4.0226464,1.6639812,3.6556623,-5.1544223,-10.944986,-8.458672,-12.113691,-18.858711,-17.340576,-15.49345,-9.233828,-11.258136,-12.938742,-8.233942,-6.6864967,-11.248318,-4.8648534,-7.6759496,-9.871164,-11.979891,-8.847654,-9.953494,-11.770916,-8.898857,-14.243227,-12.484258,-8.87312,-4.9054303,-3.490518,-11.515423,-12.558401,-10.668334,-9.913162,-4.5949507,-6.1815796,-6.5875335,-2.8788977,-8.862278,-7.942683,2.1467235,5.8358717,3.9458933,1.6559103,0.42422187,2.0281844,1.7178763,-5.050746,-5.979703,-1.1987851,2.644762,2.137722,-3.4024754,-5.080248,-6.4256744,-8.736404,-5.8613987,-2.93992,-2.9492843,-3.3042743,-6.3003883,-6.1476126,-4.5332813,-7.951852,-7.50136,-0.8499794,1.4520106,-1.9907452,1.9156754,5.0289283,7.9342346,7.1674833,2.397517,2.829392,-3.3601165,-7.2895117,-0.9537855,0.39796257,-2.1754758,-7.274659,-12.74521,-9.7952175,-3.834259,4.3210835,5.4297028,1.4002143,1.214791,-0.47606927,-0.35037768,-6.0581465,-7.800173,-8.731169,-6.70348,-8.564633,-8.967411,-7.149533,-9.0925865,-13.36779,-11.904136,-10.963181,-8.298309,-9.148331,-5.900452,-3.9338303,-3.6036804,-0.49645758,3.0047987,9.881673,10.4978,8.280539,6.525181,10.572391,9.652851,9.2146,9.122503,8.370778,6.3319187,-0.17616497,-7.6129375,-9.475553,-7.801664,-3.8924413,-2.3125753,-2.4788308,-8.854879,-8.638302,-6.0143256,-0.69054997,0.17911327,0.7167736,2.0211136,0.23570853,-4.051969,-3.8042397,-1.0104647,-8.473092,-10.192314,-16.974388,-18.103497,-13.937633,-7.3958726,-3.048982,-7.6730337,-10.16954,-6.475329,-12.278956,-5.578783,-11.751665,-9.33445,-9.159162,-7.496282,-2.1860921,5.7861404,12.793203,16.399681,18.211477,19.356052,17.810234,22.751476,23.977585,14.633079,10.195616,9.838889,13.291414,12.852871,11.194746,-2.5327568,-0.6703751,-4.279863,-10.997546,-13.352324,-18.693108,-14.694676,-11.980509,-13.091076,-16.6572,-5.683196,-2.029867,-2.251038,-3.2632594,-2.6496482,-7.036313,-5.446495,0.10213414,-2.0720716,-2.8840067,0.65401393,-0.7234707,-6.715947,-7.5386467,-0.4756068,-5.1739902,-7.542221,-11.515296,-5.25398,-1.9385902,9.006821,7.797793,-2.2196627,-7.4132147,0.44808185,3.24285,6.6668205,11.534737,7.6023006,7.0412226,9.752456,12.515215,17.617104,15.083418,7.9918413,6.0214047,6.3539867,6.0107794,0.9182736,-0.48481208,0.23704284,0.74775845,-1.4327817,-5.5587473,1.3590207,1.4161838,-5.364676,-9.726118,-10.070696,-6.513436,-7.329791,-6.2085495,-6.617815,-4.93377,-4.773686,-4.903455,-6.1959476,-6.963368,-5.0102615,0.26469406,0.022067428,-0.80151767,0.20054123,-0.021091819,1.6354358,-0.14719233,0.7171238,1.8681221,6.5728807,11.78808,10.439028,7.8096547,-0.21354985,-2.1453798,1.0718166,3.6701574,4.485118,1.5670553,2.4816256,-1.6656873,1.5073991,4.648452,3.7567568,1.970803,0.63449657,-8.353209,-10.104649,-10.172852,-6.070074,-3.157911,-4.6293736,-14.080395,-13.020546,-4.7986403,-7.60527,-6.346796,-1.8354598,-3.1051974,-7.1711493,-7.1173544,-4.374424,-5.0324078,-5.837453,-8.1647625,-4.1008444,-3.7248974,-6.963914,-10.179338,-16.55837,-15.98301,-13.159124,-16.867945,-15.875574,-16.716213,-22.894403,-23.555016,-7.661408,-3.1244864,-12.301275,-9.467155,-4.434412,-4.257559,-4.086217,-1.2800841,5.222045,5.0283165,7.472409,9.414598,9.800381,13.888201,11.079542,1.7726485,-5.435508,-3.7866998,-10.753481,-9.418774,-5.931356,-5.296255,-3.2171865,-5.9460297,-7.0854564,-2.8692827,-0.5308356,-8.692184,-17.959076,-14.479403,-9.125676,-6.418006,-7.340032,1.8624568,-0.56817484,-0.85834384,-7.026829,-11.31787,-9.333429,-9.901528,-7.052516,-2.951349,-6.72705,-9.203465,-9.783193,-11.792757,-7.615842,-7.6711793,-9.268415,-11.132917,-8.923902,-9.027956,-7.346139,-2.8042693,7.551523,13.226011,10.3740425,9.290173,8.253156,5.890719,3.5423377,7.1756306,9.760996,3.7676232,-3.5938482,-4.2194214,-0.9744817,-0.9625701,-5.2633524,-6.881796,-5.9752736,0.86519873,-7.902828,-17.339127,-13.1261635,-9.488983,-2.9329796,-4.9525933,-14.644332,-11.68437,-10.054091,-0.34245688,-1.761107,-6.17832,-11.392542,-4.721822,-1.414016,-7.651456,-9.744795,-9.7614355,-14.523506,-14.898621,-14.89066,-11.944488,2.902333,-1.1299387,-2.1346211,4.608333,-2.3487735,-12.752941,-21.747673,-22.782452,-24.471197,-17.840693,-10.935965,-12.53932,-16.93761,-17.589184,-15.1159,-3.080618,-2.6042063,-5.8730536,-5.8946867,-9.18396,-14.039164,-12.657917,-10.981261,-9.304045,-5.617012,-7.6855717,-11.269008,-8.485935,-2.8197207,-2.86733,-0.6310649,-7.4294415,-10.249885,-8.324612,-9.5527525,-11.048677,-7.028817,-6.5780973,-7.629096,-4.3036036,-0.011460066,-3.2783017,-4.3871994,-1.2036322,-1.6579663,-6.386812,-10.671787,-9.445824,-7.7879434,-2.06944,6.7445917,7.1973777,0.86665237,-0.54237294,2.6868696,1.1485875,-3.2199132,-2.6143107,-3.124492,-2.8810735,-1.2658279,3.8868666,-1.6177949,-0.48771656,-3.0710788,-6.064678,-0.4273023,1.0794697,-1.9708778,2.787,8.042347,9.280666,3.8881345,4.267433,9.01041,6.002034,-3.440631,-6.797674,-7.3503885,-9.015891,-7.1844664,0.6047326,4.1822495,-1.7124773,-2.3025587,1.7512491,0.3306262,4.5839176,3.3582602,-4.620551,-8.319056,-8.872454,-6.1116652,-5.4381385,-2.0128837,-1.7081821,-1.9814984,-4.002955,-7.19058,-7.9091973,-6.916263,-8.875204,-9.076349,-11.271767,-14.738685,-7.122858,-7.030115,-6.375812,-1.2662401,2.8230534,7.284381,3.2230573,0.32027876,-10.3462715,-19.044994,-15.651053,-23.270035,-25.94844,-14.846531,-12.001434,-12.064831,-14.368207,-15.154573,-21.516167,-19.80437,-16.787954,-16.908207,-18.21862,-12.779764,-6.1743536,-1.8642946,1.265408,4.092369,-8.090818,-9.975569,-12.915307,-15.6583,-21.903301,-22.394398,-18.053566,-13.713729,-15.26136,-21.190222,-16.687803,-9.653761,-7.3984194,-10.318415,-19.112759,-20.185596,-16.09353,-11.385538,-15.273762,-18.059013,-7.174952,-6.315248,3.9214141,3.236381,-1.9313513,-1.0962205,-3.0188842,-9.592343,-10.165434,-8.229553,-11.347437,-19.822472,-21.978493,-19.572632,-16.804703,-11.950699,-13.795888,-19.776892,-18.760254,-15.46387,-22.770763,-22.311691,-17.758389,-11.819804,-10.915925,-8.239816,-1.955919,-0.67774,-0.17781389,-3.6879382,-4.808793,-9.03109,-9.575644,-6.327916,-12.348064,-16.244225,-18.558044,-9.459684,-8.34904,-14.2000265,-17.597115,-16.126268,-15.058401,-14.29158,-15.698265,-16.528397,-20.733656,-21.952473,-19.034657,-22.847343,-19.93588,-14.31559,-11.654844,-12.075607,-1.5913709,4.402253,6.0914307,5.2228923,11.415245,7.6099367,8.44891,13.498428,9.125248,7.863545,7.788495,5.161921,4.950239,4.935794,-0.3643912,-0.42708868,-4.760966,-7.649234,-7.3736196,-10.062799,-7.7256656,2.315149,3.2066588,8.14098,11.490392,11.898466,-0.7158905,-5.234445,1.8834205,-0.8206536,1.5118746,-2.7908778,-4.218677,-3.0915618,-4.2865148,-4.0901117,-5.206258,-6.304143,-1.058893,-3.5400903,-5.581861,-6.403573,-4.24569,-0.8133855,2.1651418,1.8464199,-7.088135,-17.106462,-17.080254,-7.0431724,-4.147646,-5.501425,-4.422833,-3.5971663,-7.744356,-13.193109,-7.5342855,-8.935889,-16.553219,-18.41549,-23.944237,-22.400993,-17.861614,-18.229301,-11.577414,-6.665641,-3.5746014,-3.5631857,-2.881772,0.7551724,0.21042648,-3.3941264,-4.1540728,-12.815311,-16.771183,-14.619829,-17.805286,-19.180721,-13.262999,-13.809494,-14.656841,-11.705288,-15.602285,-14.890848,-16.549469,-17.566813,-15.18539,-18.014078,-12.487402,-4.471665,-4.9440155,-7.468305,-6.463673,-11.833214,-12.853879,-12.145318,-14.874978,-20.201118,-21.408577,-24.835098,-23.4683,-21.913212,-24.608849,-20.639362,-17.509682,-23.061558,-22.840492,-17.900532,-15.878997,-14.399113,-10.043598,-16.506155,-18.96696,-15.700979,-10.456629,-8.349716,-9.730982,-8.078516,-11.786259,-17.20093,-21.40924,-19.954876,-17.962307,-15.897362,-16.203436,-14.847528,-18.548681,-14.280855,-4.691204,0.24354368,-2.2455394,-9.244518,-9.371262,-20.884106,-26.731718,-17.289074,-4.7188077,-8.724071,-7.2849884,-2.1290493,2.585093,6.0999365,1.6456916,1.6473811,-7.9884186,-17.592047,-19.052933,-14.790485,-16.387356,-16.552502,-17.003578,-14.7601795,-3.4181619,0.015629351,0.36204416,-12.442683,-25.961773,-24.021996,-22.522861,-14.23135,-14.908881,-17.852913,-13.541346,-15.929764,-15.703617,-11.881964,-2.981496,-1.0906347,-8.046623,-8.435103,-3.3366792,3.8039138,4.256315,1.0387635,0.78478336,-4.575298,-5.512361,-2.4824748,1.8080151,1.7741125,-3.6775885,-6.5621223,-8.850286,-8.252485,-10.971899,-15.4493885,-20.252039,-13.914246,-9.691868,-5.3738937,-5.8692684,-6.221239,-5.455168,-5.0047884,-4.6934977,-4.2869697,1.3665371,5.495059,3.0036836,-3.178986,-4.7278643,-8.515149,-7.554679,-9.24195,-10.480571,-19.689707,-21.954086,-20.621117,-16.326733,-11.39632,-8.396943,-2.063233,-3.8075168,-6.2879105,-9.223242,-12.256662,-15.792417,-13.933334,-5.150217,-4.87687,-7.9707794,-14.166832,-16.024534,-10.893692,-8.74895,-8.961224,-1.5203066,3.3416815,7.1345663,8.634009,6.793726,4.187139,3.0302591,-1.1355848,-11.094128,-11.998783,-19.717312,-21.09621,-12.047749,-10.614658,-8.610266,-7.4160113,-4.1684656,-2.0780556,0.25602376,-0.77141297,2.3068082,-7.452967,-8.509119,-10.348512,-9.9854355,-16.358734,-23.304966,-17.011059,-11.390617,-7.0372186,-9.809987,-8.630743,-5.7262454,-2.768519,1.4938636,5.715616,2.4961743,5.7915087,6.3942513,2.3735993,-2.299892,-5.953987,-15.2090645,-9.847512,-14.446349,-20.461857,-14.307028,-8.950834,-2.8456097,0.86261183,-2.0762594,-3.911876,-11.055966,-11.92063,-9.405954,-13.171526,-22.161045,-11.6166,-0.8063394,-0.95795053,-0.16643691,3.8897948,2.3813248,-1.8536979,-4.6867023,-15.099997,-18.830204,-13.836253,-16.118322,-18.615288,-19.808765,-19.851433,-22.401592,-20.031502,-12.647941,-17.438126,-18.67312,-14.408344,-13.898043,-16.466066,-23.255043,-25.548565,-16.822166,-8.94549,-5.935602,-3.1207175,-5.4930706,-8.74118,-9.172892,-6.9081,-10.813789,-10.951635,-19.642138,-24.767342,-20.04136,-14.906381,-9.350256,-6.1343284,0.44076943,-1.235988,-10.017414,-12.527879,-18.03863,-14.217468,-9.623159,-2.0038323,7.6608887,12.748594,12.678033,11.88003,14.763151,12.192575,8.249893,3.2097068,-10.347872,-9.817397,-8.634768,-14.73341,-17.103409,-14.172542,-12.864197,-15.205458,-16.593796,-15.627455,-14.336063,-16.65199,-17.919165,-12.998205,-13.230499,-14.843857,-12.100328,-4.2705674,-0.7977727,-2.9195545,-0.47180393,1.7548536,2.091721,5.1236906,5.365396,5.0640264,1.7304825,-1.0984237,-4.1763706,-6.170965,-11.529667,-11.591986,-11.3799515,-13.577779,-17.025034,-12.716715,-10.22774,-10.655095,-18.35032,-20.884937,-21.689926,-24.203299,-20.277054,-10.816747,-10.665333,-15.26972,-14.4930935,-22.213316,-27.476713,-19.004847,-6.159775,-5.8598986,-12.869093,-14.286163,-18.791134,-20.2523,-14.935371,-15.39765,-17.79763,-13.769549,-10.442669,-11.538605,-12.568662,-11.307503,-7.502596,-6.82041,-2.8459022,0.04507476,-5.6229005,-6.968913,-9.091456,-6.8109264,-5.241169,-7.312479,-3.3436093,2.763358,6.8210554,-3.3345513,-7.8683305,-4.154785,-7.167491,-1.9161694,-5.211388,-5.8319664,-2.4447844,-6.0429873,-12.770397,-13.778724,-13.307767,-13.595966,-14.869421,-22.190971,-21.81897,-10.168052,-13.661634,-11.107588,-11.774437,-9.335585,-8.862068,-10.657738,-19.312244,-22.400734,-22.517338,-24.59933,-24.1784,-21.517286,-18.251213,-10.14473,-14.439116,-16.696365,-15.117668,-14.372766,-13.401276,-13.697744,-15.108068,-11.253424,-9.591791,-7.5816593,-2.0769565,-7.8011866,-13.653719,-10.664204,-13.396722,-10.499453,-18.228739,-17.153244,-13.680127,-15.888346,-10.129116,0.40583897,-10.990301,-21.382708,-16.97294,-10.59701,-10.412161,-12.862841,-11.54291,-12.487584,-15.622414,-10.414021,-2.5685039,-0.29195088,-6.237612,-14.084194,-21.84914,-20.516293,-17.077366,-17.256737,-21.34275,-31.199818,-24.323788,-16.054237,-14.650328,-15.448546,-16.77615,-15.392786,-13.418711,-5.9623146,-8.47887,-18.39056,-22.126183,-18.347565,-19.049332,-19.36737,-13.781212,-10.936211,-13.940551,-18.626307,-20.694174,-17.292929,-16.947594,-14.318851,-16.753166,-23.213463,-12.25958,-4.590099,-10.9880295,-20.695152,-23.017162,-19.658108,-16.628353,-16.506693,-17.25954,-12.822295,-5.3127437,-1.2037053,-0.16016483,-2.2153916,-5.5338497,-5.2497406,-5.3525267,-7.649301,-8.391658,-9.151779,-7.3258114,-11.410854,-11.76064,-8.452232,-9.14632,-10.987045,-12.323029,-16.921421,-11.675428,2.2878778,2.946931,-9.979183,-19.089176,-24.035954,-12.438419,-7.9731684,-9.315803,-13.016033,-11.838503,-8.155902,-5.648988,-7.8804607,-3.401176,-3.8160417,-0.31735915,4.365116,-6.901746,-11.294206,-6.5335712,-9.568964,-12.222561,-15.982191,-16.077705,-9.739543,-8.794392,-11.768854,-14.170982,-18.005081,-23.416452,-24.25116,-24.723747,-27.624292,-25.77675,-25.400341,-27.645927,-28.229557,-20.417248,-4.7841024,2.8849115,0.45414063,-8.067339,-12.608181,-14.770737,-13.30948,-14.067867,-15.31878,-12.619475,-8.717596,-9.272036,-1.6304672,-5.3859878,-10.756384,-13.382557,-16.517094,-15.41212,-13.135794,-11.389133,-9.226066,-4.031406,-6.993559,-5.909999,-2.7159414,-4.8917427,-4.4883976,-7.701975,-6.6510234,-2.2243588,-2.4565248,2.1712782,-1.0900824,5.0326195,6.235864,1.7604454,2.5052364,2.7544663,-2.2376614,-4.417847,-4.802047,-7.5054607,-2.0449033,7.2888,13.504454,15.693075,11.882013,6.209565,2.8734288,1.934418,0.13200586,-4.3994865,-1.1558428,1.5880494,1.8923012,3.990447,1.3587801,-6.4301195,-5.4878063,-3.4667382,4.2016945,6.8985777,-0.17579603,-4.78221,3.2006366,6.136694,2.2547412,-0.9366901,0.46483648,1.9663484,4.011506,3.2917528,-0.44779128,-2.8991425,-6.696143,-11.689078,-16.145557,-15.380464,-13.2293,-12.787583,-10.61688,0.6088251,0.15175372,-9.009908,-4.058275,-2.385738,-1.0107617,-2.478796,-5.8248987,-6.636159,-6.4243517,-9.733149,-9.246438,-3.916821,-4.589589,-7.7794805,-5.5460095,-0.59995514,-1.3996665,-5.3933845,-0.6777897,-1.7492511,-5.601326,-8.371841,-8.419827,-7.742524,-8.919924,-8.481985,-11.961252,-8.74769,-1.6338431,-0.7303115,4.644761,8.242547,6.626855,7.702014,6.1962943,3.2765799,5.3911934,4.9688025,0.9288335,0.22591805,-2.8625002,0.34944347,-3.3998797,-4.9040394,-4.7321796,-3.5431638,-5.5936823,-4.918874,-5.693866,-3.898358,0.536654,8.351962,6.5868893,-4.5805893,-2.7122061,-3.0107126,3.6901302,3.3195848,2.2581105,0.7663701,-2.7788534,0.36133528,0.2386122,-0.49273646,3.0302908,3.7439404,0.6415801,0.8779402,3.3563952,1.507287,5.3741865,8.857528,9.367342,0.019449443,-6.0823054,-5.01768,-3.0457602,-0.47380632,-0.25200474,2.4628184,0.8135545,-5.1016808,-7.425791,0.27818176,5.220528,4.206238,8.710654,14.894115,14.270786,13.529697,9.313988,3.9094307,1.3395724,-1.1949928,-2.148955,-2.3170815,-3.0268114,-3.412826,-7.4810677,-7.2228518,-2.5484352,0.16404593,-2.2125404,-8.352125,-9.443422,-12.617377,-8.588289,-6.692138,-8.516472,-7.5242996,-8.975576,-16.14936,-10.915355,7.3221526,12.6939945,10.994249,1.6411482,2.3989878,3.3952775,4.215608,-2.842554,0.9554584,1.2620673,0.76317614,1.5089173,5.101181,6.891556,5.400892,3.247901,5.4570117,7.0896025,8.723813,8.786075,5.4193163,4.7235203,4.4657617,-1.1332135,-1.9394821,8.060109,7.388938,-0.93669784,-4.574545,-2.9642859,-7.753269,-9.988384,3.1174636,13.402369,14.435724,11.211573,12.719288,9.027547,4.7679033,1.6144266,-0.04667013,-4.3679905,-7.478938,-2.2530754,-1.5756755,-5.781369,-5.7979126,2.1541176,3.727856,-0.5266733,2.1440234,-0.46923375,-5.7004433,-2.9405732,-3.766369,-2.558143,-4.918209,-4.924233,-2.4091635,2.7458758,0.6659572,-2.564763,-3.9206176,0.30739796,2.120995,4.6575003,7.4244146,3.6080112,4.039938,-0.22714907,-6.6695185,-2.7148533,-1.3166279,-1.4010375,-6.985199,-9.371272,-7.555732,-4.7676163,-6.8675976,-6.7692475,-4.6201544,-12.23576,-13.933723,-5.737661,-8.978395,-8.09238,2.2845726,3.380258,0.90146536,-1.4654069,1.3972124,2.366437,3.1224532,-1.2643213,-2.2892318,0.90183747,5.509986,4.426486,-1.7917198,-7.237429,-6.876652,-7.108285,-8.408335,-6.238363,-5.514827,-4.478788,-9.077178,-11.024634,-8.158873,-8.77696,-3.8132694,1.818907,-3.121139,-4.310679,-4.234605,-3.8523128,-5.822277,-7.0897703,-6.016678,-5.6420355,-2.3747334,4.757139,7.6722136,3.628401,0.23564968,2.5746927,1.9376998,-1.189836,-6.5172195,0.5474534,7.79103,10.058138,8.053334,7.5898175,8.172137,4.813446,1.70091,0.20583606,6.034667,3.6831331,3.3307824,0.100758076,0.002346754,-0.44540656,-3.588335,3.7136345,7.322065,2.3592677,-1.134963,-2.43176,-1.8325807,1.5724152,3.5391538,2.8834567,5.6307783,4.830505,2.778126,11.779581,6.719139,3.5414577,1.1392696,0.7068247,2.7744026,1.8321373,3.4851599,-0.38429466,1.041146,1.5684077,4.964015,5.8702955,2.2041416,-3.252336,-4.3490715,-2.0476906,-0.116585255,-2.7529936,-2.8572826,-2.9812396,-4.93886,6.036367,6.640394,4.880278,14.37611,10.120698,6.667036,7.4644732,2.753878,4.0847807,4.390051,2.2360973,5.993852,2.8704844,-3.1102355,-0.51603943,-2.6907072,-10.82677,-10.165011,-7.25225,-6.1115437,-6.0247717,-5.411111,-4.746995,-5.463625,-3.7828083,3.7749279,4.012649,2.3358207,-2.5998833,3.3344338,9.462319,7.2649493,3.6364899,-1.1004097,-6.254551,-13.916885,-7.66454,-0.7158569,-0.7512451,-1.2250936,-0.704306,-4.640607,-11.110182,-12.139637,-10.404489,-7.265987,-2.905482,-6.3427544,-4.7006006,-5.2853303,-7.409138,-6.817239,-13.503935,-14.907576,-14.785631,-7.6582747,-9.283506,-8.966791,-8.50898,-11.890055,-8.540192,-10.15665,-13.989475,-13.047141,-13.223919,-13.199482,-5.9144316,-5.59449,-6.785925,-5.9613295,-6.2823563,-5.000622,-3.6713576,-0.94401497,1.368583,7.89071,2.1071737,-3.336934,2.9424725,-0.55509776,-4.1486692,1.050489,9.919919,10.442811,1.51863,-5.433436,-4.4184966,-2.7616134,-6.1499963,-2.9587584,5.8440166,5.5520325,10.573929,15.081827,14.087046,7.1976204,6.3708715,5.4725685,5.058242,11.457781,9.225704,7.4759254,10.395632,-4.45843,-15.591631,-12.897852,-9.425485,-5.440754,-3.7549956,-4.070524,-3.7414513,-3.1947691,-5.911869,-5.3731337,-6.398402,-2.0394592,1.5247734,-2.9904091,-7.324706,-6.4581704,-6.869405,-1.8485276,1.8106294,-3.9990468,-9.135536,-9.502102,-4.642027,2.2963498,2.8347998,2.5133324,-3.237617,-5.952426,-4.7404613,-1.6392946,-0.6672455,2.152147,0.3017373,5.004656,4.912089,2.8775702,1.9514601,4.9977055,-0.9920105,-3.2847223,-6.6739087,-3.9954238,0.24803719,0.94046926,-2.2437673,-7.1781974,-1.9844635,-2.3394294,-5.474078,-10.39465,-13.438829,-13.849582,-13.274891,-15.208429,-16.536032,-13.738624,-15.811764,-8.730038,-3.9528992,-4.1091595,-3.9480503,-2.9368117,-5.4018693,-5.775968,-6.285987,-10.1088505,-11.836254,-12.984903,-13.624602,-16.522644,-18.192024,-16.58906,-14.661238,-2.609352,-1.6118851,-9.215847,-13.397118,-7.663519,1.7226126,6.942932,6.9492283,6.6911917,5.951517,5.965985,5.878346,6.069893,8.346143,7.637993,4.4649143,6.151148,8.905797,7.570127,7.3363404,8.479147,4.670147,1.792502,-4.898264,-7.4289703,-11.031621,-7.2592306,-4.9437594,-1.2448511,-4.510685,-5.2040424,-5.2028117,-2.7591884,-8.2167845,-2.8751311,1.5666959,2.7288108,3.125329,3.8013496,2.9988327,-2.0935464,-1.2316844,0.6869713,-1.4847517,-8.202069,-2.285809,-3.5322073,-2.8812332,-9.261929,-7.6196394,1.337992,-2.5019271,-1.662761,6.858091,-0.66694355,-4.076186,1.3086299,3.5959377,3.9178414,2.9322426,2.4271758,1.1095595,5.673905,1.327366,-5.047879,-1.0833712,3.8326955,3.0566473,3.488603,4.3836184,3.5024507,0.24499275,-3.054827,1.7007809,0.49862236,2.6072943,3.2953053,1.2185297,1.1397042,5.5040684,5.9325714,-1.221117,3.4670553,2.7913055,-0.24566749,3.2510216,2.0744696,5.98001,8.337178,6.6714025,0.6410698,-6.256612,-9.128969,-4.7632236,-1.6167765,-1.680556,-0.9934963,3.9337015,1.9552723,-4.8329296,-1.41647,-2.1142535,0.6979464,0.58856916,2.7324135,5.619077,8.67888,6.8194184,12.768876,3.5114462,-3.637062,-5.8713627,-5.845215,-4.9686747,-2.1187,0.03222066,-2.1984873,-4.3634224,-7.716967,-8.492982,-11.163549,-15.483746,-16.598167,-16.253927,-13.728096,-13.084288,-6.8857975,-9.906927,-7.8074427,-2.8894544,-1.979683,-5.953353,-2.2307744,-4.954776,-9.568415,-5.638615,-2.733242,-2.1904635,-2.6646004,2.1387935,6.100938,-1.4479774,-6.0773087,-3.6422048,0.79427034,3.2022424,0.7129788,4.4984975,5.5576935,-4.275702,-4.003931,-4.652589,-6.7197313,-9.024432,-5.0898395,-7.4977226,-8.541613,-3.9484913,-1.3380969,1.0463977,0.39245757,7.0831437,8.780638,5.2491426,2.8065205,6.5040064,-2.058143,-6.839054,-7.0774937,-2.838489,-0.9310148,-2.3257132,-2.0482793,2.6305041,0.62822235,-3.1025882,1.3384291,8.094056,3.2465124,-6.4597263,-6.9774876,-2.417013,-1.9172254,-2.7351117,-9.659236,-7.9630694,-5.7124777,-4.7933865,-10.458071,-14.07438,-17.664637,-11.100342,-7.934203,-12.02983,-19.077309,-18.694332,-7.753458,6.400214,6.3425283,5.4463806,3.044392,1.1784375,1.2826571,-5.0725813,-5.35615,-1.0441945,3.3216777,-0.96941197,0.40493405,7.7707043,4.818229,3.4826255,2.7083864,0.94204277,-4.1450286,-5.5944343,0.600645,-1.3109651,-8.50699,-11.803644,-7.3318195,-6.4062147,-11.202003,-12.101308,-11.835892,-2.8604233,-2.9205625,-3.732485,-10.676332,-14.443075,-12.917738,-15.081267,-7.981312,-11.626291,-13.123594,-15.942217,-16.566227,-15.356591,-7.1092095,-9.341678,-15.841243,-13.285498,-13.258797,-14.894798,-14.312364,-10.057579,-10.3972025,-8.646057,-14.068408,-5.02052,1.328084,-6.931413,-7.8147273,-6.3824105,-13.677986,-13.080546,-7.779271,-12.39426,-10.457935,-14.483023,-18.608894,-12.718346,-7.180007,-0.4230196,-2.763604,-3.7275772,2.3196626,2.8423815,-3.6826134,-2.0409837,-0.8376206,-4.6696105,-8.70402,-9.267738,-6.8467174,-9.151476,-1.428055,4.0186634,1.9059161,0.5224754,3.708918,9.708372,10.120037,5.19685,9.0291815,5.2956243,4.534399,8.16269,8.695002,8.458284,11.247101,9.686493,9.217444,5.653042,11.490686,15.659138,8.1735,9.668432,12.408606,8.782428,6.98927,-1.479847,-6.3861275,-2.193129,-8.459619,-14.487943,-20.267704,-24.231682,-15.001095,-11.642782,-7.19283,0.41584712,-0.8887116,-4.62149,-5.3026857,-9.138147,-12.395074,-10.143121,-10.173916,-13.478004,-13.574775,-13.834927,-11.83946,-6.8604736,-6.484792,-11.928177,-12.76898,-10.471334,-7.1976175,-1.3710557,-2.784309,-1.9731578,-4.5450177,-4.5325603,-1.9294419,-5.8336935,-4.867079,-7.5018225,-6.3164005,-1.7271241,-9.810972,-17.604223,-23.884747,-18.228922,-12.3747425,-12.298368,-18.333286,-17.741049,-20.134138,-21.89925,-12.373337,-6.7838964,1.1083982,4.33967,1.4966052,-1.4466745,-5.995148,-4.513888,-14.985284,-14.188997,-7.7569757,-1.4611297,0.4422394,-1.4565017,-4.3731,-7.237422,-9.316912,-6.9891005,-7.821877,-9.452542,-14.124728,-4.4325113,-6.2338886,-13.483818,-11.991323,-11.901898,-7.734317,-0.74895763,-0.2323794,1.7224503,-4.69111,-8.279854,-7.0715265,0.19944334,6.161668,5.6636496,-4.2562165,-7.713489,-11.255883,-9.033603,-8.985396,-12.8801365,-6.436465,-6.6461577,0.41522276,-0.72267544,-0.19368416,6.5650387,2.3491635,-1.3734462,3.3011603,-0.98373127,-1.8884662,-0.8263749,1.2264363,0.007857233,4.3839064,0.81454587,-2.302004,-0.69539535,1.4798366,0.18532014,2.756059,-0.27415562,0.8211585,2.3845816,7.641606,13.32375,6.4750004,4.734336,-0.65737903,-3.6873941,-3.7475514,-6.362533,-2.0423646,1.4780912,7.3639274,1.8830123,-0.122298345,-1.1230612,-2.827504,-0.23645721,3.2035086,-0.7059659,3.188157,6.265327,1.9470628,-6.761339,-10.65674,-8.3203535,-4.6462126,-7.056325,-10.816854,-3.1565228,-4.589354,-5.900526,-5.8847313,-7.742476,-4.898358,0.32295832,-3.0386856,-10.26701,-9.035845,-3.50526,-5.744416,-8.083811,-7.3720937,-8.423601,-13.654204,-19.027111,-19.027464,-15.904362,-14.118966,-16.939388,-17.043991,-14.889847,-17.573242,-15.450567,-16.722012,-14.175292,-7.2833433,-9.495958,-11.2456665,-9.232363,-10.827089,-14.756041,-10.380156,-8.931088,-14.116785,-13.630241,-16.859905,-15.170406,-10.718164,-6.056014,-3.271234,-8.690587,-10.468779,-11.4724045,-1.7296972,0.020739436,0.9138803,-0.5897464,0.8536447,2.3131528,-3.910419,-9.542852,-1.7756444,-0.26541197,-2.3611846,-8.924322,-6.5408373,-0.8977896,2.9358633,8.264263,8.050304,9.908909,14.416524,11.600527,4.851194,2.97935,5.302729,6.080918,4.01715,-0.9963509,-6.1469107,-4.2385073,-7.6903696,-5.079797,-3.3992076,-5.3664913,-7.597443,-8.619329,-5.3260965,0.9171995,3.6418936,2.7171223,-6.802042,-4.0141726,-2.1406026,-3.232803,2.3463466,-2.6320007,-11.009495,-13.50938,-12.198818,-13.916178,-15.352657,-18.439888,-18.213871,-16.127071,-9.076974,-9.1477785,-5.959914,-4.0981774,-9.924484,-9.593713,-7.2900043,-0.105110064,2.8835683,1.0952184,2.9424574,2.9382296,0.122899115,-1.9374452,2.2985983,2.3441458,9.028536,12.6578,8.770542,4.05474,2.7052925,-0.6401092,-5.2448473,-3.3855596,-2.488008,-6.5693464,-12.87234,-10.142871,-9.981203,-8.705876,-8.339924,0.43254983,6.060851,-0.7134695,-0.4826562,0.014193475,3.8273892,4.9524336,-0.36537313,-1.746833,4.2629867,2.9246745,3.9161077,1.922816,1.9690418,10.104872,17.156591,13.516151,6.8019285,1.0447959,-3.5439744,-1.1003609,1.5057653,-3.557468,-11.730753,-10.243607,-5.863488,1.7201917,3.1398692,1.935029,1.0187527,2.9872262,5.0385885,3.7329192,4.8293033,6.9884768,8.941309,4.6541796,0.7769535,-2.3217847,-4.776411,-6.269064,-7.8106766,-8.6218605,-7.257084,-3.613663,-4.222032,-3.3228602,-4.05534,-7.8474307,-10.284747,-13.622618,-10.699774,-9.99969,-7.3362837,-6.4980364,-10.005802,-10.230018,-5.28233,-6.323983,-6.3139563,-7.921103,-13.560263,-17.02721,-15.187613,-9.824581,-8.313032,-10.636669,-13.86649,-11.941249,-11.093346,-12.320017,-6.3679476,-0.28135014,-7.4829226,-7.601944,-6.2554502,-8.9293995,-5.107175,-8.12578,-9.829496,-4.169792,-4.296177,-4.50776,-1.808476,-0.8593936,-3.2879019,-1.6961653,2.27941,2.3786492,-1.611634,-0.5478851,-5.6006413,-0.48879564,-0.9925469,1.2115908,-0.022264294,-2.9764261,2.393601,9.258358,8.678322,0.17364511,0.573081,3.195572,7.066224,7.1724954,5.965623,5.753669,11.409195,10.876911,12.753095,9.31623,9.269261,11.867079,15.614002,8.510386,-0.4087093,-7.2618017,-3.8892953,0.7678774,0.3464073,2.0109582,2.8927126,3.0210183,5.9278975,10.23531,12.048849,11.889414,4.9148936,1.9658735,1.3067698,5.7589192,8.413651,12.432873,12.942088,12.856264,11.030544,3.4085245,7.845231,5.697036,5.8985963,4.000347,0.73665655,6.888833,13.707199,-1.4668176,-9.3804245,-4.127987,-6.076111,-10.366356,-9.371245,-6.3669586,-2.0038073,-3.3637023,-2.3846617,-3.007856,-3.0767395,-5.61378,-15.033621,-9.351309,-4.5948534,-5.1344852,-5.0332212,-10.739295,-9.09202,-11.137356,-15.8517475,-10.1700115,-3.263046,-4.747981,-1.324261,4.559902,3.8329027,-2.1794693,-6.785194,-7.8349705,-5.930374,-7.5869646,-3.3051045,-8.756922,-12.226831,-9.448208,-5.360797,-11.275604,-11.412532,-9.636755,-5.8635597,-9.041714,-6.6263504,-1.5521524,-3.7747016,-3.426136,0.47777534,-3.2282515,-2.5998192,-0.47299534,-3.859263,-0.8473805,3.6287055,3.4241266,0.53768003,0.6682259,0.12521335,-4.145992,1.2274699,6.6515903,5.3068457,4.2811327,-2.469604,-9.027374,-5.5601597,-10.361671,-11.344017,-6.5767636,-4.0842237,2.610962,1.060425,-8.614395,-12.200916,-6.716255,-1.8809786,6.133505,10.704964,10.629486,9.526485,12.034754,7.2904816,6.7498384,6.855647,10.428858,6.5343833,2.1513095,4.5170965,8.134434,10.739864,10.288553,8.309967,9.925327,7.542262,-0.9238932,0.18669641,5.3369017,3.9594843,4.322464,3.9939332,-3.7132683,-9.425235,-6.5977697,-3.2693033,-3.0869553,-1.087091,4.6323614,11.441925,7.5589128,-0.57060933,-5.8518143,-12.061051,-8.906023,-1.1955903,-4.709628,-7.32059,-0.63958526,1.72295,-5.362973,-9.779576,-11.4826975,-10.199007,-6.4056005,-6.087386,-1.1355841,4.8844104,10.9118,6.736191,1.7857742,-0.14533633,2.5227737,0.019131765,-1.455414,1.2541679,1.0521553,-1.5476208,-0.029791892,0.9980997,0.73814166,6.969467,14.357773,13.43256,7.026757,8.20035,9.3533745,7.0936337,9.392492,6.754566,3.095966,7.4897923,6.121977,2.6020894,-2.2225077,-4.3265524,-4.8354383,-3.013879,0.35810173,0.74768484,-4.7047453,-9.693998,-11.52743,0.93062687,6.2134466,4.905496,5.6831126,1.4970299,-2.0284677,2.326445,3.700416,-1.6056421,-2.369483,0.2830304,6.921844,10.310911,13.407724,12.454356,2.8631938,-4.953352,-2.36939,-3.7451992,-6.956979,-3.004981,-3.3486776,-4.0038347,-12.339603,-15.50997,-17.822712,-16.906973,-19.16221,-22.752113,-18.85996,-11.14689,-10.808038,-6.005932,-7.1518717,-7.8478465,-8.201288,-5.702694,-4.135373,-3.5582254,-4.097972,-7.9038057,-7.4763803,-0.11084218,5.454911,2.1057434,-4.014777,-7.734088,-4.4513445,-1.381628,-0.47336113,-2.2696571,-3.8633685,-2.9693496,-4.169311,-0.022455812,-1.7193031,-5.2564173,-11.919558,-10.817501,-3.2207189,5.1317215,2.9711838,1.5285783,2.2805269,1.061581,-5.032508,-6.3484745,-7.389075,-3.2594314,-3.6235838,1.7279058,3.3272634,-7.3202133,-4.287862,-7.1232147,3.0501282,4.2197165,3.311705,7.190819,4.4589834,-0.27130562,-2.0901961,-7.1465173,-2.5637372,1.8561761,-1.8521824,-7.7725253,-14.561958,-16.008633,-17.520996,-16.904589,-17.828968,-15.015528,-10.984251,-10.743464,-17.496925,-16.97614,-14.496836,-7.126379,-1.7535746,-0.7482648,-0.51271224,4.007328,-0.8127382,-8.503649,-11.27346,-12.070694,-10.005737,-2.0203087,-0.10031116,-1.8116294,1.2457573,6.0713663,9.405863,4.6391068,-0.43803054,-1.8603058,-1.2092988,1.3898672,-0.40640128,2.0314577,3.0606623,-1.4370964,-5.3845534,-3.3686209,-1.2590946,-2.0259442,0.13593617,-0.16362594,-4.9225416,-9.499519,-4.979619,-3.7118118,-12.293108,-19.26862,-14.466354,-8.895824,-7.5741916,-8.446438,-8.565055,-5.3084097,-4.169489,0.60833764,2.5060825,2.0906978,-0.59108067,-1.8812933,-8.798655,-9.078872,-1.2047536,-6.374195,-7.073349,-2.6526423,-2.2421157,-2.9576955,-9.542594,-14.661932,-10.158575,-9.640399,-14.037323,-14.825357,-11.65337,-7.177208,-2.8534021,0.4926722,-2.0012734,2.9655523,5.8341255,13.082418,9.94232,2.3348482,5.352189,3.7449431,2.3186815,3.8256693,10.633198,5.6510444,2.4836497,5.9528294,5.0767746,7.3214583,5.042302,2.7329109,7.1964717,8.733027,7.86194,13.057339,9.536766,2.574655,1.7576289,3.6286144,6.669116,12.974972,17.094065,17.843853,11.788881,5.3590264,5.127158,5.664281,9.5282,11.765633,2.8771138,-7.977794,-3.9638844,-2.3096414,-7.4483023,-12.475416,-13.183762,-11.802736,-11.658052,-12.5674095,-12.562748,-14.88031,-11.394288,-3.369863,1.538563,-1.4018202,-7.769849,-14.431384,-16.752773,-16.099949,-14.601659,-10.762428,-7.858217,-6.4972787,-5.047673,-2.6354396,-11.219614,-9.17281,-7.4205694,-3.6586413,3.0360165,3.305433,-1.852009,2.125893,3.0386982,4.8678746,5.8838463,-2.178582,-6.5022383,-6.6868267,-4.461279,-9.648859,-12.380157,-11.961409,-14.104565,-11.643087,-6.5307264,-9.696613,-19.080048,-16.080095,-3.2041078,-7.9986143,-17.418674,-16.978434,-18.42463,-18.407738,-12.331591,-15.148209,-18.117586,-14.859549,-13.218096,-8.686218,-1.4017835,-1.3430886,2.4756699,-1.1586502,-2.9459453,-9.134983,-12.565637,-15.709964,-15.259835,-1.1596882,-6.2710147,-13.959909,-9.700701,-4.5678086,0.19794965,2.1534855,1.3141836,0.9360929,0.90999275,2.570344,1.4839559,2.1542473,-3.1860433,-10.527822,-6.2555857,3.5511606,6.3598423,5.1679068,4.269724,0.0028521419,2.9594283,-1.6157079,4.3008623,4.91647,4.9533386,2.2876015,5.623213,10.290955,5.372534,7.152938,7.9089804,12.134505,8.010117,4.325781,7.576148,9.218117,7.256194,3.7645102,3.7717116,1.6243298,-1.0713549,4.1476717,3.0221066,-0.77879107,-3.874536,-7.723956,-10.90363,-3.6946418,3.5627387,-2.7186422,-11.61113,-7.3389525,-4.198188,-3.1530728,-6.220326,-8.45278,-4.994611,-5.933302,-6.1684713,-3.3017333,3.727207,9.173523,-1.0904682,-7.335356,-3.6386695,-3.9090757,-10.650377,-12.711452,-9.132639,-2.7235756,-0.5015893,1.1250021,-2.3487182,-9.085787,-5.2997665,-14.642331,-16.813934,-14.450869,-12.881048,-19.657614,-21.286285,-16.59044,-15.800992,-15.992824,-9.635878,-12.729179,-14.99383,-17.876326,-15.755689,-12.4358635,-13.636821,-11.872345,-11.261069,-14.7369175,-15.602922,-16.460464,-8.42421,-4.231031,-6.596298,-13.69401,-17.306145,-17.704079,-16.744349,-16.477211,-16.82856,-20.612923,-15.924322,-15.775488,-16.563957,-14.24339,-11.880222,-12.047715,-12.000298,-7.047594,-3.603135,-7.7193623,-10.841621,-9.304949,-11.677559,-10.701387,-5.2123847,1.3955975,-2.9161448,-8.410411,-12.146709,-8.359312,-3.1383724,0.759412,1.5441718,10.080917,12.702054,4.989071,2.6992104,0.6948092,1.3202296,0.45631343,-2.870058,1.7565187,7.193614,-3.3855288,-8.202913,-9.199848,-11.619338,-13.996038,-7.502514,-7.6994166,-12.593872,-12.501644,-10.012299,-5.077031,-2.025075,-5.0100245,-6.5670495,-5.3038406,-4.8291883,-6.6238427,-10.771851,-10.736289,-14.510025,-16.635166,-12.138367,-17.559652,-17.145018,-16.122715,-8.223472,-2.7945642,-4.2115393,-4.200407,-9.729501,-17.869953,-15.564194,-8.047791,-7.785424,-1.7883148,4.97298,8.40548,0.50172365,-0.7933612,0.6153325,2.0817559,2.0199635,6.4542856,14.323202,17.910011,14.170677,7.518705,1.4319243,-3.9669461,-4.5816035,-7.2489214,-10.783398,-6.157605,-5.142709,-10.109827,-7.2538576,-6.318099,-7.606598,3.7769566,12.335787,8.223983,-0.4234316,1.8574095,6.583237,3.9772077,2.5925043,-2.718378,-1.261681,0.8651621,-5.5400615,-6.752376,-0.25934502,-2.8900452,-5.3217945,-5.6768684,-1.9900743,-5.411666,-4.736354,1.579259,1.9516058,-5.5429697,-7.841482,-1.1604509,5.466647,12.803961,10.177107,4.121514,1.2441765,-0.3409707,-0.5036651,-5.9446526,-7.862359,-11.213366,-12.6566105,-1.8480816,1.2025387,1.2250264,-1.5883174,-2.1048799,-2.3289022,-3.1068208,-11.19645,-13.678392,-10.876398,-11.6409645,-4.8518043,-8.88438,-10.2550335,-4.2130547,-0.8937338,-2.5400121,-4.6689377,0.41109693,0.8328726,-13.543137,-18.831898,-13.609993,-7.1775074,-7.753831,-16.407148,-24.252878,-26.588125,-27.34,-23.13323,-13.705248,-13.588286,-12.766634,-14.781378,-9.763027,-9.480073,-14.128525,-18.825314,-20.614174,-26.002254,-27.74778,-25.041805,-20.518871,-12.623312,-15.985836,-10.3833885,-4.3638535,-6.457308,-13.219509,-12.63565,-12.622795,-17.569159,-13.035377,4.449012,4.257001,-2.656197,-2.6218538,-2.0713372,-2.5664358,-7.0208006,-9.094645,-14.085954,-20.696264,-12.581647,-10.597662,-17.477962,-17.204584,-13.008017,-10.166552,-11.957097,-14.296082,-10.852568,-6.0374227,-4.747877,-4.8352623,-6.264819,-11.405285,-13.246601,-10.336964,-9.499423,-5.1839724,-3.9470549,0.681274,2.4179897,3.8950264,6.173757,1.8047066,2.058963,2.283183,0.6861418,1.9017828,-2.5311263,-5.9108953,-2.3673778,1.72015,-1.2795845,-1.4152372,-0.663987,-0.15617508,-0.0661332,-8.210169,-4.1445727,1.3929431,1.5754491,-4.1301723,-8.536577,-6.1712875,-3.2907197,3.513883,1.9759862,-1.4690703,-8.280886,-5.2782927,-3.7294402,-2.475958,1.6295629,2.117315,-11.867331,-16.639225,-13.785454,-6.1399193,-8.867316,-14.654652,-18.423641,-15.601328,-11.272249,-7.974388,-4.222912,-6.809716,-2.2949543,-1.891008,-7.3506227,-6.522162,-5.02234,0.13446677,-2.2992156,-4.4577527,-0.27239242,-3.3057005,-6.4349127,-0.8978759,-6.92165,-16.506596,-13.169783,-12.273134,-12.008825,-8.802326,-11.100121,-13.694214,-7.22886,-14.928533,-7.9710503,0.5471343,-2.294247,-11.763172,-10.6064625,-8.568562,-8.379213,-4.868061,-0.5942866,1.9406924,-0.19470406,-8.143139,-4.174224,0.6593449,-2.936415,-5.4153795,-6.7646046,-6.9858475,-7.795314,-9.803984,-14.893591,-20.973642,-19.808548,-19.65736,-16.458328,-14.581778,-14.391996,-10.261507,-4.600747,-3.5169854,0.60696435,4.8491626,4.928813,8.151705,6.7362156,7.015914,7.260795,2.8628936,4.0440283,3.0407476,-2.29671,-3.8209174,-3.3779078,-7.1794834,-6.901638,-6.914128,-10.955783,-12.147976,-5.931667,0.0005289912,-0.25408196,-3.1142616,-2.1183674,-4.1425085,-7.1103134,-6.78811,-8.587832,-6.747736,-3.5003903,-6.156571,-0.8231324,-3.6688159,-5.9951057,-14.333967,-13.280769,-8.99118,-10.563755,-11.7066765,-12.671494,-14.794182,-15.524082,-13.72994,-11.680532,-5.7586584,1.334259,-2.4928875,-6.736665,-8.228247,-2.283709,-5.512954,-7.712668,1.6161847,1.9584589,-0.20155656,-2.0164547,-9.021942,-11.954957,-11.525479,-13.746862,-13.933754,-14.532944,-12.489342,-13.279884,-9.822116,-5.106869,-9.144811,-8.383587,-9.923016,-15.203714,-15.231223,-13.153425,-7.0357876,-8.669278,-9.911779,-4.7059054,-1.5629531,-1.7886992,1.0530019,2.757267,3.9475286,4.2569227,0.3119833,2.5826797,3.416594,3.301923,1.237734,2.4493935,3.309936,2.6596007,0.8472426,1.7124835,0.36095256,1.952863,-0.8396855,-6.6441197,-6.879277,-2.3805182,-7.542392,-16.09184,-9.596643,2.2903736,-3.2302697,-12.071141,-11.479522,-7.6087823,-12.489171,-15.160539,-18.342777,-10.960877,-2.1584003,1.6437635,0.073299706,-7.9037085,-9.688177,-9.782615,-13.528373,-16.467606,-20.36639,-11.519889,-6.3694487,-6.9082828,-17.404549,-19.909273,-15.480591,-11.3556185,-6.836991,-0.41086876,0.25503522,-8.865353,-16.648106,-11.75289,-6.7659965,-1.6489261,-3.1511836,-4.588107,-5.531274,-8.086267,-16.807737,-13.151781,-8.112799,-1.9462004,-5.7377806,-12.366782,-4.322869,2.4284072,3.344771,-2.2392619,-5.3938313,-8.83567,-6.667901,-1.0274388,3.0315359,4.2794695,3.061891,6.6856847,0.73397094,0.47751135,1.5811489,0.9458647,1.3160335,-0.25540733,4.3874006,11.201427,13.049673,9.8865595,2.5010734,5.0965395,7.0552998,2.0281978,2.628452,7.12919,8.358521,2.358349,-2.8174574,-5.706746,-5.3270087,-6.8067026,-7.169901,-7.3952637,-7.284193,-2.5613422,-1.192666,-1.7020706,0.4221239,3.0680914,4.7013054,5.0736704,2.6343267,1.6319232,-0.18628487,7.185468,11.886805,5.8304367,7.6888113,8.52017,5.308949,7.573154,7.1956916,3.7483149,0.85740703,1.0809354,0.9116297,5.339227,6.683712,5.7949786,4.3304234,1.5482433,-4.8924713,-3.6125426,-8.635593,-7.6130953,-8.6259365,-3.3552456,-0.65752673,-3.0398343,-6.357383,-8.198481,-10.526602,-9.037775,-6.1644464,-5.5957136,-2.2593613,-6.327897,-3.4076471,1.9982198,-2.754994,-5.631026,-1.0682169,-7.2732167,-4.692586,-2.1878557,-5.3216763,-1.8798372,2.4857166,-0.32258022,-0.79230857,-1.9671327,-1.460365,-3.4553595,-8.274328,-7.5736413,-8.374182,-10.216007,-9.59205,-4.9638495,-4.4951134,-3.7117946,5.015855,12.880371,7.8548713,-2.6081908,-3.1472692,-5.9363785,-5.333336,-4.894282,-6.31304,-9.650434,-12.383133,-7.260286,-8.060904,-10.788813,-11.761115,-6.973401,-10.5813265,-16.030449,-11.560185,-5.6704855,2.5122974,-0.5498743,-6.329644,-3.558302,-4.4128914,-1.0501038,-0.083611846,-5.8913355,-9.283769,-4.805297,-7.6511593,-2.3938003,1.5582898,-2.0581076,-3.6221108,-1.25785,-4.791692,-0.107872464,1.758122,-3.0114918,-5.7652235,-3.2001715,2.2066598,8.150179,7.819744,11.54995,15.040337,14.609937,15.093177,17.681358,14.962574,14.317047,11.016426,3.4657803,-6.8271885,-14.58571,-17.726112,-19.46999,-16.53945,-12.944756,-10.276136,-15.493839,-15.7814245,-18.716553,-16.12585,-11.993935,-10.149157,-7.971446,-0.73236346,2.986751,1.4504738,-9.383077,-7.9780054,-8.173236,-9.127762,-14.107347,-12.739287,-8.674436,-10.754192,-13.56381,-14.338221,-12.992197,-8.613819,-3.9871044,-2.0491724,-3.9407535,-5.300229,-1.3532346,0.17060593,-0.6692841,-7.63521,-7.6277885,-11.308359,-5.5942965,0.022213578,6.0589294,8.904188,16.137074,22.293837,17.310722,6.6699467,-1.9793128,-2.0057468,-5.9893155,-11.223696,-14.692437,-14.695002,-20.162891,-25.797798,-25.238361,-15.656721,-4.725916,-6.3672247,-5.4500246,-2.1902463,-2.0105312,-3.0958753,0.86723894,-1.3387529,-3.8573322,-10.710955,-14.281469,-10.79983,-9.896351,-9.824774,-10.581659,-12.758368,-12.764993,-14.106965,-13.7934265,-17.175255,-11.995387,-11.162622,-16.235085,-15.071064,-14.741909,-22.706375,-24.742332,-20.480103,-20.206213,-18.178303,-10.4757805,-12.607027,-13.846931,-15.12974,-14.7853775,-15.662732,-19.64675,-17.622833,-9.088869,-6.216969,-2.5459118,-6.164056,-2.765666,-0.34179074,1.3452077,2.7604337,1.5989392,-2.3800807,-5.3322353,-1.4757466,1.7669523,2.9899614,-2.126581,-1.5437982,-3.2498965,-7.391424,-7.2409563,-6.4877787,-1.7047969,-7.8107576,-3.6941667,2.384891,5.5237617,5.0933523,-8.349119,-11.359127,-7.584214,-6.000904,2.1164138,4.2236686,0.39399287,-8.044313,-4.2052007,-7.0786448,-13.873315,-7.872404,-7.4800024,-9.5729265,-1.5789078,0.6773454,0.09165615,3.0498006,0.66408896,-4.2488194,-8.345509,-7.103999,-5.5807023,-12.448835,-9.096281,-5.531803,-5.53749,-7.8993077,-6.1900644,-5.01618,0.56970954,-3.4152806,-5.22618,0.71655416,2.8088756,3.0949078,-5.7559967,-12.37825,-14.667601,-7.283824,-8.123482,-4.1327004,-4.1121435,-8.044671,-3.3838656,-1.5424259,-0.6388318,8.209785,5.3988314,-2.2947443,-1.4843514,2.7155175,5.6200657,5.298051,5.4232273,12.454519,16.415403,11.616759,1.3251762,-3.329371,-3.8853104,-5.949026,-10.537159,-4.2978845,0.3831041,-4.433396,-0.9680446,2.483951,7.9562035,8.591701,0.9322097,-7.0318413,-12.702406,-12.344266,-6.808647,-1.2881882,0.99081385,-1.5103059,-5.243691,0.28506458,-3.1100676,-2.326926,-0.54849553,-3.7735353,-6.5315433,-5.981064,-3.0856857,-3.4083123,-11.491397,-13.942846,-17.266146,-20.636171,-15.696356,-14.873924,-16.170347,-15.886633,-14.831625,-12.832933,-8.595667,-12.793594,-10.646181,-10.056322,-6.1375847,-6.1700687,-11.756161,-8.910173,-14.060959,-15.090824,-11.131428,-14.058628,-11.3651085,-15.929721,-15.2449875,-10.997244,-15.46072,-16.880009,-15.566725,-11.877371,-12.613602,-12.096502,-8.492288,-8.447507,-14.771395,-17.642767,-12.334385,-8.966152,-3.991044,-4.1194673,-6.4717846,-7.6981363,-7.193142,-9.606871,-10.627073,-11.829172,-12.732302,-11.949289,-5.9239016,-0.72600615,3.0695376,-4.5304046,-7.2323427,-10.219748,-7.3923264,-9.302044,-9.674713,-5.6688805,-9.664002,-11.266876,-10.439177,-11.645905,-10.775539,-11.216961,-5.4493494,-5.460721,-7.0241175,-13.3856125,-15.658629,-9.159527,-7.966733,-14.999741,-18.371197,-17.926193,-10.757875,-2.2780447,-2.4208486,-8.180866,-8.137942,-3.3356836,-3.5896006,-7.0624814,-6.303288,-8.092637,-7.1178975,-12.434971,-12.46589,-5.190802,-5.3212585,-2.3264735,0.7510917,-0.7915193,-0.99998236,1.5031564,0.9580854,8.470945,1.7044536,-5.3187885,-10.406459,-13.71982,-14.926122,-17.4967,-14.632866,-13.560041,-13.046227,-7.7742195,-7.720934,-3.9725502,5.4700575,4.009881,-2.1522605,-0.72350985,0.049304515,1.6357267,-4.408226,-10.28437,-10.511697,-8.17855,-6.534583,-7.978611,-9.2684555,-8.700981,-0.758762,1.9196069,-1.9371884,-2.1300416,1.1148174,2.477427,0.713601,-0.2316612,0.34341538,-2.8554544,-5.889507,-12.58312,-11.997454,-10.337518,-14.8257065,-15.023556,-15.417101,-17.31563,-15.362961,-12.995155,-5.250108,7.1053095,9.593344,3.6596112,4.370399,-6.114336,-2.607235,3.9142861,7.2471533,6.886505,-0.8427422,-2.202052,-0.12147546,1.6064358,4.5234575,1.9693664,-3.2711763,1.1351053,1.053582,-1.0882124,0.6611499,0.8054685,6.20196,13.925577,12.134878,-0.86562,-9.0973,-9.050003,-1.3924226,-2.6315918,-5.497608,2.9848146,3.4524276,-0.7843509,-2.1362085,-5.2798595,-4.367841,0.12614399,2.529203,1.906375,-1.6429596,-4.792208,-4.0021925,-2.9836438,-3.583846,-3.5944948,-2.2488592,-0.6037152,-5.291976,-9.87554,-1.2734799,0.24350047,-1.5431894,-7.4796195,-7.5124245,-2.1022358,-3.713225,-5.0657425,-7.1484947,-6.075924,0.5264247,1.7776053,-3.1303742,-9.240793,-11.606382,-7.87327,-10.575705,-15.121197,-13.043969,-10.181525,-10.563964,-11.431859,-13.887331,-8.681419,-9.410761,-11.54702,-9.131672,-9.109048,-12.426439,-3.739234,3.369019,5.6643267,3.3461485,1.1811407,-0.44068015,-0.8551376,-3.9190893,-9.177311,-10.678902,-9.310205,-1.9255731,2.2084837,2.0665722,3.2169223,3.6480706,-3.3963583,-0.25413918,-0.74510354,1.313761,5.345418,-0.040784895,-3.2556643,-2.3434772,-5.7229652,-7.561881,-1.9578239,3.1187391,-1.6648597,-5.1026993,-3.8898048,-3.956762,-6.6263084,-5.6966314,-2.7901902,-8.247475,-12.780878,-12.030372,-5.292897,-1.0902219,2.8944542,6.0290728,6.3525496,-4.2104506,-11.963417,-6.306311,-3.1300955,-4.4909267,-3.8209257,-5.633689,-6.6185822,-10.798709,-11.967386,-10.230965,-6.6682057,-9.154801,-6.8561,-3.3190536,-5.039649,-6.687499,-5.73851,-5.47849,-3.4678664,-3.9399757,-4.7936745,-2.854747,-4.497155,-2.9751005,-8.444314,-7.3036137,-2.5811176,0.6109321,-4.8967338,-2.29086,1.1418293,-3.224963,-6.6657453,-6.445561,-8.762648,-6.955782,-6.722768,-6.4523754,2.076075,8.603295,6.9068108,-0.71272385,-2.4246993,-2.3956707,-4.8769903,-5.636298,-4.046619,-1.4972574,-3.0245817,-5.5272994,-6.397226,-7.424885,1.4113427,1.837184,-0.8687832,2.4083822,5.5548267,10.054195,3.9623985,-2.4389064,-2.3322275,-2.3592036,-6.598606,-5.0737185,-3.3206897,-3.350311,-3.3858647,-2.8438509,-4.04375,-2.4613488,0.842711,8.470951,15.4823475,10.255653,-2.838438,-0.20334779,7.585974,7.4811172,3.7831292,-0.7033263,-11.089575,-12.678621,-15.023319,-20.250233,-20.018333,-19.628788,-12.97868,-10.231731,-11.084965,-11.431443,-13.40883,-11.430122,-10.722483,-10.995632,-12.81086,-9.207609,-7.3657026,-5.9010663,-7.2786894,-14.998123,-17.431036,-11.003309,-13.8839035,-11.648268,-6.661772,-6.7021246,-5.856695,-3.8186226,-5.9136868,-5.1217012,-4.509749,-1.5472698,-1.9665897,-2.1162338,-1.668627,-5.3669353,-8.091619,-12.274273,-9.1694145,-11.112135,-11.718394,-14.350576,-11.308974,-1.39009,-4.8496685,-18.498066,-21.80867,-16.066334,-10.534767,-7.672483,-8.875551,-6.9157553,-8.581469,-8.2676325,-8.391568,-7.017563,-2.3239133,-5.8536234,-10.43953,-9.050875,-4.365628,-0.082845315,-3.5726023,-8.124442,-9.499678,-9.471705,-10.627354,-6.7155766,-1.4531,-5.992979,-6.9727345,-7.1079593,-5.9736743,-2.8927882,2.6525772,2.9754465,3.2277443,7.4430013,8.7904625,3.5852177,0.8179224,2.0991113,3.6187468,2.778172,-0.86423564,0.7954291,1.9457302,1.6467359,3.502853,2.097463,5.7474823,3.3427212,1.259788,5.8175488,13.4475765,12.500424,11.793581,8.716978,-1.8890533,-13.466755,-10.635558,-11.519775,-14.149048,-10.170834,-8.457883,-6.6406937,1.3263433,5.078017,6.5167046,6.766187,12.877716,10.828027,11.55467,7.927677,9.214598,7.386796,6.0786395,3.8185482,5.884461,8.251923,2.27584,0.74533165,-5.418719,-9.082213,-6.7609572,-5.5149612,-3.6355515,-0.46025243,-3.0112958,-0.7817739,-1.9546106,6.7490406,3.9313188,7.5304613,6.761134,6.9703674,1.5991951,-8.866842,-9.989838,1.1606905,0.38456964,-4.2906537,-9.487286,-9.404552,-11.666178,-7.742913,-14.207651,-9.8062315,-7.05505,-5.7760706,-13.112005,-11.363867,-7.9751883,-3.502934,-4.1749086,-3.3446422,-1.4620473,-7.055234,-7.193475,-4.194371,-4.63203,-4.6833496,-14.829087,-9.281296,-4.7276654,-0.14576459,2.2605374,4.543073,13.047106,17.715843,17.011757,12.16674,4.5788383,-3.69311,-7.374612,-6.715469,-5.4728603,-3.828228,-3.3371582,-2.7015789,-2.2224183,-10.779745,-16.581106,-26.52078,-26.710266,-17.600513,-5.3303013,-6.957117,-16.608295,-9.345314,0.59144104,9.232801,9.059453,4.1441355,4.737887,7.176094,7.988471,5.8947315,-3.1663632,-10.515804,-8.9935665,-7.5809617,-7.5832453,-6.371218,-4.0932407,1.9244146,5.08422,1.7727665,-1.7456745,-2.7485385,-2.3692756,-3.6580853,-7.898327,-3.3091028,2.2808218,5.0116735,12.3776,9.448654,8.733707,9.259048,9.9671,10.748045,6.785172,7.975459,12.655252,9.817738,4.768005,-2.703104,-6.2244854,-5.041657,-5.843589,-14.480889,-10.8298025,-6.9549246,-6.5233116,-6.7633467,-7.473468,0.6986307,6.525131,-0.04015075,-0.7913466,-0.2947781,-1.6226703,2.6505537,3.910525,3.9696789,-0.14659894,-1.6335398,-3.7365746,-8.680926,-7.843194,-5.7443576,-3.819069,-1.1795145,-1.7358397,-4.2200403,-10.78791,-8.709677,-7.675292,-2.9777067,1.352258,-2.8151078,3.7591887,11.508379,16.555641,17.255653,19.540524,11.182295,6.847069,12.935671,11.235628,5.287773,1.3064007,-4.793871,-6.725424,-4.0922837,1.488139,-0.16193902,-4.90876,-4.2602935,-2.1012871,-0.38419658,2.6544712,0.9031975,4.9372807,3.8513079,-0.1839019,-5.6326756,-7.5422263,-5.5088964,-1.3882828,-5.4844275,-9.55693,-5.6277933,-4.3094707,-4.8860598,-8.381644,-5.394143,-2.1574688,-3.6497655,-5.9399953,-6.3906593,-11.379044,-16.499144,-13.703976,-10.998694,-10.822414,-12.899815,-14.183526,-10.029837,-1.4788376,4.9739203,4.488284,-0.06864865,-4.597479,-11.33045,-15.2526245,-16.983885,-18.23553,-13.81935,-11.181831,-12.235592,-9.192478,-7.834766,-7.547674,-4.011261,-0.1943115,-3.0841255,-5.6308746,-3.659927,-3.186018,-6.312883,-4.6440325,1.4508877,2.6187422,-0.7656564,-1.6026046,1.278803,0.74186844,3.4177775,3.9254436,2.206573,-2.6291099,-2.4743462,-0.4492639,-2.8763535,-4.255472,-0.88364685,6.134861,4.2901874,5.060608,6.487706,7.248015,9.869427,8.061601,7.109747,2.3235347,2.7386277,7.848518,6.9349546,1.9361043,3.8838112,2.0298793,2.5265193,0.41215524,0.8710212,5.206077,2.4701934,1.8760887,3.2385821,1.7193666,-3.791966,-8.800877,-1.2483361,5.1074667,5.554597,7.181636,2.1956797,-1.5578351,1.4592364,2.5908823,0.26271445,-3.4052153,-1.0624214,1.2510104,3.9356077,0.29009366,-0.69163036,0.2184341,3.2315798,4.9705267,1.3272483,-1.3868668,-0.5039834,0.13936073,3.5665548,3.1349862,2.67935,-0.8645513,-2.463149,0.12796879,2.7098372,1.5507338,2.3368447,1.8477598,1.9080806,2.8549356,-1.1475852,2.9671483,4.830295,2.142431,2.433909,3.9685774,4.305563,3.5493145,3.1577935,8.20273,6.0479555,7.3540673,6.13058,14.434898,3.5389302,6.964275,4.692827,-2.270433,-4.657055,-1.8185489,-0.29393178,-3.832646,-2.2616942,-1.4306959,-6.7477603,-12.363403,-1.809056,1.7156849,0.7976026,6.795461,4.8137393,2.4990826,5.3286886,7.678421,9.663415,8.037085,8.089471,13.31988,13.573669,6.2759604,-4.882851,-9.729532,-17.16874,-16.530449,-7.896633,-11.583355,-14.65901,-12.162052,-7.8397317,-9.943892,-11.088402,-7.0363693,-9.629099,-13.444052,-19.481178,-18.881527,-16.967064,-13.840461,-15.646229,-13.437717,-10.051359,-11.59296,-13.062212,-10.424444,-11.251264,-11.960527,-11.713545,-10.277378,-15.365131,-11.051748,0.6853472,4.0804815,0.50725746,-8.565111,-13.597216,-8.382286,-9.636978,-14.091988,-15.156461,-16.516323,-15.574754,-12.927479,-11.514558,-3.7532158,0.50394213,1.8649375,-4.647959,-8.949547,-11.856027,-13.987752,-11.826004,-11.039286,-14.418537,-16.660805,-11.623746,-14.827771,-21.550795,-19.66594,-18.710304,-19.964954,-18.19909,-15.397456,-12.956783,-8.654763,-10.953056,-12.276205,-4.1691265,-1.9357176,-6.9364557,-3.2552907,-7.347378,-7.8073063,-4.5876412,-6.3242016,-11.137928,-14.698669,-10.663626,-10.720221,-15.753296,-16.493547,-14.2473135,-13.263018,-15.383663,-18.63116,-17.687004,-19.742401,-15.932013,-12.674475,-10.340902,-12.451271,-16.896961,-16.449978,-14.357478,-13.189329,-14.323491,-15.549332,-12.004948,-9.023742,-14.880012,-18.410603,-15.774399,-10.738691,-10.941563,-16.059402,-10.158251,-13.345776,-16.289265,-17.942379,-13.667029,-13.335703,-17.922134,-19.536795,-15.152073,-10.920919,-8.336219,-6.0910883,-15.7996435,-15.965782,-10.407858,-13.491046,-8.655813,-9.040504,-9.887939,-6.12169,-5.377741,-5.4345865,-6.2281284,-10.576779,-7.057641,-8.790791,-7.0563264,-7.3932037,-8.207287,-9.234068,-5.338054,-5.8842106,-9.453474,-6.898246,-7.312766,-8.140269,-8.736063,-8.495442,-3.6992364,-0.34763205,-2.065805,-2.0938637,-2.9804752,-0.074474394,4.013249,4.786624,5.4735336,3.4051094,-2.063562,0.14862314,0.9106324,1.8007712,-0.8642559,-0.74267405,3.0724578,1.8973606,3.392899,2.2786746,9.203421,10.795535,12.049638,17.272831,15.279332,11.016307,12.713148,16.72823,10.215733,10.569054,10.8180485,12.007682,10.5498295,12.086666,16.057373,10.645689,8.078482,11.735276,9.99878,11.315826,13.317164,11.085245,9.4925,9.574344,9.912153,8.862078,10.192369,6.178232,4.6662493,4.216547,5.5908203,4.9980955,4.172851,2.11519,1.0061867,3.1869996,4.5367355,6.172282,5.1370497,4.8898206,4.1898966,3.8665447,3.814482,4.218194,2.1707377,2.9246316,2.9745266,3.461586,3.748577,4.2742615,3.5609546,3.79149,3.6962,2.9678488,3.676743,4.54092,5.093535,6.3467097,7.6738677,5.9263487,5.6140556,6.3922405,5.058592,4.6488924,3.6962852,4.4957886,4.576733,5.2383547,4.802076,5.3936434,5.23393,3.3904972,4.5227814,6.0395126,6.365157,6.3640676,7.3965893,7.539257,7.6567326,5.9623523,5.6696405,6.147896,5.983671,5.314289,5.4557924,4.690167,3.9673104,5.539091,6.285833,6.419635,7.212082,5.57403,5.5225906,5.1778407,4.6708727,3.706729,3.5106769,1.8153944,2.7564764,3.7446382,4.2310615,4.0729256,4.5740495,3.8961017,4.149017,3.770443,4.220256,4.4647694,4.487029,4.1108637,3.3777122,3.9743865,3.8480053,3.5762763,4.6262126,4.4221745,3.7361007,3.340908,3.5108404,3.8574696,2.9856734,3.4263792,3.3920422,3.209928,3.3250384,2.4763546,2.1762376,3.0219603,3.1035593,3.9482567,3.4406395,2.975596,2.7502973,3.2043166,2.4983988,2.434316,2.3282833,1.5473487,1.8001722,2.7646744,3.1311846,2.7534118,2.72043,2.4510503,2.389158,2.5746624,2.6697073,2.5757937,2.485426,2.4596944,2.4443078,2.4720855,2.5491133,2.4460807,2.339943,2.3126094,2.3250651,2.2368536,2.2835789,2.1489725,2.1133325,2.0823758,2.0293882,2.0395167,1.866518,1.975746,1.8607514,1.8016312,1.775315,1.6248513,1.6985077,1.4965013,1.5428051,1.4431515,1.2877336,1.3790163,1.0814639,1.0475285,0.79755545,0.77358925,0.6443888,0.24294983,0.102356605,0.0,0.0,0.0,0.0,0.0,0.0,0.0,0.0,0.0,0.0,0.0,0.0,0.0,0.0,0.0,0.0,0.0,0.0,0.0,0.0,0.0,0.0,0.0,0.0,0.0,0.0,0.0,0.0,0.0,0.0,0.0,0.0,0.0,0.0,0.0,0.0,0.0024372428,0.0,0.0,0.0,0.0,0.0,0.0,0.0,0.0,0.0,0.0,0.0,0.0,0.0,0.0,0.0,0.0,0.0,0.0,0.0,0.0,0.0,0.0,0.0,0.0,0.0,0.0,0.0,0.0,0.0,0.0,0.0,0.0,0.0,0.0,0.0,0.0,0.0,0.0,0.0,0.0,0.0,0.0,0.0
0.0,0.0,0.0,0.0,0.0,3.8390367,4.7925167,4.7527695,3.133109,3.9214911,5.6864786,4.951293,5.1434975,6.4095926,4.542998,3.1357584,2.3020449,2.2292173,3.6561708,6.134573,3.1131945,1.8160567,2.2925065,2.7714348,4.8001204,5.393626,3.0009968,4.265051,4.9629893,2.4316263,2.5477629,1.9167371,1.3139976,1.1824433,2.2902431,0.6002443,4.797941,4.0028586,-0.17078155,2.4828885,5.806201,15.459977,14.26701,9.423079,7.3088493,8.107378,6.5171204,1.86991,-5.502941,-2.159699,4.5571566,1.8977637,-3.568535,0.8285835,-5.052791,-12.334654,-16.412252,-12.620288,-7.916561,-5.446075,-11.886718,-10.050062,-8.154566,-12.192701,-10.420493,-4.9199276,-6.7174273,-10.618093,-11.373452,-9.827351,-6.0404305,-4.888508,-7.597309,-8.738233,-14.627443,-12.255894,-8.328439,-12.067891,-15.9363785,-13.833574,-11.538702,-5.920377,-10.275129,-14.054857,-13.198427,-11.226267,-8.24121,-8.291812,-11.070919,-11.436825,-12.312859,-5.4677954,-7.342086,-10.305508,-4.2889557,-4.4478807,-8.852535,-9.305615,-6.7996883,-2.1899261,3.200847,8.230957,3.407887,3.38273,7.2402983,6.974617,4.6764555,4.8418713,4.3901377,2.2061412,0.6896399,-2.2195318,-2.8257532,-1.2928369,0.4163682,4.773536,4.3824415,0.34664434,2.9636884,6.5068645,7.992652,6.2667727,4.9102287,0.6067745,0.28806883,3.0148132,3.1726542,3.1981943,4.5862207,1.3847442,6.8650303,3.9759512,5.5119133,6.484177,5.805338,2.3590584,3.0157266,8.295749,5.4007344,4.1758614,6.512906,4.853112,0.58183837,5.121996,4.7853775,6.175131,6.3022943,4.5810437,5.355752,5.40466,1.5825577,-3.2990432,-6.2050104,-11.0407715,-15.387655,-9.189282,-11.131018,-9.847151,-5.8837705,-8.05925,-7.3502154,-11.324345,-11.1945305,-6.64858,-8.167941,-13.33549,-9.542086,-10.569405,-14.139378,-4.756688,-8.09153,-12.275701,-10.742216,-6.545144,-13.760809,-19.1117,-7.892274,-9.529012,-16.275892,-14.438656,-13.692194,-20.214912,-18.895826,-11.896859,-13.041088,-22.13285,-18.665033,-21.423828,-25.635994,-19.830711,-15.734213,-19.838387,-17.11024,-14.695927,-15.907848,-14.000677,-11.100664,-9.572134,-5.2659974,-3.0673034,-8.189121,-7.749525,-10.079607,-10.080437,-11.005514,-6.6553574,-5.354751,-10.540012,-11.385314,-3.6455016,-7.985278,-5.442842,-2.4455593,0.43896085,-4.230367,-2.4178035,0.2327221,-4.93541,-6.3530617,0.3747566,-0.034370154,-2.262038,-2.2661786,3.8155174,-0.21106231,-7.004408,-0.48716113,-4.774246,-7.568792,-2.7342253,3.8858373,0.4866764,-3.293103,-2.3531048,0.586368,-5.5231934,-7.064622,-7.2112827,-5.5764055,-4.5314217,-7.445026,-5.4283314,-3.8066924,-1.8316884,-1.2753559,-2.9003458,-1.9822179,3.0956073,4.0821304,7.2364874,8.393714,1.8693857,-7.5049963,-13.323719,-8.946184,-8.522544,-8.268215,-9.606946,-10.351305,-11.011557,-7.5383825,-5.7629976,-1.8459336,-4.59331,-8.212609,-7.3659368,-5.722135,-8.415094,-9.048956,-11.769188,-13.569111,-9.883356,-11.961354,-18.18745,-14.262772,-13.667558,-8.910027,-7.843728,-8.285437,-8.900942,-10.207082,-11.173728,-12.741169,-11.668251,-10.01231,-9.387711,-8.553952,-5.5948434,-8.660824,-9.463795,-4.77437,-4.860467,-8.620886,-10.156345,-12.233384,-2.8340535,-5.623777,-10.340504,-7.869219,-11.176829,-9.224096,-8.80288,-11.634102,-16.735725,-18.504074,-19.847187,-11.7876,-7.7898445,-8.926361,-12.104858,-10.63126,-12.266467,-15.356863,-11.2571945,-12.79825,-16.46761,-13.9454775,-14.0310955,-16.427582,-20.267258,-13.78014,-8.017376,-10.874235,-15.014685,-11.574089,-6.1193595,-9.187254,-12.3014145,-13.669968,-17.26371,-18.791245,-13.497936,-14.945338,-19.301567,-10.30748,-17.068993,-24.491177,-17.212925,-17.487213,-24.924217,-16.078497,-21.114027,-27.390976,-21.185,-20.39068,-21.332771,-13.88815,-16.539772,-23.867805,-23.301064,-20.205988,-21.367752,-20.823608,-18.689627,-19.596214,-14.751773,-11.466509,-10.661978,-13.058922,-10.05073,-12.340099,-7.5343294,-10.62159,-10.642691,1.6329924,6.5420604,3.0553207,3.0563607,9.39608,17.97044,17.82647,19.871258,17.496254,19.041714,26.289345,18.388073,9.340076,4.022523,3.15865,-4.987523,-10.816893,-11.1705,-7.4322047,-8.810979,-5.7476997,-9.684423,-15.198744,-10.453886,-9.373362,-10.239393,-12.104563,-11.499697,-9.605881,-8.15299,-8.30699,-10.718792,-9.158909,-6.1782637,-0.7813009,-3.956952,-6.674798,-8.118372,-5.8000965,-6.478734,-5.75359,-2.3648272,-6.3727803,-3.197719,-2.475118,-0.39527297,-1.5634822,-6.501074,-4.3291225,-1.5766433,-1.6909266,-1.56129,-0.7647829,0.5531042,-3.1627898,2.3739583,5.8563166,4.0782175,-1.1197436,-4.416507,-9.263931,-5.2186995,-2.606491,-1.0969578,1.0141358,8.572302,6.861536,8.890419,5.8427486,-1.9241996,0.6240746,6.904297,1.0659356,3.7933993,1.2574886,0.9936422,6.3815527,4.9323325,-0.73892224,2.188898,9.796125,4.2638383,-2.1617045,-0.16034307,2.5504613,5.9279475,2.600278,1.2040423,3.0615425,6.694155,5.3389053,9.104193,13.039739,12.271643,9.961053,9.46267,7.8765726,-3.1658196,3.0073476,5.843839,10.292817,9.181263,6.660267,6.814118,9.661303,9.489988,8.194303,8.47638,7.0374928,4.1123486,1.5648248,-1.9114673,-1.2139695,-2.2074661,-0.80225724,-2.169832,-3.00622,-4.94434,-4.377133,-6.42708,-7.8342214,-7.1785045,-0.7022776,6.4552164,9.351937,12.049089,8.568918,11.926298,14.709598,18.535152,15.76602,10.735722,6.6484575,5.5549846,5.004202,10.690287,10.018615,9.073936,12.079398,8.919722,6.3269906,3.0620916,-0.021180272,-1.3492776,-6.0197573,-6.3099794,-1.4818681,2.8541644,7.9978933,5.983143,4.0090833,3.9937127,2.128683,2.4309955,-0.93529254,0.20838553,-0.58506835,-3.1344104,-1.3167024,-0.3625183,-1.637089,-4.170832,-2.02744,-3.374878,4.994133,4.07997,3.8861117,4.8859386,4.3714237,3.6769276,0.6694734,-2.6634338,-1.8168354,-2.7880063,-7.7116957,-4.156733,6.376768,12.242061,10.947688,12.142734,10.076344,8.492487,8.116953,1.9258844,3.8496556,11.824368,16.408611,12.98037,5.570136,1.070198,5.226219,6.6593246,10.178244,11.479551,10.714439,4.302841,0.9299135,5.617453,8.337707,-0.7938812,-0.5512392,3.5626602,-2.2297742,0.35391277,-1.5615158,-2.2863252,-4.996909,-6.362933,-2.9310036,2.6967287,6.379855,9.92415,6.704583,0.29461408,0.5093433,-0.49060327,-2.5357747,-5.7104816,-0.29863888,-0.93011117,-1.9300115,-1.7865891,-2.8588092,1.4801484,7.697296,11.039036,9.477726,1.4396765,2.585498,-4.836919,1.3123193,1.2919064,0.01531148,3.1380067,5.3984685,8.775785,10.93587,15.080868,17.23556,10.953605,11.49085,11.844635,9.540774,9.309618,5.3267426,0.741994,0.37387174,5.3007,7.299792,11.120657,12.297801,10.586705,17.803837,20.422033,15.544233,13.569775,14.508639,13.411043,10.673486,13.020803,15.102707,12.65425,9.585835,5.500553,3.9532096,11.507147,16.720901,6.198601,-0.46345782,6.3583426,11.373102,8.620916,2.0495877,3.0424497,2.391723,5.8050528,2.7611845,5.712223,8.229177,8.809139,12.684113,8.794608,10.790423,16.679714,20.68241,22.500475,21.644741,17.052948,14.079403,9.406112,7.585653,7.996172,10.05311,7.4515314,8.055664,4.605153,2.4716368,2.3697631,0.25020385,2.5779185,4.9939346,13.401966,6.8568964,-0.9533489,1.3898638,4.468045,5.088417,7.066752,4.159916,2.3634915,2.7583623,-1.3500957,-4.3885107,-3.187436,-5.405575,-1.175664,-1.4286597,-1.0930088,-2.358617,-0.61456037,0.5825821,0.8248063,-4.397134,-1.7824774,-1.754496,7.2768483,12.219126,4.9741178,5.160304,-2.1444845,-0.35980463,2.1760955,1.6769416,3.281481,3.8057694,8.504099,9.980146,7.245569,7.060964,9.231731,7.050318,14.203931,17.8994,13.961254,10.175874,8.9946165,6.4158106,3.392284,4.2275343,4.579697,3.5048022,2.8494167,3.1355941,2.3404915,-0.11954534,-0.024770379,1.2306846,-0.107813954,1.6775403,0.9400592,1.9963124,-0.12722063,-2.825771,-3.886135,0.061202288,4.1064916,5.622779,5.9017158,6.221034,2.855657,0.26874733,1.3389577,1.5539417,-0.86146444,-3.4010427,-2.6201842,-2.24894,-0.3419853,2.6198463,4.2191815,7.773991,11.271509,12.339907,11.123481,7.8550024,2.9794812,7.7676277,8.070603,10.207592,12.6916485,13.083179,7.5225673,9.462968,5.630882,2.0634606,0.9023371,-0.8302926,-4.733492,-0.7590201,2.069819,1.138029,1.4747584,4.084008,2.34026,-3.6113114,-6.1049943,0.20312631,8.617845,6.193553,8.229599,6.941732,8.75077,8.894841,5.4330983,6.6560493,6.365582,6.823184,5.468974,3.1414258,-0.15994751,1.8879974,2.0162477,-0.28744632,-0.06676996,-3.1551352,-2.9470475,1.7314882,1.9073914,0.91638875,-0.14443529,4.235316,1.478021,1.3620473,0.5571904,-2.2364671,1.6416138,1.9728134,3.5980406,5.265177,3.5564768,6.450657,8.690112,9.34384,3.9565861,4.749399,6.315475,5.9802876,6.5672884,6.877954,5.685961,8.355671,-0.45061964,-6.556411,-5.5498333,1.152636,5.355921,4.86935,9.542269,8.492057,11.972999,11.320343,2.2814171,-2.723388,-6.9850464,-9.882986,-12.032505,-7.198683,-10.945374,-11.72704,-5.604614,-5.950349,-6.2810683,-6.9257407,-13.04066,-14.894233,-14.580269,-14.555388,-10.437244,-11.966311,-10.012955,-12.68033,-14.374535,-9.709612,-4.4261427,-6.9580145,-5.270386,2.1931362,-7.1740026,-8.003187,-1.2917154,1.6288867,-1.6292565,-8.480337,-13.366833,-10.034058,-12.076349,-9.80399,-6.078297,-8.145451,-10.350124,-8.973107,-8.416198,-2.500962,-8.877443,-13.712519,-7.0320306,-3.9250937,-5.3502245,0.6729442,7.304762,3.9009912,5.1473455,5.0138745,0.8164482,1.3365173,-5.382496,-8.398586,-9.313618,-11.037968,-9.718204,-9.264195,-9.062746,-8.5610895,-7.1699867,-11.1137,-14.560996,-16.891262,-21.270866,-19.367397,-15.868925,-17.564587,-15.11581,-16.626469,-7.8175516,-7.011001,-9.675793,-7.9057226,-9.973237,-9.322287,-13.2582245,-13.441473,-15.588062,-15.109488,-12.299801,-12.662552,-12.677348,-11.279694,-9.656075,-14.663826,-12.964184,-9.424156,-12.356609,-13.39016,-9.781038,-11.948236,-9.793958,-13.745129,-15.676106,-16.46423,-16.158295,-17.764606,-16.858597,-16.058367,-13.179603,-13.145496,-13.653021,-14.035131,-9.883534,-7.2047625,1.5883079,0.47421205,2.256086,0.40447187,4.184388,11.575977,8.266478,5.2496767,3.2331815,-1.9712775,-6.768836,-8.035233,1.6056371,3.6357145,-0.48529106,-4.024979,-7.954199,-5.6854014,5.3448534,4.35931,-0.15721464,-3.56309,-3.5280757,-1.9418513,-5.197838,-5.364992,-10.641239,-12.846447,-11.982954,-6.8023763,-3.4837618,4.883449,10.981621,13.8706875,10.328959,1.6667528,-0.22880909,5.3263965,2.730711,0.31981325,1.4390044,-0.5863175,-5.0755,0.020306408,5.726147,2.5918844,1.7926672,1.5154035,1.000943,5.635145,12.915558,16.25856,15.794508,17.705435,14.437193,9.026724,-1.1951387,-2.4741223,3.4262242,6.342946,5.712776,2.7367558,1.2286389,-3.5183892,-2.7409782,-0.075030446,0.21183372,-0.87330043,1.7063582,-0.23204853,-6.131918,-4.3882403,-0.15213606,-6.8357,-3.9973712,-9.5477085,-11.141724,-10.14566,-8.304162,-4.6348715,-5.477934,-7.090936,-6.2108836,-8.464003,-6.6222305,-2.4276943,-1.8002577,-1.4180578,-0.19621795,-6.335162,-9.760625,-9.528596,-9.846896,-5.508853,-7.811937,1.4809456,12.4200535,10.268744,3.4562511,-5.765978,-2.5695286,8.523192,6.533992,3.3758328,7.705257,-0.8723405,-6.708872,1.248234,9.333435,5.214748,-1.9821259,0.71463287,-5.3536205,-10.752416,-10.424,-4.416049,-5.694145,1.6448112,1.7517846,0.16568398,-6.258724,-4.217095,-2.9012454,-5.8986235,-5.4674306,-0.774894,1.5046798,-1.2399588,-6.4788256,-10.398633,-9.709981,-4.901218,-1.6493626,3.6902657,6.1180677,7.8365846,3.645733,2.4685469,7.8066654,2.1205428,-3.4900546,-2.2542682,-0.7092824,4.9836054,4.15151,1.0762757,-0.5738361,-4.78848,-2.7422106,-8.518376,-6.7917356,-3.9445593,-4.964692,-7.442016,-7.5580187,-2.3714724,-1.5249841,1.5451655,1.0418694,4.4400253,1.796489,-4.9543524,-1.984648,-0.20885769,-2.6261678,-6.3359003,-0.27015918,-0.86406565,-1.5822874,-4.6303635,3.1006823,3.7126932,2.9001632,2.7987337,-7.7262807,-5.1513963,2.8366694,0.77563536,-2.967082,-8.391882,-8.966877,-4.1927667,-0.7358167,6.804384,5.7726574,7.368944,8.380959,11.960269,8.79935,6.0633373,7.388677,7.472989,10.157602,5.4075947,2.5582,-0.20611167,-0.7147003,-4.294245,-3.7239006,-3.5212116,-0.16759622,-0.5047854,1.5762588,0.95645326,-2.5719233,-4.5092916,-5.7429814,-2.0338373,-3.7327085,-2.4731202,-1.1211892,1.2265124,0.15286458,0.39508516,3.782761,7.123103,8.952013,3.1089447,1.8833439,4.21146,2.8691206,0.30956224,-1.7884148,-2.8858604,0.15411639,0.34034204,-0.14215678,2.8430157,2.30891,-3.3338854,-8.58946,-7.5206423,-7.1756363,-4.7917767,-4.359233,-2.2467837,6.4289265,6.7306614,6.9423895,6.200838,8.403775,14.167747,8.408287,3.5056992,4.3547215,3.5992446,0.09625888,-4.218107,0.21065176,-2.1249719,1.0281157,6.1258307,6.4253445,6.496271,12.082954,10.12739,7.3556347,5.9693236,4.2339506,-0.034876466,-1.5815103,3.4961462,1.7863746,-5.73878,-10.00984,-2.998015,8.396537,7.4046435,7.466782,4.194784,0.8396324,3.8659692,3.7158916,5.015197,8.035801,7.1325755,4.7044168,5.8687983,0.8574462,-1.3057313,1.6894519,2.9260082,4.08327,5.306407,6.48331,12.693495,4.865299,0.2806236,11.40922,17.666056,14.602946,15.395554,18.351616,14.015539,12.805702,9.935272,16.49024,19.042755,15.499018,14.450264,12.16976,9.136112,7.3307085,13.700584,11.480911,8.319489,4.0916142,3.3747807,2.6910386,0.34139276,-5.8666973,-11.5801735,-9.672854,-12.7417345,-19.101477,-14.943204,-11.442086,-7.2119203,-1.1250589,9.66198,10.624956,10.660358,11.67074,6.4640617,-2.317552,-3.0291727,-3.7378306,-5.188465,-6.5974464,-7.1794577,-8.812851,-7.7647896,-0.7430821,5.079486,4.12811,2.2043672,5.7415257,7.6852016,10.193468,12.830324,6.1851196,0.19508123,-1.7392718,-2.0067806,-2.4099424,-1.9856764,7.260275,12.81325,7.640071,3.6916823,4.5102854,16.854435,21.48945,20.239273,15.489211,11.892915,12.443062,9.715303,9.978554,5.7351665,9.269035,7.73377,2.739492,-0.35736406,0.5187563,1.9048016,4.570018,5.5804863,1.2394041,5.8129997,5.9899826,4.393222,3.3283052,5.0145473,1.5638481,-6.236238,-9.256418,-13.092033,-4.193186,-2.1448183,-3.9529388,5.758055,1.7639042,1.1422017,0.4172201,-1.301008,-0.41715956,0.2674265,8.848622,10.791947,9.400132,5.5125537,1.231455,5.499405,7.9560137,8.948621,4.585175,-0.15449643,5.4152026,6.415545,3.6155956,-1.8658652,2.2301173,0.9148483,3.8216152,7.202832,3.7222128,-0.7352362,2.0462847,9.554905,10.174971,1.4359548,2.5574617,-1.7896976,-11.92186,-15.964654,-14.529378,-12.052239,-15.26086,-10.813765,-2.7988057,2.924415,1.015968,-2.5866191,-0.6393962,2.9989727,4.3154454,0.5026342,-0.44091815,6.6358624,6.8945704,4.1579256,2.4575849,4.4497247,3.566453,2.626709,2.2563255,0.87660813,6.3732567,6.441599,6.7598376,10.36759,11.410656,11.355322,4.70953,1.0504194,2.0937037,6.878954,4.9368525,-0.8143212,-3.2051084,-1.2736529,1.2847793,3.006077,2.7574363,3.0967488,2.0072227,1.4738126,4.27167,1.6068381,1.1755232,0.34940755,-4.1851897,-2.55973,1.3353126,6.838358,4.303793,2.4534519,1.2071848,-0.37760496,4.4712763,7.6759815,2.3818173,1.2012713,7.767083,9.84218,-0.644784,-4.237426,-2.395376,-1.0190039,-2.2806063,-2.4561458,-5.4287777,0.82411957,6.075451,8.463896,19.219265,16.399292,18.757061,15.642106,10.490389,9.581461,16.658749,17.522648,19.81224,19.061436,16.052998,15.248925,23.969967,25.732428,15.638665,19.755947,19.475155,19.962307,13.829662,7.3212147,5.5792313,2.5637145,-1.7489302,-0.6985996,-2.100297,-0.26239538,11.278492,17.582947,19.258797,8.712923,-3.0615268,-2.5814443,-3.2412448,-1.3819917,0.79095626,-4.678524,-4.310432,-2.7087767,-5.1211567,2.457951,8.273034,1.0838253,-2.0854542,-2.3597016,2.5834472,3.8454025,-0.08957994,-3.1886954,1.6137357,-0.7027315,-5.9346457,-2.8525968,2.3617015,6.7781496,9.572651,15.680632,14.987143,13.362171,10.929051,4.4344206,-1.5850471,-1.7548764,2.2068655,2.7373161,-2.4175334,-1.6076715,-0.06841087,0.57270247,1.2290181,1.8505217,2.3978734,4.168025,-0.6525142,-9.581762,-6.288315,-3.9398494,-1.2295568,8.523966,10.433268,7.6442566,3.2269564,5.0812883,6.0212846,3.6407804,1.136328,-3.6843638,-7.8182373,-9.368065,-9.414971,-6.8362346,-5.9968634,-10.16628,-6.2303166,-4.220207,-6.987037,-4.469196,-1.8251518,-2.1532931,-1.160178,-0.6852293,1.1835384,4.0086126,-0.68299896,-1.5199031,-4.798064,-6.5783205,-6.0182767,-4.3481026,-8.333641,-13.064215,-12.047821,-13.316296,-15.964929,-15.877648,-6.9098935,0.7053896,2.7090368,1.3927146,-2.9896278,-8.325881,-11.248314,-10.698473,-12.575533,-16.95129,-18.637789,-16.545454,-9.793304,-5.5345697,-2.1822562,-8.510633,-10.625449,-11.028729,-9.712124,-8.019666,-10.373444,-13.329783,-10.219474,-5.3622527,-4.705644,-4.3100376,-6.5571165,-8.660919,-6.879908,-5.2412376,-6.0883822,-10.210938,-9.49881,-8.927548,-8.3952,-9.483046,-8.302747,-4.5665927,-5.831909,-3.7541974,-4.8951826,-7.573833,-6.843498,-7.1533127,-5.448576,-6.238502,-7.985322,-10.776589,-4.8281784,-0.28609514,-0.093322515,-3.2656603,-6.011429,-6.887023,-6.4552083,-3.0008461,-7.361001,-8.679558,-9.293663,-10.28602,-14.001926,-11.974626,-9.808977,-5.719796,-5.612444,-6.72158,-8.064257,-5.602272,-1.4945164,-5.8893495,-5.3401527,-5.057254,-9.955065,-6.4034424,-7.267909,-7.1977997,-9.1930065,-12.91326,-12.148008,-14.161371,-12.750004,-10.443529,-10.573585,-11.429108,-5.595159,0.58148795,10.561889,9.795337,5.338303,5.8555546,10.191103,16.75742,9.547487,3.201591,0.43530548,5.8375144,7.808874,6.977444,8.1258335,-1.0032238,10.193918,13.188487,14.02433,5.4564266,2.013177,-2.3872738,-3.7950697,-6.6011057,-5.485468,-2.799199,-1.2886965,9.016978,12.512229,8.723573,1.3245325,-3.0368,-4.17406,-5.800619,-11.303873,-13.437874,-10.214806,-9.354629,-11.760857,-9.053173,-4.1704183,-3.9600742,-5.0592046,-6.0830755,-10.335257,-12.451792,-9.72784,-6.695952,-13.47407,-17.065023,-3.2454658,11.990534,14.109859,12.836237,10.217872,10.466927,10.997013,3.8482397,2.9441898,3.074232,1.0604451,-2.6527467,-7.1528893,-5.8470707,0.38607278,4.484846,1.7044871,5.2058845,2.668223,0.05489576,-5.53071,-11.14695,-10.186603,-5.292574,-5.266939,-4.99956,1.4574828,5.719029,8.226763,6.651975,-4.448712,-3.9655595,1.0971773,-0.4346007,-5.339225,-10.896236,-12.743268,-12.95079,-15.029093,-18.372227,-10.519169,-8.733684,-7.8281155,-5.3295097,-8.529774,-11.182257,-8.577602,-5.117118,-8.951688,-0.21655488,11.935411,18.429733,16.399708,13.026539,8.72628,9.28805,7.4408627,3.4484472,2.9596813,1.1653061,3.5933366,7.614216,5.1594863,4.9536347,8.716087,11.847977,10.076241,5.798765,5.322444,9.4435625,4.4641647,-8.163571,-11.210718,-7.7104664,-3.8298752,-1.0154581,-1.4767101,0.08918965,-0.22697198,-8.487231,-11.098759,-6.669607,-4.266634,-6.6081,-6.6326456,-7.593813,-7.2432427,-6.0765777,-6.093455,-12.707172,-9.903206,-5.35405,-0.34313363,0.8324616,1.3067919,0.11393681,3.2425082,1.952185,0.8600557,4.334574,21.82766,25.485834,18.298912,16.524448,16.486124,17.413399,12.565031,14.622369,13.735434,10.14229,9.813133,4.992383,-1.4160749,1.2870932,10.080335,8.15604,6.435365,1.8857431,2.105896,4.1661158,3.327929,5.0321026,6.14365,-2.1021597,-7.347349,-6.300119,-0.38110274,3.114622,4.8979964,7.967612,6.110091,-3.2972727,-2.095922,1.3107411,0.883733,1.7702038,3.3032155,6.328098,7.3305626,2.3515139,3.3172212,-1.5836471,-6.853736,-3.8005412,-3.4837272,0.7717354,-0.10919505,0.025912166,0.97535825,0.5963111,2.6422575,5.7087393,0.2648006,-0.70844716,2.504826,3.0822897,6.6336412,4.1405473,-0.17923534,2.9159555,1.8040913,-0.7429224,5.8629694,9.121263,9.330644,5.292324,5.568324,0.85528284,3.2538238,5.102105,4.0778737,6.4233685,2.5082922,-4.534067,-1.9201174,2.1272109,4.842624,14.277802,11.412331,7.619214,8.397006,4.0771103,3.2704906,9.104528,11.935671,17.284431,14.423944,12.394883,8.257329,2.762856,0.050121427,2.7708318,3.497346,2.1544638,6.1974053,3.6144047,3.5474339,4.1794896,-5.2916236,-0.88198805,0.14920318,2.7519279,5.920129,6.093563,8.008455,10.114149,11.195488,3.841136,5.1579876,4.5047655,1.0498387,-4.5463524,3.3027742,3.2839024,-0.4882427,-0.55554557,6.7585483,6.872954,0.6412235,0.56106055,5.288398,1.342476,0.10541135,1.9872874,4.6935854,3.158764,3.8150678,-3.2122457,-0.57630587,1.7243918,-0.29334703,-2.3637156,-8.946656,-16.449085,-16.460009,-12.315475,-10.921474,-6.5061545,-8.015778,-8.680679,-9.328422,-9.37347,-5.4369535,-0.822139,-5.4723835,-8.480409,-10.488144,-3.9879189,-4.640445,-3.2255893,0.82655776,1.9239597,10.529996,11.86745,3.9713302,5.88673,3.384719,4.531743,5.945024,6.4825563,6.885984,9.426431,11.584349,12.928675,10.831703,9.800683,5.5975666,-1.9110229,6.0798545,4.6511564,4.6532593,2.1795673,3.5591831,3.589038,2.002485,-0.06582725,0.91443986,9.781452,10.560225,7.9816165,2.839681,3.1752486,4.297765,6.1244307,3.4626298,4.5545506,4.431791,3.9925637,6.799113,5.9593625,1.4247487,-0.63698864,1.5042331,-0.38073182,-2.5558498,2.376591,5.6403556,7.2353516,7.882613,5.4306865,7.1740723,6.438519,10.808935,14.491838,11.3029785,10.514827,11.860489,11.558144,4.091058,3.9840617,1.5252376,-0.30023265,1.1088761,4.1114726,1.968356,5.3751955,10.430532,5.911337,2.4947364,-0.5348518,-1.1821826,5.041578,5.485658,5.8299923,7.694336,8.881104,13.72875,6.914027,1.9184592,7.008881,8.799542,10.1201935,5.801479,2.874703,6.4504375,2.283269,2.6109085,1.8157802,2.4336352,3.5597992,4.3643246,2.7353492,7.279993,12.17359,8.384808,4.8761206,7.6475973,4.6042423,5.9772596,10.916294,4.657635,1.8433257,4.3604856,11.023772,7.8503757,12.312309,19.995197,17.977549,13.061138,12.648125,11.666819,13.313719,10.173744,7.683811,5.3355155,4.864232,5.0173335,7.524477,8.550852,7.7860956,3.833132,1.2102082,-4.460644,-9.860249,-16.012514,-12.8158045,-11.906979,-6.8188896,-6.338324,-12.060997,-6.7331767,3.8061666,12.326534,12.500946,8.428256,7.50281,6.0097837,-0.22004822,-1.6969379,-1.1570132,-1.167271,-2.03537,-0.45839942,4.8169394,0.5918447,1.4154046,-0.3751298,-3.6671863,-5.3523426,-6.69678,-2.6584823,0.27988032,-3.4065228,-5.9029984,-3.869591,-1.143359,1.2723409,-1.4138435,1.9763734,4.0937853,5.6665063,10.365053,3.5854554,-4.544322,5.721903,10.156755,12.162483,14.768526,10.072047,8.517693,12.759142,12.33059,9.123673,5.8199177,10.936056,-0.6980344,-8.058818,-7.3432503,2.5895202,8.661133,11.25071,6.3647094,2.4218054,2.4191542,-0.14029521,-3.8719075,-5.8390713,-8.409897,-6.9135647,-1.181603,5.6637535,11.626812,12.337273,8.189011,9.873944,12.719854,19.797579,20.454815,10.04204,3.104073,6.3457613,12.063965,12.744692,8.607368,12.043303,9.037582,8.234741,2.3903022,-1.6208739,2.3929565,1.9766366,1.4134953,-1.9144828,-2.6900008,-3.4546716,3.0094585,11.974419,18.354996,12.61549,9.531277,13.720325,9.661848,11.344559,6.9353404,3.7790074,1.7078212,-7.752643,-12.594374,-8.527426,3.6031504,-0.8246509,-8.151358,-2.394988,3.6054282,5.6459484,4.4759674,5.7593913,3.503935,0.46858484,4.277167,1.6718184,-2.4611003,0.32578632,9.068079,8.172487,5.83183,1.050936,-3.6975613,-5.1074705,1.537168,3.546021,-5.508713,-7.7200246,-1.4585253,4.9965506,1.4531356,2.364868,5.237797,4.0621614,7.1470203,0.67275536,-0.8978969,2.9034724,-1.7365372,-0.77969456,5.115122,9.260147,6.29578,6.171579,8.848277,5.777458,0.1774975,1.3631375,3.1822531,5.0327377,6.0779953,10.737713,10.543003,6.013807,5.376424,3.476765,0.47411728,-0.8206487,-0.94965893,-2.636068,-5.0587883,-3.1167488,2.669591,-3.6095579,-5.851244,3.1721733,2.9880626,6.450078,4.976358,1.8651137,3.759475,1.0877204,-3.515331,6.9111576,20.920187,23.268559,17.414564,15.5776005,20.049128,19.663689,21.070557,26.566109,21.299957,19.478611,21.694332,18.517527,12.061899,3.9821167,-0.31507397,4.0612283,10.142992,7.6352396,6.8378677,13.771876,6.8368063,6.618204,6.6418405,3.4783974,2.7365286,1.6314142,7.6174498,7.08469,2.3434062,1.946545,-4.7996135,-7.924936,-4.702633,-8.7955475,-1.1745584,6.0686874,9.392175,5.888485,1.9714574,1.0558331,1.2954314,-2.5796366,2.6414404,5.229995,-0.02973497,1.786556,3.4066148,-1.097566,4.1345034,16.93923,16.436878,15.567007,15.221493,14.3466625,12.842964,12.343672,8.800404,9.235235,7.002385,1.4814363,-6.1798697,-5.879176,-4.520048,0.8752357,-0.28908116,0.29535252,2.84814,0.5381936,-2.5855892,-6.3034816,-1.2003595,-3.5631242,-4.1295295,0.15730977,5.351877,12.642101,12.654968,9.281153,2.5011535,4.327632,1.8326155,2.2967844,-2.064417,-4.346197,-3.9039693,1.306615,-1.8198886,-7.87686,-3.3289654,1.2154949,0.17437834,1.8023813,5.050333,5.2109036,4.7503066,4.5564113,0.7491033,0.46454415,6.4463177,9.5676365,6.6667414,-0.640465,9.599526,9.579886,6.2044253,7.3378572,4.954932,0.077310085,-2.5213275,-2.7170496,-7.9233966,-10.1485,-6.2716837,-0.4318742,1.7313876,-5.960662,-7.5408893,-4.386412,-4.983604,-8.874335,-7.886174,-7.7898664,-9.991575,-7.7453456,1.4014741,5.125249,4.312151,0.27446303,-0.44031423,-1.0163585,-3.1008325,-0.3407892,-1.5764009,-2.955317,-8.741886,-12.21815,-8.589428,-1.4956694,5.0538588,3.5058172,2.2853658,-0.6109206,-3.7769568,-6.667775,-3.6925306,-1.3232228,7.1715794,11.986641,9.783844,6.347005,12.35783,12.578548,11.02507,14.27603,17.349014,14.530996,6.173726,1.353214,6.8435845,5.1715045,0.73477364,-4.2865753,-6.8251157,-6.9316607,-2.8285086,-5.464886,-7.0383725,-0.9907888,-5.9483194,-9.258007,-6.902032,4.25389,0.123444706,-3.3665566,-0.17880736,-1.823399,-3.1647186,-4.7476664,-9.151521,-5.1121283,1.3484687,3.9647508,2.2868567,-3.8180306,-8.2288475,-9.613807,-8.283089,-11.211473,-6.833726,-2.509674,-2.060495,-3.642887,-4.4705505,-10.534191,-6.3054457,-1.0860717,9.946085,16.936478,19.392029,14.548096,13.086425,16.68146,15.860178,15.262495,15.75055,13.842968,7.342408,2.4772058,1.8687134,4.0977874,14.348684,11.234377,4.1996408,0.4953481,6.2084885,8.441936,9.068131,7.3135066,2.8919787,1.5685602,6.833946,11.550525,13.398844,15.314019,5.0593486,2.4943686,11.546655,7.8683157,7.628951,8.718258,8.300995,2.6248853,3.6396978,10.338715,7.638671,13.705534,7.9885178,4.984107,2.1637273,1.5990698,2.940971,2.1752157,5.94359,21.09816,26.808624,23.994194,20.282581,21.36821,18.657661,16.622799,16.999302,14.975446,8.420313,4.256253,4.418004,3.858099,4.6779804,5.753086,3.993792,-3.4418395,-8.754585,-7.9371433,-0.7721752,1.4074866,3.866526,-1.8161377,4.058647,3.1368742,2.2782583,2.2387025,2.2548316,-1.194879,-4.4905577,-5.0118523,-3.0142565,-4.8464785,-5.1380854,-1.493303,-1.4700612,-4.420671,-2.6777697,0.3923539,-0.0019543767,-0.74646723,-2.4184418,-13.636673,-15.435048,-4.964212,1.3099325,-2.0740144,-7.023857,-16.012537,-20.748343,-9.040281,4.347026,10.178844,3.892024,0.29080486,5.2443767,3.3559005,-0.12110138,-0.49349338,-3.316891,-6.4224606,-7.499405,-1.5836364,1.0210962,2.1003187,-1.5362983,-5.3227625,-7.5633802,-2.884217,1.8088502,9.601179,15.415973,11.621798,6.039397,-9.398804,-10.620057,-11.11585,-8.855788,1.466649,3.5824862,1.0524188,2.3323202,1.5152471,-3.5712013,-5.3542557,-8.351599,-4.84494,-2.9391026,-1.1498446,-3.1424174,2.0706577,-0.8781422,-7.3070116,-9.774292,-4.5522885,-1.2671745,-5.8887515,-10.564638,-6.7922077,-4.6711063,1.176986,3.2708392,7.363925,11.373651,2.6225743,-5.0848117,-3.2982948,-5.1384993,-4.082647,-2.5601997,2.0657942,4.2004232,1.7566774,-2.9142041,-1.1416229,-6.36484,-8.581194,2.2034664,12.692099,15.435846,19.85369,17.249237,20.00991,20.00624,14.076986,5.7121353,-2.8906598,-2.5172784,-5.535332,-7.201048,-3.94765,-4.3577714,-2.0032687,-5.4511404,-6.533194,-3.3395462,-0.50398165,-6.4942226,-7.597169,-0.19817209,-5.7779512,-4.703582,-8.913006,-9.99758,-5.146102,-0.48849177,0.24922156,-3.6753693,-8.389769,-5.7099075,4.314884,6.421473,2.4001415,-2.027653,-1.2157816,-3.8522534,-3.6806958,-3.899771,-4.256867,-7.952608,-6.2092037,-2.493085,0.56786954,4.2999077,-0.31340635,-2.2980182,-4.84345,-10.5746155,-8.97994,-4.2346,1.179454,-0.06446664,-1.8616856,-9.286875,-1.2305961,2.3158484,0.5937089,5.0601954,18.104504,22.104198,21.313248,23.325714,26.82402,27.267612,23.873774,23.062298,21.612514,24.721642,23.063168,22.786469,25.148447,21.465595,18.745514,23.661404,30.648548,29.625,28.754831,30.953274,26.70536,21.911129,22.658363,24.057678,22.409061,23.318928,24.064106,29.725143,28.063997,27.223314,22.483265,23.112194,21.733175,20.479916,18.373034,17.284145,18.86758,18.338615,14.461037,14.154858,14.58927,8.853651,-0.79732597,-0.5163252,0.6090226,1.6062818,4.9290814,-0.5233238,-2.7718587,1.3828559,2.3690448,5.929371,7.1965666,7.475681,6.5865455,5.7982664,8.298475,17.39417,17.643185,11.43893,5.5044503,-1.5450437,-1.8810208,4.92622,10.3569975,8.807211,0.9023713,-2.3762622,-2.328844,1.0030518,0.4672893,1.1158348,0.030368924,1.9314858,6.2442074,9.460749,13.609578,5.5576496,2.3483672,5.7143126,5.371883,6.2532477,8.870754,7.646264,7.6850414,-0.30710596,-7.713324,-5.9740925,3.6128702,7.9787064,9.308793,17.93442,13.407854,10.488846,4.513867,6.85104,3.8004577,3.4636588,5.3804765,4.9734654,8.966415,11.970989,8.070864,5.0447164,0.23258488,-3.032774,2.854549,6.1206913,8.782852,4.488736,4.993129,2.0639641,2.3897247,4.415653,2.83132,-2.0825088,2.9609776,3.2893004,3.2243164,7.568925,11.537975,15.693285,10.915495,8.358681,10.614237,8.247519,7.8703604,3.174315,3.787208,8.065811,3.1014078,-1.753459,4.6722155,14.842873,26.340591,25.993996,23.02291,26.295074,25.00761,19.643646,11.49975,3.8923144,2.879225,-0.20983464,1.8171239,3.6083999,9.191211,10.735701,13.443822,10.23748,1.5553123,2.3383517,5.207861,9.183959,6.8049498,6.78238,8.0199585,2.7366521,2.8234222,5.636262,3.4280272,1.3700286,7.2274823,2.991492,4.139823,4.007844,-0.30169666,4.9047027,10.083833,6.050854,-1.2060049,-2.2211902,-1.1756045,3.4628806,1.1619594,2.6032226,0.72365594,-2.7838874,3.118946,5.5711656,4.7652473,7.913225,6.3070335,6.3189754,9.191906,8.479044,4.9249225,2.6134236,5.36636,6.4510336,4.5716114,5.489911,9.232482,4.1489367,-1.1523522,-0.8211578,4.073202,10.916948,8.678028,8.76593,12.943205,13.0979,9.505989,6.4482603,12.229683,13.881704,8.777002,10.632462,14.786659,13.832619,12.078674,14.461664,21.619997,19.292702,24.051113,23.446539,14.366112,12.178322,11.13224,13.190008,8.948924,4.899056,3.0021267,10.806282,12.33592,12.340463,13.8319,17.020184,15.0211315,10.002373,8.117025,-1.0520717,2.0744362,7.110449,9.120718,11.228847,8.628701,8.188594,5.397463,2.2882614,5.439874,11.041153,6.269856,0.022833765,-0.023801789,4.2112646,5.7006645,6.4120836,7.5731735,9.748371,13.123498,12.710657,5.7369704,2.7252324,6.01824,4.784762,4.1273775,-0.5751213,-5.4199505,-5.1932883,-4.469986,-0.76707137,-4.362219,0.20700583,1.4375771,-3.2075176,1.2830794,7.8735704,11.334429,12.671013,11.33059,5.483165,2.9387817,4.357633,9.614977,9.555574,5.5343943,2.436203,1.5248388,2.230001,3.7404351,5.084152,3.4684315,8.496653,10.741089,11.638178,8.9252,8.556017,13.685088,12.535304,7.1377573,7.0026426,7.605028,4.770909,6.786149,13.851409,17.452126,16.338123,10.573846,10.2147455,5.822891,3.684959,1.2230436,3.9519572,10.436242,9.501145,1.1095736,-1.2155812,2.0196462,1.1433303,-1.8066761,4.5489273,8.84841,7.887637,6.257674,3.657129,4.0975637,6.5898256,7.11505,1.9770987,8.022403,11.42672,15.651665,13.30252,9.104761,3.7798789,7.876851,8.914834,8.6117,3.0696533,-1.2249949,0.91023934,-1.5462956,0.8938817,11.960173,12.1069145,8.262896,3.5559602,4.703127,6.5455747,7.9828577,7.2787194,11.033232,10.042603,8.355025,9.162163,14.770027,12.383572,7.6473227,9.268427,8.510759,3.9867535,5.820513,8.829687,10.502382,4.6689296,-0.8923105,1.6592972,6.072591,8.0737,6.0261784,6.616495,5.6820254,1.528512,4.0164557,8.392626,12.258991,12.949297,17.828175,14.009869,1.6028612,3.7486112,1.8429524,-0.8007655,-0.50681925,-4.57566,-6.1408005,-2.0829144,-0.40157878,-4.550811,-11.314362,-16.33502,-20.392975,-12.874489,-3.675506,-5.1409984,-6.0488944,-0.05367142,7.206355,15.037437,19.513744,20.221275,15.45352,14.036877,20.6861,23.453667,18.486519,18.103167,19.025913,19.956745,24.706102,26.011826,26.660965,22.324055,21.083511,25.465822,25.181534,26.078382,17.730255,15.847187,21.540222,27.36996,26.573404,26.295307,24.845818,29.101078,28.112885,25.615368,24.68568,23.336422,28.008373,22.596884,23.420177,27.592205,22.717499,15.351073,14.322903,9.625585,8.970694,7.566266,5.385811,4.595562,-1.0014596,-0.62268394,1.8839455,7.222394,3.0154743,-0.027050436,0.012971014,-3.0482879,-0.8526027,-4.967379,-2.832386,0.3602515,0.7918971,-4.1525407,-7.5592732,-5.9133396,-10.731134,-14.726399,-8.944117,-4.0304885,-4.6579795,-9.395271,-10.78328,-1.4156379,0.4090867,0.30759892,6.7774763,7.2803874,6.3354063,5.611499,5.957131,10.995468,9.028288,-0.677279,2.4511032,4.394625,0.46604896,0.3163737,11.589912,11.025068,6.0466475,5.616693,9.760889,11.818748,15.496231,19.776598,21.092457,20.54995,14.6729765,4.0822344,3.6988416,3.0415745,-1.7690638,-1.0068107,3.3701832,1.3023727,1.429709,1.2995883,2.3180761,4.2163763,4.1336713,-0.5210809,1.9964366,6.3344946,4.731757,0.5009552,1.4707977,6.324379,9.599781,6.1316967,5.367297,5.4318023,6.5554943,11.003317,9.63796,5.8680534,4.5192776,8.161301,14.5092945,11.937355,6.3516846,10.09432,6.500699,7.138154,12.681171,14.469429,12.35711,15.995737,20.04924,29.666607,28.444744,25.085964,16.715488,8.346987,4.6844563,1.1840708,5.6782374,10.081421,7.393347,11.2307415,15.757961,7.610779,6.012285,10.602917,12.921587,14.007124,12.4000025,14.3741665,18.098673,11.473028,6.7141986,7.482563,10.4029875,2.376891,-0.20468551,5.2314034,6.525057,8.129777,9.992376,11.635357,7.973876,14.568734,12.754627,12.4620495,14.244045,12.75523,6.5342827,6.771103,6.5833144,7.512865,7.831305,16.697132,14.217197,16.743164,15.259962,16.834759,12.260128,10.750746,10.418051,14.942828,9.866304,7.961566,7.56518,12.209618,17.50193,16.735512,15.807883,11.843184,7.5599794,11.140086,11.979337,7.5839615,12.667166,18.855793,15.357117,9.869602,7.9349155,7.229641,10.430788,13.027667,15.881253,13.011244,13.764396,14.364712,13.098648,11.323693,10.871269,5.8402596,5.2500033,9.567741,8.400844,11.319378,19.480732,18.36621,15.561827,17.761303,20.582691,19.786253,16.60304,17.342201,20.041512,18.20136,18.663319,15.465813,20.332748,22.343908,20.38707,22.818634,21.562218,21.294292,21.603302,20.063965,18.102112,10.229267,15.802412,19.706795,21.463158,14.7238655,8.456591,6.73781,10.655344,9.134386,1.4847722,-3.8534741,-3.0438652,1.5315381,6.614233,7.683303,5.6863728,0.6484454,2.5542362,-2.5739985,-2.7973225,2.8354287,3.7138624,4.9589205,3.0701993,8.072008,10.769712,-0.09746444,-1.7679415,2.2626617,5.7910347,4.45582,1.680994,-1.4432397,-0.14771062,0.5271305,0.89509726,5.7523336,14.125956,14.397778,10.708767,9.679773,11.145573,9.966192,0.84911174,2.1265798,6.6172323,10.024666,16.717098,18.570923,24.66064,19.73806,9.073732,2.1475017,5.890529,7.8102074,7.0454564,2.849759,-4.6503887,-6.979294,-7.770875,4.699421,7.398645,4.837476,7.0543137,18.615183,11.90563,4.0816483,4.4564943,6.750508,12.653603,4.891013,1.1717892,2.2432365,5.0489016,1.2574055,-1.00783,1.6116873,1.315051,-0.84097207,2.8828979,14.622376,16.916115,14.581554,11.656744,-3.2431536,-5.107893,-0.034297287,-8.23382,-2.6084433,8.779432,2.5708842,1.6043123,-1.0634596,1.7446734,1.3059944,1.4699445,8.254736,7.63477,1.5442013,-0.31067657,-1.9884019,-0.38017923,-1.8176731,0.2513708,3.4691613,9.534645,10.829685,9.422266,8.913031,7.860159,8.57984,6.4498386,2.0897706,3.4753392,2.5536408,5.136421,0.3173656,4.268722,5.273158,3.0728378,7.331946,1.7408975,-1.1087801,2.5704904,17.488022,20.407028,13.0923195,10.207964,19.288776,26.856817,25.347437,22.406727,21.174679,24.623337,28.453106,23.379105,24.621878,25.586224,22.516325,17.305794,19.924,15.877373,10.577501,14.360981,18.757635,18.661983,16.5145,15.721274,22.407402,27.070625,30.16357,31.583336,25.84681,25.134544,26.137676,20.140984,8.477904,7.7184286,7.943326,13.306889,15.170231,15.415079,21.456215,27.829288,28.526758,27.241367,27.137379,26.038334,25.741295,18.185219,13.821748,13.204626,20.902348,22.817448,16.293753,18.708244,17.502308,16.728485,16.314232,14.310513,8.729861,8.177979,8.913102,7.0695667,8.309423,17.535404,18.686577,21.52927,19.93893,21.50133,20.734087,22.259407,22.204351,19.19364,15.813852,11.789379,6.8590717,-0.8339573,-3.1974406,-1.7147233,4.8044953,0.7485844,-0.25101125,-0.50289524,4.745615,6.7745266,4.254226,2.5591774,4.9706974,-0.31126845,1.8320161,5.6307874,7.5447016,7.3675737,12.529932,18.77135,17.00837,18.152784,15.531974,16.786263,8.220758,10.15736,7.343904,-1.8188659,-5.5265055,0.70518035,1.7696321,-0.16874403,1.722985,9.226342,14.922512,13.74798,4.0800476,0.448969,-0.9303099,-2.6649117,-5.13788,-7.9680824,-5.2096844,-2.2007017,1.4795479,-3.4389403,1.064229,2.4934263,0.52020603,2.4424322,0.11494064,-3.064395,-7.7874866,-15.141736,-13.577271,-6.39573,-4.248256,-3.7516599,3.0172153,2.9258852,-1.8313166,-3.1368039,0.65806687,2.4993286,-10.909761,-3.387918,3.9400916,6.0873976,2.9083142,0.24426578,-0.481252,1.1737008,1.0325685,2.9362497,4.0530605,5.036456,8.028196,9.875025,9.2788,4.0824757,5.211594,3.4423537,4.073834,7.6468325,7.311344,0.17294121,0.03752792,5.8490877,10.024718,13.22538,11.194193,10.540123,16.079865,12.71118,9.744506,9.945642,2.7199273,1.9100518,3.616231,-6.773471,-5.631341,-0.5588429,8.468931,14.90109,15.289516,13.085817,11.716538,9.562359,12.264972,16.524464,12.799408,9.30304,8.643412,8.184332,8.700533,7.4609528,8.275257,10.429185,10.490402,10.876694,10.14761,14.467087,13.064805,14.633645,16.100248,14.434909,7.900827,-1.7642641,4.503125,14.222384,18.156097,19.722385,11.9739065,8.525721,5.706329,10.510895,12.534263,6.9277897,-1.1101384,2.2478535,-4.1348658,-0.03844285,7.626396,2.987585,4.1472588,14.137163,12.965193,15.515148,18.921608,19.620888,14.007738,12.380978,-3.4065137,-7.5672045,-8.250287,-7.74305,-7.864499,-13.878065,-4.771825,3.208987,9.794728,8.568075,5.4406366,4.791558,7.5061436,13.28516,10.931622,10.197088,9.919528,4.0440006,3.4068513,4.809827,13.123841,16.234573,17.780739,14.295246,11.789162,15.541681,16.69072,13.935925,12.743885,8.857564,5.5431957,4.884642,5.0894365,2.4499803,-0.26812005,4.4821577,3.8490803,7.593402,6.9415617,8.67346,7.342359,9.67432,11.657159,15.05645,19.609398,12.655359,-3.7323833,-2.023488,3.017071,8.455735,13.07095,9.946725,11.177261,16.07037,17.162668,13.559034,10.363904,6.493531,7.5662913,7.8173018,8.53512,8.110142,8.762848,7.822369,7.376177,9.00017,6.8502493,2.3812706,-0.6976119,0.2260113,-1.5262992,2.8359108,9.115467,13.392174,11.623873,7.9947643,8.329842,7.820327,4.75064,2.9048219,-0.26862547,-3.1012719,-1.9084721,-4.136306,-7.3611,-2.4590406,-0.5973011,1.3556583,-4.0775285,-6.0114155,-7.439386,-8.361467,-7.563957,-3.2696953,-2.8873546,-1.7210858,2.9100451,10.368172,15.409048,14.419046,17.415926,15.149033,17.379108,13.64966,5.066639,-5.264236,-3.586495,-1.364649,2.71939,7.340411,15.2419815,11.428684,10.4155655,8.825657,3.5289526,4.769683,7.616148,7.0765767,-0.23366538,5.218772,14.302722,19.051151,17.554987,18.083378,20.58183,14.880057,8.18855,5.338886,6.121147,8.316724,7.5941916,7.033799,4.333873,5.594549,6.2164674,7.412531,0.33509868,3.388658,3.482511,1.1041106,0.4660772,-5.836895,-9.844427,-9.564465,-3.5777218,5.5724845,17.146446,22.061947,18.106556,14.657366,14.71911,15.460821,9.277723,8.707939,8.745567,8.627453,6.951108,7.9297094,1.9544678,3.170243,1.1526861,5.2556143,6.9003406,-0.28676206,-1.9385419,1.8855269,-2.3152368,-6.544938,-3.3465662,-4.12416,0.31178385,4.481823,5.3313,6.2966857,5.0163693,1.7199306,-0.38690376,0.10518265,3.6579092,3.3649635,10.453863,6.0795913,3.0722585,4.965678,3.5520592,7.4400253,8.927471,10.031174,16.55387,18.970356,16.398432,16.114187,17.19511,14.133497,12.788831,10.365865,10.615176,8.813433,17.450869,22.80751,19.813496,15.352177,11.822332,20.367867,26.181068,24.955673,21.902971,16.781826,13.342112,11.545644,17.54074,19.990662,13.603443,1.9111476,1.9302983,4.0338154,4.007102,4.156186,5.0402966,7.771613,11.721062,8.246433,2.2162223,3.7872868,2.5901084,3.3636875,8.633343,11.212403,12.628705,12.126329,12.122534,9.180445,10.702347,9.416706,4.9515805,-0.71162,-3.2760916,-1.7710297,0.6179234,8.206728,14.752878,15.59967,17.612352,15.906961,10.880304,8.690064,10.520475,8.616589,1.9415119,-1.1344738,-1.7512758,0.6506039,6.136809,9.750856,10.302986,12.037945,13.8619175,11.157728,11.747557,6.5074177,-0.9755597,-9.707072,-8.759183,0.18822241,-3.6268764,-4.0742984,6.8439126,11.159311,7.078697,10.348022,10.102574,9.399139,11.983078,13.976904,10.5496645,5.096363,0.18697958,-10.158209,-5.779462,-0.58597815,-4.955904,-2.3294268,-1.228369,2.3507097,5.473068,6.2579846,5.095559,5.6735163,10.87589,5.5887756,5.0373,8.885689,4.1580067,3.9090657,5.220648,8.744963,5.365451,8.009251,7.2273684,1.7982818,4.031033,2.2969825,2.7068617,2.4515913,7.537352,14.096291,16.80374,15.0754795,15.321741,9.26715,4.5618763,5.0535855,6.24712,3.6754522,7.2244587,12.599148,14.380693,14.298035,19.025036,18.373375,20.484695,13.777853,10.568486,11.690365,8.131283,2.7840686,-3.4589677,1.2496027,5.2660356,10.845858,12.554386,8.929401,7.086877,4.119999,-4.2506237,1.2826433,4.5825205,4.862505,6.057415,1.2303743,-5.506009,1.994664,5.299816,-1.3653282,6.1663284,7.182691,3.0570285,-3.32744,-0.21341181,-0.8449539,2.3726616,0.5223368,-2.2493374,1.3084439,5.863808,2.4803193,1.7409161,5.204295,5.4393215,-0.7845404,-1.3776237,-4.223357,0.41821763,4.305806,7.7378607,10.509647,9.632189,7.88934,-0.38148805,-0.31926525,9.020784,21.535168,16.175968,10.109167,6.8341885,5.328599,0.57925314,1.0485626,5.9001513,9.169731,4.558127,10.88016,19.078491,18.488308,15.314699,13.878693,16.670988,14.735987,7.057581,3.1873286,1.6839464,5.258199,13.877634,10.490497,10.181592,12.577547,9.966008,8.713135,8.275626,13.672674,7.208222,4.9506207,8.353786,11.502909,11.638688,27.074722,30.358294,22.894196,22.489746,24.380434,20.687012,18.036575,15.060556,22.293768,24.483353,24.826012,19.691265,22.68011,27.24567,25.795189,21.899624,19.001984,15.266216,14.655773,18.206175,11.129469,9.731119,8.533554,-0.7522221,6.6591024,12.573166,5.812558,4.7709837,15.922188,15.805705,8.488051,3.03923,2.005214,2.4912524,2.9676983,8.2355175,4.8496594,3.3767107,4.0371614,15.149469,15.991228,10.600143,5.8402042,7.2006707,8.581108,10.572464,11.178352,11.399982,10.196663,2.301114,0.5030068,8.37849,11.4062195,10.041097,7.641364,12.36113,12.182875,14.255558,15.539812,14.391893,14.151715,9.7528925,9.591984,16.027061,16.252298,7.4244723,6.923769,9.496679,8.872684,5.254171,-1.3380172,-2.0239143,0.55643606,4.5632086,5.6447425,2.5607824,-0.19414425,-1.6928213,5.415436,8.385536,5.9915056,5.0044603,8.881447,8.186325,6.9594784,3.853773,15.760932,19.951117,17.216263,13.215109,9.3954115,11.064405,13.249163,13.111575,12.842453,12.351708,11.418566,6.281048,8.186555,15.418102,18.917524,15.798718,19.64983,20.487587,14.907423,17.197851,25.349852,22.329727,19.40544,26.788471,23.193714,19.35391,17.354778,14.310158,13.878157,11.866505,10.634206,9.5901165,12.268525,18.539501,16.285435,10.0281315,3.6512523,8.632566,8.012069,11.499603,21.830044,27.702408,21.844288,19.702581,12.143789,5.973019,2.1813123,7.8247104,13.38089,13.70474,14.102001,16.914265,17.641552,19.358849,16.443123,14.338196,16.667244,18.412445,16.039581,20.96629,18.112345,2.9815743,13.646572,18.724415,12.454222,14.594842,14.412149,15.390669,11.886955,8.937687,13.036188,10.280339,8.528992,6.4157696,7.649443,9.2732315,18.826601,19.461777,13.684842,15.799877,18.250732,13.73773,9.954433,6.131219,5.232814,7.972987,8.538221,6.575465,10.372276,10.611154,9.466623,11.312632,12.132935,11.684614,4.954111,0.8627184,-2.2616987,6.9430714,14.964581,15.977291,15.684454,11.919954,12.022728,12.32835,13.486918,16.354248,17.753273,14.379848,12.56962,12.185097,14.097786,17.049541,15.9595585,21.900394,22.404135,27.2565,23.386503,19.022072,22.272552,24.047966,24.492249,27.211777,32.44141,30.735899,26.338444,23.374132,20.052713,21.29446,14.313099,12.004347,16.243765,15.976721,12.857204,12.560705,9.733972,4.911764,6.039645,9.16287,12.74938,13.177317,18.439556,20.554636,17.687134,20.460445,17.218407,16.643684,16.489115,19.66503,20.339897,21.112099,21.392925,20.97182,23.183952,21.281906,18.739542,16.335283,16.012945,16.112072,22.675316,25.876865,12.967849,3.146923,2.4063163,-2.084578,5.1702065,7.0773396,7.5074844,8.462786,14.395709,11.301342,7.9217577,16.140062,17.513268,14.861668,8.292012,6.995634,11.0443735,14.903844,15.274352,14.153261,13.289919,8.722988,12.612793,16.671623,12.287079,12.208175,15.505495,14.244396,15.168171,10.772181,8.372919,9.790135,7.0394325,1.6635108,12.7889,17.608074,14.030117,10.5093,12.767693,13.521641,7.8391833,-0.32390654,1.6827632,4.8124084,5.6867976,1.4311212,-2.0367246,2.585259,16.062729,22.962433,19.32132,11.411532,15.581055,23.703522,19.044989,12.231678,17.018522,24.410378,25.726074,21.697824,18.882591,20.845629,18.219471,14.079678,15.200581,16.763197,19.633995,20.028713,15.843252,10.8454685,3.970954,19.177387,26.88607,28.168669,30.501484,27.721653,21.65424,16.306475,11.126535,13.157079,9.918714,9.348567,6.9826436,3.708272,5.687251,6.0881553,3.4845042,8.359136,2.8616228,-1.9194012,-7.3372993,-9.092514,-6.457336,-1.0235964,-4.3121834,-2.8041203,6.1805487,13.450266,17.787842,18.876144,21.587242,14.792553,14.11557,18.63556,17.121521,15.043917,10.011444,7.658794,8.785461,11.877942,8.712425,9.045476,11.709446,10.311737,9.837807,6.234081,5.5597405,6.925705,8.349786,11.319189,15.002499,22.095737,24.836779,18.664433,10.928383,9.64765,5.1230783,8.608868,13.138218,13.575403,14.019733,13.913582,12.330032,1.990743,2.483444,4.1292706,5.580245,5.1558166,5.985469,4.9432964,5.676106,10.224128,11.669853,10.305037,8.2837305,2.3885026,3.120322,3.6898084,5.993011,6.95839,8.734335,9.581158,8.989933,5.514105,8.710831,10.46583,8.8110285,4.443099,3.1570568,0.78650266,5.274642,7.502779,16.089935,14.120571,14.090894,12.595343,6.9020724,6.2382812,10.8053875,9.974626,4.1501293,1.0313817,8.36961,3.3854022,0.8511666,3.7930305,1.6459754,1.0338314,-6.513919,-5.291306,-3.2434745,-4.170436,-7.9528885,-8.471731,-7.3997264,-5.81067,-8.395849,-7.9308863,-9.96927,-7.6573486,-6.9234414,-5.4928174,-5.305575,-7.3003283,-10.649574,-12.758015,-9.9407015,-0.79324234,-0.062291622,-0.9693296,5.4577026,-0.507956,-3.78785,2.9797695,8.407602,5.3539095,5.6753926,0.09477103,-2.3956423,-2.8366442,-0.6621599,-1.7367713,-4.3405414,1.1901164,3.623618,7.489892,17.283808,16.724358,13.211983,3.0095515,2.6454828,0.93092763,-4.884856,-6.0142527,-7.253603,-6.1249547,-4.896283,-4.990009,-1.3867992,-2.471148,-9.282833,-12.458184,3.4907436,17.348515,20.771692,18.119112,11.710933,11.633854,8.998391,3.4452796,2.1678782,3.3073344,7.729668,6.031496,9.333275,8.45928,10.64091,12.2261715,10.239728,9.023804,1.7090542,0.014279902,-1.1847703,-6.102524,-7.040053,-7.1363254,-6.820462,-7.0511594,-17.30572,-20.563545,-11.18383,-7.9508476,-5.525428,-2.0067594,-2.2961605,-3.2885206,-4.220961,-2.4792705,-4.381641,-0.82171905,2.9280605,1.8384835,0.27678645,2.987569,3.6331472,-4.131766,-8.82827,-4.911219,4.833964,11.463009,8.383554,-2.4715893,-6.487116,-1.0197645,6.569974,6.902856,-6.330163,-13.55128,-9.7261305,-8.724226,-0.6901169,-1.2655833,-5.575716,-0.45202243,2.0347037,-0.4209941,-0.44598365,-0.64825344,-5.306056,-7.9765663,-11.128645,-7.508587,-3.8257544,-4.663559,-8.432536,-6.969097,-3.376214,-2.5060768,-1.6977574,-7.77777,-6.090944,-3.8217032,-7.6073284,-4.052616,-4.6529446,-8.756943,-5.8734307,-5.04331,-5.164416,-4.200513,-4.122467,-12.836979,-4.177399,-1.8428651,-3.5831606,-2.379191,-4.325143,-0.70800614,-2.848193,-4.817711,-0.6516834,2.8294315,4.4010153,-1.9180889,-4.5242214,-1.5004635,1.1514082,4.598753,1.1492358,-2.5047462,-1.2622621,2.8130503,3.5506966,-1.8580035,-6.2898426,-1.7061566,-1.8052934,-3.6845279,-4.106551,-6.342509,-4.5639772,-5.499166,-4.7167225,-2.7102568,0.08999622,-4.551339,3.2797053,8.58469,3.5037344,2.3198805,4.4861803,0.9344549,-7.162739,-7.1483355,-5.62125,-5.302902,3.6157973,-0.85296774,-10.538118,-11.850087,-10.145365,-6.9282866,-3.659356,-5.103981,-2.5152311,-0.07587916,-1.9629422,-0.28581202,-1.1915203,5.705409,-6.3068027,-19.256992,-16.679285,-12.452455,-4.790119,2.1903465,2.5960228,0.8596746,0.0581789,1.4715428,3.126526,6.3897505,5.671957,5.4468355,9.189703,3.7786343,5.2331047,10.637562,11.645158,9.645809,5.5979824,4.3309083,4.874747,7.7175145,5.8744526,-0.49077475,7.0985193,4.0372143,5.0954275,5.253646,3.855457,8.681062,8.787573,0.7579988,-6.005209,-7.928336,-7.526027,-5.0560045,-2.4481173,1.1384605,-1.355979,-3.0068722,0.6112643,-4.341459,-9.1487665,-5.199981,2.8830695,9.342932,-0.15320992,3.192276,5.7753887,0.7926433,3.5776596,4.236608,5.6129704,4.1458845,-2.5772672,-1.3726457,4.002877,-0.7098452,7.0995994,5.3105006,6.600744,7.0649605,4.761755,3.5553813,5.475009,2.9672213,6.1642246,7.2497215,9.096251,1.5655496,-6.1601357,-0.3997841,0.54431653,0.89589417,2.7254202,10.181925,16.586973,20.477589,16.853416,15.623778,15.142642,12.237324,6.931362,2.4345284,-1.0124356,2.8629117,1.0598595,-6.2944226,-6.6956596,-5.55664,1.377444,7.8276453,9.570461,7.4906926,-1.324866,-4.892234,6.2179966,9.210512,5.27269,-2.4929662,-4.786151,-3.3548963,-1.8245745,-3.3307083,-2.8810692,-3.2647882,-6.3781404,-5.891168,-0.63582003,5.119087,3.3425,-0.4034969,2.2064874,0.66939306,-0.0019080639,0.48385715,-0.17704844,1.6387907,0.4555608,-2.4307058,2.3058922,-2.3380146,0.7297462,14.169375,5.7023044,-4.3713884,-5.9334035,0.25419617,-1.7335497,-3.4868326,-6.503266,-7.7607517,-11.2635975,-13.078199,-13.99849,-4.538043,-2.9069676,-4.4952765,1.8762733,5.5770206,-4.0978603,-7.8885894,-1.0064647,3.947144,5.683955,1.2875464,-1.737778,-5.4791946,-5.443071,-2.8048027,-0.69899946,4.0967026,5.097284,2.6000085,3.1681821,13.520155,19.989143,14.390085,2.4803672,5.065799,10.410927,10.30208,8.518201,4.905796,6.05626,11.689692,13.991262,19.032114,13.343924,7.7290173,4.5433,8.5703535,12.021407,13.190121,18.95335,18.84582,26.281937,25.641459,22.331469,23.217024,26.30529,23.009354,23.386105,14.595757,18.230988,16.965277,15.613959,17.688107,23.066902,20.837442,16.694647,16.044842,17.303314,18.902115,15.707225,13.072451,5.198616,-2.7947385,-3.349032,-2.807899,-4.1083655,-0.52675295,4.7395163,1.7023481,-2.5709958,-6.114126,-4.054856,-0.32060736,-0.20160222,0.63338244,4.414897,0.14294201,-3.0497031,-4.1889105,-8.956562,-7.517193,-6.284912,-0.6527247,3.008178,3.8037915,0.19254763,6.0131617,11.227329,6.757895,3.0792637,8.91037,4.0852213,-2.183012,-5.4539127,-7.0535235,-4.9892616,1.4498494,2.169729,4.5307603,9.041955,12.096811,13.428105,10.001751,9.392851,5.489681,-4.4003496,-10.478855,-8.246106,-3.291923,-3.3326814,-0.73116595,3.1903963,5.0098276,4.358659,1.2771544,8.940946,7.8706646,1.6453108,0.41947317,2.3317509,6.1663737,2.621246,4.773051,-2.0322876,-2.9086597,2.7221498,6.9471436,5.588276,5.7374697,10.759407,13.536027,9.001555,13.885242,6.311406,-5.0929356,-4.000404,-3.1311073,-0.8063047,7.126916,7.6436987,6.20616,2.8810735,3.8301487,1.0346769,-0.17756054,-2.136873,-2.4691916,-2.4105802,2.7443924,10.642298,11.582851,9.028095,9.466827,7.7491846,8.314816,6.2534585,6.6104174,4.7917633,5.545538,5.5452256,6.0684414,5.682729,9.375655,3.5692492,-0.6885077,1.9093802,-1.883261,-2.4620147,0.30521232,3.8476725,4.1048265,1.7645429,1.1550794,-2.5461826,0.09712866,-1.5468737,-5.567814,0.2825487,-1.799825,-1.3048794,2.10321,1.533422,8.677551,12.386155,9.515438,7.9349003,8.938623,5.40578,2.53579,8.477374,7.363865,0.78193235,-1.4849008,-2.0784223,-6.150461,8.095846,14.140635,9.474508,1.039634,2.0545206,3.1168518,3.7740126,6.868504,5.5943456,7.4134693,2.0078394,1.3670694,1.3176234,3.8405423,9.544764,11.423922,11.200087,0.91080713,-3.0318737,3.481327,8.032597,6.3307962,-3.2566195,-5.8633885,-2.7134123,-2.907352,-2.3025017,-5.4060946,-1.6107156,-0.6287523,-1.7820278,1.6539141,-0.23876917,-3.6182685,-0.6221342,-0.5455409,-4.11607,4.1577306,12.878517,13.195087,3.164279,0.2988708,2.495767,0.6309278,0.22778177,-2.1005356,-5.3169737,-8.656164,-7.4546776,2.5342748,6.598589,7.7318106,-1.985452,-3.4561362,5.562326,5.391325,2.8945694,-0.046258494,0.26600975,3.2931194,5.193014,3.2421885,-7.569796,-12.915669,-7.0223885,-6.7614136,-3.3467255,-0.44237328,2.0603416,8.533143,5.009881,1.6288595,4.1561775,1.9786668,0.9834614,-4.8047853,-0.08176768,-6.2160826,-14.759539,-10.37411,-8.388371,-9.525366,-4.1490746,5.0833225,4.9250793,0.04436648,8.821539,12.852752,11.55385,6.4650908,6.937781,2.795347,-2.5081887,-4.6929874,-1.2758163,-5.2904325,-5.8035007,-6.1945333,3.9899015,5.257549,3.747048,-0.6179715,-7.430625,-12.370825,-12.094183,-3.7496119,7.183831,11.330176,12.44304,7.5327415,6.2465363,14.9344015,18.512636,18.447506,17.282536,11.945534,7.530427,6.5088124,3.85217,3.808066,2.6425812,2.483372,4.8239603,4.252253,10.777378,14.777415,8.301211,12.302853,11.515883,4.711282,1.7339373,4.1380973,6.844305,8.628775,18.577518,19.604538,20.91864,18.377277,20.440964,22.685392,17.388027,8.539604,9.935553,7.2384434,2.199968,2.920378,1.682425,0.6810789,3.0221276,1.0049694,2.6697414,6.069813,7.57059,-1.1463563,-5.4307575,0.27850574,8.435788,13.869812,12.784559,8.046068,4.2438636,-0.3020427,-4.0212364,1.5601697,9.048996,9.724009,12.176472,5.0493937,-0.5381392,-3.9372125,0.83963907,4.0785837,5.565234,5.2096605,2.6070158,0.7189053,2.869323,1.8884062,-1.1521634,0.83894086,3.8883555,5.250492,2.6092834,2.982769,5.7218256,3.893238,-9.993192,-13.366404,-9.758194,-7.953742,-6.5309577,-6.4615855,-7.919077,-12.380159,-13.984669,-12.93052,-9.537842,-9.138791,-5.6965275,0.9023663,-3.6162167,-2.2671518,2.1572886,3.6214259,4.575488,1.5242248,-2.2046475,0.12899375,-1.6939352,-0.5910766,0.6823254,3.2807207,3.7872498,-2.2413228,-0.38261843,0.34076238,-3.258594,1.628134,5.4872494,9.560253,6.420628,6.1710043,12.069871,10.002178,11.625587,8.011056,6.6070185,10.949823,6.8442736,1.4655552,16.266724,17.738354,16.440456,15.484904,11.012133,9.984378,15.674773,22.51059,21.221764,22.350166,17.051208,11.749607,17.538769,16.011934,11.704586,14.837682,14.058916,15.52619,15.377926,12.179573,10.485135,11.319291,12.6359,11.393887,14.576719,7.6691656,1.9325112,2.6902423,-0.65658444,3.7223864,13.937645,16.89729,18.37003,14.728091,5.821666,5.0179043,4.0145793,2.174345,2.4644618,5.517476,6.621496,2.77011,-0.7448589,-4.8363647,-4.0898285,-2.02797,-1.251773,1.7259796,5.281745,-7.080717,-7.580364,5.290473,9.946411,5.8247976,3.1742268,4.0909767,5.559183,5.6461997,3.5520818,-0.33098137,-0.085202396,4.498562,5.595784,8.4018955,8.775291,3.9056935,8.379555,12.278955,15.127319,17.702648,13.80982,7.2086034,4.7317057,4.016365,0.7550206,-0.19903308,5.7433724,9.578404,9.425576,8.681952,7.1945124,12.294323,13.786579,11.042957,4.579245,-0.4302088,5.4536185,2.4816184,2.33274,1.7657684,6.840105,10.972564,3.4718544,0.09919214,5.2924614,6.345621,6.0091867,6.8128214,-0.8939452,-1.6544155,2.206124,5.2173414,7.1790543,5.620835,3.1144528,3.5168576,-3.3494482,-7.5742183,-7.8011436,-14.402733,-10.4007,-8.647545,-2.5476675,0.07912904,0.9838157,5.474986,1.7200403,2.5956304,-3.4324002,-11.922169,-11.825695,-7.7018304,-5.849614,-6.7282844,-6.2414427,-1.2182491,10.1931505,16.06211,8.938175,5.555622,-0.08013123,-1.6449773,1.1998658,5.252161,6.057235,0.017623067,-1.3444878,1.2704644,5.065153,3.722682,8.970638,6.927291,0.40140522,-1.5744328,-1.26995,2.3802288,4.3066363,8.416504,9.602673,5.60616,4.3228574,2.9333181,-2.2409334,-0.30842912,-0.5850674,-3.3572206,-1.0535603,-3.808093,0.41124913,1.0967491,2.874816,3.8808584,-1.3040011,0.5304646,-0.41541684,2.2204242,2.9848819,2.350426,4.8583727,2.24749,2.0605102,12.607655,14.809839,9.289593,2.533022,5.006619,0.7306435,-4.560533,-2.474552,4.6988964,2.7085476,-7.678795,-6.393634,-4.24316,-3.833054,-6.6426888,-9.625629,-2.480102,-0.59487176,2.0869188,3.0197697,2.6519332,1.042376,3.3840733,2.6390555,2.856494,2.4891167,1.25726,5.5823364,4.0317707,1.2832879,-1.3199327,0.47037262,1.6810253,0.92994916,-0.3752811,1.0499303,-1.5035475,-4.3383293,-10.339501,-10.6957655,-10.83515,4.5023956,12.366711,6.938233,3.862334,6.1641583,3.525119,4.8253264,5.537741,7.3190546,4.849597,-3.2013159,0.55779266,6.277476,13.548954,9.232913,10.021811,18.455444,14.847392,9.732905,7.9052224,10.667685,5.886858,5.912165,5.968581,15.908209,21.119846,14.3047695,14.261474,7.8609643,1.1622356,3.7257314,-0.28648597,6.0172296,9.4995985,-0.5607633,-5.7654266,-3.5845714,3.0765033,3.4056478,3.2710028,1.3963028,0.21646905,-0.84763503,-2.5040746,0.36542833,0.7502612,-0.2981171,-4.414786,1.570324,4.283564,5.365322,4.072073,3.6690407,7.1501517,10.698667,10.15472,3.0184586,6.0095787,0.1613025,2.306004,7.2477746,12.128059,10.345867,5.7600145,6.1713853,1.0196205,-0.14457166,0.29739213,2.1834447,-2.0894995,-5.097445,-4.8101654,0.7790197,1.3189574,0.8288025,6.9438744,11.363765,6.8918405,1.9374812,0.19154906,0.33039832,0.48361665,-1.2523539,6.5504985,15.273179,21.548872,21.670486,13.341611,6.205098,4.832296,2.2805111,-0.49168766,-3.9740117,-3.9557705,-5.7594066,-11.349299,-11.817042,-7.915247,-3.94621,3.460776,9.378608,10.891227,5.804248,-0.47756135,2.6277783,0.2992996,7.38506,12.546629,5.2130723,0.0034841895,-4.0749664,1.5809731,7.1676106,15.097984,9.506204,9.073626,5.6800504,7.4360948,9.654952,9.648901,0.2871515,-6.3411393,-3.5464792,2.0829496,3.4625597,4.6669445,0.96845317,0.07822204,2.2866607,-2.3074775,-0.09180006,1.1692142,-2.0464826,-6.246156,-5.2091618,-8.1146755,-4.6640444,-5.473361,-9.807624,-10.765056,-15.370153,-18.11256,0.14959967,4.494067,0.8811247,-3.574925,0.7891353,4.8350487,6.959905,3.1266272,-2.3029485,0.90254986,4.4627132,6.70448,6.560534,0.98683774,0.17348287,-2.8519108,1.0345274,8.107112,10.137274,3.08596,-7.8680234,-12.489212,-7.7305536,-7.462466,-6.799184,-0.76169074,9.500007,12.353838,13.962012,16.944935,22.831318,26.572525,23.627892,19.664768,19.360886,16.855438,18.762928,18.05059,12.728813,7.1996293,18.262505,27.10072,22.840916,19.132782,15.474152,20.318043,25.717653,26.972584,22.774513,13.955589,18.530668,19.018642,19.059319,17.809948,18.03287,17.075933,14.834154,14.7671585,16.766823,4.511408,2.2513275,9.531045,11.698933,11.871391,8.556711,-0.29932594,-4.177296,-2.4524732,-3.3645806,-1.5833571,-5.061364,-3.9086525,1.3425361,-5.478417,-5.221513,-10.089075,-17.805035,-15.381664,-12.564316,-8.420244,-4.148962,1.2001624,3.945031,0.47473782,4.2795663,1.3529584,-3.2704139,-1.3293837,0.12580582,4.220972,3.1461527,1.3282148,0.7519813,3.749962,6.8649235,8.207544,6.3053904,-1.7364314,-7.735057,-8.675173,-0.4797896,7.5994673,11.866503,7.9104233,-1.1452025,-6.190957,-12.531178,-13.447947,-11.472498,-4.7626247,-3.1331978,-4.255685,-4.0556192,-6.542155,2.866296,8.0449,7.500548,2.8158743,1.8553481,0.9014578,0.82003945,3.3670592,0.37116456,0.0016452074,1.0861516,7.541475,4.2219043,-2.3722296,6.025176,10.039768,3.878005,-3.591523,0.35514545,4.3499875,2.8234863,-4.454793,-7.363216,-0.59476525,3.6889057,7.26438,-4.0651026,-8.661658,-10.64596,-13.467787,-11.710691,2.049388,2.2197123,-0.83730483,2.6160564,5.600677,2.8596756,6.141958,7.3459864,1.5555161,-3.4785795,-4.013009,-0.008747071,6.0413733,12.578894,11.515013,12.461298,6.833008,0.48851347,-3.0786133,-0.647891,1.9692498,2.0995562,0.7550013,3.3331635,4.5346937,4.547963,4.8108478,6.9243536,5.2356777,-4.1088896,-6.2042313,-2.1880515,4.131216,3.8899286,0.59705424,4.7718,17.37429,18.176773,8.918355,6.794533,1.016366,-0.5061498,2.608788,1.13676,-5.6541986,-1.2270002,1.3490559,3.123508,-0.32940555,-1.3532429,1.3518536,1.959033,3.570528,3.3806891,4.8950653,4.248584,5.9979687,6.206624,5.8313694,-0.34178442,-4.7693186,-2.458639,-0.2910353,-0.44808018,7.370516,8.764095,-1.9502127,-0.9841558,3.2884812,4.2109203,6.424082,3.5618823,4.273663,5.982026,7.8056917,8.080178,8.487036,9.1163845,7.22163,3.8916311,1.9525275,6.912204,6.41074,7.263666,8.951146,5.2752466,10.631711,11.987165,4.705326,6.788786,7.2424784,1.8162285,-3.6695318,-3.498693,-3.9132867,-3.8502407,4.642351,12.357294,10.571747,9.402614,-0.101655364,-5.403376,-3.907611,-0.19603541,2.5330477,-1.1204048,-2.3070703,2.492634,6.1227026,5.5142055,-3.2338784,-7.571923,-6.8989935,-3.7450361,3.205974,3.3216228,12.792087,15.025816,8.933245,3.3126922,9.685153,9.126373,4.138391,0.79882276,2.4618907,3.4022036,0.04599735,-0.4612338,0.6438414,-6.3688917,-9.363144,-3.0421774,-1.6007469,9.045723,10.999755,9.334176,5.715241,-3.0429616,-3.8395057,-0.8930286,0.08658838,1.4804753,6.2834578,0.42964768,-1.521133,5.487603,3.8246222,-4.2055993,-3.7225294,3.4811113,7.088089,0.0138937235,-2.1481373,0.6847553,2.6653714,3.213687,7.5219717,8.520321,10.302004,9.081375,13.697349,17.288765,13.240781,9.235546,4.768009,1.3738499,5.471715,-0.7877823,-0.23674989,0.07183702,-0.038808644,2.6251855,2.8502078,2.9048402,1.4200379,5.226454,3.1973033,-3.7171042,-1.0995576,1.5895922,1.3805747,0.9264185,8.424138,11.8080225,21.215126,22.455906,21.465267,18.393469,15.324896,16.846611,19.72968,17.474752,11.346487,7.7586794,8.322304,8.737547,7.1138897,8.074681,13.529488,8.029968,-2.31183,-6.7139935,-6.308299,1.0912426,9.537663,9.028993,5.7598133,-0.79854786,-1.8913237,-1.7483139,2.2104077,6.7056103,7.502578,3.4358447,1.5579473,3.4024394,2.5912437,2.8551936,-2.6456275,-1.1249367,2.8748226,-4.087429,-4.869193,-3.8341942,1.3446722,-1.7448243,-7.46409,-3.6218019,-0.66707516,-3.839045,0.14766443,4.915347,4.4548564,2.2571154,1.629086,0.9428965,5.4084578,11.553202,11.203577,12.906994,9.927755,13.856872,20.996872,17.480427,9.902163,3.0170736,0.9549734,2.6952152,6.941431,12.286795,21.323494,19.534908,24.245815,14.430144,0.9119284,2.4895215,8.29404,10.757849,4.49852,4.141375,5.6958385,9.518974,7.384265,-4.1572905,-12.380419,-17.450161,-15.977854,-12.982705,-6.609994,-4.1089478,-4.0620213,-0.47461218,0.3881417,0.17168552,1.7366662,1.5563266,15.584582,22.876421,17.555485,14.879913,15.471077,14.134001,10.936901,3.242535,-0.34359667,-1.1597481,-2.8903465,0.04860109,-0.13581455,-2.2293525,1.9597378,0.31142038,-0.8883653,0.98972064,-0.2804215,-2.4730802,-4.5003715,-6.7260647,-6.5055847,-10.601606,-1.635606,-7.33158,-8.426051,0.20807111,8.004692,9.740255,12.6416,11.235379,10.548516,11.070629,7.539757,7.5235777,10.39804,7.7973323,5.199637,6.7243996,6.080177,0.57389736,-3.3404012,-2.4690816,-3.1873198,-4.396426,-5.3049316,-8.651805,-4.7547417,-1.1481524,10.75765,8.814949,5.1083603,3.3347077,-2.3305378,1.4400818,-1.7266309,-5.9523544,-6.386169,-4.6578393,-5.5279784,-4.2986293,-4.5182114,-6.184109,-6.928274,-1.8414859,-3.8165748,-6.0001125,-4.8292704,-3.1478171,0.029905915,2.6857634,5.0848627,4.38822,2.5280256,7.3174715,10.089539,9.423503,4.706487,0.919029,5.1118,4.963911,7.312068,11.445221,10.081839,5.9343014,1.232986,0.023478493,2.6157856,1.7034101,2.9271607,5.032349,7.7462416,5.576982,11.402338,10.576578,15.746275,14.304889,14.550816,13.471151,6.5094404,5.831622,8.4103565,6.920756,-0.28581464,-0.31300065,-1.3518157,-1.418515,-1.2126873,-5.7419863,-10.555687,-9.078894,-11.624865,-9.255249,-13.553341,-13.168844,-8.720175,-6.167717,-11.751429,-17.542152,-15.062777,-9.351384,3.9275804,9.560474,11.154811,11.735613,9.24312,2.469516,3.6894166,6.78161,11.112204,9.198278,10.485075,9.99532,7.0559807,6.2781053,4.51254,6.717491,4.3037567,-1.769866,-7.152357,-9.104178,-5.2511873,-3.9590719,-4.586776,-5.310727,1.5488988,5.9787836,3.3962512,3.7751746,10.043892,13.126514,7.8357277,3.2946467,6.7613716,6.0367684,7.5297155,3.1688538,8.39229,4.097246,3.5008554,6.478874,1.8852578,6.785982,5.6872635,6.097349,3.618709,0.01000604,-2.4003925,-4.3140526,-5.011779,-3.7349648,-0.5606071,3.3063984,-0.29300514,-2.2160168,-2.0906787,-4.584385,-8.290059,-4.7756715,-8.217249,-9.399822,-5.649117,-1.7684585,-0.7097069,-1.6010001,-0.4028132,2.4595685,4.285763,1.3452632,0.12070781,2.5163064,-2.6608877,-4.529209,-3.6365037,-5.3410673,-1.7748208,6.585699,14.665647,13.153641,11.534556,6.4509044,6.1628056,10.729639,13.075493,8.660799,-0.23791862,-3.7042513,-2.5641348,-2.0270395,-4.608157,-0.011190355,3.2819252,-1.783489,-3.9961507,-3.5164733,-6.1136203,-7.0210905,-4.1423283,-5.705263,-6.5374565,0.34481055,4.5985155,4.1125555,-2.6147187,-2.821822,2.0839658,2.1252742,2.678438,0.16322899,0.8100853,0.018068418,1.6005605,-0.27490133,0.044579268,-0.11343205,-1.296327,3.3175902,2.1620584,-0.31543308,1.3034171,6.873333,5.7106743,2.2566586,2.8111422,2.3549356,0.13975,6.044574,3.3834567,3.1553497,1.420311,-0.83052367,-4.3743334,-6.7953186,-2.589354,-2.065025,-0.50937396,3.7102702,3.5903103,-6.7983503,-11.572504,-11.465574,-6.9858913,0.35285026,0.851778,7.2862935,4.664547,0.516373,2.4360769,4.7931166,9.574052,7.6130486,13.762627,11.726612,8.525998,5.8749695,11.263927,14.777787,16.56708,13.446552,11.493368,12.563758,10.24843,7.8926344,4.7008038,6.202317,10.708538,9.7966175,17.483109,15.880866,14.404171,17.083115,11.90456,11.113331,18.39988,12.966915,10.95479,16.11237,16.747856,15.026588,13.174799,13.229266,8.786341,12.94824,15.685589,10.423486,9.004333,6.493657,7.911626,10.366659,8.773388,5.7022943,3.0859666,3.3420353,9.64529,11.307029,12.444517,8.876717,4.9438767,6.134454,7.737719,12.047724,13.211582,13.382635,16.082502,11.756904,13.996838,17.032665,15.852712,15.611615,10.587058,8.823975,9.986091,10.283203,9.544846,10.3636055,10.6334915,1.9304798,-3.367063,3.0416205,7.02896,7.9520636,10.261524,11.836561,9.09358,8.072361,8.914602,12.803074,11.966732,15.746516,16.75048,11.846252,5.5511293,0.8260931,-1.3509492,0.21766749,7.4592032,7.880044,3.4986434,4.5669518,1.2920197,2.7590365,9.984646,9.801128,4.4397597,-0.18086953,-0.8080828,-0.62474155,5.9807453,11.49093,14.148332,14.305422,6.2346363,-0.074217364,-6.4542875,-9.973826,-17.706194,-14.079404,-1.2221076,7.9096975,8.429861,2.315812,0.5154916,2.9618952,0.7602222,-1.6774299,-4.7184753,-2.9528253,-2.7496657,-0.057882413,6.1199656,10.570265,14.173992,15.92579,5.494174,-4.5479827,-0.3933289,5.1869564,1.6417266,9.9298725,9.814363,-0.06821215,-3.5998511,6.8651934,4.1108923,0.90713894,0.06125486,4.014426,4.1698866,0.9833638,7.0626802,7.0927806,3.9802504,3.5462022,7.8018084,5.5633497,16.853842,14.464158,8.057093,3.3554332,1.5193763,7.318871,10.365675,6.1494446,6.5366526,5.553596,2.0292163,2.1502178,0.8251778,-3.341718,-0.48950517,1.9442453,6.6628857,5.9618015,4.717389,4.5199046,6.5094714,-1.5231798,0.43609154,0.21129489,1.8673931,2.0371842,7.062505,7.5265102,1.3611977,6.1240597,-2.812151,-3.3883955,-1.1142414,2.0698135,2.1046762,0.54131436,-0.3180101,-3.237133,-9.50625,-5.9341955,-2.7818904,-9.693382,-10.286114,-10.321232,-9.445831,-6.5640855,-5.363164,-7.2460775,-7.752919,-6.570545,-6.7790165,-7.7002974,-11.649191,-13.655096,-10.003513,-7.1602263,-6.825536,-3.5025773,-1.6612875,2.419136,8.585588,4.5168724,6.4684587,10.872791,7.108541,2.607194,-0.4044687,-3.1105664,-4.478834,-0.29837802,1.5733454,-0.19223379,-0.64002824,0.35479468,-3.0378475,-1.940058,-0.2410118,-0.26851493,1.0975616,-2.484341,-3.7031534,-3.6753874,-5.81374,-7.581513,-6.6788454,-6.8538113,-4.192699,-7.799387,-6.0260825,-5.115845,-6.7964106,-4.4640484,-4.6324024,-3.148703,-6.935771,-9.155418,-6.6989226,-6.4442616,-6.93448,-6.3823423,-13.000088,-13.6661415,-12.074524,-11.242441,-2.2436006,2.286498,-2.788083,-5.4251957,-3.3503578,-0.72401947,3.9525814,6.0804605,1.4255576,-2.2808826,3.2893848,1.6231637,-3.3555446,-5.7235794,-8.006507,-6.4771605,-6.705765,-7.36825,-6.3724504,-8.343006,-13.71826,-14.166408,-15.542564,-12.940747,-10.78154,-9.106884,-8.697436,-4.380027,2.0454829,2.2556932,-4.725891,-11.618095,-11.947428,-4.4481254,4.692861,4.4447165,6.2912645,8.417125,7.5966325,4.7690387,-1.006115,8.11278,16.299911,8.316609,-2.5839505,-0.14927638,-2.3116708,-4.913677,-5.0664945,-4.1816335,-15.522146,-18.932232,-12.174495,-4.630313,-7.071088,-10.035713,-9.247616,-3.3609025,4.822164,4.090543,0.5896027,-0.45857963,1.9543283,1.584346,-2.3431804,-3.744205,-4.992548,-2.0501394,-3.3693552,2.2721236,12.221189,10.51678,3.1206198,-4.0729914,-4.507042,-0.27650142,-0.5391891,0.37567618,-0.59258795,-1.8735138,-6.0554867,-8.267922,-17.27775,-21.303795,-21.566574,-19.987959,-16.023544,-15.740766,-14.277451,-12.864498,-8.503262,-8.856173,-5.7072554,-5.495239,-8.413244,-0.7056548,1.4423162,3.2811964,-5.4148693,-5.8325963,1.5122242,1.0595328,-6.702611,-8.874691,-3.5459943,-1.4040554,-1.0426654,-3.3146122,-2.232846,-1.0595099,-1.0124108,-0.77536774,-1.5516212,-4.3547573,-5.962093,-2.944261,-1.5179051,-0.20003012,-0.24081215,0.68325645,1.8270308,4.737898,4.0213814,-3.1793413,-7.7394924,-3.7649994,-2.3537374,-2.0455754,-5.5888824,-3.4832191,-5.456041,-2.1864643,-4.0538588,0.87635195,-0.17984271,-10.369938,-9.220547,-4.2538443,-2.7117918,-5.602104,-4.6547675,-8.369511,-7.7528253,-10.4584675,-13.17425,-8.25319,-1.7856222,0.10656476,-5.331597,-3.8972788,-3.7846901,-10.891546,-13.854561,-11.021024,-7.59964,-12.012731,-13.179657,-11.034673,-10.284918,-2.310192,-1.7406106,-1.4485941,-2.2002609,-4.4419327,-5.114808,-6.525758,-8.836958,-12.08371,-6.861386,1.0545343,6.295928,7.710609,6.1902256,6.5533156,7.6337805,3.0480742,0.8675613,-1.5594707,-2.411252,-0.014336824,-2.524896,-1.3485069,6.1593904,4.67878,2.3684368,-1.0150125,-4.403963,-5.1897745,-5.17809,-1.8688056,-10.761204,-17.148443,-5.599278,3.63678,-0.5483384,0.99728256,10.4031515,17.31494,13.117016,9.611053,6.7658973,7.122282,6.5261793,5.820716,7.9260054,6.7103715,1.9483728,-0.8768859,-8.345501,-7.9633994,-5.0028853,-0.040315032,1.4395088,-2.114705,-6.313546,0.6604649,9.702963,4.6638317,18.355846,27.353138,22.579971,10.793458,14.15068,15.640617,15.032552,13.175537,16.725159,15.634037,11.201784,6.997918,10.598698,15.304663,10.931507,8.818152,10.340391,9.6013,4.8865314,-0.8061118,1.4893837,-0.56375754,0.51849616,0.9480172,6.98757,4.8168707,8.144819,9.6611805,5.832645,2.2742355,4.9033566,-1.1763968,-5.0853553,-5.409542,-5.767376,-6.30492,-3.4991727,-6.2244706,-6.63046,-2.680135,-2.8619385,-8.495789,-4.151552,-2.0096931,-5.7957125,-2.461502,4.4478083,9.59517,12.075933,8.711395,6.6042013,11.518932,12.672667,12.8298,11.493385,11.940142,6.587817,2.6602936,4.906901,3.3027103,3.1527267,3.6578565,4.0082874,2.529425,-3.30584,-4.2194695,-2.6604967,-1.9208767,1.1906961,-0.7424062,-8.232676,-11.230128,-5.282083,2.649423,6.1255207,-4.6357026,-8.033508,-4.0961804,-3.7062874,-2.0001202,-3.7700822,-8.412899,-8.53524,-0.9742281,0.710942,0.22070438,-3.4247952,-7.737698,-10.377563,-11.863331,-10.544378,-13.6378,-10.510277,-8.481867,-10.423768,-5.0654187,10.09058,22.913305,18.906895,12.704886,15.165914,11.643995,14.209496,12.991551,8.033408,7.2960386,4.584289,4.07961,20.340836,17.988028,0.43502215,-3.9063087,-2.8753872,-1.5690811,3.2364717,-0.5205999,-0.12488377,3.5836377,0.9802239,-3.1048083,1.8272146,3.5691729,-2.623458,-5.3324246,-1.7906692,-5.4296646,-5.3809814,-3.3898,-2.1892474,-0.27497643,-0.51664764,-2.6423507,-4.9445777,-0.4345314,-4.905815,0.17312004,6.9672794,9.886499,14.317427,15.938931,16.141573,13.025813,5.418393,3.9994984,-0.3503641,4.277725,9.97731,12.45611,10.456067,12.427509,13.005117,10.213789,7.431376,4.907436,6.3222675,2.785484,-0.43845338,1.4399549,4.4803414,5.717561,6.875436,2.7261524,7.735983,5.8199463,6.845279,1.2555493,-3.798316,2.7331698,2.8767486,0.6185889,5.288049,7.466613,12.129932,13.861584,1.9015437,1.789485,7.379738,9.950498,8.025949,6.5366387,3.4401019,3.3150818,-2.1687126,-4.201012,-1.0154731,-0.29311526,-3.3650417,-1.6755012,-1.7018844,-2.6460247,-7.7097487,-5.274092,-5.6345587,-0.15214837,15.299578,11.799079,5.7732553,9.325741,12.540361,11.711418,11.150387,8.944152,10.565284,11.140626,13.338318,13.297735,10.405897,12.551271,8.208265,4.068248,2.6394033,2.351203,1.9366053,1.902453,-0.8664811,-3.414281,-4.848569,-5.479759,-3.257876,-0.9815828,1.8344992,6.7163763,10.89279,10.256685,10.765482,9.166495,8.090707,9.782885,9.861807,3.613647,1.0747571,4.4318495,3.1017094,1.1510001,-3.3354547,-12.051558,-0.89372635,-1.0765555,-4.2163715,-5.039899,-6.20366,-6.5806684,5.8488817,14.804708,17.081022,19.80669,17.280228,8.168506,6.8258524,5.32162,1.2399303,-0.4269823,2.4848323,0.35173452,1.5308415,7.7073417,10.257565,5.590827,1.0672543,1.4638424,4.1799445,3.8830593,2.5467668,1.6290368,-2.8987224,1.2486115,1.3656156,-0.98989445,3.5453477,0.37829545,-5.0001545,-7.5367737,-2.800909,-4.973009,-7.6185894,-8.105108,-9.026545,-7.572345,-9.103027,-8.178118,-10.81617,-10.150475,-11.850569,-11.302233,-8.161205,-5.3033333,1.2764255,-1.3449831,-5.922265,-5.4683876,0.20583075,0.56897885,0.08991298,5.0234365,5.0784554,7.981062,8.309145,5.8475056,5.0200157,3.3442664,-2.700332,-0.013133645,-1.7783461,-7.68435,-13.479486,-11.199759,-4.442502,-7.1093473,-11.673237,-5.634037,-4.872397,-7.9544935,-1.9729182,-0.24046504,0.6494842,2.553806,4.3784437,-0.02642268,1.0918251,7.8128214,12.40438,6.622402,4.6607933,6.8558035,11.504442,12.117702,10.657949,7.0840187,5.0454845,2.1781735,3.454132,3.8693275,0.49171516,5.1370306,11.150445,9.439123,7.4991446,11.041555,13.052124,13.737797,4.2162933,2.8722348,5.1610136,7.741673,9.282148,8.256023,8.147091,4.9266043,0.006816745,-0.36452872,6.340588,5.0514793,1.9401131,4.0589757,0.6532937,2.0572934,6.4414053,8.636152,2.9305346,-3.8200355,-0.36886066,5.3014708,3.1173553,-2.1091647,-2.5430279,-8.466309,-10.38971,-6.092308,-3.3148422,-6.824682,-7.3447104,-5.5353923,-3.8346095,-0.42844164,-2.4575243,-2.560473,-0.3917253,1.198777,4.259226,5.2371264,3.1003532,-4.07195,-7.9327765,-6.038811,-3.7643964,2.1854472,2.3325534,0.4357329,12.27033,13.238541,7.3481846,7.5275707,10.4782715,8.017433,10.152477,17.097149,8.871802,7.8455763,13.781943,16.4086,7.448907,4.402197,7.9163694,12.01333,8.065529,3.8122342,5.6077547,7.3037467,8.692348,6.2060823,7.7390943,4.230615,-4.846488,-7.4310474,-8.84768,-2.0047622,-6.626816,-9.009846,-10.704968,-11.976239,-3.7857695,1.5898228,-1.7351568,-5.38393,-7.2469573,-0.6473847,-1.2645533,-1.5483364,-5.8257284,-8.742523,-5.7926273,-9.950512,-8.448486,-4.7301307,0.69735,4.124053,4.737794,2.2632403,0.7425824,2.0864298,2.8414733,0.2562552,-0.3182205,7.0850916,7.970634,8.765982,14.274261,17.61149,15.751549,13.738667,4.8221855,3.5051227,9.853588,6.96677,8.649756,9.82614,5.974108,5.6078453,1.9783622,-2.5794728,1.0600649,12.419286,12.496224,-2.1365757,-0.5279139,1.9842865,7.1721425,6.2146196,0.62391627,2.5906253,-1.5941265,-3.631239,-1.9711921,-0.8373542,-3.453831,-2.9127202,-1.5326443,-1.125036,-1.1103466,0.16200913,3.7958584,4.8141947,5.028167,12.163435,14.9060955,12.807062,11.635812,9.982307,6.872447,9.049618,9.233481,6.1977715,4.703658,4.1123433,4.8085747,-1.9633195,0.25561976,3.1215959,2.7313204,5.3574305,6.828726,5.459239,8.656634,10.093244,6.480581,9.204907,10.0445595,9.004947,7.053051,7.3697953,2.3371143,-1.4986868,-4.2863016,-2.814797,0.408588,1.4347874,4.936387,7.6342325,4.389006,0.9177773,0.8874487,-2.9458947,-4.5367928,-0.70192707,1.7764808,1.1825122,-2.283331,-1.9033024,0.39969373,0.012096763,-2.3240862,-1.2678312,-3.0637653,-7.214571,-1.7050331,5.9455957,-0.15750241,-2.144315,3.6584444,13.04661,5.2112107,0.37525344,6.321789,4.1064506,3.6034937,6.742844,6.446949,3.6173992,-2.4587624,-2.5618148,3.2648597,5.570014,6.009462,2.1322424,3.7358568,5.4410944,6.0125947,7.379636,4.7032814,2.298855,-0.73856187,2.486485,9.995573,10.390605,6.8707933,8.573717,6.735689,8.6967945,6.006631,7.34809,6.5061426,0.9020864,-2.0504436,0.3704279,-2.8545246,3.9755275,9.1867695,7.823086,6.549147,10.240301,14.254273,11.324873,8.59511,8.937049,7.168919,13.126484,18.99401,16.368668,15.523567,15.943298,15.663746,9.438412,11.764061,14.409467,10.243225,6.0423093,5.4611726,8.261622,8.302645,3.7828293,1.5617092,1.0157077,-0.2045657,-2.6610665,-2.2224553,0.38674045,0.37576646,-0.89680666,-5.8856535,-5.598475,-6.537142,-6.6320415,-7.9137115,-10.004378,-9.305625,-10.289337,-4.4010797,-3.4756749,-3.8173268,-1.3844849,2.326592,8.02428,7.61754,6.135434,1.7438318,5.07825,11.763522,12.002733,16.21989,12.651133,11.260208,21.33215,21.938444,17.54183,17.931128,16.203766,9.7597065,3.7658622,1.5209943,0.7491623,-4.9344077,-7.6657467,-8.907954,-8.722231,-6.761919,-3.4534068,1.0535164,8.932866,12.877651,3.5636888,-3.7439535,-7.583471,-5.5606866,-3.0784972,2.246022,13.342722,16.823193,13.946623,7.4540024,7.7006254,8.717419,7.099784,3.4059713,6.1019526,5.034652,1.5359551,1.5341161,-0.115118325,-0.75296074,-1.2322986,2.4513874,-1.1301037,1.2800046,-1.9300224,-4.2712193,-2.6920252,4.0910816,9.326973,3.7409565,-1.3452535,7.755739,7.899769,0.9388963,-2.213183,-4.991999,-4.1234465,-3.164439,-0.14371288,1.4595516,2.276698,-4.449769,-7.333928,-7.562106,-6.987071,-2.5658364,-1.148176,-1.9526688,-2.8126502,-7.3258896,-12.143503,-11.501602,-7.504013,-1.7091227,-1.8110417,-3.4794338,-9.4925,-9.116863,-12.260578,-13.451893,-12.500616,-14.625725,-19.22374,-14.798489,-7.759706,-4.15024,1.3609293,-2.0001602,1.3755304,3.5120482,-0.89259624,-3.3114636,-3.555364,-4.455111,-4.6019497,5.3162265,4.169768,-0.038045757,9.017052,9.691155,6.7728643,4.9922466,0.50223804,-0.26446605,-1.2013737,-7.2239323,-9.3190975,-3.4261599,0.081167996,6.227743,3.1998527,-0.8757863,-0.8601563,-4.7549872,-4.0213675,-3.169661,-3.1715417,-6.8932576,-3.6662636,7.7580566,1.8212333,-0.17010522,4.2301955,8.253096,12.382784,10.875766,8.284725,5.588241,4.7013936,2.2072203,-0.15420073,-1.2127974,-1.8923241,-2.3513746,-0.7982505,-4.044017,-4.0681906,-4.624292,-6.662936,-6.4021654,-8.128676,-3.946537,0.11924285,5.64075,12.624102,12.371981,8.845356,5.6812925,9.680154,7.85738,9.874202,11.685359,5.5429416,8.2119665,6.899062,12.761404,13.5124855,10.728076,9.606572,6.3499527,6.215024,6.5777817,4.108709,-1.3510596,0.16268635,0.6775813,-1.8681148,0.6947787,5.233366,6.9773164,7.217825,6.448137,6.2624407,5.643302,3.8406525,-1.0726906,-4.0666833,-3.209382,1.8135443,3.7023194,3.0517101,7.8635254,14.955887,13.762243,5.2936597,4.0230217,3.2372684,3.243482,9.443087,7.307299,19.055588,28.104328,23.259747,19.213768,11.767864,8.653177,8.289626,4.64505,3.255332,7.52536,9.107461,3.6292405,2.1201167,11.313608,8.431921,11.299279,11.81868,7.3729954,5.1257834,2.787703,8.954689,11.923664,4.266652,-0.09623504,-7.1473093,-8.99594,-5.7326016,-3.0982437,-2.709044,-4.7074594,-4.7759385,-4.849347,1.8907956,2.0470233,3.938799,7.470709,8.453948,2.2398806,-0.13189173,-5.2403636,-3.189999,1.6706924,2.4913058,3.4260933,4.7518992,2.9329927,3.9063528,-6.856785,-11.422453,-3.1436675,5.0825763,0.9720919,2.9130292,6.1475096,1.0559999,-4.2360344,-11.175344,-8.8409815,-15.3522835,-17.39653,-16.673689,-13.656978,-5.445174,-0.071484834,1.1308618,-7.588771,-10.608925,-10.017062,-5.86645,5.093429,12.594185,12.035591,9.030981,9.44238,7.8135724,4.640788,5.6000385,6.628266,8.47855,9.327436,3.63652,1.1301047,9.3246355,12.897676,3.1888678,-3.3027174,-4.7473965,-8.799365,-9.0287,-4.4397373,-2.2946281,-0.8220738,-3.612105,-5.2842684,0.9083419,-0.39363468,-2.7811503,1.0646394,4.0497174,6.918669,6.970318,9.107965,11.135054,11.283197,10.059811,9.095871,6.655016,3.816864,5.231698,9.076994,3.517323,0.5996613,1.5486178,3.3254685,2.9490714,-0.9414393,1.8011628,2.6818385,6.681754,6.9669056,10.914755,6.24984,0.24891703,4.2025423,4.6430674,-0.44731766,5.318502,9.105657,4.608006,0.5815247,2.3981662,5.854459,7.157414,-0.22672254,2.4530826,2.9057505,7.241233,8.357201,7.10217,8.748892,8.765448,6.3081512,4.3755226,7.4468985,4.777782,5.1825056,3.6318576,1.3907657,-1.4469192,-2.0734472,1.0280522,4.8374724,-1.1879575,-12.111767,-16.57117,-10.327663,-9.206684,-12.156616,-14.971014,-6.507576,-0.0113402605,1.1096551,-2.3374133,-1.3531628,5.780466,11.179645,9.570154,2.2136924,3.77912,4.2077765,8.556666,7.237178,-2.4540944,-1.1398706,7.788455,18.874569,17.95536,18.870533,26.374483,29.912119,28.82045,28.80647,26.495407,31.277443,26.13647,25.956223,23.32859,22.988834,29.010277,30.394035,29.00238,30.668533,28.340614,25.815823,33.426132,32.4926,23.691517,18.275051,20.397997,24.482925,28.444221,31.07137,33.88001,37.473385,33.77147,28.413433,25.880156,24.38181,21.90593,18.39788,20.65409,26.406815,30.781727,33.49691,29.463951,24.197945,11.927792,4.96024,0.7588862,1.8259981,5.864925,8.231901,4.3472137,-0.4624768,2.2664635,5.3814917,2.4146807,-1.4927018,-3.60291,-0.6325836,1.0984505,4.7826204,9.6076765,8.325399,9.372715,6.218686,0.30114463,3.7037134,5.344293,2.725659,2.101782,-1.014332,-1.6650221,-2.1637416,0.5288615,-0.30638805,-0.9103384,-0.6130001,-0.8721493,0.06030631,3.7376857,6.5311537,6.88093,3.1914415,0.20434195,-0.40360805,4.8329077,8.10144,5.842094,8.465446,10.239819,3.4917336,0.005633533,-3.8317559,0.9594425,9.603671,8.954059,7.1639075,7.1077514,9.262203,9.234718,14.71489,13.889612,12.095518,14.44279,12.628828,11.150764,11.446804,13.301901,14.6336565,9.449732,7.3625965,7.638432,7.2981195,7.8635373,17.584179,18.83743,11.097937,5.8693237,7.3060656,6.417899,9.0155945,9.15237,9.311415,3.169416,1.7922746,6.059901,8.025137,10.056395,7.812624,9.791794,7.8986583,10.090013,14.315702,7.2799606,1.645893,-2.0694695,2.5226743,5.158329,13.52697,20.449802,23.050575,15.0898075,13.52592,11.913265,5.1803737,6.927265,8.699039,11.440469,13.178455,7.7756405,3.7921503,2.9807234,4.5470915,4.751152,4.9164,6.0021415,8.190603,11.641108,16.187239,17.597723,12.92256,11.611979,11.50915,10.940184,12.356894,12.871941,10.491217,6.946467,17.379642,11.081322,1.9043999,2.4707563,4.7784204,3.4544256,-1.1314375,2.0864887,-0.31360063,-2.0137806,-3.0133576,-3.635785,0.3445255,5.814575,7.7952113,15.036247,10.021734,6.959417,7.3054533,4.080566,3.7241092,6.641731,7.0099206,7.9371204,8.672895,6.96085,4.6288576,11.132429,11.581835,15.462168,13.995101,16.476727,16.08672,10.516125,7.9517946,11.913498,9.043938,10.460657,15.787998,24.905535,21.887142,10.019421,8.391911,12.935734,13.730692,3.4637609,-1.8508807,5.3949747,9.531782,12.792377,13.843774,13.114435,13.967846,12.4861765,9.5054245,9.887674,12.601875,14.705731,9.825342,5.9992805,7.9459133,12.106385,10.261673,11.517792,13.312926,6.0785437,3.5523849,5.845351,5.9424367,7.7088833,7.518112,16.638145,14.469937,8.699161,10.387783,0.6782776,-4.427394,-3.728284,-6.9928026,-4.343711,-4.498433,-0.9228659,2.8843093,3.1271682,2.3665752,7.4629955,9.003395,6.3136086,2.5579581,-0.5071449,0.65295506,4.5021944,5.263404,4.5257187,2.0159447,1.7518089,1.8021396,-2.519477,-4.4824853,-1.3276999,0.62982315,4.0205307,4.554905,5.1703186,3.6350608,4.3779645,6.25331,3.6988654,3.524104,8.015152,9.254861,10.185535,10.757563,8.632137,9.910261,2.3054852,-1.5221244,2.2133863,5.899111,1.0462859,11.961075,11.136733,10.681337,8.897062,5.2981625,8.678694,9.94655,10.793259,15.265394,12.787649,5.9457097,9.562317,11.82795,7.6807594,2.3000345,0.5143261,-0.6348637,-2.5224986,-0.5115402,4.139434,-1.3894179,-7.610545,-5.4526863,-2.5735292,3.1328657,0.6725741,5.4996367,2.759138,4.6630807,11.575836,14.026228,13.686593,13.356797,9.194501,2.9887118,3.1555398,2.916141,5.5965757,3.8274717,0.7735591,4.6955786,11.814143,7.049489,0.22965813,-1.206844,4.2469664,2.6951005,3.818114,4.5596857,-2.467647,-2.907722,-4.849858,-2.271012,-0.30108047,1.744144,4.5843,6.7442703,4.5416126,-0.32922602,3.4756565,7.3797216,7.2278233,7.6492877,12.411415,11.57308,11.653145,5.468892,1.5425094,6.703825,0.72754323,-3.2394273,-2.0937252,2.2320902,2.9439356,8.414831,13.138065,12.183804,9.445586,10.544878,11.169563,7.9604673,7.71249,6.687824,7.9162025,4.809823,2.9178438,5.0383224,8.485243,5.2216535,6.8060026,1.8946745,4.780403,6.152707,5.777379,4.773688,5.948292,4.482363,0.32413206,5.3413334,6.9339166,6.410062,4.0542207,-2.9080958,2.6341097,9.492576,18.292072,21.054752,22.077843,17.149906,13.069484,14.952286,13.839058,12.540061,15.510471,15.011833,15.025211,16.272625,19.184229,16.570599,16.349163,20.670288,20.171967,19.355446,26.871658,21.811207,15.300441,16.6136,15.404522,16.76561,23.662155,28.998981,27.602537,24.68252,21.306137,24.833788,30.379993,25.198277,17.811111,16.555714,10.810932,11.725828,11.4165325,12.568438,11.1145935,9.023426,2.3382463,3.1646185,5.8153915,6.693323,6.9827166,5.930121,4.9526377,5.6789494,3.0891423,-0.71888405,-0.1283974,1.1689961,2.1938565,8.439713,11.47702,5.44072,-1.4506273,-2.0853276,-4.3463345,-3.3667212,-3.1094494,1.112134,1.4732925,-2.2348337,-2.9430192,2.8047128,-0.969018,-8.593853,-5.33631,-1.5314837,-5.114152,-6.0709167,-6.56792,-7.130393,-3.017693,-2.7066898,-3.0612419,0.7382963,4.4376254,8.453503,4.3845377,3.391003,6.5592594,5.2465477,5.6417274,9.256445,10.125214,11.568702,6.1794024,0.71791655,3.8131568,4.463583,0.17528418,-2.4397805,0.32398787,3.3715725,-1.608287,-3.5381231,-2.5077555,-2.4445434,0.68641376,-4.3981404,-1.1533487,-0.78179276,-2.8578513,-0.25186813,2.0278451,2.2052598,4.35233,4.9706883,3.6883812,9.281927,8.768419,6.1143475,2.3413668,2.9667974,-1.9607786,2.8768373,4.0977645,4.7934823,9.156444,6.96373,4.1476707,-2.3036711,-3.3820066,-2.379137,6.906318,7.7884707,9.5353365,4.793838,9.82199,18.620956,18.139002,20.197906,17.514141,16.849676,20.993662,11.039817,2.1174133,1.9730675,5.1582317,7.9610925,6.874426,5.6102962,-1.1371572,-0.5514313,8.01874,7.191601,2.5802414,0.9217459,6.00891,12.764112,10.759126,9.906757,8.89998,6.664956,6.4163156,4.5029893,-3.215299,7.1480737,6.744697,10.74876,15.602447,3.5087948,-3.218524,-2.8751206,-5.0030546,-5.745985,0.44851744,1.7296392,2.0140197,4.399882,1.9224755,3.457988,6.6884127,6.7558756,5.580288,2.3882399,1.3953813,1.2828808,3.3462386,8.636341,7.675007,5.894669,7.222971,6.7152615,7.0554304,11.312853,10.594305,7.631365,7.7498393,8.861924,7.3347335,1.1485839,1.5078406,4.0531516,3.5369768,4.413737,14.139408,14.037258,7.036174,6.430458,6.8414,7.762116,9.050354,6.5018215,4.6157374,-0.032851994,7.6510324,17.038998,16.178595,13.525,14.253877,15.707907,11.6659155,6.6294436,9.7092,12.085581,15.235973,16.854763,17.784454,13.223861,14.121914,15.952689,13.133263,10.340752,8.383139,9.732548,13.424855,13.421264,14.837615,14.102271,11.735306,10.061463,5.605387,7.7580924,9.913849,8.368687,7.7228737,7.6070147,11.589285,8.360154,-0.24215323,4.5551314,5.9915295,6.3943653,8.3808975,6.1351814,2.2559445,1.7774999,-0.94274014,-0.69803524,-1.6660202,1.4706143,2.0878253,6.6661463,6.697381,5.5256214,2.8995507,4.897271,6.361237,-0.08999431,-2.4176536,0.52070403,5.90473,4.024314,5.0023065,11.462147,15.060063,14.766699,11.71594,11.2790575,5.3427973,1.8229145,4.6974945,-0.6469446,-7.3239517,-4.7470093,-3.8410494,-1.6282144,0.27517778,1.3013213,-0.12080008,4.271088,1.4752715,-0.47275424,-4.32007,0.6019089,8.832376,5.919547,6.9312696,4.6833344,-4.7147274,-2.1760492,1.5275842,-0.3023751,-2.1881394,3.9563918,0.6724196,-2.148276,-0.14069498,-2.895036,1.4897847,6.320031,8.448056,7.859779,1.5676291,3.1852062,1.1403227,-1.9933195,-4.388823,-3.9031942,4.712995,8.358013,9.645753,10.691919,13.632435,13.648299,13.880766,6.1799436,3.3200138,3.937356,5.087783,0.44378412,-1.4277041,3.9911015,-0.8243072,1.6808165,4.0493917,-1.1867875,-4.3419466,-2.9945846,-10.905006,-9.879473,-2.3512375,5.5740786,4.388356,6.5086193,9.287047,7.607833,9.46331,11.624765,12.222971,5.326396,4.510113,0.41226107,-5.2101703,2.6476707,0.73997504,3.1286373,4.185832,1.0903496,3.0392847,7.3569403,6.6450377,4.1325483,-1.063222,2.7574549,-1.8177359,-3.2222536,0.04496196,-0.18461113,4.613217,15.824061,16.952015,16.234673,20.719177,19.988567,23.436445,17.208874,17.111546,15.634443,26.97493,35.003757,29.278885,27.795311,28.162678,29.79047,26.140965,24.682423,23.496166,24.478848,28.969198,32.8602,27.26496,22.852535,25.55835,29.70072,26.122948,33.84379,33.462425,26.120878,12.010359,10.242496,15.826611,8.950384,13.173653,12.699017,12.041165,15.588551,20.101948,21.464657,17.764652,13.012949,11.036575,8.318927,11.866404,9.73003,1.6406918,-0.8050734,4.90159,10.4522,8.416302,6.666198,8.468306,7.714774,14.284023,15.814603,15.635992,14.581285,11.160774,5.9754276,5.303651,0.707793,-7.3468847,-7.732799,-7.7928696,-4.7837477,0.5391589,1.7040845,4.847132,3.7994728,5.2188253,8.799035,7.052531,13.5153885,13.260399,8.302481,10.095345,4.121684,1.122756,1.1757303,-0.65479255,6.138644,10.641331,11.741945,9.8534975,2.5736158,-1.3355101,-0.3580407,5.467182,8.761833,5.6124706,2.7974381,10.274732,12.328436,7.4588656,9.628519,12.473015,6.761814,1.2396874,-2.2036982,-6.783241,-6.1616945,-5.6897635,-4.2986774,-2.117168,4.0858974,6.9515195,8.541097,7.7713976,3.7767377,0.20217097,1.0975018,3.0444427,0.89561677,-0.3267451,1.066081,8.508814,13.054899,5.183074,6.3434567,9.449644,8.699088,2.8335845,2.8274555,2.4850583,-1.6002554,1.7083626,4.112086,0.027512759,0.5092292,6.1865864,6.8093443,4.341882,0.24859166,-5.534806,-12.971981,-4.780441,-7.3606644,-9.707924,-2.1733742,4.3109426,7.984011,12.153643,17.774212,19.695148,19.927982,11.945774,10.801483,2.1729317,-3.8530197,-1.9165201,-1.5176835,-6.450203,-6.5980186,-5.334153,-2.756597,1.778814,7.6881227,10.463516,10.104222,11.299473,1.725973,-2.2162225,4.0897007,1.0375439,0.09622683,5.0252295,1.4811959,6.02357,12.099482,12.411068,11.31592,8.190239,3.489644,0.3972069,0.5992831,2.3044875,5.5323224,4.788335,-0.4486525,3.439743,5.4867315,8.16907,9.920235,4.2417183,2.5057483,2.1899807,4.3541317,5.8341866,8.274353,7.7792597,6.646015,8.614786,8.100686,9.821398,12.09649,12.188624,9.026819,12.569965,10.470503,10.64246,12.385344,11.197067,7.241412,2.4337397,3.9588835,10.465654,9.668326,8.2892,3.7912369,0.90407926,0.98170567,5.473775,8.689222,9.752636,8.226749,8.013195,8.48455,3.673134,3.496524,9.007467,9.699752,7.0925,6.8578396,8.267916,3.980449,8.221029,13.419233,13.112625,8.18001,12.518236,17.753979,16.041824,18.823856,15.131567,13.478989,9.615709,4.2759933,-2.9315453,1.4009551,0.79050994,-0.7105346,11.345597,17.117712,15.7189045,13.764614,14.31828,15.644957,16.555866,17.855179,17.347023,4.718807,6.007051,1.3133315,-0.43439132,-3.4705703,-6.5000424,4.4615755,7.8012643,9.404591,6.02872,1.166397,-0.43259114,2.1797783,7.3661175,14.259176,14.109125,19.614336,18.765034,15.930623,12.412142,8.771207,1.7060528,-1.5143504,-0.21522617,-1.9392427,3.2228951,6.4540577,11.261566,12.68526,9.2262335,11.153839,7.858375,7.891148,9.030772,8.313827,3.2848248,11.810057,12.080826,8.180767,6.171132,3.0804515,4.7238917,8.746049,7.9931355,6.3862085,4.9752846,2.9740877,-1.086835,2.1543565,7.6959095,4.4603424,3.171964,5.778052,11.934665,6.5197744,-1.349606,-4.2688475,-2.1238036,-0.35649496,-3.0262692,-1.4374774,3.6764815,12.004892,14.042006,16.967209,18.190985,16.585556,12.453419,9.195877,2.195714,-5.4501543,-9.837424,-11.219298,-1.8044188,2.908414,6.0192223,3.5022073,-1.4920253,-5.9680347,-9.594808,-4.51933,-2.922768,1.4745353,3.0131688,7.712552,16.759308,19.702621,21.092276,23.10736,20.293407,14.457317,9.083555,4.2272816,1.962575,3.871866,4.57526,3.2063823,1.5894253,1.6443174,-0.27566862,-0.05010259,4.6334057,3.6586227,-2.2433867,-5.6367226,-7.523979,-0.300327,1.2740195,2.6781373,8.917683,15.892418,15.015291,14.0312,9.952998,8.710929,9.855652,10.996462,12.583872,16.906029,13.472972,6.013334,8.604612,7.917259,4.328279,2.2608187,1.7847062,1.42958,-0.2319929,0.90033233,3.681561,7.1258173,1.7807474,-4.5567055,-3.1244776,-0.726959,3.8787374,7.8865743,0.14326042,-0.39516544,4.0626535,-2.8555956,-5.342929,1.6699677,11.258432,10.2200165,5.357863,3.1870992,3.2878628,6.7202306,7.8031077,9.217041,11.213205,13.007948,16.530884,14.323505,19.205048,18.538288,16.891924,16.934803,17.310131,16.856232,12.822706,12.103851,13.953469,14.969854,15.427544,13.005427,13.33393,16.820518,23.756805,19.918468,16.98198,20.6631,20.407827,22.020254,20.242996,13.045046,14.250087,11.244329,11.601282,21.21375,18.220669,13.90181,11.091395,2.2084215,2.8076901,8.16873,5.2365146,7.8665166,-3.8134856,-9.643104,-6.6695323,-0.29800737,-1.2918373,-0.49886897,0.5179175,4.0351515,8.969198,15.071664,15.29678,11.473207,1.7244906,-1.9710393,1.0119545,3.8905773,-2.3965101,4.7963877,15.388036,12.622394,5.056156,-0.41706377,10.256212,7.763322,2.3765054,1.7571807,-2.283654,0.31324327,3.0612278,4.6932344,4.5325775,3.3142622,2.5731666,3.4000828,3.071804,-0.76010144,-0.12868784,9.20773,12.885954,4.43301,2.178726,1.3517513,6.8605947,5.840909,5.2120576,6.6888914,6.755518,2.2743006,-6.1061525,-3.7514415,4.681349,1.7169814,-1.0320697,-3.6675923,0.29062378,8.972204,10.380369,7.3844433,8.162891,13.015526,15.936148,18.371216,17.928345,11.846916,7.4936104,6.503714,9.118015,8.073532,5.9702854,6.3919024,9.390074,2.8146198,0.98049295,0.71940756,4.163292,3.9972177,2.9875448,-4.39067,-4.907508,-5.3603396,-4.8019648,-4.091504,-7.3309546,5.1890764,7.094524,2.4522676,1.4799743,9.463686,14.036711,11.164217,8.872807,7.761095,4.2381587,6.267609,6.012328,4.947323,0.40962866,3.500054,8.117838,4.3424873,8.805891,9.092852,10.643821,8.744755,1.8123425,-5.8858385,-8.0911255,3.136078,4.913785,-2.6467228,-9.68147,-6.808218,3.5509477,7.1772375,10.677336,10.739965,11.863849,7.247004,10.504403,13.301962,16.158897,11.925821,6.1164684,4.9671645,2.0920963,0.8762162,8.164558,8.5809965,5.6886406,-1.8176271,-3.6487653,2.3199434,6.853902,2.938991,0.8142387,0.05494362,-6.610214,-2.0004964,3.3652327,4.12132,0.1130051,-4.4578223,-7.6941676,-9.774168,-6.6141057,8.621981,14.484747,13.989705,9.430732,8.352727,6.9405107,4.454579,3.552112,2.7415347,5.936944,7.4864593,5.382654,10.844112,8.759655,-2.8903232,-3.7655892,-6.9325514,-4.8265,2.3809657,8.229688,8.613607,7.7869654,12.912424,12.249261,10.877897,8.143543,4.727963,0.7962857,3.6005812,6.806927,6.814658,10.417007,6.01865,12.761726,16.813293,10.577406,8.850266,12.543211,14.500402,17.715607,16.82474,15.496083,17.96129,22.370005,26.021706,23.927332,15.614466,13.186518,17.56018,22.559128,14.780596,10.304407,16.99241,14.668554,17.647778,17.74106,12.471292,1.627027,6.215081,6.535576,12.073786,15.701333,13.958412,10.080212,6.9509068,8.907674,8.274692,6.6859097,12.065494,13.611811,9.5366535,13.650969,16.368351,18.29908,15.793999,15.61975,14.611783,15.513777,13.291677,11.690356,12.40284,18.241974,9.993401,2.3214164,7.053357,1.12343,-0.1585021,8.670652,5.033534,5.9292746,7.9620724,3.4422042,6.1343436,7.967842,6.6845713,4.823104,1.9665211,8.646581,9.108761,6.3989663,12.282972,12.523666,12.046075,9.276309,10.141264,10.116402,11.109374,13.968782,13.60962,11.595115,14.076257,12.406791,11.054646,16.221458,16.706738,14.747976,9.013995,9.389847,10.5020275,15.175254,10.681324,7.4616566,5.3221216,6.909642,7.2291746,8.3162155,7.0182886,8.456459,2.8834326,1.5627356,2.9698935,5.915798,8.387064,10.194568,12.221891,10.162532,14.984184,16.618038,21.213324,20.306408,14.543625,14.280394,12.791878,12.13586,11.121796,6.205334,2.431989,10.220814,18.45242,19.694193,14.677525,10.954455,17.06245,16.339514,8.464027,5.2817736,6.770124,7.3641195,12.748298,16.679173,18.93937,15.444767,6.6211705,4.6134715,7.752862,10.849007,15.568567,17.25681,17.774483,14.45386,18.531166,22.568731,23.284815,22.341785,19.23898,15.261425,15.366833,12.796284,12.8850155,10.925028,0.07885051,-3.2223663,4.1694417,14.906973,15.09235,9.118819,4.2310658,1.3107538,8.8191395,11.622566,6.3094387,2.0321882,0.34478784,-3.9943964,1.3861009,12.000086,12.995175,13.792002,7.0764,11.625032,14.772251,11.112568,8.696125,14.328253,15.296433,16.909863,19.84278,18.47715,12.605722,13.984884,17.950626,15.469776,9.536904,7.1905284,10.636178,11.407993,12.628952,10.74844,17.085155,12.758097,13.477568,11.170067,11.302624,7.867731,6.8779593,7.730588,9.435896,10.539292,14.163892,11.835674,12.654742,14.393129,15.639833,19.27129,18.009123,16.724033,18.187466,19.536507,18.988794,20.888605,19.116821,17.230137,19.554962,20.154823,10.590625,7.7842546,12.879331,10.719524,6.1946034,8.738398,12.372575,6.4394655,5.407049,8.277739,15.13947,13.555677,17.172676,16.179333,14.21571,15.166831,13.548384,10.882235,8.865599,12.818853,14.007633,8.98783,7.072114,13.487894,18.886473,14.280897,11.334543,10.61968,12.914132,13.263615,12.812103,11.741712,6.2443027,6.309834,10.553875,6.8244534,7.4884267,16.651237,18.19994,20.163923,18.574312,17.550014,11.856338,14.595127,9.083183,4.75558,8.239567,15.752575,18.711952,14.934989,9.085497,6.5795355,4.4492745,5.3838387,6.445767,3.3562245,3.8721786,5.0827465,13.811522,19.770857,13.05253,15.558442,16.767597,9.2291155,8.004105,5.0747333,3.1660302,3.5098372,4.86609,11.350784,11.668709,7.537529,10.678358,12.791658,12.720916,13.220778,11.481914,7.6875796,4.8589315,5.9998198,8.12811,9.02309,14.057945,15.22845,17.258266,13.515741,12.588039,11.327825,14.848267,18.278912,17.655945,18.017513,16.011108,20.403198,20.062016,16.203745,15.697719,13.994467,14.695674,15.686629,15.786047,12.19062,12.375073,12.227229,12.717132,10.132858,7.235338,9.386023,18.687656,19.127077,17.2305,14.840715,13.076882,14.047871,10.473322,16.876411,15.029578,12.996494,7.7338276,8.455963,5.375614,-0.67934,-6.2014995,-5.936886,-6.083129,0.55919397,2.0194142,-1.0454798,3.2152371,8.986825,13.134713,18.706404,20.1707,25.075829,23.5355,22.282673,20.483288,13.54454,12.744827,19.005585,16.310429,16.672268,13.995066,9.939043,5.6109095,0.21808112,-5.052169,-3.9243321,2.1641228,2.8243318,3.4806044,2.275395,5.073644,7.9961824,6.0525618,10.9135065,12.192867,16.109905,13.987932,17.117474,19.029175,17.7515,13.99623,12.346466,7.3436785,7.6390038,9.658003,11.297348,11.722744,14.67618,15.226807,10.0728855,1.7149575,-0.05197513,-1.455428,-0.67855275,4.056572,-1.3048582,3.1903725,3.2538621,1.3886828,0.681988,-4.1612515,-4.554691,-2.345969,1.5381851,0.9454466,3.4110074,2.842947,-3.187777,0.674463,7.678088,3.8967476,6.5283747,3.9737403,-0.30922937,1.8659539,0.9131614,-1.4265558,0.23560023,-2.6008618,-4.7439795,0.5669105,11.043924,7.5649724,7.196561,7.4114933,4.5355864,5.540818,4.8326545,5.0425286,2.216304,4.3743906,8.773493,5.0202518,1.8177303,5.109699,8.776858,1.6235954,-6.281027,-8.475718,-8.557819,-5.0044093,-4.8506007,-4.970464,-3.7132778,2.2361884,5.1277113,3.3110137,3.6376739,7.9150715,7.4397936,5.256048,-2.419009,-2.2643762,3.2697313,5.147434,6.6487684,4.2677536,1.3686377,-6.278981,-9.345756,-5.265295,1.9432025,0.20206213,-2.1267445,-1.1270767,2.5799332,9.42365,8.923371,3.9771202,2.0769536,2.1415627,0.5539081,-2.7885342,-2.1909962,-2.7698076,-2.2340798,-2.4473512,-1.6833317,-2.924685,1.3634908,16.023853,22.250835,22.178299,20.806305,19.624401,22.712729,26.972515,28.150808,23.633644,20.485397,10.529715,11.047801,11.790302,10.35426,10.791255,11.5015545,10.148603,9.3391285,6.395429,2.508515,3.4319508,2.0682337,1.609227,1.8365002,-2.0547347,-4.9382615,-3.5286422,-4.3605857,-2.1297216,2.9737315,0.971158,3.0286052,7.824473,11.094236,8.677809,2.5187056,-4.230962,-7.7780843,-8.45033,-10.417202,-13.285002,-18.222832,-20.022179,-14.937241,-15.711441,-6.841138,10.116234,7.3717356,-2.3235412,-0.19022578,4.243429,7.984005,2.0116646,-1.2143593,-6.541681,-12.620363,-11.170411,-1.7808475,-4.275303,-7.1161137,-10.122369,-10.374132,-8.579878,-12.547476,-12.129422,-8.296276,-9.406593,-8.37934,-6.817011,-7.9231668,-3.7042637,2.5367486,-5.704235,-7.581671,-10.112568,-7.279867,-5.750231,-0.7787682,1.4131792,-3.0385864,-7.045933,-2.6271741,5.0633616,8.340446,8.456297,-1.0830853,5.707589,10.175962,2.6287744,-3.9816036,-0.5639032,4.566313,5.7173595,2.3579357,-3.436863,-2.4203362,-3.6467884,8.527369,14.746351,6.874675,7.4352746,4.4716797,5.6030426,9.835754,7.2313175,3.558144,-0.67608774,0.74873793,-4.3341312,-12.284188,-12.194895,-6.0801826,-3.9050865,-8.3231325,-13.291885,-13.072315,-6.872281,-7.424727,-7.130843,-6.2464404,-5.111648,-3.0773246,0.5139525,-2.8288293,2.390061,3.901263,-7.3042974,-7.9950438,-4.416275,-3.867357,-4.824804,-5.7971573,-7.9849186,-10.163914,-16.255323,-21.808624,-20.490211,-17.262896,-9.520804,-1.9728632,-1.7435327,-3.233468,-1.6498332,-0.874838,-3.6582923,2.1912322,3.747889,-2.761491,-8.162281,-5.4281206,-1.8523599,4.5847244,3.0975902,2.9339685,0.62987185,2.1365886,1.1349007,3.3604217,-0.18072248,0.9941253,1.6110744,1.9052005,2.541782,1.3856894,0.59692025,-2.1122985,-3.6924562,-4.858399,-6.4837513,-5.965913,-3.8519192,-4.16305,-3.264389,6.3478727,5.943624,-1.5609921,-5.6505146,0.8992424,0.09481096,0.62084615,-0.07999146,0.6317134,-1.5230169,-3.6383448,-1.3159392,-1.1626416,-7.7944994,-3.4829383,2.553874,-0.29374173,3.123849,3.3674657,7.6336613,8.305669,2.1102262,0.837217,-3.7908065,-4.9455786,-1.8556385,-0.75268286,-2.6436923,-8.648771,-9.692467,-8.495477,2.4096541,8.279139,-3.31861,0.41202557,7.4577723,8.0432825,3.8504286,-1.8460569,0.42288345,-4.5295706,-3.4051218,-1.3260499,1.0808055,11.587204,8.584124,1.0921118,-3.6785717,2.4171689,12.35451,14.462957,8.854465,7.5011315,8.138306,5.2640553,2.4624689,2.0151267,2.2972236,2.833639,3.110443,-0.7546457,-0.5823883,-2.3198926,5.617447,7.2488937,2.4845026,-2.617276,-1.6609279,4.6635375,15.447099,9.757788,4.942609,5.4278364,-3.7532518,5.240095,10.346216,5.688158,1.6138482,1.4663098,4.4130054,5.487302,4.9854918,5.6836796,4.5894556,5.051366,11.911517,17.368114,8.739671,1.9012053,6.8669424,7.7905765,3.6821854,3.7232916,0.054260015,0.05462408,-0.9146559,-2.5554683,-0.35516584,-0.2681319,1.810142,2.7543802,2.8961022,-4.898314,-5.5741053,1.4398339,-4.3751554,-5.727271,-6.130431,-6.9428725,-7.295496,-0.20006561,-4.1274824,-7.9498215,-0.57433105,6.432621,4.100829,7.9041333,6.4853616,2.5600142,2.250135,-2.069108,-0.61798435,3.4057536,-1.1345571,-4.3401213,-1.186344,2.5393648,1.3042095,2.8855293,3.201905,5.0245724,3.925396,1.434291,-2.9768715,-3.1132019,2.672164,5.7354326,9.368122,14.723401,16.042976,12.2924385,16.07388,13.191475,10.012337,9.881235,4.4217243,1.2462223,3.0895157,15.669423,13.858513,10.222202,6.3599524,13.049919,18.291258,22.99345,22.000687,22.474455,24.363844,21.38394,17.586014,15.2301655,14.196966,18.286457,20.019184,21.612604,16.852238,15.306475,20.184511,14.813333,13.972233,14.172684,12.335299,10.192626,3.477786,-2.685061,-3.64077,-7.7194543,-5.8228445,-9.317728,-10.910766,-7.738058,-3.5050974,-2.8267074,2.7833207,2.4166532,4.1815257,5.7606306,3.5009341,4.5293303,4.480427,-1.3475627,-6.319518,-8.027676,-4.9333954,0.41028458,3.0351553,8.835993,7.4780083,3.4785788,-6.292587,-18.408909,-22.110687,-17.505644,-7.223976,-10.738946,-18.46553,-23.140255,-24.285019,-19.953133,-12.775299,-10.072573,-11.875842,-16.063705,-14.570694,-12.976048,-6.5368495,-0.8537701,-2.054474,-5.258707,-1.0200315,-3.7445135,-3.5258443,4.799667,1.2239833,4.947345,13.512449,14.023887,17.877909,10.6917305,5.4950438,6.718972,12.22351,9.756641,9.054358,13.055141,14.118879,20.112917,20.153551,15.650326,12.095354,8.218007,7.913331,7.9491653,11.162598,9.269106,2.7089643,-2.1770701,-2.5344615,0.8577274,3.557243,8.649185,10.78919,3.7697692,6.6273003,7.452138,3.0790389,6.6133575,7.476268,-0.74645865,-0.8394454,-1.5407691,-4.3237967,2.6001163,6.7065735,3.8608084,-3.8592572,1.527516,3.3206482,5.827938,14.016302,11.253231,11.986778,4.5615883,-4.988607,-6.579364,4.9496603,2.8483047,-2.8609383,-4.239789,-5.8400006,-12.695459,-14.57885,-14.799485,-15.654037,-15.127833,-14.592939,-12.997497,-16.668556,-13.934467,-13.399273,-18.353386,-13.9246235,-1.5205785,-4.4745574,-9.503728,-9.945985,-5.364649,-2.7811408,-7.4765797,-11.134497,-1.73451,0.6655752,1.2934865,1.0830953,-0.8990819,-6.4869413,-2.2838435,-3.360136,-6.8673925,-1.2780946,3.6075437,5.1598363,7.5756264,9.035271,4.0631227,6.640816,-2.1119704,-6.2462935,-2.6046736,-1.5929201,-4.5043707,-1.3622823,-0.087222874,-1.2339078,0.16344494,-0.7191187,-4.0994763,-4.9825926,-3.6222668,-7.916072,-12.011391,-7.830804,-2.831509,1.2542875,5.2260184,-0.44492435,-3.6247556,-4.394326,-5.3713436,-4.7411404,-1.962182,-1.0582377,-2.309585,0.21044084,3.084617,0.07499349,-0.023073018,0.5395975,2.7540646,-3.4874635,-6.0327044,-6.2544785,-7.1764293,-6.541326,-1.8073235,-1.4399141,-0.19926849,0.49002987,1.8027039,2.5354886,7.788241,3.6246126,4.6918864,4.638503,0.38352406,1.9707357,5.028902,8.354444,8.967569,5.438446,3.0102887,-0.8450739,-1.7140738,2.652443,3.771338,2.084054,7.404693,8.294933,7.638026,3.459056,1.3822773,3.0898657,3.5432,-0.8276509,-8.071691,-12.04071,-13.869175,-6.7506986,3.2481132,6.887882,8.346647,6.3991804,4.1781125,3.749413,-4.3958054,-5.619095,-3.8695242,-1.2527826,-9.751319,-6.6694603,-4.5893807,-0.4282074,-2.0106378,-5.24914,-1.9101694,3.2286773,1.613677,-6.286852,-3.8403769,-6.177041,-6.9394007,-6.877117,-3.4682586,-4.075173,-1.7037883,5.4957266,7.229602,7.0427485,5.655442,10.309215,12.37805,7.042196,6.259198,4.6952972,0.021879792,3.908784,6.632759,4.204692,10.635502,15.853737,14.571671,12.511314,11.684084,8.027901,3.1570463,6.704897,11.398731,8.8342085,5.8434653,8.9882345,10.775003,17.053185,19.791382,15.888443,18.51887,13.482618,11.182694,16.808441,21.968271,27.322845,22.133572,15.463768,21.57716,23.32412,18.805,10.493287,7.8653917,10.483196,11.785297,10.274032,12.864383,14.245878,12.552467,14.754698,13.405405,13.200821,10.137306,2.4787307,0.10418178,1.1447649,2.3494349,0.9436045,3.7358518,5.480518,2.4670053,0.91799134,0.3630104,1.8626535,1.315646,2.92735,4.3986506,5.8824306,3.3631697,0.29578805,0.9241805,-0.51993144,5.5468917,11.837042,6.949844,1.2811134,-1.858165,-4.6401997,-3.8842068,-3.1536622,3.2170002,3.394986,6.998183,11.319654,10.2841015,8.558879,10.246567,4.94177,3.1850746,5.044926,1.3236971,-0.70256305,2.6298385,8.257279,7.0916944,5.8413134,4.1824045,-2.4605637,-0.22748852,-2.1195748,-1.5275499,2.0275548,1.0479075,2.7682052,7.895815,7.078076,5.9591694,6.727664,6.0123496,-0.4749869,1.5046581,3.3149552,7.2981114,14.352793,15.411482,10.573748,6.59807,9.651103,16.406094,12.088968,7.096042,13.08721,16.974201,13.857083,12.538371,15.105769,20.695587,24.706131,23.57518,16.726574,20.441843,22.250032,21.794102,23.269844,24.321941,19.369268,14.939644,15.475513,19.862259,18.632935,14.028677,15.186858,16.268436,17.594524,16.298368,9.141964,4.8370023,6.389145,2.1000562,0.9102589,2.4702044,4.7454915,10.093839,17.119505,15.936424,11.50218,8.683113,6.061623,4.2607384,-2.433827,-12.3013,-5.6511297,-4.3994064,-11.08688,-12.856726,-12.587933,-5.496243,-2.3555582,2.41684,-0.8063568,-5.259257,1.3789798,8.277331,4.5804424,-1.6764556,-2.946969,0.32369566,-1.4366531,-1.4689947,-2.3784719,-3.3479972,0.031268362,2.1193926,-1.5627202,-2.282024,2.6925216,7.7570972,13.12735,10.168873,7.898929,8.860966,7.816898,10.442186,7.910247,-2.9017227,-6.0411787,0.80092156,2.1123228,9.251896,23.221859,21.204222,14.132465,11.80743,9.556802,5.2932425,0.06881046,7.4232483,3.8203213,2.7436852,3.8583858,3.1721144,3.9987779,7.7363987,6.138541,6.8552766,7.9377775,6.5715117,4.9649534,4.1748557,3.8191361,4.5132375,9.085802,15.507425,12.5264015,6.4537573,4.947605,4.4451356,5.2837114,7.793289,11.547306,14.450969,10.575593,11.493368,10.83984,7.089323,6.4858847,0.4725206,-1.9959924,-0.37023592,-5.2253933,-4.5020094,-3.4401395,2.0726402,13.116203,14.310932,5.435251,1.7507726,1.7485905,1.9297895,2.6756442,6.306197,6.117336,1.7880092,5.82163,-0.850929,-7.412033,-9.621592,-6.5491858,-8.836029,-11.648443,-11.262073,-6.363535,-5.1536365,-9.107412,-9.657739,-3.6533053,-0.19536626,-1.1533704,3.0042186,10.991278,7.7411156,-7.5402827,-16.801495,-11.894543,-8.729061,-8.788907,-4.7697897,-4.9517303,-5.0394597,-3.9887316,-2.19137,-3.3622785,-4.014644,6.0797586,4.033055,4.8840394,4.4426427,-0.15360367,-2.924969,-2.6022034,0.91628176,3.1793237,8.736321,8.226696,7.8070173,11.425554,1.5098479,-0.18251812,0.08099198,6.7571945,7.9841876,9.502444,11.672087,10.781839,3.5138135,-0.7614831,-2.8533335,-5.1775646,-6.601915,1.4391263,2.668467,1.4987676,-2.4199216,-0.47915736,1.894055,-1.0045028,-2.3725693,-1.8014746,-0.4412461,10.318914,8.437109,0.02280654,-1.3006878,-7.4287205,-12.072889,-11.347633,-8.014187,-5.6294475,-1.5562171,3.6272826,3.1500216,1.5518025,-4.5558457,-12.474811,-2.411023,4.5343266,3.0994627,2.8694994,-2.3977852,-2.0953026,7.7268496,6.2185383,1.9521205,1.7359297,6.6016626,6.4463787,10.182317,7.822404,3.4582505,-4.8473263,-10.680695,-6.412052,-0.8953749,2.3069835,5.151204,0.01624316,-0.46150059,-6.3665495,-8.793346,-5.7110662,-4.911398,-2.9714859,-2.3669555,-4.0393896,0.3132741,-1.1335416,1.4905232,0.96948,-1.5918561,-2.6729813,-0.27045226,0.066774845,0.8311747,1.7303638,1.0507394,5.724261,11.093559,13.181001,10.317783,6.0734057,1.3297696,5.891638,5.1801434,3.7357557,4.2300105,2.874862,6.1429086,9.145913,4.306686,1.6211771,8.550037,3.6010392,-1.7537154,0.684372,5.510745,3.692183,4.5801144,10.595796,11.189981,13.286732,16.555208,16.645926,16.428932,10.3213625,6.263845,5.144515,-2.9426,-3.2489364,-0.25210977,4.2051244,2.3941164,6.2234006,15.073158,19.148167,14.562302,9.646605,5.47856,0.81651497,1.6778556,0.40808207,1.1402694,-2.7670932,-4.8755703,-4.5847974,-1.6351408,0.0132033825,1.5268673,2.1696124,1.2148197,0.56620216,1.1028236,0.52480364,3.8219867,5.550684,3.3505692,-0.40155807,-1.3026463,-0.633435,1.0012197,-0.34518445,-6.2710867,0.01341293,4.192205,3.2847013,3.722268,8.596305,12.482119,15.212332,11.0610285,6.97516,3.9070952,8.930623,9.984238,7.462741,8.767101,6.977854,9.186428,5.803048,4.4100075,6.853568,10.459864,12.5230665,7.2583094,3.23695,1.144006,-7.3305235,-12.982117,-9.949018,-6.961778,0.29276347,2.1364996,-0.67398375,-0.54983866,-3.740786,-10.501043,-4.8844414,0.5035442,-3.2911806,-2.4692252,0.29794025,1.5501497,0.8979931,-1.0766411,2.0737891,-0.41417146,1.6198987,4.040992,4.059051,2.1032667,1.1165226,3.2558095,5.0934463,6.6566253,6.181751,2.3320746,5.313017,7.9805923,4.354929,2.1187854,1.4662224,10.039799,12.300058,16.453634,19.332266,13.449482,17.773216,14.563612,12.44098,7.5678244,12.414297,14.425447,11.632857,14.63772,18.327938,23.674168,19.09747,20.903389,22.383314,24.769638,27.500683,31.782375,21.880524,12.729059,12.89975,21.167797,22.749043,22.976154,18.762655,20.307602,22.573809,16.677092,12.963082,6.6487737,10.4242325,14.393959,8.536615,3.7685142,4.3847437,6.376932,4.8487444,-0.2612046,0.98529685,1.0284055,-4.650122,-7.095745,-4.1775713,-7.0602903,-8.647537,-11.200398,-5.0494184,3.9291203,6.7421837,0.9758415,-2.0215588,-2.1434126,-2.570782,3.644414,7.6735253,11.9631195,10.848648,3.1138458,-2.8243582,-4.46262,-6.2818203,-9.341984,-10.45492,-3.1618433,-4.887785,-9.225647,-9.88195,-9.917325,-11.062315,-8.26362,-5.5501475,-12.590443,-10.238904,-9.199267,-10.548055,-10.527843,-6.0234203,-0.69890255,0.71515185,0.035485983,-1.6646221,-4.9415374,2.3587718,10.343843,6.9383445,2.9379861,6.0041704,7.1831274,4.4233065,-4.3326077,2.156046,5.509944,2.245306,3.9692845,9.935631,9.192923,3.8075728,1.8567269,3.3623278,1.4493911,-1.102637,-0.24341989,-0.39192188,6.353504,7.602227,6.973752,6.699558,12.254759,19.614145,16.509178,13.958595,6.763607,9.046612,14.052344,11.367255,7.7322893,4.933543,1.6431422,9.363232,13.237356,10.377842,7.5453777,2.95779,-1.7686087,0.89772475,-0.8359616,4.7896843,8.847684,7.8472857,5.0117335,-3.4004743,-3.4723806,-3.868126,-5.069772,-0.45994172,2.5234952,-1.9287419,-5.105089,-8.71417,-6.0641804,-0.77697206,-1.6128913,-2.789628,-3.4296699,-2.9697511,-3.3604102,-3.8115883,-2.0798652,-5.275732,-11.46307,-12.532348,1.1251432,4.1215177,-6.219351,-15.681228,-11.244268,-9.466147,-9.2684355,-9.005012,-6.855525,-6.4858913,-8.693758,-12.673138,-12.859446,-11.379669,-10.469275,-9.851347,-1.4616963,6.684726,8.886347,5.07551,-1.5494661,-0.004328072,-1.0652823,-3.7302644,-5.0864534,-1.2122666,-3.0231907,-8.245327,-8.31613,-4.360169,-7.543931,-4.3326473,-3.348551,-2.5965283,-2.104704,-4.935476,-9.642774,-8.247503,-4.923833,0.45537046,-0.584171,-6.0997024,-6.618559,-1.3397093,-4.098836,-8.558617,-6.3154325,-11.610218,-11.034919,1.9378586,8.471333,6.6114817,4.38973,1.3645688,1.1424456,2.9693356,3.3742542,4.9576635,2.3091528,-1.4904995,-0.9761101,1.281937,4.7163553,4.7718587,0.19670701,-3.1027193,-0.124144465,3.0323508,-1.1318556,-1.0238847,2.641739,-3.6074862,-7.909455,2.0496821,10.897085,5.774411,0.01776436,0.042549282,-6.174323,-7.4388275,-4.4651937,-3.209705,-1.7647862,3.6663227,4.8734536,12.865738,15.1389675,7.9516535,5.848709,5.384085,7.133706,-0.4347738,-11.326513,-12.536425,-2.6324518,-2.732666,-2.6046917,4.908783,9.196971,4.8835325,1.8524061,-2.417918,-4.7348766,-6.9092693,-8.350298,-6.9623537,-4.398177,-1.6610982,2.487754,-2.9947104,-4.5911126,-6.0631604,-3.9266515,-4.2289076,-8.300716,-3.9850612,-3.0823343,-1.5853825,-2.7710814,-4.159994,-2.602096,-5.605324,-6.9486265,1.592968,9.823299,8.419297,5.207074,3.2504668,3.113177,4.1950903,3.4179766,8.606117,7.5676594,4.048,3.6024659,6.266082,10.323982,11.986856,11.884487,11.955158,8.898134,4.99346,1.867834,-1.3362181,7.382801,13.646978,9.549377,7.221044,17.172924,18.458824,22.888586,25.206995,20.510498,23.98631,29.81716,28.564865,24.138664,22.036514,18.350346,20.109623,17.264917,8.832817,4.7670684,5.892295,2.5951104,0.40034354,-2.0273085,1.2542945,1.1245046,7.4395933,15.793542,13.883194,10.691141,10.797651,10.732565,8.656329,11.3872795,16.88107,11.691948,6.5654497,8.5071125,8.455385,0.9506026,0.058377266,-5.6295495,-10.693901,-2.2659323,2.4490476,6.015075,2.362911,1.8225029,3.8609521,8.995032,6.2341213,4.3711414,8.767728,10.887964,13.840336,11.380479,9.771002,15.014509,13.80349,11.026333,9.386328,9.907086,13.370218,1.8446039,-7.344999,-3.5762227,5.3538156,15.243275,12.563478,13.798882,15.666863,11.718944,4.165998,-8.258657,-14.308418,-17.597588,-20.562366,-16.094593,-11.488049,-4.600958,0.9359703,-2.7914362,-11.656792,-15.111987,-13.515417,-14.497132,-9.315321,-3.3388882,-2.5094144,-1.011922,2.4871047,1.4706173,-4.726202,-4.8392467,-3.3590808,-2.2799962,4.961111,5.731329,4.6390176,11.345665,22.574844,22.95847,19.700804,23.118612,19.79007,9.308937,5.3969164,7.7245755,1.352185,2.514384,6.0600824,4.3191614,5.519993,7.9438524,12.415976,10.353861,8.225288,7.122683,0.8467943,-4.66287,-1.9880565,2.9942026,6.7252645,6.935999,6.470541,6.7618475,11.999697,15.41584,16.51098,15.697559,12.323465,8.376266,10.368186,14.912449,10.53865,3.8718362,2.3668866,3.7617998,3.0489237,4.77196,5.388302,4.6608324,5.7823477,0.980128,1.0558733,11.626789,15.44865,9.972578,9.202549,8.399842,5.700242,8.975822,9.05795,8.949572,6.4716473,12.158676,14.568799,15.853292,13.890287,15.127893,3.873951,-6.8735504,-2.0324855,5.641864,7.3047543,8.021796,2.7671683,2.3778176,5.1228595,1.1954259,2.8668993,-3.6112318,-1.0322936,3.7026367,-1.2381979,-3.1992483,-0.08597773,3.5398738,4.180547,0.39902085,-3.107057,-5.4544907,-3.0776846,-1.5713365,8.034672,6.525602,5.028764,6.201297,6.9871945,7.264246,3.6428814,-2.9284863,-3.754427,-5.382539,-2.3375874,8.723902,12.310476,8.707635,7.688697,4.135834,-1.2142831,-1.3903372,0.66490984,2.5052214,3.6657298,-0.23457819,-5.2484255,-5.5534134,-1.1701236,-1.527972,-2.6998463,-2.574237,-3.2923617,-2.5047913,-6.480568,-8.330064,-5.444359,-6.9224367,-7.6730804,-7.43285,-7.5831323,-0.46221855,5.2239556,7.7636642,7.684454,8.150566,7.2201133,5.1426244,4.5971627,2.8803675,1.8150675,4.0540075,7.002425,8.845791,10.385651,2.703804,-1.6211736,-9.527933,-5.6620264,-4.4514,-5.7475586,-0.54212666,-0.27578163,7.2497053,13.65529,18.157213,22.346104,18.20165,14.364467,11.184166,9.694857,7.674513,5.222433,4.271489,6.936176,6.100293,5.716644,0.5328272,-0.48193407,5.3916574,5.9005413,3.4412656,2.2682452,-2.0354893,-3.7242937,-1.44433,2.883419,1.3060272,-1.0858359,-7.3592157,-5.853245,-6.530876,-0.77183795,2.8281555,-3.943211,-0.9936575,-4.7406673,-10.962402,-7.7149935,-10.346469,-13.688915,-13.470425,-11.737186,-9.9440365,-6.4166536,0.09526646,-1.5569203,-2.93595,-0.40504038,-2.4051633,-0.5136725,-3.3116703,-8.454511,-7.6378984,-1.9500147,3.7016954,6.8451223,3.7717257,5.982044,11.820726,9.801779,3.2160606,-0.9674313,1.0175123,3.7584429,-0.3213923,0.37045252,4.7323947,8.169013,7.3689127,11.271678,7.4428687,1.8898993,-7.7915664,-5.7864504,0.3348955,3.186795,-1.020191,-2.6287475,-0.31541342,3.6219263,-1.8684627,-1.9167376,5.75086,11.991068,4.249743,0.416283,3.381243,3.6115406,-1.2365996,-6.6255126,-5.3381658,-2.6204295,-2.7661078,-3.7143974,0.44363347,-0.928639,-3.3609214,-4.3725004,-1.0307407,-1.3771741,0.036265492,9.352121,13.693766,13.867466,6.935751,5.797654,9.869669,5.7780476,2.7440643,7.1009946,7.3718586,7.6399326,1.6153178,2.7759433,6.248494,3.6281822,-1.7678119,1.3708329,1.0587854,-2.1182132,-1.4661869,5.672263,3.2932067,-4.4913163,-3.5425258,-2.554562,4.677564,4.0886545,6.326799,10.844891,11.527669,8.548848,10.302971,8.787371,7.451242,2.1740837,-1.1992838,0.8001584,-0.53427106,1.3312299,4.454892,4.309421,4.9134927,3.5226078,5.363707,8.042286,8.709811,12.323387,15.742563,17.94757,27.282125,30.995792,26.334064,23.790718,21.797445,16.0111,8.178995,3.3858562,8.826892,11.967739,10.543658,11.489334,9.733738,10.204803,6.670412,8.039125,5.1188984,8.4053955,11.133955,7.8037066,8.511727,11.503941,11.4909935,11.5429325,16.792233,14.72719,12.725739,7.0995035,4.678379,9.050216,7.92197,6.3427153,3.3124976,3.9827323,10.290437,8.71818,12.41679,11.557313,6.9780426,10.164488,6.3268285,2.9177825,0.037922606,2.27699,6.418833,11.083458,12.956659,13.048751,16.868515,18.086864,10.849073,10.622919,9.242889,5.2266474,9.154158,9.6418,13.907024,19.588717,16.347427,5.260994,10.973948,15.030732,9.842957,11.533602,11.784662,13.027561,13.19545,8.731663,8.311321,6.677663,8.642834,9.083456,7.3464003,8.160673,3.9685535,-5.1005554,-13.572088,-11.885698,-14.074829,-5.686067,4.82743,7.6802316,2.180467,-3.6837997,-1.5689306,-4.557355,-8.031536,-7.5480766,-6.889529,-1.658119,-0.9656686,2.9908845,3.2986114,8.303743,20.146503,18.62672,5.1942587,-0.863665,1.0786116,0.44691825,1.900747,4.1631627,-0.36384934,0.21307254,1.7013617,2.9336295,11.504082,10.617065,-0.13093463,0.4093874,0.71045464,11.789951,15.398496,8.70709,11.590937,10.554247,7.313681,15.899614,13.944609,11.347082,3.7809677,-0.58368206,-0.41327643,2.06441,0.4637099,1.8071082,-3.4747987,-3.8740067,0.12592676,3.8509214,-2.675274,-2.103139,0.9457866,0.8867698,-2.6942415,-0.3330851,0.24371457,0.35345864,4.603053,3.8445292,7.108165,5.2222967,6.002124,0.4952526,0.560623,-2.001151,-0.10057372,-1.2000055,4.8946195,3.2242837,-1.5017166,-7.7059555,-2.1835241,4.0988626,2.2514336,-3.4675834,-3.9016836,-4.469454,-5.980179,-10.463093,-3.0470371,-0.53674895,-2.9971657,-3.6929996,-6.521842,-6.4952545,-3.5974753,-1.8484385,1.3039097,-2.53028,-1.1064202,-15.863191,-20.723965,-12.66285,-3.702134,-0.26746342,-0.15796643,3.1002755,6.469016,6.73393,3.7083197,6.7325377,7.044975,4.720163,7.4225016,11.581375,7.1771936,4.616706,2.417962,4.385792,4.196547,6.4794707,-0.9533019,-8.353367,-5.642681,-1.3194237,-3.6585777,-5.344252,-4.080101,-0.46301782,0.93530244,0.61348546,-0.05919099,0.9398855,1.2184418,0.35896403,-1.4273951,-0.113551855,-4.0631337,-11.815744,-7.953098,-3.2772453,-7.016232,-8.230206,-4.177629,-7.472327,-13.322777,-16.9487,-10.996893,-4.7548895,1.79127,7.730529,4.4707847,2.7242513,-0.4571877,-5.245715,-8.460732,-11.135572,-7.8446045,-0.072680235,1.3812753,4.517205,2.389892,5.4704876,10.57822,8.228327,9.178271,1.1609865,-8.2952795,-7.234229,-2.4398842,-4.835829,-6.2184153,-7.478363,-3.9740524,-6.7078757,-6.407379,-3.1418133,-0.22562349,3.3914547,-2.2090583,-1.7452025,4.782416,1.4109795,-6.131647,-1.479291,6.59199,11.396704,8.815473,12.469506,20.226482,15.087978,5.8817325,6.025305,1.3849247,-2.6962938,5.528739,1.65399,-3.484278,-4.93756,-4.1920896,0.42226726,1.8132348,-2.5767732,-8.711964,-7.6977053,-8.172916,-8.695204,-12.335846,-4.7504196,-4.5415735,-6.4657974,-2.0601346,-1.1035852,-0.056722254,0.071703434,-2.8304195,-3.4577165,1.081686,-1.6558417,-7.044593,-15.805527,-6.2647285,-2.2589738,-3.514713,-6.308364,2.7278352,2.0210073,-6.199006,-8.073906,-10.519962,-14.157274,-9.877593,-18.607273,-25.243366,-22.756094,-17.58375,-18.01081,-16.140566,-12.052567,-8.085954,-2.8019307,-1.375695,-2.4711728,-7.821469,-11.127001,-10.551121,-1.5237238,2.8240075,-1.2416549,-6.828716,-3.6672697,1.8510584,4.212801,11.337257,4.231959,-6.3255587,-8.817705,-8.975692,-7.1708755,-2.8691425,1.5235974,1.9730995,-0.23580635,1.9652995,2.76728,-0.56682074,-0.37183678,-4.3250885,-13.459923,-10.301597,-3.1210861,-0.3547691,0.29514796,7.690117,5.8268156,-2.6653104,2.2283878,0.3817953,-5.0223126,-6.035441,-5.587165,-10.837758,-12.450712,-12.910854,-5.3308725,-2.6742067,-2.014836,-3.430481,-5.435911,-4.68138,-10.53178,-13.86326,-8.434335,-5.6784954,-9.234989,-11.997517,-9.754892,-4.706343,-5.3368225,-12.71105,-7.368501,-1.4331374,-6.370405,-8.553267,-7.4556313,-6.623336,-13.533851,-14.506725,-6.1797733,-4.03173,-7.184367,-9.531588,-4.2971063,0.11488631,0.31147802,-2.0483809,-3.2744122,-3.261976,-3.5213149,-7.463296,-1.2209164,-1.244164,-2.2618117,-3.7992234,-0.6267494,-0.49977005,-0.71896005,-3.7734938,-4.3578653,-2.0338993,-1.5703596,-4.2962427,0.28693488,0.7050284,-4.8312187,-5.1467323,-1.0120424,-2.952274,-3.2376862,-7.736528,-7.8040953,-3.7515922,-4.1739407,-9.391134,-10.370541,-5.702923,2.560075,8.443514,10.397318,9.397583,4.6294403,3.9538264,7.285962,9.399412,8.523022,3.001903,-0.6013493,-6.013709,-4.2545986,-0.62853277,0.027344465,1.9346808,7.1349783,16.396938,20.139969,19.34851,11.402691,23.775963,16.311909,9.578211,5.9280915,9.064611,11.13464,11.07599,11.889261,15.6575165,14.104298,14.271703,12.86928,13.082659,12.361153,12.94969,8.380469,6.7089434,2.1831791,5.833032,8.019365,5.527037,8.968981,6.8784943,6.6771965,9.353434,8.9112215,7.4374847,9.880004,10.604982,10.998007,10.031048,10.71801,14.16771,13.445265,4.81143,0.18323353,2.4973145,-5.1560054,-8.449467,-7.224004,-1.2077942,0.9406341,-0.9604537,-0.5911027,-1.7889769,-1.9893141,-0.91001594,2.6875205,9.412859,13.401239,16.587181,16.981483,11.337385,13.556677,8.8878,5.626403,8.293915,5.7834334,9.929203,4.571081,4.999135,10.48362,6.88152,1.8975093,2.2666368,5.11628,3.4798632,5.2207265,9.496958,15.810141,19.55617,6.5031104,-6.7617598,-9.124542,-2.4578147,5.1648564,11.761362,8.435437,-3.5213814,-2.8881714,-2.5502267,-8.963172,-13.454485,-13.843149,-10.158661,-5.8986516,-4.5665536,-7.3421783,-8.969622,-12.860973,-15.387346,-16.846947,-18.589764,-17.722656,-11.036126,-11.149298,-4.431644,14.246315,15.844026,16.762016,17.162952,14.323999,12.716746,9.8038225,14.497894,13.464409,4.644673,6.222592,7.423082,8.943922,1.8444461,-1.561387,0.12315881,-0.7493228,-3.7085254,-3.8196046,1.8597926,2.6139164,0.31942242,-2.8082683,0.099123746,-5.6224866,-9.733545,-10.141989,-8.968048,-6.82353,-4.815139,-2.825193,-2.3025575,-8.028588,-13.346081,-11.631268,-10.939123,-12.6264,-7.484147,-8.314932,0.75246704,9.567326,14.86273,10.923553,10.341576,9.272754,7.5426574,9.412393,4.9128237,4.6496406,3.9804318,2.9212365,8.22553,11.185392,9.056651,10.47977,11.293001,13.051333,10.954745,9.375106,7.7832294,6.4937487,2.3619125,7.6975737,5.88192,0.48432007,-2.1670868,1.1436977,6.853158,5.570073,8.763496,15.03907,8.098509,-2.5632331,-1.4990586,5.3579054,14.107925,13.538314,6.31822,6.0174265,3.1029289,-1.5296499,-0.2372936,3.723775,5.4880447,2.1724524,0.22789584,2.3607845,-2.670458,-6.1051745,-7.505459,-6.0024753,-6.2422214,-6.3680477,-6.0508237,-4.0029397,-4.6905737,-3.9543233,-2.1622553,7.495118,13.011491,13.596975,6.7729187,9.0480385,12.990147,10.36813,9.529812,6.4046717,4.066909,3.563421,-0.120401025,-4.1024556,7.3430643,10.120163,11.082628,6.989647,6.1941752,4.6189785,2.8832667,4.7206645,1.9362521,-0.38665187,6.443537,6.8519278,2.6269393,1.8518538,9.349533,9.343061,3.4221582,3.4311013,3.7197247,6.0588045,8.048034,5.6435413,3.085845,0.65872794,-2.5033495,-3.1919165,-0.6367537,1.5728444,2.5688436,3.7733126,4.7994027,3.1785998,-0.54095745,-2.1927595,3.5411973,8.147501,4.233404,9.597515,14.537718,12.288816,11.751763,9.832938,-3.275294,-1.3907046,1.5107999,4.7127824,0.690588,-2.4389985,2.6807473,4.7425747,3.6807408,-1.2377696,-4.8882236,0.3391243,1.3432267,0.4516343,-4.790572,-4.341476,-2.6810875,0.22688103,-3.4489007,-0.8540918,-4.7542715,-1.4720834,2.2220895,1.2006493,-0.4965395,-2.569707,-2.6143293,-2.679654,-1.9983995,-4.203306,-7.858808,-6.6288548,-6.5145426,-2.9747179,0.12499666,0.77177626,-0.49318337,-5.2006817,-4.4460297,-4.5618477,-2.7578728,-1.3255787,8.263713,12.371822,8.399885,-1.5158191,0.878721,2.3718307,1.8057635,3.8709903,2.3602786,2.2243829,1.2366482,5.1626368,5.9801397,5.08113,6.59336,6.3487015,7.685862,6.2085543,7.589372,8.46915,9.600259,8.719767,5.609824,4.0557766,0.82819474,0.3220765,6.7419734,7.803705,9.430695,6.659421,3.936469,7.845153,13.24668,12.961412,8.460181,5.4716005,4.805077,1.3046768,0.65831363,6.267224,9.714474,7.3093486,3.989647,7.4782467,10.011976,9.430731,10.940564,7.847965,5.4775076,2.998725,1.0251946,-3.8067536,-3.1054416,-1.0774899,0.8161824,4.0436664,7.5169444,12.053169,16.385765,18.998703,14.920641,13.6502285,19.90979,17.48517,15.51765,9.605732,4.269485,-3.481607,-4.847065,-7.730217,-6.227506,-2.4370227,-1.6090865,-4.7894545,-4.6111484,-2.5812573,-0.3634879,0.4614771,4.522233,11.153951,7.31186,1.7218589,2.3545926,2.9171581,2.009534,2.214096,1.6217544,5.59017,5.3821945,6.9781294,4.994806,9.380584,6.8410463,8.567244,10.438016,6.450232,-4.00826,6.0274477,13.631498,11.897251,10.377663,12.362753,8.164698,6.5414133,2.4886534,7.0544896,12.220999,10.034916,1.5772293,9.575279,7.432541,8.433005,10.928862,6.226873,7.3030543,5.079482,4.020902,5.024061,0.7245735,2.479732,-6.3499413,-12.80604,-11.746225,-12.748066,-16.737648,-17.205383,-4.778125,12.102438,14.495968,9.735695,1.8229314,-4.7522993,-6.022563,-7.5083413,-10.574088,-10.524076,-12.743311,-11.339252,-7.4497986,-6.1848707,-0.930416,-4.193578,-3.9942656,3.5395882,7.4210653,1.5735312,-2.4634304,-0.42872766,4.74573,10.247732,8.27516,9.12989,13.006437,5.601797,2.3475423,9.65256,12.430204,4.62158,4.3560753,-3.843185,-5.9815245,-1.8034958,-0.12651524,-2.0384812,-5.4422026,-4.893668,-2.0290687,-1.7981693,2.1905353,10.3353,4.9857903,4.127141,7.844139,8.668732,11.349668,6.2877645,5.905066,5.628559,0.7572114,-0.8273859,2.3235736,0.40800333,-1.8369391,-0.13066453,-0.4413333,-1.7442815,-1.2062924,3.0700889,7.273101,3.9070387,4.610143,3.2761536,2.5551684,2.2987306,1.0710804,8.058102,12.158338,7.945219,3.4433093,0.4049163,0.5384942,1.8148261,5.1474447,4.422411,3.740057,-7.039263,-12.828796,-2.0641122,4.420372,7.6842217,5.71709,4.1295276,4.9133725,3.7681942,0.12153399,3.6722739,1.7200527,-2.2664516,2.543596,-6.9168563,-11.063938,-8.551121,-4.120519,-3.0284185,-2.3114533,-10.807291,-11.749708,-4.9576755,-1.4673922,0.5431101,-3.7946687,-4.5866003,-4.5220137,-2.0836647,-0.82012683,-1.7974433,-1.3703595,0.43873274,0.19849813,-3.0437036,0.015823483,5.658365,7.312444,7.217979,7.0839567,5.945243,4.036373,3.1481903,5.323458,2.816991,-0.091439545,0.5561842,1.3285382,0.3973014,-3.5195858,-3.1339955,-2.6745763,-1.1105709,-5.0211535,-7.0829935,-7.2563004,-2.9902034,0.26229072,2.830025,4.7549734,4.2791195,-0.5023343,-1.9834089,3.5417733,8.538556,7.471452,6.7781725,14.0005,13.316749,7.9859223,5.685376,1.3841205,7.6771727,6.7100964,3.5249043,1.7445831,3.385459,1.6082357,3.8759375,6.366657,3.560699,1.7026528,1.8121161,4.7768707,0.9933992,0.2435348,2.2899156,4.0914216,2.6159503,-0.19644386,1.4703859,3.260392,4.3738136,2.10071,1.9077644,-2.388403,-2.1685982,-0.88743466,-2.738299,-7.8601217,-6.5207467,4.330325,2.5719438,5.6001015,6.252245,4.543414,7.1175814,4.842285,3.1111903,-0.18332928,2.6923022,4.695207,4.958722,1.8309855,4.698326,4.787332,2.5439901,6.1718287,8.000081,10.38799,5.895746,2.3981957,5.6842604,4.2447968,2.6711223,3.207693,11.213179,8.2380905,8.118599,12.223006,6.0210776,1.6165588,4.274106,3.8835673,6.4328766,-0.5072665,2.932672,4.3967795,2.9299397,0.6312568,2.4683366,1.7854848,3.59696,5.9888306,-1.1490428,-3.4040952,-1.3721602,1.152024,2.4766908,-0.94828254,1.1463221,2.2567122,-1.1282071,2.9070709,6.3267508,4.0205593,2.8639934,-0.451298,-3.9508367,-0.5588119,-0.82968736,-0.036165237,3.7743192,2.8083825,2.7967331,1.7620859,7.1005054,6.9064865,3.7651343,5.259917,6.7664523,7.6248465,5.9017735,2.350342,-3.0874758,-4.4778366,-8.066488,-18.479015,-19.929241,-15.79061,-12.445208,-15.768327,-14.061544,-12.927397,-12.058705,-12.511644,-4.5112343,3.4045136,10.178805,13.739582,10.887224,6.843525,9.9888525,7.872809,8.26783,8.028188,13.338129,11.539757,10.635027,3.04732,-5.149337,-8.545849,-14.242286,-19.941101,-19.085516,-20.229141,-21.49821,-17.35,-12.840466,-12.4009075,-11.7333555,-7.725686,-11.253407,-13.27183,-18.439743,-19.38861,-20.609993,-21.308266,-21.474304,-17.917624,-15.539055,-18.298388,-20.73499,-17.516228,-20.467115,-17.845242,-14.396458,-15.127824,-25.577692,-20.274826,-15.713526,-17.640635,-13.795842,-18.536936,-22.82769,-22.333855,-16.779678,-13.3477745,-2.5971892,2.273796,0.8482355,2.0464582,0.31061363,-9.197582,-10.102262,-6.967602,-8.988702,-9.820019,-13.965277,-16.35398,-10.984871,-10.534083,-14.882281,-17.649038,-14.974697,-16.676437,-22.196775,-17.434021,-14.430778,-14.976168,-14.904173,-11.091131,-10.993528,-7.397812,-9.072886,-13.541534,-9.754074,-8.34735,-10.717159,-4.8069363,-5.3904724,-6.8675504,-6.5130258,-10.824833,-18.29866,-19.2327,-11.891367,-10.990429,-14.47378,-14.744902,-11.590153,-15.714932,-12.9976015,-13.91209,-17.93909,-17.035568,-17.555847,-17.36474,-17.892435,-23.937214,-27.076908,-20.59866,-13.196173,-12.218663,-12.33523,-15.437592,-12.900024,-12.319231,-15.792193,-12.959549,-16.77594,-14.940899,-14.363527,-17.455673,-10.240943,-13.094505,-13.838962,-18.716545,-16.79748,-13.011164,-14.692068,-18.855042,-17.048859,-12.408249,-10.229202,-8.554785,-10.410204,-11.443193,-12.487783,-15.694975,-11.367742,-11.953395,-11.038851,-8.891864,-11.356685,-13.106424,-8.219187,-12.918863,-13.932926,-12.629621,-8.068997,-9.7485285,-11.423893,-10.445494,-7.530989,-11.440424,-19.844763,-16.500729,-10.494019,-8.855067,-8.835846,-11.727667,-9.333782,-5.396368,-3.5343256,-7.130541,-5.7024817,-0.05953926,-3.8745017,-3.4783278,0.4662616,-1.1557018,-2.510603,-0.5810627,-3.7709994,-1.7786111,-3.1129782,-1.9500922,2.3473408,0.53169966,-1.2446976,0.9900598,8.040853,10.342194,8.601622,8.880113,10.417597,10.551035,9.842707,11.874729,10.75875,7.595113,6.4938154,11.236422,9.847658,11.362415,13.059288,10.85952,10.292337,10.373335,6.679779,9.991079,13.802083,11.602875,7.2460427,7.131713,9.259062,7.879265,8.7975445,5.064148,3.0494742,2.7780933,4.2988544,3.7096088,2.9507747,0.8006711,-0.2874432,2.0119834,3.0785937,4.810335,3.6817808,3.5067487,2.951623,2.745267,2.6010134,3.3133428,0.9293319,1.7735479,2.0072484,2.5588737,2.7791111,3.273192,2.6206589,2.815888,2.5480118,1.8102429,2.6371424,3.705336,4.2971635,5.431533,6.7685313,5.1683664,5.018425,5.987627,4.776011,4.6162114,3.1857123,3.981771,4.157183,4.338202,3.8138669,4.4737396,4.2936354,2.17569,3.4719412,4.691384,5.413572,5.4414735,6.5675516,6.7114754,6.606908,5.162771,4.798311,5.3984613,5.2706385,4.6056194,4.8749094,4.1987944,3.361819,5.0727096,5.7067966,5.613797,6.140751,4.5820503,4.7870207,4.550102,3.7366304,2.7901928,2.565174,0.7291259,1.8530327,3.0497837,3.595168,3.6365783,4.0919833,3.3901687,3.685142,3.480353,4.026498,4.1598434,4.1016693,3.8045673,3.076575,3.7354937,3.57136,3.2938898,4.318274,4.1305346,3.3943887,2.9911528,3.1992872,3.7003498,2.6217756,3.1717272,3.0297847,2.8082078,2.8481398,2.1437616,1.8621994,2.8282738,2.78934,3.770977,3.1649241,2.755272,2.5107872,3.0466962,2.212194,2.2022352,2.1687536,1.271492,1.5552094,2.5755801,3.0306072,2.5882175,2.6540933,2.394044,2.3373618,2.571359,2.6662781,2.5724857,2.4822347,2.4565356,2.44117,2.46891,2.5439339,2.4429412,2.3369381,2.3096385,2.322081,2.233981,2.280646,2.1462123,2.110619,2.0770955,2.0267801,2.0368972,1.8641219,1.9732112,1.8583627,1.7993184,1.773034,1.6227661,1.6963284,1.4945804,1.5408224,1.4412967,1.2860807,1.3772448,1.0800759,1.0461855,0.7965324,0.7725965,0.6435591,0.24263933,0.10222519,0.0,0.0,0.0,0.0,0.0,0.0,0.0,0.0,0.0,0.0,0.0,0.0,0.0,0.0,0.0,0.0,0.0,0.0,0.0,0.0,0.0,0.0,0.0,0.0,0.0,0.0,0.0,0.0,0.0,0.0,0.0,0.0,0.0,0.0,0.0,0.0,0.0024322178,0.0,0.0,0.0,0.0,0.0,0.0,0.0,0.0,0.0,0.0,0.0,0.0,0.0,0.0,0.0,0.0,0.0,0.0,0.0,0.0,0.0,0.0,0.0,0.0,0.0,0.0,0.0,0.0,0.0,0.0,0.0,0.0,0.0,0.0,0.0,0.0,0.0,0.0,0.0,0.0,0.0,0.0,0.0
0.0,0.0,0.0,0.0,0.0,3.7659733,4.5813437,4.142951,2.2145362,3.261147,4.842594,4.082502,4.145975,5.5175114,3.9686337,2.6619592,1.7482309,1.5360863,3.0036583,5.5133314,2.7224715,1.4199964,1.3075405,1.8774784,4.03026,4.706328,2.6542544,4.105423,4.5534506,2.1887221,2.1163046,1.5100287,1.3917727,1.040356,1.429292,0.11171863,3.0295527,3.3536024,-0.36358538,4.8698316,10.571519,9.973114,11.2267685,10.892502,11.018209,9.539673,7.3993735,2.7993922,-3.185943,-1.9485278,0.7252551,-1.922994,-1.0121818,4.982376,0.7872493,-2.683375,-6.5267324,-1.9824383,-2.8691273,-1.7339382,-5.1219854,-2.02917,-4.135866,-1.8685812,2.1097007,-2.55141,-5.1643,-9.297294,-2.1767268,-3.3752728,1.509712,4.0645895,3.8633165,3.0908349,-6.0050545,-3.9642406,-0.056486785,-0.19149452,-3.1662598,-0.80761874,1.5909779,0.20944455,-3.6562102,-0.31389213,-7.03694,-8.843779,1.264143,2.976891,-1.0341274,1.8424371,-3.1354163,-2.2234297,-4.906213,-9.094186,-2.5174084,-2.8911886,-7.055414,-6.2003036,-9.715692,-8.988115,1.2362806,4.2382407,-1.3476069,1.7151313,6.644992,3.7237916,1.4271898,2.1260858,0.80088973,-0.5818517,-3.337558,-0.8398414,-0.35058433,-3.3559165,-0.6624365,2.4720194,2.671096,4.0542955,6.495611,6.740507,7.392835,6.0390434,8.0831375,6.956167,4.021597,4.2000003,4.081828,3.5139115,3.8837805,3.9351554,7.2382784,7.9802895,10.05109,9.497053,6.622913,3.0690854,4.51855,4.895685,-0.8263292,3.2150147,10.574852,7.652584,3.8401182,9.941313,4.2903204,2.3763688,7.1919956,5.1750393,2.1754267,-1.7904365,-4.7504134,-5.93254,-5.8134613,-6.053906,-7.093877,-4.274593,-7.4431677,-11.056959,-10.967842,-9.778402,-8.56016,-6.4997716,-4.145295,-5.20348,-4.6175656,-3.4923956,-4.0130568,0.34204507,-0.63248765,0.4680053,-1.1471133,-5.665872,-6.988635,-2.5713005,-3.9683437,-6.9869537,-0.5144293,-1.233861,-4.1526,-3.3348768,-1.8806283,-7.416334,-6.280836,-2.0763707,-4.113034,-6.7138653,-0.55561423,-1.4767481,-7.2658715,-4.9604015,-8.897721,-15.75297,-7.869362,-3.2663827,-10.8346405,-11.855706,-11.379887,-12.406879,-10.310425,-5.030344,-10.557163,-7.4308014,-9.875762,-15.887881,-12.169416,-8.33279,-11.95218,-12.250694,-15.730129,-8.079842,-5.9699655,-6.3043427,-6.599907,-3.9619222,-5.633948,-2.748581,-2.5702953,-4.541233,-4.663743,-1.9213519,-1.8185551,-3.7009969,-0.5254129,7.065012,2.6097937,-5.7297163,1.8909855,2.9752295,-0.28366983,7.5257964,11.7652855,8.338085,7.0255175,7.5543194,4.907278,4.259183,3.8110344,5.3528957,9.620831,6.1407566,-1.0463489,2.1773448,2.412317,-2.899417,-2.785008,-3.5674314,-2.6412044,-1.071209,1.3520076,7.3644357,5.789585,3.5544982,-0.731016,4.02499,9.640478,0.552921,-3.4747314,-4.1919374,-2.9252338,-0.27207482,4.0854406,3.351726,0.3420946,-7.3099113,-4.410899,-3.0441132,-3.1114202,-1.081364,-2.6430626,-3.8644245,-6.0317087,-0.51572764,-0.009081483,-8.563568,-4.8976684,-1.8483479,-4.1609936,-10.169834,-9.530762,-7.6001186,-8.954178,-7.630325,-7.9278603,-9.31678,-11.070097,-9.982366,-3.9354997,-3.4642348,-2.6525588,-4.769011,-6.5636935,-6.2376275,-12.949633,-16.006786,-8.012965,-9.010199,-11.539007,-8.549284,-12.145313,-13.45434,-9.372184,-10.33967,-6.402645,-15.095932,-18.559727,-11.564793,-8.854521,-10.022699,-4.650425,-10.744265,-13.265529,-6.022302,-10.695049,-14.895813,-6.370682,-6.804414,-15.218057,-8.742314,-5.9575167,-14.011836,-12.283607,-7.2274294,-12.279421,-12.875417,-10.451853,-9.2861185,-10.620273,-7.590854,-9.007484,-11.723556,-10.439122,-14.481455,-19.60529,-19.933964,-16.068672,-16.82351,-15.560509,-19.197906,-19.989212,-16.350224,-14.150045,-17.789703,-15.184586,-14.925141,-18.376797,-20.180603,-13.42872,-16.889915,-19.65686,-18.646492,-24.202103,-17.430119,-13.601284,-17.792156,-14.441991,-7.486088,-11.97304,-9.202596,-8.444547,-9.670753,-12.643925,-4.5092134,3.4028435,1.9567287,8.539846,19.652954,18.634918,13.525496,17.497917,21.820658,20.457273,25.706568,25.578512,21.715893,25.613167,23.421486,20.326763,15.302518,12.282005,15.37821,12.194483,3.7873068,6.0160546,6.887876,13.254103,4.953211,3.929366,5.686125,8.233191,11.736762,11.810474,10.142416,11.193172,7.9006553,9.115967,6.627313,7.3501124,9.304003,11.95541,10.070509,7.855402,7.8563423,10.846457,9.147821,7.355547,14.176874,11.096249,10.678144,15.592342,15.991575,10.223665,6.7857304,11.369947,16.666647,16.02887,15.32818,13.743446,18.549421,17.644869,18.92149,16.280813,16.113934,13.203136,11.053383,5.3967695,6.2329135,8.981539,12.035524,11.211197,10.744501,15.718082,19.008026,15.293602,11.751558,16.108885,17.226099,10.9332905,16.905243,15.937632,14.190683,15.527378,18.508678,14.7960615,11.697435,15.662897,17.955578,16.793074,17.424892,17.75587,15.765646,14.247513,13.965243,13.959597,17.131865,13.401819,14.724003,20.77126,20.330631,14.091703,16.8313,15.982779,-1.8973507,-10.426509,-9.838379,-4.5054407,-2.2855003,-1.3619704,-2.2368197,3.0726159,4.5974565,3.088001,3.1896355,3.2734313,4.491085,2.9127674,3.6745398,3.2226052,4.40162,6.20637,7.912966,9.021938,4.936441,5.566312,8.4850855,10.519899,12.989172,11.1090765,9.578604,6.926081,3.7923062,-1.7006226,-1.6458199,-1.1795951,0.6433817,0.94550776,-2.0708065,-6.8169556,-7.394663,-0.66257703,3.2185917,2.3587127,0.7423755,-2.453629,-6.8404226,-10.074558,-10.013723,-8.803694,-13.915291,-14.687776,-10.962105,-9.258589,-9.926338,-10.744852,-14.323115,-12.599929,-7.138522,-4.1096735,-0.4699788,-2.6389618,-2.7064562,-1.1687485,-1.6498873,1.1717334,2.4569192,0.028495252,-2.346258,-2.5779538,-7.077857,-11.777758,-13.719149,-14.084292,-12.166479,-6.9961977,-6.107855,-7.407386,-12.72428,-6.6621656,-2.781713,-4.571023,-9.821017,-13.954321,-13.59319,-12.591736,-8.489639,-7.099304,-9.626915,-4.2049847,-3.2634985,-3.4798455,-0.8146706,1.8731695,-1.4161284,-5.6355467,-10.7355175,-7.9149294,-8.855785,-0.43395424,-0.03415864,1.9402663,-2.1502144,-4.650654,-1.2231207,0.8323494,-2.303388,0.1051479,-8.6906,-5.2535915,-2.1059504,-3.2134538,-4.7056684,-5.8597784,-4.8347,-7.907511,-7.527975,-1.5070384,0.6231469,-2.92066,-5.7162924,-1.0911837,2.697924,4.5631957,-1.5992645,1.5070208,-3.059176,-7.111792,-5.437956,-1.4088271,1.4608027,1.8345125,-5.633007,-7.2074966,-9.880776,-6.8975573,-7.8191648,0.17224598,-6.0302677,-8.030641,1.4901161,5.780637,2.7910142,0.12690222,-2.7982898,1.6506895,2.4763591,-4.283849,-10.716127,-18.642899,-15.616417,-11.205997,-12.900475,-16.654703,-7.509416,-3.763564,-2.3758705,-1.760393,-3.5367854,0.13885677,2.0684166,0.65485287,-0.62289715,3.1280012,2.1062968,1.0993929,1.214139,2.39942,-2.164072,-2.6811447,-3.065044,-5.4610043,-3.3391175,-2.3090663,-6.1133437,-9.739935,-8.64457,-3.5367785,-2.250336,-7.2861776,-1.9794388,-1.2421255,-4.876152,-11.25734,-19.853136,-24.435804,-14.313354,-6.876042,-6.078197,1.9037144,5.5748653,4.752591,2.8556614,-0.47506073,-2.0499399,-5.452944,-10.620146,-10.995637,-8.445515,-2.7899923,-0.36183196,2.1014977,0.1144582,-4.3574157,-2.96487,-2.4432309,-1.9589809,-4.225306,-8.939189,-12.098528,-14.543892,-12.371963,-5.723363,-5.3206644,0.82323194,0.2703565,-2.4209194,-7.7192106,-7.8750043,-5.212515,-4.216384,-4.6954994,2.177926,1.5230107,-0.7283432,-3.2694986,-3.0643392,-1.2594104,2.3569763,2.6974447,4.4896927,6.9258337,6.268874,2.7361279,-2.4254928,-3.3973196,-11.646746,-12.700451,-4.716484,-6.7302513,-8.751798,-3.3236265,0.49543315,-1.4935405,-5.787553,-3.6335406,-5.584186,-7.8423634,-19.009193,-22.285446,-19.639977,-11.715108,-11.017557,-8.738812,-3.815392,-5.2706113,-10.733818,-7.199951,-3.3725023,-0.7196559,-1.5978823,-3.7431173,-1.2771355,-0.30819452,-5.120843,-1.7415849,0.27347982,2.518426,2.9698093,4.9060802,0.69644326,2.083507,-1.2317625,-4.0932517,-3.2534657,-3.6874595,-14.586449,-9.289104,-6.296245,-10.263456,-3.4019256,2.9272175,1.3954695,-1.0695177,-11.705435,-14.835314,-12.24011,-8.90428,-7.835102,-8.219717,-9.32638,-9.258636,-8.848675,-9.607176,-11.848485,-12.564913,-10.176477,-5.997164,-11.940825,-5.335535,-3.7846732,-5.9195204,-6.487342,-4.389836,-4.9193454,3.7441175,7.2464943,3.5189195,2.7671084,0.84860414,-3.795679,-2.1442761,0.03544402,-1.118094,-0.030258238,-1.6106253,1.3574281,3.7116513,3.5744185,0.83083963,0.46272135,-1.5111227,0.29299057,1.6185565,2.0015535,4.7562175,5.418891,5.802908,2.2497807,6.002545,4.9257417,-0.45519558,0.09009868,2.461874,2.8879538,6.133071,6.5877542,9.815085,12.8665905,12.211266,11.308195,8.876648,11.447212,12.112532,16.433144,14.628381,13.176296,14.481388,14.79739,12.092923,10.666847,10.521589,10.308862,7.416012,10.46941,13.0097275,13.269636,11.9326725,-1.3701161,-8.825434,-10.770659,-7.9388046,1.9736053,5.4960523,6.0415087,5.7588396,6.8923426,3.6328044,-10.151224,-9.700096,-9.1391,-8.15174,-9.37159,-10.139485,-12.245775,-12.619007,-6.6895027,-6.77127,-7.111908,-6.765442,-13.759065,-16.727901,-15.753996,-12.408651,-10.06561,-10.425371,-6.772215,-9.32612,-12.637427,-9.166976,-1.2244283,1.4080477,2.3985176,-1.1182516,-10.689434,-16.833637,-14.953537,-13.800408,-16.217197,-23.578417,-21.955303,-17.579903,-13.461121,-10.439486,-9.44994,-9.829071,-8.6774435,-5.557616,-8.320432,-16.519308,-22.186806,-26.704811,-24.122213,-15.323328,-6.7882395,-2.8694625,-4.5436583,-5.5544233,-1.0749578,-5.6045947,-5.873858,-6.564937,-9.458628,-13.652256,-18.308186,-29.879417,-29.729546,-22.063728,-24.578526,-27.568523,-25.509626,-22.976582,-20.048649,-21.837975,-21.580746,-20.877213,-16.430279,-14.59515,-10.9666195,-10.619421,-10.14849,-11.491472,-10.046675,-5.4231224,-8.946009,-7.0996394,-3.580247,-0.06646761,-5.448837,-7.041728,-5.8005304,-0.3122331,-1.4718605,-3.9853687,4.183392,2.6407285,-0.52642864,-2.2177622,-2.1871054,-5.0466824,-0.24947906,-1.9358706,-4.5205326,-3.7827675,2.3355937,2.7279584,2.762683,0.2759682,0.5251007,-1.4904226,-1.7997946,-0.9692051,0.6309042,1.8557825,3.1322272,-1.4670253,-7.1314325,-11.068229,-20.775078,-24.662762,-20.278706,-20.618347,-24.129501,-27.25766,-31.467876,-28.853268,-21.503733,-11.154516,-0.17038396,1.7292489,2.4413493,3.006578,2.8700829,3.0052364,-2.900466,2.7424364,3.5597737,0.97330827,1.4158325,1.9080662,1.2639656,3.6141565,4.2395897,1.6796012,-8.076649,-9.443878,-1.8018816,6.477855,4.8984737,-0.9483969,2.760047,4.8827305,6.4612255,5.996645,3.1397097,0.08824912,1.3036371,2.9132051,4.4952464,2.8437934,2.1455607,4.7262745,2.6143956,-2.743648,1.1001267,11.779435,8.26269,5.9146905,8.18194,5.5911913,-3.2661414,-5.448723,-5.4973745,-0.19266048,3.802474,0.045248568,-2.3374,-2.965824,-4.8311863,-13.283379,-9.9888,-4.5241528,-2.5900943,-2.8921957,-4.8408494,-4.527199,-9.430901,-9.191113,-9.3113985,-13.380989,-11.302881,-13.047122,-11.65215,-9.383848,-3.2088628,1.223904,2.6947613,4.3137646,5.525932,7.11582,6.0020504,7.9603996,5.733493,1.2839384,1.9716449,-1.2957025,-0.8373283,4.4372215,1.5151025,3.3308387,4.5705013,5.9286814,5.9102426,6.4647613,7.064589,5.58539,3.77284,-2.511282,-7.793802,-15.161287,-13.261841,0.3941458,4.215538,0.4641403,1.6149921,-0.3506409,-4.2098827,2.5267856,1.0350511,-3.8843102,-5.8501177,-13.300316,-18.360472,-17.444717,-16.640053,-13.713054,-14.543257,-15.555674,-16.997,-22.378391,-19.883125,-12.448353,-7.08995,-1.6006044,0.7836491,0.3064437,2.1207867,0.29554686,0.7618457,-3.3919506,-2.5488417,0.6398032,-0.598216,-4.064231,-1.5253742,0.61442167,1.7539797,4.006484,3.4740715,3.8234622,4.7310457,1.4064363,-1.9546771,-2.1297448,2.3604457,4.7944784,4.7200775,3.435792,2.6857338,0.6918175,-0.061701044,1.4938104,3.8513696,5.730126,-2.3925054,-3.7696452,-2.8782837,-11.450337,-17.853397,-12.807976,-4.1248946,-5.266324,-2.0280967,-0.18255727,2.1162329,0.22730547,4.932885,5.0977793,7.9263926,1.1503541,4.1465383,9.544676,8.014273,6.167777,6.5410895,7.5041904,8.226232,11.824415,2.558519,-5.9520926,-9.118616,-9.207677,-11.295887,-6.371672,-8.069187,-8.907681,-4.285688,-1.4878538,-0.37868595,-0.5297158,2.3414364,6.2510586,5.5827856,1.7630768,5.651272,6.9753895,7.242815,-1.4552321,2.5150042,6.6712117,5.7090006,6.2619343,3.6798027,-0.42431659,-4.0590415,-0.52436465,5.257371,7.9652853,7.6261764,3.0319126,3.7499595,11.755659,13.448988,7.5988073,5.779177,6.8140774,10.520031,13.838167,16.878986,17.768867,11.620086,8.425628,4.7403765,2.9949245,3.7883084,7.5981684,8.522333,8.86517,11.959126,12.331512,7.697199,0.5718426,6.9391065,5.4414663,-2.4922833,-3.9860451,0.84232235,3.5545444,3.6536543,0.7394736,-1.3919325,-3.1998742,-2.676524,2.58285,6.427149,6.640315,1.3938575,3.6407695,1.0829234,-4.178893,-4.0388227,-5.792404,-8.639356,-10.814133,-5.3884234,2.2194545,-0.25628638,-0.004317075,3.4682698,4.1723204,0.88113457,2.0929465,6.7937803,4.7075357,1.942426,1.1633714,5.716108,10.39744,12.608562,13.662381,16.879332,15.50051,12.3499565,15.190846,13.897255,13.545301,12.900501,11.506127,13.205368,15.832208,13.325029,7.172181,8.440099,3.0529687,-2.3249094,-5.739606,-3.7778358,-4.065843,-2.4306426,0.16692805,5.513145,5.181288,8.027894,9.3165,5.3664565,0.073519334,-5.46076,-2.9669585,-1.8753233,3.965822,3.228128,1.0671906,2.2102919,-0.8502901,0.9926562,1.9389563,-5.901006,-15.862368,-11.553377,-7.3778515,-6.875439,-4.061926,-6.8926044,-8.615486,-10.347971,-6.7603455,-4.398956,0.12749994,4.395443,3.7904816,0.7483014,-2.2972186,-1.4768977,-0.87993836,0.10853262,0.7830333,3.0445685,4.6604652,3.510727,6.352071,9.459609,5.151256,4.1442456,-5.0065784,-3.8838859,-2.1107116,-2.8622458,-1.4256852,-7.597934,-6.93902,-4.0080094,-1.4995406,-0.25339532,5.0939145,3.51899,0.8318327,-0.48877418,8.208882,1.7305048,-2.1823487,2.094916,4.708848,3.3383498,6.4886684,12.113285,10.223639,8.710455,-0.12813768,-7.727599,-8.329617,-5.6584673,-2.1184454,0.87138104,-2.861113,-12.198238,-9.600476,-8.847355,-7.20492,-6.917612,-2.9998553,-0.13669842,-4.131524,-3.2292914,-7.15689,-7.610203,-3.1221254,-6.1945505,-1.446902,-2.4120455,-3.8647292,0.68560743,0.1596371,-5.0617485,-5.9986153,-5.667186,-11.452059,-11.579359,-12.92472,-12.939479,-9.543222,-5.8781633,-5.801074,-9.775574,-11.998681,-6.4073734,-9.748165,-13.774553,-14.960531,-8.815678,-12.03929,-9.799895,-9.762686,-8.522495,-8.917606,-10.4434595,-6.289647,-3.2616262,-6.213095,-8.579763,-7.0043488,-4.146277,-2.5640411,2.6818938,-5.8375883,-11.486576,-9.110377,-2.2901034,-4.7365084,-2.4562113,4.058468,4.034305,1.7918514,5.6052017,2.1979342,-1.6055722,0.7618346,3.4241133,-1.742204,-7.9921746,-2.7786384,-2.5701566,-4.9637766,-10.316892,-17.45872,-14.149642,-17.628838,-11.731386,-2.4771507,-1.045086,-1.8979541,-4.8836403,-5.9388275,-7.069315,-3.3717391,-4.4389668,-5.060736,-3.7970486,-1.5844247,-5.095086,-8.756032,-1.8540771,3.0535789,-0.9465366,-2.203263,-0.3666377,0.20865588,4.8180633,6.566823,-0.43137646,-2.1221268,-3.5951643,-3.9702566,-1.3123195,0.014207333,1.2756665,-0.15697968,1.5585568,4.397783,3.2515922,4.12501,10.656894,14.085665,9.495693,7.3091593,6.3906126,9.686365,6.0831075,3.7630994,5.659889,9.708678,14.30632,10.388594,-2.359256,-7.3363123,-8.064726,-4.0095043,-3.995058,-8.503738,-5.9284534,-4.808605,-3.0456393,-5.5759463,-3.2440133,-2.8743205,7.3612394,11.736219,3.1825616,-2.6132698,-5.511984,-1.8980145,1.2299656,-1.4468114,-6.6882677,-2.2978168,1.3606997,5.311921,4.2363997,5.1093965,10.640242,3.380249,4.759268,2.2541633,-6.838202,-5.7139883,-2.6932116,-4.735003,-10.377943,-15.737863,-10.66309,-3.3718085,-5.1523767,-4.320394,2.3868043,-0.75564957,0.9650611,3.2001345,5.876815,5.0426474,1.2225441,1.2505049,2.6172829,1.1070594,-2.567968,-13.975061,-13.127871,-13.348173,-13.726442,-7.124656,-12.199831,-16.986172,-11.888136,-11.178688,-9.566408,-7.337754,-3.0629158,-5.610717,-11.699999,-11.399673,-12.324219,-15.089993,-11.29232,-10.351932,-9.473524,-12.34461,-14.188147,-12.800844,-13.981392,-9.48175,-14.751556,-14.55357,-9.550734,-6.074773,-3.589178,-0.9510986,1.1448512,3.742735,2.355088,3.0576143,-0.5908233,-3.5983427,-1.7896746,2.5903506,2.3482137,2.5125976,7.0407248,6.8930645,2.839353,3.671683,3.9095592,-1.3394862,1.4608212,-2.9964104,-16.484129,-13.647264,-8.14342,-10.12835,-11.596675,-11.221569,-17.922518,-11.762648,-11.844313,-11.716943,-9.589376,-9.987745,-7.3337517,-6.2727127,0.3607913,-1.6065986,-4.4114413,-8.847243,-11.852177,-8.859631,-2.6800482,3.0534532,-2.7030897,-6.764102,-4.257511,-3.201212,-3.2298455,-7.5637674,-6.1752357,-3.2478335,-0.64967704,1.2677909,3.631832,5.6978855,4.2046676,0.8104178,4.8147287,7.4919367,2.9437742,-1.5174638,-5.3096733,-3.3318079,-2.191167,0.6889437,0.8762838,-0.8330251,-1.3295964,-0.90435183,2.808778,-0.08677685,-3.720771,-3.7275894,-6.140339,-11.5258255,-14.312298,-7.58671,-3.0083761,-4.444188,-4.613783,-3.6306386,-8.067444,-9.124443,-3.606802,-1.4485857,-1.39545,-0.8239528,-1.7783849,-2.617185,-2.9578176,-1.9928781,-2.349885,-3.1353676,-3.2656882,-2.0649843,-5.1198835,-10.074934,-10.0741005,-8.373236,-8.993835,-2.9860458,-1.7368035,-1.1770777,1.6877252,2.5033653,3.514905,3.4696517,-2.3045688,0.9633745,0.62357044,-2.166426,-0.34840095,6.285424,7.8174725,5.8181906,6.9233575,8.383335,12.088194,13.132652,12.668665,7.9432797,-2.0384822,-11.281166,-13.87289,-9.566042,-8.034064,-5.6376276,-2.7613304,1.5468316,1.783996,2.6600647,2.4636762,1.9582913,4.6514115,-6.453158,-2.3053133,-3.0922961,-3.363983,-8.2887535,-4.7747183,-3.8993933,0.05380538,0.27473077,-3.1555328,-6.2530117,-3.1366339,3.1521313,6.432505,6.3402624,8.541609,7.380057,1.7373818,-0.8243982,-1.9617437,-1.6405127,-2.9137428,-8.5991535,-12.098373,-9.722993,-1.7404902,5.1524444,4.368261,-1.538111,-9.243721,-14.387825,-11.125317,-3.957675,-7.1169887,-5.612467,-1.6351705,-1.694881,-4.4496202,-6.9143357,-7.7953825,-8.293341,-7.4897647,-6.15998,-2.372307,-1.6659507,-7.1503563,-8.649167,-6.1625786,-6.0784054,-5.6855,-4.5036345,-8.201244,-7.935529,-9.281586,-10.839403,-11.948359,-13.537053,-11.460909,-7.1677275,-3.7630453,-7.915829,-11.60803,-5.45522,1.4323313,3.8561158,-5.2732553,-9.267408,-9.178851,-9.6473465,-12.715,-17.620672,-20.791447,-21.001633,-19.655674,-18.839611,-14.014164,-10.32128,-9.65658,-9.894272,-11.687864,-8.026252,-6.1319075,-2.023059,-3.0018702,-9.036806,-9.61446,-6.166753,-4.6409664,-5.7217546,-13.022865,-14.189508,-7.686018,-1.6868643,-3.3639257,-7.113677,-2.9774814,0.28159928,1.7722081,1.8231413,2.7917447,-5.3907576,-8.94419,-9.187914,-6.8793054,-3.673767,-4.3104315,-6.9700046,-8.744488,-5.7238703,-2.1274219,4.2757864,0.39597142,-5.2498193,-2.534344,-2.7472517,-9.074602,-9.840647,-11.249006,-14.043102,-12.960876,-17.19075,-22.269997,-26.35517,-25.113798,-18.554443,-9.303239,-5.160833,2.7955182,6.0448227,5.1787386,6.062977,6.472929,3.5832932,3.146422,-1.869562,-2.0810876,-2.7969732,0.11950669,2.1797342,-3.4228022,-8.675798,-5.758562,-1.2757646,1.851522,-1.5754532,2.8639073,6.7703094,5.3059015,3.4976826,5.4784584,0.5618807,1.5664792,-1.5028555,-5.1790648,0.94904906,7.0888877,6.109331,1.5409935,0.8843133,-4.2673326,-4.50274,-4.906218,-1.6161879,-0.85206884,-2.6548142,-1.1101722,-2.2039325,2.5320086,5.7662654,3.513537,4.498257,8.850798,6.8223867,5.9621696,2.7732847,3.8877337,1.720386,-3.9800792,-6.286367,-5.9479027,-4.1295214,-6.79021,-6.7252655,-5.2035027,-5.106077,-3.2357159,-3.9398522,-13.529999,-17.740261,-17.466503,-14.980295,-9.365641,-8.025578,-3.6062264,-1.7690523,-4.2332563,-5.3371725,-2.6461391,-1.7194151,-3.0750465,-9.872603,-13.065079,-14.645696,-8.487173,-4.7806487,-3.454802,-4.038272,-7.2509546,-6.0012326,3.7803016,7.6786504,4.9003153,-0.26667628,-2.400694,-1.7515137,-0.76956034,-0.6339531,-5.3428364,-9.232484,-11.167118,-8.850817,-6.4191284,-7.658757,-11.584564,-12.0450945,-12.719808,-12.702231,-9.58469,-6.4739437,-2.8922856,-1.5618461,0.26181817,2.8472435,-3.6690044,-5.842992,-10.44391,-8.569481,-8.644955,-8.261663,-7.9632607,-7.0503254,-8.047919,-9.671427,-4.173904,-2.6554499,-1.4052695,-2.513884,2.2891538,-2.7316942,-7.575745,-5.180515,-0.21914744,-0.5928608,-3.0862503,-2.0083845,3.7953696,8.497471,3.4339242,-0.62005115,-1.3793464,-3.6914077,-11.38632,-10.657017,-4.45077,0.7464372,-2.1464067,-5.084088,-3.840414,2.0560844,5.923993,5.6941004,4.019625,6.356996,3.5846336,6.3877482,8.948441,12.8261795,7.3893437,2.0082374,2.2976544,5.388736,1.2993299,-10.234482,-14.717711,-19.255783,-21.865528,-20.037037,-8.679535,-6.1323633,-11.095237,-4.1377244,-0.48160118,-2.8313117,-1.3602736,4.0371623,4.871134,7.396648,7.5592933,2.5427618,1.0796745,-5.459633,-12.690808,-14.763796,-8.619991,-6.2760305,-3.760118,-3.378622,-6.1892014,-4.7302437,-6.855832,-8.311211,-7.321002,-1.1039362,-0.30680785,1.8366551,5.153053,0.8276708,-3.661631,-2.4997184,-4.117688,-5.936054,-5.785251,-0.3521669,-0.5501331,-1.8278596,-6.892395,-5.8653245,-3.6207948,-7.065794,-8.565978,-2.9999464,-1.1441557,-0.7192434,0.782147,-9.631762,-10.884184,-10.4003315,-3.1293807,0.47666287,-0.10698283,0.10668564,0.66283226,0.4267373,0.62846756,7.2207727,5.9909916,2.487235,0.71752656,-3.8081715,-7.829645,-7.411335,-2.7842546,3.0031896,2.628438,2.097764,5.5055223,8.052908,2.235881,2.866626,1.0424972,-4.0456743,-5.3596516,-4.4533124,-3.4695146,-0.05601418,4.245772,6.4304085,2.7535586,6.5676956,10.950968,8.843526,4.559842,3.626536,6.9541125,7.418815,4.7791586,0.38895318,3.2248406,11.366388,12.961908,14.009289,14.284305,11.471769,10.236009,-4.5021076,-9.367101,-1.4083583,2.3884244,-7.4530735,-14.819983,-9.955809,4.1473103,-1.6592762,-1.8815118,3.2475061,1.5386589,1.6420805,6.419899,4.4235497,-5.1345825,-8.296991,-8.1876545,-6.0841713,-1.6658756,1.0694317,2.7512348,-0.29326546,-4.6643424,-8.502921,-5.558304,-4.60762,-2.7332606,6.005106,7.841892,2.437994,4.7650948,0.6348771,-4.453697,-5.639653,0.9769114,7.7812595,4.503091,-1.7382904,-0.79292405,2.7803347,0.046767794,-1.0889425,-2.1379166,-0.47861463,4.3429704,7.4091086,4.327139,2.6523113,3.4415588,-1.4792079,1.1709347,3.2509122,-3.683784,-6.981844,0.36181188,5.046302,8.932718,7.403816,4.3212314,6.4225063,9.603541,10.347207,1.55361,-8.869907,2.6155016,2.3381696,1.4184285,3.6694329,1.6629549,3.875286,13.434934,16.72935,12.46122,11.202543,7.392897,-1.9682827,-1.8188635,0.07518983,-0.41634047,-1.0517316,-2.3940167,-9.495835,-6.562142,0.8353312,-0.68893266,-0.32073075,5.1916656,7.8424945,8.156156,2.31982,-3.129256,-6.4891295,-10.957236,-15.448581,-13.920211,-12.034473,-7.468562,-7.4790983,-13.523395,-16.37901,-14.211548,-12.028139,-12.77688,-15.715139,-11.109465,-10.115759,-5.572706,-6.4181786,-10.313772,-4.5212574,-1.215708,3.588221,1.1747514,-10.685139,-12.340088,-12.702503,-10.310661,-9.807349,-4.8140492,2.5171928,4.8007426,1.8410206,4.092704,-0.826514,-5.657657,-3.3244739,-8.588792,-4.3097367,-5.5196066,-5.9349813,-2.9876637,-2.2925057,-1.5853509,-8.330238,-7.8877916,-5.2505546,-4.101262,-2.4673042,-4.7946825,-7.2539215,-7.2248497,-4.249356,2.765122,4.270512,1.2443079,2.421887,7.83949,5.2803664,-4.0088277,-1.9531702,-2.6835873,-7.550377,-1.8473794,4.352418,4.8677187,2.0726457,-1.1281834,1.279824,4.137963,7.8684,6.5306635,7.1675444,6.061116,-0.22618586,-2.5565567,-3.7048397,1.4633126,4.1234894,5.9191008,5.001837,0.93881977,2.2647004,11.481123,5.938492,2.9343839,-0.030698419,3.7519853,7.2405043,2.975043,3.2114456,1.3762182,-0.93314457,-1.8074353,-0.7663916,-0.50976104,-3.1015365,-1.7407732,2.9973168,3.6186366,5.0887775,6.2668543,5.014234,13.042589,11.275913,9.29385,14.178188,13.910561,8.263516,1.9200408,-0.01008296,5.0932407,4.0733685,2.5363193,2.3097272,2.1531444,3.9844954,7.671447,1.6392263,-0.76735896,4.562116,5.4831653,-0.9481852,-5.0481033,-6.591342,-1.2317655,-4.0532746,-3.6440184,-0.60505176,4.270737,1.6569462,3.2432513,7.9593663,9.710403,7.582039,-0.36705804,1.7695136,10.4682865,6.2321634,1.5169839,-2.8827457,-6.562856,-5.674301,-9.542711,-4.811635,-3.6528165,-2.0948863,-1.6588793,-5.193287,-0.6334889,3.6227064,-5.1233244,-1.28828,4.473923,4.0853257,10.199448,11.675507,8.392137,-3.3723977,-7.449787,-15.955387,-7.6262074,-1.7320555,-3.7337737,-4.2072115,-2.7515998,-2.2889295,-3.575885,-5.2267866,-4.2840767,-5.827239,-7.871755,-8.304157,-5.978475,-6.435121,-11.3604965,-12.341719,-8.773104,-8.525953,-13.845472,-12.489183,-10.383083,-10.91284,-9.4060335,-8.744446,-0.64888823,-2.6720366,-5.6462646,-5.4263687,-5.3211727,-9.712801,-2.9882066,-0.21980727,-3.1961732,0.7022332,1.9434891,-0.17892623,-1.8227372,-3.998973,-1.5837659,1.6162312,-0.5000219,1.9564462,1.797509,-1.5010374,-1.7408564,-2.3470092,-10.119608,-9.588501,-12.6642065,-13.225573,-14.625044,-9.144041,-9.123487,-8.860458,-5.896897,-5.334573,-9.125256,-11.172998,-7.4394417,-6.16039,-6.0947857,-9.208879,-7.3455133,-4.893204,-9.679033,-8.203583,-0.5443704,1.3197335,-0.62400603,1.7631109,4.137871,1.4251136,2.7582967,4.442154,2.2265878,4.7104483,4.7148423,8.391627,11.249091,10.451025,7.345909,7.6827717,9.957762,4.998106,-2.6955345,0.24215513,6.8897686,6.042549,5.6063294,7.7858105,6.521916,8.302343,8.538799,12.397768,8.85401,-0.3140911,-3.9905055,-4.326185,-7.5104284,-4.7115855,-6.998162,-4.229355,-0.3704626,1.0645576,-0.9544779,0.064382076,3.2645075,2.5923657,-0.9163919,-2.5514665,-8.319269,-10.027937,-4.386871,4.7588468,5.78766,4.8339033,7.450657,2.780618,2.539282,1.4660267,3.399352,-5.9881563,-13.905533,-8.478352,-2.22169,-1.711116,-1.1059407,-0.97799605,-0.18648106,0.8022867,4.5810537,4.761783,2.8490212,0.40434992,-4.363683,-3.8890066,-4.5019484,0.6576128,1.183784,-1.3893,1.5163245,3.8502462,3.0392694,2.7419572,-7.3955984,-7.1126842,-4.651302,-2.934704,-5.0568,-10.384035,-7.4176135,-1.9328536,-0.87316024,2.4063,5.692315,-5.309701,-9.747355,-7.8721,-7.8014984,-3.0449114,-5.052808,-8.723612,-10.733144,-7.636752,-3.9737284,0.12377757,-0.11261779,0.18707117,2.4854908,7.0334287,2.486107,3.083662,7.6151295,2.272308,9.308071,13.466978,7.448839,9.365425,7.030758,5.8078494,2.85906,2.4175465,7.7299576,1.2536687,-1.4257318,-3.536313,-0.9021765,3.044478,7.498557,12.498722,15.863325,1.0824951,-5.4630766,-8.392362,-2.3520727,1.0011253,6.2894096,4.064061,1.2821822,6.1203136,9.804219,15.081247,13.676628,11.217604,14.503682,9.395071,3.666738,13.483101,20.489422,15.784065,9.953128,8.056421,0.18463618,0.89280367,4.0271344,-1.9145306,-3.382659,-4.305661,-5.15345,-0.29796046,1.723884,-0.8856131,-2.7140112,0.6184879,2.266273,1.7403572,3.0052476,3.8165507,1.3251731,0.72351897,2.4425998,1.296861,3.9396436,5.8191442,3.6101317,3.8144133,-4.1669283,-7.363635,-4.572801,-1.2024777,-9.304016,-13.749903,-8.7398615,-9.478717,-15.666518,-22.792519,-24.150932,-21.618824,-26.26914,-19.584385,-20.763062,-18.75374,-18.392397,-11.642841,-6.470926,-11.457588,-13.039794,-16.187181,-16.119436,-11.784968,-1.489666,12.047218,24.60974,22.041756,21.042778,21.73553,11.300541,3.0332701,-3.6922135,-3.823176,1.111798,-1.5640241,-3.819269,-6.292649,-3.49995,-2.9526968,-2.501352,-3.935641,-4.0144167,-3.709667,-3.1298904,-7.6902094,-4.943569,-2.8384757,-4.2226734,-4.096452,-4.685142,-0.5245354,-1.9840486,-1.1715319,-2.3769557,-4.313721,2.6590118,4.7700186,1.6759098,-5.7989197,-6.71749,-5.6297603,-4.091246,-9.254633,-2.1542368,-0.8280531,-11.243666,-15.09732,-8.320398,-9.751716,-15.372922,-12.317637,-13.218885,-12.764225,-3.5101204,14.196117,23.249031,15.722648,15.814505,19.38802,16.732136,11.847265,4.5983534,1.9257436,2.4816332,4.9596806,3.9257588,3.8414714,5.62321,6.335062,10.722517,8.009054,1.4456341,-5.139779,-11.649135,-2.4897485,-3.1301193,-2.8424654,-1.742408,-1.068641,-0.053337574,-4.117174,-6.6562967,-4.620175,-11.987692,-10.883941,-5.978848,-10.701025,-10.994036,-6.9347386,-10.9291115,-14.4337435,-15.190279,-16.711952,-15.832532,-12.612814,-6.938517,-4.469746,-5.247936,-9.114534,-12.48691,-14.194804,-10.909207,-9.761336,-10.8751955,-9.572981,-6.3322306,-3.0105078,-5.4663906,-9.501446,3.31955,13.269861,17.154655,19.873352,22.950382,19.273842,18.35985,17.138512,21.845459,25.531977,26.155205,27.301804,25.2082,23.426746,23.66824,24.073475,20.05286,16.523388,14.334711,19.25869,24.283943,27.843403,25.13367,23.22522,19.668358,12.575121,15.397223,18.342697,20.783375,27.178865,22.002468,30.338627,33.092583,34.764442,32.215637,33.56467,33.000454,24.98069,22.456018,22.712559,21.759754,25.471806,24.333487,18.075153,17.218597,11.337513,3.7617612,-5.5724573,-10.535874,-13.328682,-6.779397,-6.389986,-7.718093,-3.6788163,-6.201662,-2.7357063,1.7565184,8.369476,7.4592943,3.3784168,5.2581224,12.723851,8.22563,6.082431,1.6081182,-1.9691117,-6.685534,0.0007967949,7.01667,8.45039,8.083799,-4.426754,-10.584517,-9.046615,-6.4163275,2.133181,2.2824893,5.332141,7.04287,3.5150664,2.7289991,-2.4837322,-3.4085155,-1.06407,-4.356022,-14.477705,-19.65089,-11.42985,-10.292271,-20.08396,-20.915909,-12.345133,-0.9474891,9.4422655,14.401604,18.755003,22.689268,20.496922,5.153344,-2.062295,-2.6772976,-1.4783832,-0.11510813,-3.5572152,-6.608636,-8.525011,-3.3511786,-0.0724529,-6.071001,-7.1415987,-4.5991187,2.0951145,11.935515,11.666241,6.7911606,3.2698565,2.6995173,-0.69334316,-6.640025,-7.4742765,-11.917902,-9.182523,-4.5139656,1.4160827,2.1995826,2.711137,-2.773309,-3.7061462,-3.1386113,-4.911692,-2.954545,1.6068482,-3.3474507,-10.765123,-15.6457615,-12.899494,0.85464424,12.404788,19.089024,20.174952,22.610777,23.41642,22.135996,17.992743,14.200983,11.537519,6.1670284,0.021881074,-5.169813,-1.850354,7.5104294,8.993116,5.9904795,-3.0504017,-6.983677,-2.5577722,3.1313863,7.542868,5.299752,-2.5605311,-11.25021,-10.950779,-5.8495665,2.09,1.8884733,0.44731507,2.8526454,-0.15788811,-0.07538247,-2.3565238,-9.006615,-8.605878,-8.516297,-7.51741,-4.23502,-3.8693829,-4.3762784,-1.5833694,-1.2594532,3.0564375,4.865141,1.4036465,4.805724,1.5560497,-5.118551,-5.2938185,-3.3499177,-0.646043,5.132629,6.370491,10.440065,10.350651,0.16593277,-2.5902216,-2.1382046,-2.1951797,-4.977158,-4.1203094,3.4527369,2.1111066,2.231254,4.175946,4.469446,2.8626244,4.782346,1.5529051,0.52276397,-3.634118,-0.9780965,2.9714792,1.4148331,-3.0572906,-1.3313116,2.3952408,0.18404138,4.0248837,6.1138096,3.542727,2.8972397,1.7761399,-2.5470827,-2.7624795,-1.4525338,0.09018308,3.9162707,4.4807777,4.7690096,7.420706,2.3164268,4.258051,5.7069864,1.4628775,-3.0307884,-3.047922,-0.83265096,-3.829443,-4.1171412,0.7396529,4.649098,-0.52434516,-9.769104,-6.209771,-9.609058,-14.550043,-7.4507275,5.2769165,1.8395159,-3.443743,-0.048358887,7.050885,8.844477,5.8715563,2.5579062,8.158277,12.141361,11.301205,0.9970982,-5.8685255,-1.1940434,2.053624,1.870364,-2.7517128,-3.569808,0.5236105,-4.574026,-10.4956045,-14.0401125,-9.047087,-8.583576,-3.6845553,6.233882,6.799986,2.1530602,-0.79001653,-0.75802755,-1.0129923,2.5669293,-1.3411462,-4.4336996,0.56448495,-1.0842535,-7.9982443,-14.469664,-16.724903,-14.28532,-10.074032,0.330562,5.806777,11.226414,14.753992,10.932264,6.644945,1.3491524,-4.460975,-8.127409,-4.2279344,0.73465437,0.5478239,6.4528556,10.897371,2.2270203,-2.9484134,-4.961401,-3.0191817,-8.685835,-4.10096,0.09214926,4.833654,10.087742,6.070045,-0.40195823,-2.5174434,2.368845,9.049729,3.7023406,-2.3355997,-0.73578376,-0.29085183,2.4786992,4.723317,11.516291,7.9253664,0.83434296,-0.56985915,1.1287767,1.3322444,-2.7140212,-5.8026586,-7.8003674,-7.704623,-12.813419,-19.917719,-18.841839,-19.555313,-14.01211,-5.342685,1.1588075,3.9789884,11.991312,14.606863,8.737052,-3.6615283,-9.914726,-6.778077,-0.26605862,4.103348,5.0195484,1.8132508,1.674166,2.344956,1.5849444,0.48490047,-1.2384655,-5.151066,-2.9135551,-0.26160574,-1.3633506,-0.96946967,0.78396773,1.5567195,0.63088447,0.38060474,1.8488764,0.91218203,0.5872116,-1.896209,-2.1118164,0.19813919,-1.5662991,-8.071412,-10.848945,-10.392645,-4.9576855,-8.669388,-14.177244,-11.941138,-11.367176,-11.605503,-15.300353,-17.90913,-17.23463,-14.677564,-7.1334677,-2.1591442,-3.2433782,-5.566034,-17.984644,-17.59042,-15.495169,-17.050522,-12.041935,2.4528503,13.509005,21.224255,22.697445,21.154696,17.490376,20.519627,22.568924,20.9594,16.314709,18.617416,16.48807,12.536154,16.764055,19.873123,20.478882,18.68846,20.586586,24.730083,24.195576,20.043707,10.465267,4.7378564,12.698972,21.608105,22.353779,25.754156,22.158253,22.726307,24.938347,21.276726,24.610828,22.174725,23.90166,21.392223,22.876087,26.827082,22.249321,16.82592,21.525833,17.631042,18.271866,19.28469,18.45758,18.402822,8.2764225,-0.20651817,2.3590271,6.140744,6.00554,-0.24107057,-0.19052137,1.6906834,3.0015047,3.5816383,3.094336,0.48425806,0.44264418,-4.7649927,-11.026352,-11.885328,-8.835648,-10.017553,-8.7532425,-1.4129579,-2.4100842,-7.7290325,-12.669681,-6.4797106,-7.4318886,-13.697792,-9.051983,-6.1821656,-4.6925797,-0.49646938,-4.6709414,-8.77322,-7.8313303,-11.409863,-17.85094,-19.169819,-17.633364,-10.660004,-6.875519,-10.049002,-13.825918,-11.198942,-7.5052843,1.35524,15.448242,25.629238,22.015448,19.66906,21.11481,12.91205,6.030056,-0.3210227,-3.68046,-2.6021438,-2.9452362,-1.4652656,1.1068437,-5.8889894,-3.9572282,-2.166571,-1.1049582,-4.174349,-6.092058,-9.410345,-0.71191543,3.494876,6.47618,8.849248,7.3192825,3.738324,3.3633509,2.3557682,-2.9145088,-3.5692081,-4.641343,-8.88174,-6.567235,-5.6973295,-5.5009494,-4.403559,-9.914318,-6.5914187,-7.3593445,-10.284389,-8.024761,-7.7350717,-6.4982624,1.4706523,7.3180566,10.9377365,8.244034,5.507976,4.6576014,4.3379726,0.99022305,-4.0218368,-4.393057,-2.6573722,-9.148582,-2.9391594,5.8426824,7.888859,11.636633,13.358449,16.067179,20.084782,18.913246,19.964504,22.420212,19.37632,11.5914545,0.95589155,4.7537766,2.4243,-4.131546,-1.2215211,3.11103,3.1076584,7.1387177,9.783133,11.099637,13.989427,1.4338905,1.2974949,-2.4215007,0.5019786,2.099924,3.9384983,5.345504,7.728965,12.683834,22.280035,24.173267,22.426579,16.21275,12.298613,2.5338757,1.371078,2.2029932,5.7280807,3.4911659,5.5422287,4.0519733,7.367378,12.58172,9.49704,-0.011868268,-2.2766259,-6.4051323,-4.768011,4.673405,3.7526555,7.265786,8.859902,4.891566,3.4335065,5.230419,7.105715,2.3821335,-2.0543063,0.19643115,-0.001478076,2.4594793,0.31748378,0.7477259,2.7880878,2.91748,0.85198146,0.6067085,-5.2170744,-14.959905,-14.548481,-11.556158,-11.279631,-6.171907,0.714475,6.4538236,6.2183495,6.717766,10.151592,9.41268,7.155725,6.849,1.1932644,7.8442955,8.202035,7.0795345,3.8156865,5.7149887,8.605307,12.96361,12.564238,8.572943,6.588835,10.068568,4.699857,4.4464436,-3.0706086,-13.437647,-8.566915,-5.841103,-10.221006,-12.515718,-20.107819,-18.412203,-14.585989,-14.625878,-13.603807,-13.277375,-10.452869,-4.6360874,-4.642506,-3.3597944,-5.477789,-10.36672,-10.807844,-14.775465,-15.217545,-9.434988,-15.30648,-18.857811,-13.57529,-11.163322,-14.124306,-8.275541,-11.403908,-12.29315,-9.3088255,-8.676636,-9.423336,-14.85033,-12.630308,-11.158171,-2.2615838,-0.87945366,-2.3552408,-4.7745323,-1.4787964,6.5690613,5.0349436,5.9167223,5.2347355,5.2388515,0.98509693,-0.9896326,-2.9456482,-3.7196505,-5.079175,-6.5444365,-4.5613213,-7.6056786,-7.483718,-7.9033685,-6.9075403,-8.673665,-5.575191,-5.2540035,2.9380782,-1.6000754,-8.847804,-7.3053865,-4.860866,1.7600063,-0.66971385,0.75539327,0.5098671,3.6811583,2.656816,-1.0827388,-7.3574724,-11.408957,-6.507304,1.7542576,2.81855,-1.6088254,0.1882214,0.3177349,-2.0996523,-1.3579828,0.01942563,-7.1042194,-4.8295074,-2.80351,-4.9008064,-2.3837628,-0.3278504,1.2976213,2.4426212,-0.6843233,0.049657226,3.395773,1.3521346,-3.8433418,-9.684776,-5.5484304,-10.220213,-8.037392,-7.563593,-11.4310465,-16.361012,-8.742487,-7.7537537,-11.408213,-10.219241,-10.424652,-10.127071,-5.366683,-4.397904,0.3709693,4.8971357,-3.8853872,-3.4211588,-5.042126,-0.9070623,-3.1242034,-6.636722,-4.204151,-1.1293246,1.1888049,-1.2089739,0.9590037,4.2217855,15.346461,25.888279,30.556843,26.782066,28.654873,31.050327,25.233059,15.530858,9.806009,9.725378,7.9708023,12.076784,8.942699,-0.59484553,5.1550903,21.562584,29.717566,26.799625,18.359509,19.653343,18.600674,16.451103,18.384804,19.49202,21.581982,27.546612,21.750957,22.033163,31.467789,31.582905,27.874765,14.416941,8.468705,15.441574,19.34563,17.937393,19.336624,19.149963,16.653011,27.930069,27.882568,17.42279,13.753922,12.522002,9.355555,13.299969,12.159296,12.967577,14.27817,11.562295,11.657253,13.639439,16.91468,19.088497,14.968665,10.925364,11.8932705,11.594619,5.398853,0.5816308,4.8247576,4.5185623,9.422612,17.389853,24.50727,26.216454,19.586094,8.197018,1.1731784,0.5908207,-3.5739064,-0.063798785,0.18515413,-4.909051,-3.6541834,-3.1073775,-0.61750746,2.816557,3.568666,8.3510065,8.771574,10.433563,5.175934,7.117936,10.150831,11.438055,16.369522,14.888941,18.302841,18.32727,5.794093,-5.6271763,-5.8451967,-2.5358996,-5.5599246,-9.3054085,-4.7692375,-1.3080938,-1.0607514,-2.224021,3.5390992,6.5946803,3.4249845,4.6172204,6.369816,2.9511085,-2.2028189,-8.442528,-11.260586,-6.358836,0.9655852,6.486161,-0.11386195,0.31748673,2.3841333,-2.2175045,-6.658018,-9.441864,-3.236582,5.417741,9.933282,8.309364,4.9009523,3.258428,1.0843875,0.81669796,0.62912005,1.0346583,-0.63820887,4.620024,4.4875193,-1.2114875,7.404296,6.11541,4.7685237,6.817046,5.4124355,3.3800228,3.799582,-0.90941465,0.35952267,-0.94514084,-2.8832002,1.4276595,-0.049908817,-1.7176583,4.9649906,9.021647,5.2884674,1.0321932,3.6358647,6.6682634,-1.2462802,-9.873718,-8.476503,-3.07093,-3.700291,-4.5032835,1.4195334,7.5886254,15.880896,12.689678,6.470802,5.130378,3.010651,5.7450294,-4.080976,-5.9376583,0.57505655,8.011183,8.719826,7.9787893,12.404272,9.38694,7.2643285,9.028644,6.362544,6.1172876,6.222715,5.8421955,3.8798919,1.4951363,-3.8360524,-1.4406618,-1.0269847,1.2053789,1.5360548,-1.5759664,6.1339755,7.4538336,7.806337,0.7625049,-2.8079712,4.53347,3.5752993,9.333794,19.169575,20.418413,16.231207,15.066325,15.57246,6.4657135,-1.1697481,3.0794616,13.856541,19.710121,22.253208,13.87642,9.922899,17.071922,14.529199,13.906277,10.5942745,4.050293,6.5550203,4.4677696,4.855234,12.757472,11.543126,12.648491,14.946823,11.5672455,7.8563967,8.041225,5.9968796,6.892339,3.7134109,-3.2090962,-5.993061,-3.1812205,-1.1775262,0.509012,6.86304,4.522821,5.2457714,11.800413,9.484494,10.961002,10.246345,9.929153,3.1448762,0.5927416,-0.09742054,-1.5117332,11.569508,19.017174,16.784805,13.08671,11.089412,13.703762,14.484123,14.131729,8.478551,4.0333967,5.67031,7.6903105,15.877695,10.749514,10.482119,3.3031116,-0.9142631,-0.6263903,5.499641,7.3632617,0.4844453,-7.358009,-3.6268358,-1.7447692,-4.7478633,-10.384953,-10.655283,-7.719529,-6.311241,-5.9513383,-5.8018017,-3.3252678,-2.522197,0.84682953,1.6713405,2.8660355,3.4749584,3.1997755,0.32913548,3.2697887,1.6837311,-6.18603,-12.73581,-6.4911976,-3.4802368,-7.1754117,-7.0738564,-4.2974505,-1.2855947,-3.301822,-5.498456,-5.422004,-4.465295,-9.452034,-11.495064,-8.782536,-7.0923605,-2.6815577,-3.061687,-4.6128187,-5.2533073,-4.114023,-2.229227,-1.6298677,-3.908979,-11.527542,-11.897427,-6.72921,-5.7157826,-7.846978,-4.448343,-3.0643902,-1.0269009,-3.1421785,0.3105147,3.6642892,-0.5087906,1.3859209,-3.5175993,-6.176771,-7.7457075,-10.342161,-3.1770904,3.5751972,3.8478098,3.1047945,0.53038967,2.7763834,4.288878,6.038619,3.5189948,-6.1591773,-10.028126,-4.443291,3.7075195,6.2162714,-2.2609115,-4.374573,-4.71262,-1.4029174,-2.501709,-1.3938053,-1.0817595,0.68201005,3.436935,2.2021656,0.41092357,-2.5303469,2.7385921,-5.21161,-9.455088,-18.29741,-13.633011,-12.112113,-15.013628,-12.778248,-8.024949,-3.8697963,-3.303265,-2.5113602,-0.1029406,5.4975204,8.111858,5.5689983,8.913813,7.5460467,3.041998,0.9885566,4.910953,0.9032221,-7.000288,-7.5223637,-4.0180917,-5.0069733,-4.0193796,-6.0727262,-2.865463,-1.0141755,3.4210126,2.139197,-2.794402,-2.9400198,-5.938361,-2.702858,0.12103462,8.760138,14.466763,16.08009,15.403345,14.891655,13.118238,13.151633,6.2448263,4.3274546,5.9407244,9.957439,14.466061,14.028389,12.355087,11.550844,12.486587,17.82238,22.1798,27.91362,24.833391,18.603048,25.462812,27.436638,22.222038,20.305565,14.94585,16.381075,16.63663,22.700733,25.494202,26.587397,24.08075,13.598943,11.789385,20.06791,22.901154,17.924786,17.155518,14.361031,16.082472,20.425613,20.928328,18.041592,8.387505,5.4932985,8.121609,10.334423,5.223381,6.2348843,14.640994,18.614504,11.939844,4.948086,5.8994713,2.7019684,3.8400395,7.9033766,9.587143,1.6631805,-4.1401825,-1.5452425,1.012202,1.3603956,0.8736009,3.6583104,1.4750495,-0.81885064,-2.5908563,-1.9548707,-6.141233,-8.844348,-7.233783,-6.864611,-7.9240828,-10.417597,-10.863565,-8.088738,-4.3495092,-2.1711774,-3.8420217,-6.313089,-6.8076067,0.30052108,3.5338688,1.1643953,-3.8180096,-3.805944,-0.8149531,0.5818273,2.8056564,6.4762917,8.060127,3.856663,-0.8471575,-2.6239486,-2.6564453,-0.2723595,-3.3193336,-9.180396,-8.750387,-9.652472,-4.6332836,-4.908058,-9.664954,-11.5663395,-1.5987226,-1.461273,-12.986168,-10.838043,-3.29262,-0.878932,3.3397827,5.7307963,6.2760987,3.708807,2.598368,-1.4577404,-3.600905,0.6643856,-4.9159837,-6.659875,-3.2507758,-0.76852393,3.6767735,4.0196857,1.8534054,-0.2611998,0.275612,-2.1082828,-4.018697,-0.7380566,-8.583574,-3.062378,-1.2447815,1.925672,2.001435,1.2371597,0.9091814,6.719737,1.525083,-2.417929,-5.9122977,-5.040227,-5.2828236,-0.742843,2.8860028,-3.283733,-3.4845753,-2.514885,-4.9128723,-6.215988,-2.2473454,1.9610876,-1.5536137,-5.4421005,-9.325787,-6.148206,5.4809003,10.047226,14.232788,7.990835,7.000235,12.158325,14.264102,7.9098263,5.038003,2.2264645,1.2708282,4.2594676,3.9333458,0.4146494,4.3782873,9.328772,3.0580506,-1.4330214,-3.0049934,0.68963623,-0.6515653,0.5580152,-4.8404856,-1.9921074,2.0060015,1.8825477,-2.4749587,1.5545532,2.336153,-2.4369776,-2.7233691,3.2279305,-2.7410748,-8.8493595,-10.285989,-2.7683477,0.9540268,4.906416,9.615991,9.707371,10.8773575,7.3649464,4.947268,11.0127945,10.846003,3.6224682,-1.0221393,1.2940423,6.3792963,8.596416,4.6355925,3.9637794,5.6712537,4.5734787,5.568142,6.3557663,6.8585377,2.4988532,-0.47074425,1.9258602,-0.22623166,-0.04767859,-0.69350624,3.7435765,7.084854,18.162224,11.3185215,2.5327952,1.566908,3.16154,2.3390493,-6.2020597,-0.7459386,-0.6055156,-1.2665133,1.8086644,5.1412973,0.8222745,12.546822,12.980539,6.6886845,7.9902415,12.581824,13.941329,14.125315,16.430367,26.182278,28.213562,21.743698,15.373511,16.21371,14.732004,13.924601,12.87384,13.948723,13.793413,16.063847,22.224518,17.551323,19.64426,18.972614,11.143388,-0.14665943,-2.4262676,-13.659615,-11.911867,-1.9635462,-2.5578566,-8.4355135,-1.672641,1.3858953,2.279765,0.5947101,2.8229337,0.34126687,1.7317226,-0.5156475,8.9836855,10.0832405,9.385159,5.7392073,7.0861406,10.326662,9.484136,11.635298,10.42716,8.014571,-5.4233236,-9.346407,-7.80366,-4.9669685,-8.184262,-11.791626,-4.331648,-6.4699655,-4.1566877,-3.4525683,-0.26899645,2.7014065,0.94481397,-5.01136,0.79230225,-0.8338959,-8.505735,-7.1389885,-4.1757603,-4.8048167,-9.874255,-8.846677,-2.7416809,-0.8999702,-2.2502778,-3.6928792,-6.4166093,-4.736632,-0.91946137,2.6896882,3.9863508,2.7026901,4.507718,10.683008,9.606756,12.560019,8.474479,8.590006,5.1376324,-1.6324537,-2.795085,-3.8446255,-1.8846383,-2.9036481,-3.12069,-3.9823906,-0.67561376,3.0219533,-3.5427744,-6.3990397,-3.1828809,0.54494965,2.2216759,-4.150481,-6.9078484,-10.942257,-11.053756,-7.28451,-3.1219535,2.8419142,8.869784,4.957878,7.675399,3.5332887,5.441936,5.557618,2.090224,1.3492851,3.2609196,6.2645564,11.738043,10.924171,8.261006,7.2370954,9.750626,6.142823,-1.0223702,2.6084392,-2.655105,-7.7716384,-3.4477515,0.43926772,-3.214264,-8.026389,-4.6111517,6.3667393,8.162586,6.0547667,8.763544,11.635746,17.321735,18.921247,13.399915,12.535625,15.685333,16.647873,23.218662,12.053917,-11.002264,-5.2857504,-2.8103871,-10.971758,-9.821754,-4.4047546,-2.8008776,1.6119512,6.218444,10.237617,5.798817,6.1449714,3.0122294,3.3966362,0.7167232,2.607355,3.6412241,0.51706135,-2.783771,-2.2253914,-3.1150718,-3.0986896,-1.3467516,1.1620162,2.066086,4.646274,0.17321205,-5.139051,-3.1813004,1.651366,4.248651,5.218294,9.729436,8.206983,7.9729557,8.482826,10.500792,7.744638,8.92761,7.8703866,1.7716992,0.042538404,-1.81962,-4.9324613,1.8085006,5.2742414,2.564357,3.8819444,3.3745427,4.2179203,2.4409995,-0.020184904,-2.939231,-5.3861938,2.7468119,3.781435,4.5491734,2.84157,1.7420362,5.455721,10.563591,10.9690895,3.0343924,-2.10107,7.6092405,9.153914,2.8772118,-0.62344503,1.7885699,5.55879,1.2494767,2.7639945,9.890608,4.1507816,-7.641034,-9.889666,-9.034813,-1.2198317,3.124465,3.3612108,7.4050264,3.1972375,5.2999144,6.546031,5.8935018,1.7767658,7.928665,11.363213,9.354038,12.458027,8.849491,11.863554,16.108843,16.359835,15.799964,19.265606,19.082876,14.19401,7.7062807,-1.0008988,-8.446558,-10.330072,-11.5325165,-11.790347,-14.199978,-12.939522,-11.430254,-2.9177547,0.019804977,5.941679,8.351336,0.89846367,1.2344091,-6.066798,-4.445777,-0.029512294,-1.5011265,-0.08457509,-2.2430196,0.23955649,2.1012616,6.62833,5.245061,-2.3809884,-1.8853576,2.491034,4.804817,5.3758163,6.632971,10.128584,11.30558,13.810232,9.48026,3.7900763,3.4875035,7.5929184,9.457779,7.756767,5.4196043,-4.014207,-12.4860935,-16.834284,-8.205338,-2.038041,-6.5876307,-7.6526194,-7.28847,-3.1021616,-3.6824074,-3.8320024,-3.4821928,-2.5613425,-0.4393245,-1.531616,-4.910295,-1.3617368,5.367811,2.5106058,1.2599932,3.212394,1.6667224,3.4034472,7.152301,0.4979851,-1.3020674,-0.950565,-1.0238186,5.5400305,10.781055,11.3131895,13.728512,16.43763,8.426906,2.6652064,1.3436537,-1.158359,-2.45867,-8.392664,-2.8596995,2.5807323,8.030813,7.5034866,5.7651863,6.4916167,6.8520803,5.126369,6.5823812,4.839673,1.6074522,-0.96611255,4.1222763,3.814361,3.669283,0.9233916,1.7755357,-2.716648,3.8401694,1.8424745,-1.9129443,5.190731,4.1089735,2.3852713,2.9794717,3.729892,2.3250554,-1.0984755,-2.7002597,0.13314271,4.741212,2.9688249,-0.4073667,1.7952733,4.7352805,10.767095,7.8708563,7.4901237,7.809394,5.374635,6.1023912,10.418974,3.6520262,8.179737,15.394169,9.954662,6.5653343,-3.4746397,-3.8405278,4.329915,7.902069,6.5850663,4.3574047,8.97418,6.272523,2.7334871,-1.5938022,-2.2297676,0.5223616,2.8645654,7.3361073,11.756332,13.217392,17.675577,12.947549,9.632402,8.815767,12.286796,12.517424,14.410557,16.9819,18.403347,17.759308,15.805444,13.824864,16.85919,18.33919,19.603668,13.738951,9.997988,6.3261833,7.215209,3.418533,4.9066763,3.5738635,5.7436833,6.4611473,3.4457564,3.3407686,7.91959,8.935792,6.8658447,9.648957,10.678052,-0.8342327,-9.601923,-4.8996606,-8.548894,-6.6955805,-8.303349,-6.5654087,-0.422504,3.3209162,6.576477,6.2196608,9.833516,4.955082,1.143199,0.6176666,-2.7169108,-2.4079256,3.4157457,4.150244,4.098057,3.2413204,-1.3035905,-1.5745208,-1.5443258,6.030763,5.2799654,3.9542365,4.5477266,0.19715966,0.56325173,0.7579228,1.5683234,-1.0390697,1.4687333,-1.7783313,-1.2395868,0.57931197,3.3206518,10.360676,10.366457,11.953027,13.778122,11.439684,10.061636,11.688376,14.539516,6.9645786,3.7233894,2.739672,3.361794,2.324223,3.3458588,4.660998,4.829827,5.2950726,10.107482,10.827367,3.9710016,1.615634,18.13396,18.698914,17.634266,19.081558,18.066898,17.54337,15.207061,16.377354,18.626152,19.214417,21.117775,24.294872,28.393944,24.379742,27.378439,23.96585,17.523834,11.531472,8.525139,4.5363307,1.7934958,-3.636241,-9.0983515,-5.3987856,-4.541292,-6.822048,-6.4555817,-9.685823,-8.45682,-3.9475777,1.0293758,-1.7176409,-0.90835786,-5.086875,-7.9254904,-5.3968554,-5.6601977,-6.21873,-7.929254,-13.792474,-15.25688,-11.19685,-11.657513,-18.092642,-21.406261,-17.590462,-9.848298,-2.3909945,-0.50735736,-8.48753,-11.853451,-5.7458496,1.8981833,-1.3506424,-5.6539106,-9.930549,-11.637223,-11.863745,-7.6017547,-4.081204,-3.442689,0.9240811,-3.3414307,-7.0568085,-5.9312096,-3.5076032,-4.0292673,-5.753783,-9.272985,-7.806646,-5.2506046,-8.659174,-9.190499,-10.588852,-10.012602,-6.6035566,-5.4509706,-15.858533,-15.362301,-14.346002,-16.026876,-14.513931,-16.741589,-17.998661,-10.009202,-2.2714038,-10.897385,-13.692226,-6.018759,-14.957224,-10.310315,-4.4886594,-0.5074991,0.5722723,-8.863253,-8.032084,-4.228169,-8.097407,-7.749902,-6.8427124,-3.762783,-3.192339,-6.365267,-8.158057,-10.171552,-11.39,-12.433831,-14.320135,-25.013382,-26.734726,-20.638813,-19.375622,-21.30814,-16.540787,-19.203842,-16.365133,-15.147497,-22.41452,-24.206854,-16.501146,-7.3611007,-6.2601585,-5.885978,-10.264881,-13.393858,-16.264847,-13.463919,-14.639715,-12.687197,-9.078784,-5.3198414,-6.9566956,-15.3264265,-21.798622,-22.276237,-20.877905,-20.739765,-24.115515,-21.030579,-8.24614,-1.132584,0.43930674,5.3304195,6.7113814,2.8762908,-9.33186,-20.973845,-16.459772,-26.221577,-21.586979,-12.62928,-5.919243,-7.67818,-7.353589,-5.1646957,-9.635127,-5.6347423,-0.6840658,0.21719629,0.41752747,-5.4097238,-10.167736,-7.6885924,-4.001186,-6.5771847,-3.6835642,-7.7978926,-8.098988,-5.9277735,-1.6200936,1.2062328,-3.1612136,-4.539169,-1.561945,-3.684104,-0.93732405,-4.6522374,-2.9007978,-0.5887271,4.098643,-0.48000622,-4.9311047,-1.0887488,5.884721,3.7766411,-5.5718403,-6.135482,-5.9765005,-6.6980352,-2.8280993,-3.748117,-5.062647,-4.926018,-6.7247267,-10.039339,-10.95259,-6.4036636,-0.2746399,-0.67893076,-4.6439285,-4.748639,-7.413725,-2.855331,-8.050783,-16.45488,-17.559633,-18.909626,-18.945353,-15.542818,-16.322065,-8.423272,-9.509126,-11.280857,-12.258045,-9.258046,-8.709932,-5.403945,-10.587767,-8.274877,-0.14766121,-3.8634467,-6.04279,-6.898631,-15.130817,-15.110378,-9.219671,-8.542692,-7.264424,-7.4225464,-6.042383,-3.7412508,1.7329856,6.1489625,6.8522196,7.732217,6.575884,5.321286,2.0152433,2.003206,5.232934,6.158368,4.8898115,2.2908266,-4.043668,-14.261322,-11.540619,-7.1317043,-1.4156985,-2.3470984,-6.792958,-6.4122686,-2.276972,-2.0525305,-0.4515481,-0.145985,-9.3595705,-9.976557,-8.636296,-6.382395,-9.201089,-12.390873,-11.354221,-11.7234745,-15.7668,-13.8471575,-15.480313,-17.958443,-20.316628,-17.75253,-19.080132,-14.7445755,-18.461823,-21.745377,-16.668179,-14.08981,-18.372528,-19.61893,-19.379017,-12.677801,-8.11385,-11.243632,-15.218971,-15.2232685,-10.066222,-9.101941,-8.077121,-4.2962136,-6.589744,-15.80928,-18.09761,-13.489523,-10.128922,-9.499046,-13.89151,-11.088016,-8.136469,-8.083579,-8.60675,-5.6657724,-5.470688,-7.9220357,-8.2505245,-4.7279806,-6.4971523,-9.327349,-5.2091446,-3.26297,-2.8217297,-3.6463802,1.1136682,-3.8098311,-4.2975054,-1.454561,-6.960286,-5.629801,-5.879642,-11.3813,-3.5263047,3.7010365,0.95533395,-3.466037,-7.66525,-7.697294,-12.042002,-8.295374,-7.36652,-5.451048,-4.3287044,-2.477593,-2.5445962,-3.5323648,-6.6490726,-2.8235292,-4.902768,-6.814287,-6.8151436,-8.287611,-5.5678353,1.0364486,2.3296967,-3.8973598,-6.5424724,-8.13323,-6.277461,-3.0163841,1.623842,-0.8412027,2.2112606,4.852331,1.0782096,8.603621,9.560111,5.4672017,4.086911,0.52065456,4.286167,-0.09478378,-5.0869546,-11.843433,-9.963963,-4.7998943,-6.5144434,-8.284655,-3.8917747,3.7273746,8.600407,4.7700844,0.5766851,-2.1024418,-10.18445,-13.904054,-12.296101,-11.396047,-15.281726,-15.930381,-10.196404,-11.551232,-8.241402,3.0713265,1.9713774,-2.7582283,-1.184191,-3.4933903,-7.568597,-3.138334,2.145191,5.3019075,1.391895,4.5392294,6.634959,1.9705223,-2.9494,-4.379225,-1.2039977,2.5919404,5.5876627,6.733773,8.284946,8.066927,8.109144,15.681728,18.070091,15.34609,14.095468,15.764826,17.390833,15.795388,16.9373,12.204273,8.135025,9.302538,14.060009,15.423445,13.808977,11.289015,10.720701,11.699239,10.036361,1.6790818,-3.7235188,-5.6049557,-11.799229,-13.262128,-12.017334,-16.98111,-16.13361,-11.298432,-5.4678116,-6.8375382,-1.7143238,3.7655954,5.382537,3.836513,2.7183385,3.612801,-0.93821156,-2.961768,4.4095592,5.4342923,4.12934,-2.340679,-5.199635,-14.206034,-11.673052,-5.7934303,-5.6838026,-11.311612,-4.9943957,-2.8678849,-2.958053,1.3058345,0.5556968,-1.0577435,1.1487504,7.848956,6.9624863,3.1293688,0.13313043,-6.132406,-8.036399,-4.389102,-7.0815773,-8.808144,-11.103058,-11.049668,-6.567683,-11.0797615,-10.3002205,-8.353376,-14.096081,-15.322181,-14.918899,-16.785534,-16.088648,-12.864927,-7.699451,-6.968362,-8.142235,-8.7557,-11.164021,-2.7470229,6.3836174,8.006985,-2.263834,-5.082092,-4.176565,-1.8430605,4.2514277,1.0542765,-2.3629048,-4.7694545,-8.789984,-8.085951,-4.3198843,0.38772428,0.48038304,-4.306437,-6.2787952,-6.6252365,-7.1843405,-15.536304,-20.836994,-19.956034,-19.723549,-16.030626,-12.861706,-9.649038,-9.319641,-5.0231133,-6.0166316,-11.217005,-10.066837,-10.212626,-5.9350214,-8.886324,-11.014441,-12.173454,-11.493325,-8.250509,-7.442935,-6.2371483,-6.025381,-9.756317,-10.7046585,-11.449184,-15.467739,-12.935066,-11.242543,-14.910929,-14.396948,-7.6831727,-3.3526065,-3.8003964,-7.4295225,-0.6832061,3.123121,-2.3173165,-1.3203955,-1.6454538,-7.5789824,-15.087601,-16.719551,-10.072722,-1.6142517,0.78701556,-7.6642447,-13.359328,-13.630686,-10.636429,-12.092811,-12.817509,-11.659331,-10.427425,-16.869703,-12.731159,-7.4494777,-5.0416007,-9.582863,-15.389101,-13.363288,-11.865676,-11.125874,-12.613721,-16.598553,-17.081562,-13.883455,-10.521509,-7.9782763,-9.101474,-11.575172,-10.338585,-8.320959,-3.9783967,-1.082626,-0.07622659,-0.86831206,3.6775339,-3.8593407,-0.59287226,-1.3530357,1.1153398,-3.3351884,-4.577216,4.9919786,1.4313697,-5.3395185,-6.4254975,-8.999511,-8.238367,-10.885339,-8.74317,-1.6385479,3.45928,1.7038152,-4.5737133,-9.269285,-9.779697,-9.372047,-11.661866,-12.760334,-16.296333,-13.108948,-13.152782,-18.048006,-14.108738,-9.750854,-13.822931,-10.165256,-10.385967,-8.258678,-7.35063,-6.5783424,-10.242864,-13.98147,-14.316069,-8.074277,-2.155017,-6.046522,-5.8552666,3.6180775,9.075966,7.7440853,8.960616,5.160644,1.3303242,2.2521687,2.1582594,1.6893142,-1.2326199,-5.695012,-4.8161736,-5.200246,-5.656256,-10.647598,-11.719168,-12.602503,-9.909085,-6.833146,-8.9833,-9.960682,-2.2771256,1.6086385,-4.7392783,-6.9444785,-9.372788,-8.98971,-6.1574726,-4.060963,-9.317726,-12.054764,-12.84455,-14.854807,-19.634897,-20.370255,-20.666302,-21.024666,-21.360466,-22.370483,-21.526184,-18.472254,-18.811695,-21.598122,-21.204414,-19.316162,-19.560165,-18.352247,-17.180758,-19.110329,-20.504543,-17.765032,-16.878227,-10.203578,-6.3213835,-11.208047,-18.49234,-15.332417,-12.150579,-9.778,-8.888865,-8.395356,-5.9671273,-10.594376,-14.3927765,-6.0355215,-5.7124214,-7.4187155,-8.739489,-2.6944788,-1.6510286,-7.2735553,-7.7791066,-7.029422,-6.937543,-14.511151,-14.231899,-11.895833,-5.8508043,-2.0802603,-0.461946,3.4583588,-1.0095856,-4.2410164,-4.4004917,-5.7427487,-5.6865673,-2.8572893,-5.1207786,-8.729174,-7.089484,-4.2786684,-2.568721,-2.227933,-0.43847448,-3.806192,-4.6956363,-3.2687445,1.6801134,2.2293925,9.283312,9.2039385,-0.06452155,-4.734585,-1.8088834,-3.5163083,-6.9424973,-7.1453075,-7.8448887,-6.6351013,-5.9041557,-7.9136477,-8.680276,-11.848328,-13.043093,-10.66808,-8.485794,-8.579626,-11.301405,-9.007763,-9.764271,-10.206458,-10.827895,-6.502042,-0.33854175,0.38007355,-0.47741485,-1.9696777,-0.7261579,1.0450461,1.5035242,2.7310932,3.1836624,3.2749274,0.9593973,-0.23707461,0.5266695,-3.9137769,-5.08735,-1.1126617,3.0671272,-6.490052,-11.609001,-11.879419,-14.147627,-10.619942,-5.9264765,-3.7979312,-0.78845793,0.29398012,-2.1998363,-3.5985532,-3.5986388,3.0127907,-0.14030194,-2.1735883,6.406234,11.847219,11.2762985,1.7767162,5.055484,5.439428,6.339987,-1.1200609,-1.4885573,-0.20315742,-8.090355,-8.647287,2.0606225,6.4154606,6.2689743,7.9757776,8.888886,15.369141,18.58846,17.328892,17.996536,12.05394,14.024332,13.924228,11.8901825,7.037011,1.974644,5.095024,7.685371,4.4923253,6.7310476,6.503153,6.062725,5.7513285,-3.812646,-12.623205,-11.4832,-8.81531,-6.725339,-5.850249,-6.6736,-1.6507934,-0.77191246,-4.3959904,-6.1671276,-8.560032,-4.0226526,-7.678857,-9.681055,-2.5706568,0.18011197,-1.0543017,-7.2311487,-10.325458,-10.693766,-18.586037,-21.440033,-19.26576,-18.207428,-15.9590225,-13.511894,-7.929775,-1.4554313,0.512051,-4.9749236,-3.908681,0.4275521,-1.9449873,-2.8648007,1.5733643,-2.2172055,-6.7399483,-8.94931,-8.054758,-2.6610188,0.9424083,2.5126414,-1.5945332,-7.0339794,-6.5065885,-8.562447,-10.039551,-10.85428,-8.38908,-9.604595,-19.437225,-19.95382,-13.28438,-14.783277,-11.4921665,-13.630532,-14.807404,-8.831533,-6.9446516,-0.9935132,0.05807841,-1.7493387,-3.216317,-6.0609007,-9.203733,-12.146943,-5.8701243,-6.7721777,-9.041359,-4.531193,-3.164494,-0.9853592,0.0803129,-1.6308289,0.5083046,-0.54608625,-3.030373,-7.1756563,-9.508208,-9.324352,-5.9272795,-8.337766,-17.65139,-23.9375,-24.11884,-11.737737,-11.569525,-18.395325,-21.856934,-20.20911,-16.776112,-17.203829,-16.292421,-13.946311,-13.331691,-15.074129,-10.922303,-14.569595,-10.281952,-5.597621,-9.19018,-13.666483,-17.530884,-16.045115,-15.727606,-14.840117,-15.538582,-15.820988,-13.021692,-16.73484,-17.073032,-17.713715,-16.272987,-6.4386797,-5.773219,-10.722467,-7.658037,-1.1582843,-2.5798006,0.8619969,-14.029513,-21.3987,-17.60193,-12.02949,-8.163021,-9.227135,-13.126968,-16.039623,-13.842443,-10.573395,-13.540745,-12.466873,-6.054719,1.7030058,-0.12319344,3.646257,1.1667823,0.21665043,-1.5241609,0.1520409,-0.14660546,-10.915009,-5.944898,0.5894245,-3.5682354,-5.7127657,-8.203525,-9.763172,-9.497326,-0.7500741,7.589473,7.887355,4.742851,9.057841,10.946626,3.8511128,5.717429,9.283844,3.9625216,0.22053054,-5.709125,1.900095,5.211928,1.2511418,-3.4956338,-3.085333,-6.6196184,-4.9695215,1.095691,1.4917707,2.5202441,-4.7815447,-4.848014,5.1085367,6.2950573,-2.390541,-9.675375,-13.302677,-12.523376,-7.2250257,-8.766329,-10.078059,-10.015155,-15.059815,-17.82191,-11.977902,-12.844011,-20.141434,-18.022131,-17.973415,-18.846886,-10.086179,-4.1429024,-10.8317375,-15.578774,-11.845171,-9.232624,-5.6367927,-3.4808717,-6.2704067,-9.130043,0.1388446,10.123485,12.749014,11.149985,11.32821,10.160223,11.876232,13.539319,15.619919,14.86251,8.734941,7.2736683,1.4047544,-1.5421119,-7.468383,-9.903081,-5.190927,-6.8945246,-8.075997,-8.057417,-9.449516,-11.377213,-11.925423,-12.263997,-13.193041,-5.653387,-9.53563,-11.309736,-12.072605,-11.620678,-18.83804,-17.72712,-16.957848,-23.31744,-29.744183,-26.425964,-22.211823,-21.540604,-23.630392,-23.409672,-19.19605,-20.97998,-16.928806,-12.178429,-13.91043,-18.547808,-18.590885,-18.526476,-9.149378,-5.5319166,-10.290486,-9.941465,-12.84997,-22.122658,-20.04042,-11.060758,-12.813358,-16.196901,-19.888866,-16.56658,-9.901819,-2.2605245,-0.49164796,0.9331291,3.9032645,-2.1201317,-9.743916,-7.1297903,-7.9283423,-5.6114216,0.5639291,3.6802375,0.47782904,-4.935664,-8.2508955,-11.839682,-12.81107,-10.288002,-5.0316677,1.525044,3.2249403,-0.021389723,-0.15153307,-6.028813,-1.1938918,1.4547752,1.5096688,8.454122,9.223036,0.45415187,-9.338947,-6.757718,-5.129715,-12.551549,-11.1767025,-5.899219,-0.7329314,-6.308633,-9.269075,-3.4024143,3.491168,4.7455435,1.142051,-5.7417717,-4.9359326,-1.0027226,1.1212993,1.4877559,2.2304049,4.473229,-2.1231318,-4.030426,-7.532025,-16.321632,-14.803155,-7.358568,-4.8749523,-2.4388003,-0.2843026,1.1793375,3.9163558,-0.96047175,-9.483623,-8.088765,-6.4230633,-7.2363787,-6.068878,-9.570778,-7.302539,-3.0262518,-6.7620025,-1.7631863,1.1760018,-0.0026706457,0.4263397,0.09592754,-0.28578848,-1.085326,-0.32068396,-3.7043412,-9.292496,-14.244738,-15.703566,-7.1396,0.65404034,-0.17048115,0.0916605,0.66010374,-1.8003118,0.74237126,-0.78739405,-4.339367,-11.190451,-19.844597,-8.851343,-0.15588379,5.924159,1.7706286,-3.6561491,-7.074525,-9.433548,-4.413795,-1.1927459,-0.1693297,-5.2714033,-3.8839483,-0.046944916,-1.8112342,10.425222,15.311369,9.833399,6.0657854,5.717931,1.0462871,0.56306624,7.8981647,7.2395916,-0.5994388,-3.6871877,5.4550505,6.7075624,2.591804,8.705706,7.0264835,3.8633409,1.354223,-2.697243,-3.246131,-2.3104138,-7.2454414,-8.552788,-10.242542,-15.3505,-11.201653,-13.250251,-10.035778,-7.4617167,-6.9136767,-6.7471356,-5.666656,0.11387122,3.6620905,4.236363,-1.2003695,-3.853384,0.55278033,-3.6851046,-6.5311327,-3.3950589,-5.207448,-8.244787,-17.360062,-20.3225,-14.463158,-2.7044444,-3.2457829,-5.227438,-3.7930422,1.9181535,6.8132954,4.575943,1.9787545,0.75114447,-1.3767626,1.9847362,3.4755828,-3.6582136,-3.4000256,-7.545083,-10.450569,-7.7539024,-2.9903922,-1.4155469,-5.2813115,-8.138239,-4.8307037,-3.8437214,-11.13864,-13.456358,-5.889866,-1.960525,-4.284319,-12.918366,-15.341496,-6.0100856,-1.5268371,-0.7093773,-2.383686,-4.5681825,-6.771222,-9.422647,-7.5986433,-8.3354,-6.5814033,-9.668844,-9.327462,-7.2076426,-5.624353,-10.15334,-9.163635,-7.4933968,-7.9154816,-11.966173,-8.397805,-6.396863,-7.0584326,-5.577159,-9.579845,-14.974024,-16.534096,-15.283487,-18.387474,-17.212536,-12.638548,-7.5128584,-6.804763,-8.852028,-5.8094587,-3.8295572,-5.667975,-3.6128838,-3.3257675,-3.31501,-1.9139268,-5.640922,-2.9691296,-3.5528312,-8.574495,-3.6489253,-9.521626,-11.465536,-6.8997188,1.0114193,4.4924955,2.743766,-2.3823178,-8.797792,-10.0613365,-1.9710953,-2.343348,-12.532119,-13.414255,-5.817194,-2.5496686,-7.0227337,-8.674244,-10.269377,-9.807903,-10.466249,-10.953702,-9.295701,-4.812418,-4.8098297,-7.0349956,-3.950077,2.3273363,-1.4919515,-11.556659,-17.772556,-15.043884,-12.951887,-5.071621,-0.8903276,4.212818,2.9636993,-1.6294957,1.1612753,1.423428,-0.85252446,1.1037934,-2.2872024,-14.682116,-13.310019,-12.128348,-13.634041,-11.368511,-4.274707,4.9281197,5.470437,2.6955743,-1.9109262,-4.2459483,-5.2985563,-4.4623446,-1.84955,-1.4235389,-9.621006,-10.602114,-5.04998,-5.0775795,-6.687273,-3.3522058,-1.6789347,-1.3004717,-1.4813328,-0.39157325,-1.0801057,-4.2949343,-7.4901285,-4.3772936,-2.4780653,-6.5613594,-9.114584,-8.731796,-7.0133495,3.1017396,-0.6027389,-4.6840577,-11.03813,-16.153671,-14.848364,-16.535137,-11.149227,-9.634981,-10.079342,-7.6142464,-8.642204,-8.063766,-8.746155,-9.55728,-15.750914,-10.943291,-3.6980054,7.351122,9.705473,3.4306226,-0.5613412,0.19228387,5.522621,15.45537,16.883074,9.87813,4.3956604,1.082318,1.0926373,3.3733063,5.865507,12.288252,5.1418457,-4.22391,-7.5307484,-9.804189,-2.9990454,5.2133512,1.0021346,-7.691867,-9.675127,-3.5416167,-2.6168613,-3.8680544,-5.6159325,-3.8778043,-9.694794,-10.106786,-6.309864,-2.58961,4.2391715,4.6139665,4.8276896,7.219756,6.065332,4.9858694,5.3806524,7.741553,2.4023635,0.84071773,4.7666225,7.301832,-8.355893,-14.967752,-17.221401,-17.185183,-14.5143585,-10.636988,-8.788006,-12.622698,-13.020205,-8.529063,-7.9546814,-10.781855,-7.696756,-9.062733,-8.7989025,-7.932794,-12.703934,-4.006864,3.2052279,-1.053471,-8.396858,-11.8944845,-5.654909,3.8630846,4.397281,7.1496162,7.133953,10.948722,8.569892,-2.904376,-4.662883,-4.3897886,-2.822001,-8.791253,-16.404802,-18.206594,-21.995192,-21.460417,-15.48868,-10.65456,-6.622362,-4.8988175,4.09073,7.5570965,6.754472,6.002342,4.937733,-1.7505662,-4.018463,-5.1493883,-8.126589,-9.6315,-9.791448,-4.9881344,-9.6470375,-9.296629,-7.433008,-12.504476,-12.075565,-4.8373947,-9.339739,-9.0747385,-10.2085085,-15.128587,-18.078154,-16.482775,-16.581886,-14.187561,-11.642748,-13.832193,-15.902161,-4.6812572,0.4382971,-5.853943,-3.4171722,-1.623497,-6.4401274,-4.35375,-1.2975917,-4.6113977,-5.530364,-5.7227716,-3.2326674,-3.6999998,-6.934066,-8.635995,-7.478369,-4.89123,-8.1214485,-10.932417,-8.358181,-7.804993,-2.536668,1.170708,1.965625,3.5230258,0.6448963,3.5485997,-0.40958458,-6.2078776,-5.677049,-5.9433084,-4.435258,-8.51231,-15.168314,-15.922643,-14.348835,-16.56767,-17.451813,-15.605017,-18.745869,-16.85849,-9.951562,-9.739893,-11.165952,-15.061523,-11.436619,-5.37315,-2.8589826,-1.6076505,0.38369998,0.4515267,0.051263332,-9.745861,-12.0883465,-14.124199,-7.1150417,-1.8819239,1.4256675,-1.7249248,0.10744493,2.4482672,0.38132513,0.6429606,2.135566,4.5713196,0.24005526,-5.822178,-5.103334,-2.8612664,-4.3067102,-1.4220415,0.31679416,2.166182,3.3335552,1.409561,-2.570675,-9.005474,-6.907439,-4.182439,-5.463132,-9.410441,-10.794241,-16.910442,-12.903133,-11.382673,-12.832135,-12.500185,-7.3266315,-9.729057,-12.6098175,-14.9314995,-13.444065,-12.032941,-16.643402,-19.047869,-20.059937,-15.575056,-9.175842,-12.460639,-11.432417,-10.457882,-11.984392,-12.623081,-5.916543,-0.067882836,2.9538422,5.276164,3.0370564,-0.66046655,-1.5890995,0.003450513,2.5176456,1.7760113,-2.0507665,2.8124628,-0.12145662,-1.8561299,-3.6371558,2.5351129,6.1984916,4.9494553,-1.7609593,-5.77415,-2.177776,-5.720681,-9.253508,-6.756701,-3.8645215,-11.345741,-12.384874,-8.720878,-2.2530203,6.3205466,3.672186,7.1561956,3.1383295,3.9893415,-0.9538346,-7.7142425,-5.000372,-6.18099,-2.1853175,0.46087074,-0.072668254,-0.8322438,1.1507556,3.396299,0.9136379,-0.6510804,1.9777515,1.855971,-0.29584274,-1.8342817,-1.1646943,-2.0167503,1.6275611,-3.6102505,-10.023249,-10.463054,-11.8619995,-13.65432,-20.575611,-19.324553,-17.528273,-17.609514,-17.884346,-14.715851,-10.933607,-10.894136,-10.192564,-2.6751168,-3.1416376,3.3347836,2.098584,-4.6260853,-14.043297,-10.678225,-1.4036098,2.589054,0.16428661,-2.0275278,0.7388245,2.2507136,5.0628433,9.952509,4.99786,-1.3726245,-3.0805752,-1.9654788,-5.542122,-10.544103,-9.461369,-8.465218,-5.6221137,-1.3887255,-0.4912377,-7.487808,-7.639961,-6.990239,-7.868903,-8.436633,-6.5567656,0.3637836,-1.8795496,-2.652533,0.19450076,3.0533233,1.0973638,0.37576,3.0014985,1.9394976,0.20876014,0.40737402,6.816496,7.5201287,2.4209168,-4.423446,3.3133156,3.647955,-1.8123769,-7.645467,-9.18545,-7.2407827,-3.7438118,-2.296047,5.650385,7.1564674,4.22671,-0.9568529,-0.33133745,0.49661607,2.8663535,0.4251079,-0.94259477,2.040258,-4.148951,-3.3168402,-2.0175025,2.1690927,4.3704405,6.9679065,6.72931,2.5507426,-0.41174063,2.214517,1.6754465,-3.9962177,-4.1929445,5.2309456,6.8149934,6.26814,1.1683836,6.1170926,13.327057,16.77145,9.646834,10.4624195,8.695316,4.984213,6.348641,2.6954107,2.7814822,4.8173103,4.1858997,2.083201,0.82079834,0.08910787,4.2783227,-0.12705903,-5.3471794,-7.3312345,-5.9115534,-1.5927825,2.960536,4.0667043,8.798258,11.130151,4.4679008,3.459998,5.6360483,0.9211993,0.6113867,1.6726451,-5.467287,-6.2028246,-2.0717,0.99324614,7.2597647,9.193643,7.6601844,9.124008,5.6715956,1.472016,-0.30902195,-0.6899193,-1.6067338,-0.98646486,1.0595772,4.550703,4.4960785,6.784112,4.4000216,4.8265543,7.7671976,6.647014,2.3159099,2.773979,2.4428117,-4.0764327,-0.3129642,2.7979054,9.3753395,9.954208,6.8151426,7.6452327,12.113529,14.267664,11.725702,7.5118823,1.9925439,-5.9858,-7.7454157,-6.6945343,1.6413828,6.7240353,6.8981795,4.049221,1.4272717,1.8777694,-1.5194093,-4.9484386,-4.62926,-2.0001218,-3.2002783,-0.68354976,3.562592,2.2269135,1.8524867,3.9167864,12.3021145,10.915059,9.204181,7.4452777,5.754671,10.928619,13.272728,13.542828,14.575436,10.262159,4.2406793,1.6087636,-0.39911956,-4.600295,-1.430211,3.0667245,-0.32527426,0.34510493,0.061295748,0.1418889,2.1732965,4.432903,-0.20754242,-3.531423,-2.7341506,4.174222,0.8805501,-7.673355,-7.523382,0.2659244,5.4750175,4.885092,-1.3589354,-3.064971,6.0062833,5.424347,3.7549024,2.1314392,11.749851,13.687406,17.735844,3.9644077,-9.166369,-5.856701,3.1953382,1.9268765,5.9054146,12.110182,4.456563,-4.8544226,-5.8772316,-4.635009,-3.6246815,2.1836193,-2.9594786,-0.23871821,1.8251781,-1.2171941,-3.632407,-6.620393,-13.691269,-10.526897,-7.499401,-10.159481,-10.4935875,-11.047579,-10.718469,-7.866222,-11.364551,-6.353204,-3.7418396,-6.759117,-7.9588003,-1.8098824,-6.102911,-6.334739,-7.941428,-8.031619,-9.494713,-10.422989,-9.034157,-12.526522,-6.7225637,-12.131358,-16.71462,-17.9832,-11.199981,-3.6538467,-5.153827,-2.3340642,-10.116343,-12.451317,-8.858258,-6.8477516,-9.529252,-8.620248,-8.0157795,-9.390429,-7.814783,-6.2899766,-4.6714153,-4.139716,-3.8412812,-4.5836105,-12.343267,-17.228878,-16.742731,-11.237656,-12.530095,-17.11723,-17.849825,-15.010771,-8.781374,-7.2024164,-5.5842443,-0.85592306,2.295846,-3.6396346,-4.282924,-0.7637181,1.3886167,-2.4024768,-1.9749948,-4.6991987,-5.1928825,-5.455138,-5.626834,-6.132111,-2.612793,8.173687,9.842485,6.781547,4.1512756,3.3690495,5.439826,7.6515465,5.749118,6.61228,6.4029226,7.162175,5.765629,6.9593253,7.5209208,10.6965,8.801626,4.500167,0.2808768,1.6887016,8.006728,7.6581254,5.638963,6.0356417,8.209893,0.8684475,-7.7418466,-12.658464,-15.9901,-10.176441,-4.946002,-6.3255277,-7.441387,-3.5342677,-3.279486,1.0745693,-0.8290712,-5.770171,-4.4004045,2.1319332,0.3178846,0.06861323,-5.015827,-3.1899202,2.331337,0.44558752,-2.8061705,-1.4832866,-0.45430923,-2.1397614,-1.6646175,-2.145234,-2.1173115,-5.347581,-4.95361,-5.033455,-3.206788,-3.0604382,-2.6729994,-3.7802732,-3.5990162,-6.7572308,-3.7720828,-1.0818244,-7.105864,-5.0112596,-5.667679,-9.770811,-9.983889,-14.500415,-10.938261,-2.6971576,-2.7246408,-7.8856106,-7.5306683,-5.5597725,-8.540016,-9.054365,-6.010007,-14.812779,-20.788181,-19.736622,-15.330595,-14.422628,-12.326997,-10.186422,-13.561091,-8.72332,-7.0253887,-9.2869835,-9.99987,-3.2320476,-0.5450067,0.8740115,1.5304062,-0.52904296,-2.4737475,-1.4228632,-0.7523516,3.4809718,0.5959561,-8.92659,-10.875923,-14.856062,-12.4790325,-11.012707,-6.1687183,-3.7099562,-6.409066,-13.645397,-16.777021,-16.071209,-12.868081,-13.594343,-14.454105,-18.416428,-14.719154,-15.642784,-16.226324,-12.958782,-9.91527,-8.149447,-7.6160383,-7.7499723,-12.282764,-14.916021,-13.4145775,-16.635538,-10.427115,-1.0665278,-1.218082,-2.245513,-4.141408,-0.44727948,0.56498504,-1.67841,2.461184,2.679652,0.5373268,0.07717872,-0.89169896,8.393129,12.459001,6.5373654,-1.8342586,0.6297094,-2.5651712,-3.1508574,-3.8457565,-8.240515,-10.615482,-13.663668,-14.860879,-11.535814,-5.4895325,-7.157736,-12.81217,-17.663797,-11.319525,-10.0095,-5.4987297,-10.540617,-6.144792,-6.991845,-15.3921795,-17.765156,-13.440275,-12.057942,-14.238913,-5.567294,-0.70819026,-0.82892835,-2.7885683,-6.1336284,-3.9274333,-6.0868344,-2.9644837,-3.5981755,0.33698487,3.6415644,0.10198882,0.4328013,-0.96055555,-1.9552592,-1.4515977,1.1067077,5.3120737,1.4360754,1.3002887,-2.6572526,-7.215313,-5.4688816,-3.6177688,-1.6723814,0.5360789,-1.483439,1.3967211,3.3065743,-0.65295476,-7.2901287,-2.72328,-2.3227644,-1.5600225,0.6062889,-0.2943861,-1.7963442,-0.1052061,2.2889059,4.0025434,4.3743267,7.050002,12.967524,9.6395,5.176776,2.6376274,3.3938427,9.266263,10.973892,11.913082,4.475627,2.7815337,2.0574675,-2.0058491,-7.724699,-5.3129826,6.3938646,13.484236,11.142655,9.918349,7.8821106,5.9068794,7.424062,6.086,3.4195461,1.841601,-1.5107651,1.9956906,-2.5296597,-1.5283761,1.2757865,2.9486055,6.7587523,5.09424,0.8880542,5.039345,10.977287,-1.3218036,0.8491027,2.5964832,-3.0885365,-7.2792683,-2.0197582,1.2970822,3.420802,1.1385059,4.2032638,8.996439,8.694018,3.557881,4.62027,1.331129,-7.2817245,-13.561758,-11.546951,-7.4956007,-7.8651624,-8.704075,-4.857114,-4.894514,1.189724,4.5492754,5.402651,3.9366271,8.681364,7.725355,8.9626465,7.18433,-0.3680178,-4.6009073,-5.170801,-3.8980794,-3.3741817,-5.3302264,-3.958392,-4.7776423,-8.5339985,-10.020077,-13.641928,-16.942421,-7.736796,-7.2060575,-3.0022519,2.3267994,8.274626,8.985655,0.9843837,-8.297835,-16.771399,-12.138455,-8.214721,-10.084085,-8.799018,-6.7718897,-9.297356,-9.219652,-5.0981035,-2.5126123,-4.114664,-4.6862974,-5.259589,-6.149383,-6.835951,-5.2858124,-3.1827753,-2.7310138,-1.7316357,-6.472089,-14.074195,-8.752247,-6.6423864,-7.704591,-7.388916,-12.479301,-10.445473,-11.528184,-13.770401,-14.023465,-14.67684,-10.854502,-7.1057787,-5.0940795,-5.5742245,-6.8613462,-9.487371,-7.8948483,-7.558895,-11.493341,-11.296879,-11.198938,-5.469849,-3.7819407,-2.7272437,-1.2724036,-4.2524924,-0.68982065,-3.4896536,-2.6371214,-0.023781538,-0.8773116,2.478842,3.060113,0.27341795,1.229429,-0.43134674,2.4708338,8.596544,2.6198084,-4.9959774,-8.02817,-11.93207,-11.948939,-8.99296,-13.030626,-10.702681,-2.9631462,-1.7639759,-4.423203,0.6207521,5.226269,2.8126678,-1.5389448,-8.189722,-10.097285,-11.886172,-12.644508,-11.686516,-9.5383,-9.101393,-7.485429,4.840789,4.852684,0.023670882,2.6752872,1.6760125,0.6627176,6.428877,10.053276,11.898283,15.712547,11.773947,7.0142565,1.331487,-2.6935067,-5.371009,-2.978136,-2.3276434,-0.09292093,1.047008,2.4286866,4.2702847,3.5179515,4.2113895,3.1104157,4.00425,1.9220397,0.2129094,-1.7239001,-1.5317165,-4.6503305,-1.5707704,0.88505167,5.6731873,6.8539553,4.7527657,9.192608,4.937474,-1.982887,-4.797023,-7.770214,0.019378662,5.55451,2.0732431,5.255307,5.734988,7.206075,7.9788256,3.5307286,5.385998,6.6700706,1.0285256,0.49390566,-1.0579075,-5.81104,-11.532965,-8.05001,-3.1893303,-2.7598848,-5.7213697,-2.3503518,0.18334866,-3.4961007,-5.7071733,-8.307463,-9.6200485,-6.1606107,-2.5737333,-5.2613573,-7.849125,-7.5848794,-5.166811,-1.8620143,1.9718812,2.9354994,3.1771157,6.1263227,-5.1432652,-17.229382,-15.752641,-12.142668,-9.630865,-9.3629055,-11.405188,-6.4583936,-5.0493736,-6.644726,-4.716748,-0.14051563,0.46484363,-1.2151917,-7.547393,-14.023134,-14.422063,-13.407175,-11.332675,-8.044385,-4.21673,-6.6651974,-7.2464395,-8.836359,-5.4914265,-10.372868,-11.945675,-10.165516,-1.3524919,-2.1616678,-3.7232652,-2.5865202,-2.7330034,-3.4049382,-5.849553,-4.9328275,-1.6896803,-8.053552,-10.720385,-5.003111,4.7440996,5.5772767,6.636161,9.414816,12.066235,11.064407,8.757796,2.65793,0.97620434,0.27067775,-5.6368647,-3.6610389,-0.4128722,-1.9350166,-2.4531584,-2.5808554,-5.029116,-1.4786226,-2.701785,-11.7466755,-8.325249,-3.6422734,-5.223355,-5.406656,-3.435822,-3.2778788,0.11400157,1.8828247,3.8977494,9.257205,5.1603956,5.3496733,5.010973,0.5814636,-3.1720667,-1.7066417,3.2863898,4.7246747,1.6737106,2.471087,-0.4493726,-5.311504,-9.186729,-19.084118,-19.034563,-9.000092,-6.8324223,-4.5688505,-3.7420332,-4.028166,2.8320045,2.7149625,1.3439299,3.7969687,2.891708,2.0519633,1.47469,-9.629929,-7.627838,-4.7967243,-7.582494,-11.109393,-5.685584,2.8333244,3.9016256,0.09536156,-1.4004062,4.669233,1.5585592,-6.75342,-3.6416416,1.4164227,1.3909748,-2.1104457,-3.2400355,2.2296958,6.2413073,0.5338824,-2.0705416,-0.7232534,-0.5148046,0.58156383,-1.0696926,-1.8582091,1.0508194,4.364711,4.195692,2.6336927,0.5099298,0.9436971,2.059718,1.9998556,-3.0836084,-3.441894,-2.5153217,4.9383764,3.0987039,-1.9541525,-2.2393236,-2.018332,-4.9384108,-2.8136463,4.6375337,-0.13577497,-4.8567705,-6.1920795,-12.364798,-8.4719715,-3.0612702,-1.1645105,-0.24100864,-2.3740826,-4.8526206,-5.8015385,-5.59544,-4.487484,-0.40005982,-3.6047323,-3.875273,2.833683,4.4277067,3.757281,5.643535,5.357706,2.1470923,4.5727587,2.6466756,4.3554626,6.0311384,6.682374,7.998497,9.918975,8.098322,2.7511125,1.6712556,5.48497,11.366287,13.275137,11.46619,-0.22401279,-6.7897186,-10.385422,-12.35977,-9.964616,-6.9268117,-4.9910035,-4.5282054,-1.6048785,-0.70507485,-2.5876405,4.8484955,9.4593725,-1.2304257,-7.8581085,-3.913561,-4.898715,-5.1990433,-1.5679295,3.3731403,4.25851,0.09876412,0.22602998,-0.26244926,-2.6931756,-4.917468,-5.319634,-8.182346,-1.6964746,-2.194069,0.65749484,-3.719069,-4.6991234,-1.5814549,0.1493662,4.2144365,7.9449334,5.251197,0.3399157,0.46855316,3.6877697,6.631228,7.9647894,6.6475697,8.789349,10.848248,6.9418077,2.108713,1.3850746,-6.7349124,-5.8760757,-8.114746,-4.1089354,-0.8267925,-3.7948027,-3.1097229,-2.9915566,-3.721726,-2.7909188,1.2863656,-1.9977893,-3.4256325,3.0062366,-3.902616,-12.56286,-12.361006,-5.142315,0.9513456,2.9399142,3.3655922,4.1756434,6.506091,-0.602149,-4.6043067,-9.226809,-1.5130816,-2.7331345,5.0728903,13.558891,16.349108,11.650137,3.931613,3.9989417,-2.2297688,-5.6963544,-2.2244134,-0.3571688,-7.1845245,-15.021189,-14.687627,-9.753227,-8.14108,-8.098516,-11.465309,-15.085525,-13.53973,-6.640924,-6.1716275,-12.832781,-17.574923,-14.562649,-9.80294,-6.100685,-5.8272805,-10.206193,-12.610197,-3.596071,0.36997858,-3.5232253,-4.98423,-6.0650644,-8.711205,-12.631596,-14.444923,-6.1843996,-0.36044562,5.412382,2.3269277,-2.113709,-1.0713606,2.6803594,3.2971053,2.1814315,2.1141732,-4.298402,-12.9712105,-15.616343,-19.452133,-17.657637,-13.03603,-6.975122,-3.0390425,6.3001833,6.092555,-2.6030445,-1.23842,-4.94916,-3.1869183,4.0607076,2.353517,2.9737687,-0.2897048,3.3515146,7.4279947,4.256695,1.6899325,-4.780629,-7.638696,-3.1465137,-6.4458556,-7.593711,-1.8844279,-0.6727851,0.4688403,4.0810347,7.379595,4.3774652,6.5052805,4.0843487,1.6320938,5.6254673,4.7522583,-0.43960798,2.6632109,4.617872,5.6218343,3.2656338,6.3374424,4.8136964,-0.5261359,0.22779468,0.110918105,-2.4615283,-2.9603133,-0.11630821,4.2974024,5.057974,4.3510776,7.974489,7.8008633,6.527747,7.7282314,15.913626,13.612948,9.740334,0.8919737,0.70393103,5.6115417,8.712769,11.823287,13.808306,12.993631,10.815035,7.0355945,-2.52998,-6.3137717,-7.322201,-11.79497,-5.3517265,6.0925026,5.4157543,7.904663,4.370432,-0.6148613,-4.408552,-3.9819186,-0.849074,1.0929395,-2.5132961,-0.7149311,-1.183914,4.0307674,1.8089967,0.85365474,4.4726715,8.523085,9.560155,10.71958,8.670176,6.6491413,7.889748,0.23183233,-4.95171,-8.2199,-5.19259,-4.0768085,-14.270333,-15.942244,-16.027948,-12.775145,-8.534149,-8.1973,-2.1028423,3.657047,11.761268,6.248309,5.164317,3.6808553,2.0338974,7.0397162,2.6735134,-0.7267144,-5.916435,-14.778439,-9.942289,-9.518405,-9.819288,-4.281255,-5.0954146,-8.369382,-10.5306,-7.349387,-5.579954,-11.639706,-8.904912,-9.253889,-9.470854,-9.317853,-10.349218,-13.503473,-13.384838,-8.445715,-9.755296,-11.927798,-9.353935,-11.521805,-11.918329,-7.65401,-4.3736854,-5.772611,-0.13080925,-2.998502,-3.7948623,-0.96243674,-4.1509733,-2.3991442,1.8006514,-3.0642245,-5.9045095,-3.183012,-0.2918411,0.28608662,2.478263,5.19998,1.6399058,5.452445,5.027571,-0.005091697,-8.08337,-7.7075596,-6.966837,-12.22745,-16.5471,-12.499762,-13.935099,-17.379368,-7.869096,-2.949506,-6.1418724,-4.6703196,-1.7199817,-5.345012,-8.316558,-13.008037,-15.4958935,-13.0904255,-10.543607,-4.4789495,0.5918695,-0.26875013,0.09151137,0.9645115,-0.16264132,0.7652788,1.1103474,3.0049138,4.1976976,7.6595907,4.9494314,6.531107,3.5825758,0.4665153,3.7480412,4.3376184,-1.9428213,-0.6328272,-4.510316,-9.683554,-8.268783,-11.33853,-8.040067,-1.2120804,-0.8749465,-3.1183662,-2.0315351,0.010638386,0.6816579,-1.3179607,-1.7338407,-7.000106,-8.296792,-9.691227,-9.091742,-3.4214554,-0.91871244,-1.3715217,-2.2226624,-5.5613537,-3.7817922,2.578764,2.6434193,0.83787185,-7.958709,-4.0606756,1.7940292,1.8355011,3.268403,3.926821,6.32656,3.3270159,-5.018592,-4.1639614,-10.796707,-9.906191,-2.3814769,-1.8021204,4.9142027,10.314297,8.82168,1.3334683,0.91378653,3.320393,7.8431377,4.917103,4.8583713,8.424654,10.28128,8.492069,7.5201774,5.041706,2.904344,4.00709,3.6608667,6.6132684,1.29539,-5.4976783,-8.375483,-10.890725,-15.942936,-21.141472,-14.208773,-10.289419,-6.350089,-3.447444,-3.713613,-0.9579528,1.1711602,8.334991,2.3134875,-9.644592,-5.4138308,-9.416082,-8.992599,-8.628729,-6.7616954,-5.846045,-1.1358383,4.4897585,4.631553,4.7282567,6.545496,6.5948563,6.8968477,1.9107625,4.565773,7.7528086,10.155225,4.715525,0.7110356,0.65526867,-1.1057173,-2.0631297,-1.4721776,0.8469893,2.5404694,0.14539874,-3.3776116,0.13984966,5.5326605,8.271397,4.3742213,1.8760145,7.563487,5.149233,-4.48619,-2.7588296,0.09917732,3.50282,5.984735,4.776449,4.8233438,6.843788,10.187353,6.057623,-0.8341492,-5.499394,-1.810076,7.767234,11.667265,11.210667,7.328132,-0.6057911,5.8103685,9.352873,9.008284,-2.3435583,-5.5002184,-4.0886927,-1.3387954,-0.93448687,-0.7303637,-0.8947352,-2.0201666,-2.1869178,0.50109553,1.0784285,0.39668286,-0.1684649,1.875315,1.4654431,-1.5769514,-1.3645133,2.4622035,5.11621,-5.5950546,-10.169752,-2.6844506,-2.9541054,-5.2125797,-12.022802,-13.966801,-9.490688,-8.163417,-10.940654,-13.484111,-16.01307,-16.399382,-17.204025,-9.709685,-3.2289588,-12.408913,-12.798939,-10.578783,-9.503677,-10.578809,-16.144749,-12.978365,-9.314022,-9.14065,0.96254706,10.137245,21.720852,16.529778,13.801548,10.203418,-0.61686987,-10.618015,-13.814749,-6.682886,-6.038292,-5.0572786,-1.7977018,-6.3851795,-8.809511,-0.5120021,-0.56731063,-3.799275,-7.656472,-7.562924,-7.043564,-8.999242,-4.468337,-1.4141177,0.7770849,-2.5563366,-8.195812,-2.2824767,-1.5472898,-8.087921,-3.572357,-3.3288233,-5.671829,1.2062774,8.723308,4.248324,-2.925078,-7.497198,-3.103146,-3.1375022,-6.5533714,-6.653575,-9.132902,-14.611887,-16.574142,-15.382122,-9.2644005,-4.7297344,-7.531472,-0.30435964,2.5978441,6.9568377,5.587854,8.521206,7.576888,-0.55229235,-2.5982368,-0.5918056,-4.2026353,-3.0600085,-5.8294945,-10.774356,-8.6766815,-3.1330307,-1.668826,-2.0095148,-10.113567,-9.644944,-10.125887,-2.0614955,-0.5045414,-2.6694021,-1.8496039,-6.7591834,-1.4214225,-4.0867953,-3.0175138,0.09507647,-0.11680132,-3.5162551,-4.2355847,-3.9604762,1.6487368,2.1744115,0.98445755,0.2866386,-1.9204867,-0.7550546,4.8696394,6.3844595,6.332427,1.9881293,1.8021191,4.839612,2.923966,3.0349658,1.008311,-3.4109788,-8.862555,-11.497089,-16.102522,-9.618473,-5.9932127,-8.884472,-10.80302,-3.556851,10.929831,23.250172,25.837,20.497822,20.741707,26.254696,28.530252,26.877941,23.470978,20.768759,25.465572,20.91956,24.53214,21.905245,22.419273,26.68573,29.329655,27.567806,28.354721,29.066868,24.714157,25.22195,19.649475,14.640582,12.057427,16.781946,18.04435,21.064924,24.082386,32.48395,38.740112,31.104706,26.913857,26.801556,23.019823,20.883133,21.47758,19.442324,21.544407,26.67332,28.45615,25.575897,26.72573,18.94413,11.39402,8.037531,6.137558,11.609262,11.104065,6.1798406,3.1532588,-0.3152634,0.8546453,-0.60543597,-3.6617007,-5.630236,-2.5571222,6.079324,3.6197662,6.0975313,6.2689953,8.480312,9.86669,5.885004,5.3197517,3.265404,-0.20580803,0.42499447,-3.2419393,-7.373474,-7.8824425,-7.4802265,-8.529723,-7.6458755,-3.6463344,0.58152544,2.0887623,7.1437798,5.68785,3.1101172,5.5044537,4.727395,-4.4935,-6.8038173,-6.1776013,-7.277677,-6.586033,-2.852661,-5.764847,-7.6330566,-6.466465,3.221116,12.120693,14.032899,12.931021,3.3364367,0.48719215,4.521854,5.3087854,4.9494457,5.82378,9.030944,4.559067,4.3764367,-0.62944984,-1.1180172,1.5660466,2.0122454,-0.82125944,0.66330004,7.1545715,12.13501,12.580209,13.244703,11.672634,9.023628,6.2247343,2.6388278,0.2563866,-0.36814302,1.9193791,-2.8715372,-2.4974003,1.1388144,7.1856327,6.331044,4.3705606,4.493791,0.12677306,2.9631197,6.3106565,-3.5666618,-8.434538,-15.407623,-10.975962,-2.6842103,5.947527,15.647519,19.71701,16.136131,16.705751,19.033142,13.878847,8.441664,5.2764244,6.9740224,12.787484,9.026821,8.145884,4.858498,-0.011288643,-2.1390362,2.6382184,2.6075811,3.487732,6.692069,7.923475,4.66553,2.9727948,2.7760367,6.314933,9.26841,12.572908,8.795519,4.5468616,8.238007,7.566715,-0.6105616,-3.4131904,-2.5262094,-6.616886,-4.599487,0.66529906,5.818331,8.8794,4.2398205,7.957362,9.495492,10.096125,5.6156855,3.1404834,3.3752322,2.5895452,-0.15832996,3.0328264,6.5470896,12.504828,15.230129,13.423772,10.29459,4.6212187,-0.55922383,-2.1765206,1.9506137,4.9821777,11.691036,11.304747,11.988249,7.296502,6.10126,6.376143,2.7046905,-1.4989917,-0.30922955,0.7011682,6.05099,5.4477215,0.7963522,2.137074,4.757044,7.249631,4.834376,3.0575018,6.43157,2.5069802,0.9261025,3.7686372,1.8806592,2.851278,9.043339,9.817179,9.146736,12.508419,19.05951,21.753536,17.717499,11.628422,10.311422,12.698875,8.329103,12.010568,12.120277,10.85816,9.211275,9.081444,12.905892,15.655532,9.329983,-6.882286,-12.677561,-11.633565,-12.431731,-6.437849,0.63173175,-0.075438395,2.7379472,0.034432523,-3.8039398,-0.8416147,-3.4371948,-2.1008048,5.6506176,2.4607317,1.4973297,-3.2002718,-5.4800105,-3.2944345,2.3973894,5.821683,1.9156404,0.68325424,2.2736328,-7.8083844,-9.6861,-7.7757206,-4.931716,-4.3455157,1.2654672,2.092746,-2.0858393,-2.258669,-1.6966425,-4.5648174,-4.592493,-4.274406,-2.2495065,-5.298667,-3.153104,-5.405585,-10.359953,-18.143787,-20.649216,-7.406039,1.768322,1.5331504,-0.26060143,1.1434354,-0.62642187,2.355899,3.6397638,0.8637907,3.2643843,6.564356,1.7079339,1.0005447,0.4628818,1.3741741,1.3740828,-0.4618883,-8.262867,-6.97201,-2.1648216,-1.7609323,-1.5319145,5.845623,6.8394923,-0.19562045,-5.4517813,-8.183571,-4.1616597,-0.722908,-6.8210325,2.5410829,0.31582987,-3.641643,1.2057815,5.8983984,2.8146265,-2.9582167,-8.293854,-7.7448983,-4.164341,-1.5453465,-0.68786097,-2.051149,-4.99299,-4.3581877,-3.5815806,-6.608736,-12.556866,-10.125109,-9.545828,-7.1724615,0.7569246,7.394977,8.165683,1.545729,0.67832553,5.8904176,9.345949,2.3532038,-1.2276868,-0.2638263,-1.6266947,-1.3481205,1.360095,1.9982547,0.072532415,0.7096485,4.6371593,0.04768768,-2.1243308,-1.4012007,-3.569596,1.9398513,-0.5482774,-1.7763109,-5.4615,-5.6765027,-0.278564,1.8071892,1.9349629,-0.4958902,-2.129004,3.2135456,9.745029,6.2317677,5.161752,4.642363,2.0195777,1.6298457,6.6536355,3.0142589,-2.6484222,-2.6327055,-6.0732737,-8.515289,-7.437026,-10.257925,-9.618193,-11.283722,-8.138301,-6.989212,-15.04369,-15.179702,-15.323387,-17.145874,0.98497504,8.052252,10.331546,17.632566,30.150455,26.575489,25.30612,19.490461,16.17372,17.284771,15.530362,12.656755,3.1561356,3.5639124,9.026932,15.825268,16.896576,14.088116,17.167091,19.70837,21.672531,18.906527,17.163895,12.403082,13.072188,17.021057,15.410661,14.768637,16.807873,22.866581,29.398117,29.41101,24.87286,25.411976,25.059738,22.551603,15.583423,16.916252,18.973343,19.480484,18.656769,19.064714,20.734276,23.15877,10.738034,-2.9446645,-9.841135,-6.9555216,-1.7469534,-1.468749,0.5925704,3.365193,1.5759199,1.8262638,1.4955184,0.17481223,-1.0802224,1.0136434,4.2044735,-0.9779359,-3.8479328,-0.7790531,-2.503436,1.0948887,1.7614666,-1.2652178,0.14910728,1.1873968,-3.2387967,-6.1953754,-9.4684105,-14.863336,-10.917116,-6.7281666,-9.509616,-10.742862,-10.628788,-12.645905,-13.347313,-11.651984,-11.7176,-9.154816,-5.3096113,-3.931006,-5.3138723,-8.503927,-6.350998,-7.687771,-4.460065,4.7635975,9.941402,10.994443,8.341032,0.7945084,3.3007486,4.118273,-7.8848066,-5.383886,0.009087682,-0.27874905,-3.1077318,-6.0666,-9.831997,-12.933886,-5.847714,-4.459705,0.98535,1.3844383,2.296865,5.968557,8.157028,9.494807,8.4950075,6.126054,7.253706,7.7792273,4.3497133,-2.7066536,-12.65952,-11.778332,-9.504488,-5.374743,-2.3525038,-2.6332736,-2.9155612,-3.851067,1.8525116,1.6148485,2.3689384,-1.7094655,-6.1461973,-6.809998,-5.513214,-11.252783,2.9390478,15.113698,16.916912,13.157325,11.306379,9.181503,12.0077,9.915445,2.1775844,-3.2446213,-1.8201923,1.0906866,7.109758,16.345911,9.383312,9.175153,13.302101,10.607278,6.79298,7.9700565,9.917221,11.980542,3.5878086,5.01627,8.729255,8.538061,13.524958,14.425243,7.130267,15.199354,10.831033,10.478664,13.421338,6.5226455,-2.122429,-6.060876,-3.0213985,-1.2289069,5.7163997,6.654258,9.957008,15.882788,10.872774,9.005077,6.912802,2.7888618,5.431916,4.632287,3.9469547,8.601935,14.027506,14.789791,9.875759,10.266065,6.2208934,0.24776685,1.6993256,3.03642,-1.9625449,-3.5674307,1.3970194,2.5009391,-0.6953497,-5.431829,-3.6128347,-1.8858429,-4.0306454,-7.126469,0.220097,-1.0695698,-8.251443,-6.0886884,-9.17504,-8.205522,-4.8012753,-3.6215596,0.8679645,-2.450839,-0.42497212,-5.6950912,-9.028069,-6.184681,-4.9155893,-1.1442132,-1.1949668,-4.9333415,-3.8913307,2.2370203,5.878804,5.9036965,11.221774,12.013135,5.274241,10.443222,11.6630535,6.908605,2.877819,7.6088686,3.457448,-2.4145606,-0.6843956,0.47230777,-8.143352,-13.938063,-20.399212,-15.001495,-4.8652143,-9.164043,-10.596271,-5.7079434,-5.7059584,-9.443711,-9.92654,-8.08262,-11.831041,-11.206688,-6.4264035,-6.9469213,-7.809723,-4.8568254,0.43221995,-3.709214,-9.864201,-9.19011,-10.861801,-3.0504498,-4.8476987,-7.8372655,-11.636484,-10.103088,-6.5237217,-9.462009,-12.000999,-13.168657,-11.189594,-15.595649,-14.974947,-13.964199,-10.45874,-10.157755,-15.853615,-15.537741,-9.504149,-8.353687,-4.453786,-4.1495814,-8.196312,-5.5379405,-4.321377,-0.7784015,-2.4485097,0.39031118,-5.377086,-7.2863245,-5.3265314,-8.281813,-10.869053,-8.465357,-4.9806004,-10.590364,-8.923246,-7.2315183,-8.069351,-4.812492,-0.16476446,0.5034958,4.6643257,5.460623,-2.8851576,-6.897352,-4.2827244,-4.6820107,-3.190596,-6.2353477,-1.9158305,0.8670803,-2.3836727,1.9217333,-0.4781947,-4.302001,-6.027605,-5.0183473,-4.174099,-2.6442971,-4.2309637,-8.869436,-6.409643,-4.2154737,-3.9967206,-7.7908645,-11.277172,-5.1325903,-0.47590506,-2.354007,-3.9526389,0.24637116,-9.232042,-11.330711,-5.1824703,-1.338318,-1.3894606,-4.5778418,-8.762745,-11.133461,-8.01956,-5.599034,-7.579156,-1.4793392,1.7525437,0.009983122,3.7157311,1.3566381,-0.7411242,-6.418982,-10.830569,-7.7137575,-5.538642,-1.2868795,-0.18872905,-4.3187165,-4.4473486,-2.1643105,0.7962925,5.26194,2.1456642,-0.5301769,-2.7106156,0.2969129,-4.5414453,-7.520173,-2.2534173,1.8453503,11.026268,23.694698,25.667902,24.638462,20.206993,18.105877,16.952045,8.781961,5.5721445,6.57768,14.165881,15.749539,12.712528,17.058231,17.268076,14.60096,11.635336,11.814774,16.068491,20.221983,21.997723,26.891655,27.123575,28.698519,28.935898,29.823984,27.309124,28.992397,28.572634,24.539627,20.195478,27.554169,32.827732,27.51406,25.145031,26.31551,25.436825,24.719881,24.21791,23.143494,15.511262,4.1627555,3.0777993,1.0627136,3.8842533,8.128588,12.654751,14.384689,18.968624,17.406952,13.725001,10.205055,6.2074676,5.224102,5.5235453,8.138512,8.139374,4.244165,3.7603364,8.02819,5.0763254,-2.3464708,-7.1667337,-3.4666386,-5.3615685,-4.1044197,-3.261188,-1.4172674,-0.9783736,3.9066658,3.0445476,3.868158,1.7863882,4.457942,6.560567,5.24552,5.5692396,3.2606845,3.3909414,-1.7757978,-0.343642,8.50934,11.978207,11.079521,9.625986,6.263722,3.0812244,-0.8598099,-3.8730335,-3.714,-8.910281,-11.7784395,-12.186842,-9.961728,-6.7405453,-0.91650915,-2.2655964,-1.1197575,-2.9602003,-9.276542,-9.926336,-6.5084667,-5.761285,-2.1481795,-2.3497443,2.1215796,10.85788,12.310965,6.825553,5.230342,1.7957525,-2.1972609,-1.9109129,-6.7276344,-9.9554825,-5.3394184,-0.37625608,5.2565613,4.187346,6.612483,9.113293,12.696487,9.322767,6.1566687,1.5452385,1.0816269,5.350503,3.7067714,-1.50405,3.1536174,10.661585,4.334233,4.7622204,4.597722,0.07756063,-3.5851347,1.1608889,1.1635512,2.3982563,4.807708,2.456772,4.618221,1.616822,1.0734595,5.290842,4.6723604,-0.40040946,-1.4849544,-4.0634594,-0.92359895,2.1236043,-3.8933887,-12.844534,-10.947163,-9.885269,-5.27874,2.0085547,8.670584,7.0260644,5.7460594,2.2464948,2.5660987,1.9703716,2.532669,1.2359468,1.6442902,3.4209309,-1.2525927,4.2399487,9.279354,9.248509,6.9533825,4.9880114,8.936167,5.8495817,8.447056,8.36439,9.516996,9.0797,3.65536,4.9214406,3.6750705,1.4258645,1.6803365,-0.013965845,-0.7479651,-1.2274475,2.3232186,1.2583792,-0.4753421,-2.6407945,-0.3024223,4.743436,3.4271789,9.166226,7.451522,7.00912,8.255547,8.127017,6.0895977,3.1246383,3.382365,4.7772055,5.246953,2.5565581,5.504197,9.442754,12.1235485,15.767107,6.993966,3.4177756,2.0076299,0.17696965,-3.3557472,3.3538148,2.3070688,3.0262609,4.9008956,8.227115,11.906744,14.7387905,25.24511,17.239342,8.798986,10.434358,8.520557,7.1528,11.068562,10.358528,4.940856,3.3506215,4.385506,-0.5165348,-4.7544165,-7.4346037,-1.7553949,2.3464434,5.2674894,10.455653,15.944805,18.958988,15.478298,18.243607,26.831814,23.349556,18.23603,17.631508,17.532837,15.546827,16.37659,13.931044,10.5209465,11.004159,7.2654157,6.234189,3.8620527,2.9239671,5.933049,3.394587,-2.413928,-3.9427352,-2.9829726,-3.6303065,-5.5767546,-6.0805883,-3.743008,0.7013085,3.5959334,-0.9483711,-0.80967855,-1.4022899,-3.8700724,-3.1088822,-0.5817557,8.662561,10.175035,7.7460303,8.188107,12.615122,7.701826,2.7490487,0.21447986,-5.5154905,-5.0756783,-1.5170319,-0.45611393,-2.885714,-5.44551,-9.3326435,-5.422725,-8.547434,-14.813389,-11.850628,-9.458621,-7.5342903,-4.5112915,-0.38267708,2.894855,5.8500204,7.217326,10.264651,12.331703,8.867467,5.3535557,9.913218,6.912768,-2.2783449,-6.199021,-1.5582211,-3.5140345,-8.751566,-2.1386523,-0.22699052,6.169544,7.2847266,8.849358,12.368763,11.745504,5.5180798,3.7586322,1.7701141,-4.37716,-9.800808,-7.3162503,0.292409,4.5389123,5.6477356,5.5671988,3.0963209,0.318923,-1.3529601,-3.2234542,-0.17281541,-0.04618159,-3.3139284,-4.2060018,1.0415263,1.6185521,1.3917533,5.024872,6.724511,7.8986344,1.9781798,-4.955511,-8.984314,-8.547237,-5.129413,-0.87017727,-1.04772,-1.2090206,-7.5543814,-6.1769567,-1.6091267,2.09202,0.23736078,-1.9155531,-9.206893,-5.037048,-1.0388999,3.1577024,7.740774,12.191448,5.131234,-0.47728512,-1.5044162,-0.40393296,-3.251865,-4.6467505,-7.1600266,-3.0601764,0.4931721,-0.85531354,0.5980006,-0.48509878,0.6579349,-0.53590226,-2.294016,-0.6063038,0.7474255,-3.9324408,0.84013605,4.996759,3.7383146,-4.54642,-0.99306345,3.6099954,4.600216,8.818178,7.9021597,10.431421,10.830139,12.443971,13.539768,9.26491,7.5518026,7.7160463,9.128964,8.236692,9.551374,18.161568,15.5977335,16.755257,22.096498,17.598225,17.49524,13.651802,16.563131,18.86582,15.791176,16.925774,14.702602,12.734721,13.406228,13.017826,18.370142,19.725866,12.423878,5.751462,1.4071877,4.699953,16.038452,12.477592,9.638295,14.832842,16.650084,16.692486,18.357155,9.478548,10.304228,12.106852,13.552328,16.915382,16.472569,16.109632,12.156716,8.590269,7.8677897,12.660034,17.939186,21.935253,19.840443,18.088516,13.564365,14.4709835,10.230408,9.685581,6.103532,8.945165,12.603417,16.042301,15.980726,8.985775,-6.8554335,-11.647522,-4.9067035,-5.1459827,-8.420336,-5.36073,-0.028392315,-1.9299521,-0.8978336,-3.558844,5.8600655,6.5627728,0.43716335,-5.786609,-8.768738,-6.650499,1.066088,1.5938666,-0.46886587,0.2751929,2.7508376,1.935426,3.2432785,0.025183827,-10.288481,-8.668907,-2.698163,-8.743525,-12.15525,-9.655844,-2.6907234,-2.681654,-2.7304094,-7.2331624,-3.3122509,0.26701862,-5.087654,-5.8522677,-1.1414878,-4.480443,-4.699412,-2.6556273,0.638078,4.0283976,2.9780998,4.4530315,0.38722298,1.1481879,-2.2630281,-5.9420004,1.719519,7.23059,9.035076,8.580523,16.072271,12.326847,3.2580323,1.20733,4.0121474,1.1349342,3.0947382,2.407629,4.8517456,8.144025,11.289791,7.7050147,5.3039274,11.483402,17.232723,10.013569,8.070618,10.298316,0.021260202,-4.4389915,-2.7356775,-3.240895,2.4766138,1.9091232,-2.0087585,0.298815,1.4931316,2.0066345,4.161727,-1.185616,-5.927186,-4.670659,-2.5568476,-1.5553473,6.6783485,9.084347,9.068315,8.302654,4.9122605,2.2815528,2.7364268,6.914183,2.8154612,-7.1935863,-4.4441895,5.835135,2.7324376,8.779689,16.954546,17.222752,12.014064,6.4821825,11.687042,15.819848,16.00098,16.083847,10.906476,3.4580655,1.5278562,5.767255,9.505481,5.9262333,4.711645,1.4115559,2.4817421,7.4803133,5.5407124,-1.081028,-2.534528,-1.9900553,-2.019225,5.304303,11.508731,17.729027,15.124543,6.5149794,3.3059788,3.1598172,4.0100365,7.1740327,1.4368145,-1.8589537,0.8406316,4.5445104,1.8393652,-1.89555,-0.11177054,2.3260574,10.493523,12.83773,4.740692,-2.0448506,-5.706749,-4.834113,-1.6767466,0.70954776,7.930495,6.502611,8.979964,13.033741,9.229343,6.4329586,1.8574197,-2.989273,-9.710196,-12.2514305,-9.13372,-9.002209,-7.0286107,-2.697413,2.4077625,6.257759,6.9394374,6.5595894,5.817091,8.56083,7.1043854,7.6722,6.5456314,7.444957,9.260664,9.769545,8.101329,6.692363,5.6341863,4.729851,6.07565,9.873299,13.540379,5.647345,4.410396,7.6907396,7.6290655,14.786037,11.852642,5.3862886,2.4927373,0.16754581,-9.3223915,-11.4626045,-8.975741,-7.400482,-6.609664,-6.7541203,-1.0780795,-4.7721567,-5.9863825,0.7280139,4.1487017,0.6109814,11.9836235,13.32453,11.910549,13.972784,18.675232,18.558466,20.521534,18.449993,17.669453,13.858098,10.27791,-2.1419866,-6.6432858,-6.558228,-12.561205,-15.112135,-5.987897,-3.9737864,-0.09427023,-0.50066036,-6.440549,-5.8181,-4.8767667,-2.2948816,-0.3545792,1.0875787,3.1800094,1.9609835,-4.9493914,-7.884364,-2.5279832,4.634939,1.210815,2.3394504,1.5798793,2.1566377,5.0747967,3.7927704,5.671628,7.4928846,7.2718143,7.5987825,11.043192,13.332462,15.892412,11.932236,10.259756,8.636968,9.07777,-0.74892795,-6.878419,-8.249763,-2.130588,-4.535946,-1.9912937,-7.5557384,-7.0410166,-1.9692147,-0.42403084,3.3402157,2.5801127,0.39616984,0.44299614,0.75674903,-0.9085213,-2.218215,-2.8328075,-0.36377543,3.816845,-0.038330555,0.8681146,2.1294322,6.92772,4.1786213,0.6092212,-6.210562,-0.5251304,1.9960824,0.391455,-3.3533974,-1.6350532,-0.23166054,0.5380759,-0.8011961,2.9977853,2.7956197,-0.8886382,-5.5797396,-6.8041124,-4.5398254,-3.1613646,-3.4458513,-0.6487379,3.2046692,-0.09946835,0.846459,-3.5903163,0.7365626,2.9517007,6.6903877,11.708706,12.020959,11.454766,11.9585495,12.72013,19.069427,20.189249,15.726273,8.327557,-3.3691998,-6.507564,-6.6682167,-3.4092793,-1.3388652,-2.9869142,-1.5668751,0.73868,-1.8379472,-1.3936973,-1.1998417,-1.5741408,-5.50033,-4.147516,-3.0144143,-2.5132034,-0.18799722,6.752308,6.309512,6.50531,3.5039954,1.7853537,5.1156516,9.652675,8.667878,7.690364,5.89003,2.299629,-1.465045,2.653,12.782459,13.409249,8.050311,3.6430688,8.6622305,10.408571,13.610468,13.980449,6.4287424,-1.047456,-2.6695485,-7.916668,-2.3456438,-0.8007038,-3.1246753,2.4454951,3.419687,-2.4654074,-2.5823014,-5.8076644,-3.4548492,-0.52856535,2.2227485,1.2718647,-2.1606205,-0.19048214,2.4806795,5.2147264,6.4976234,8.148087,11.274622,12.923994,11.450827,10.100852,2.5764956,-3.537395,-3.3624442,-4.4148006,-6.3028345,-0.43316662,9.972357,3.5253935,-1.1431036,-3.4582102,-1.539713,-2.817422,-1.6382141,-3.976689,-6.231655,-3.3438227,-5.119706,-5.620879,-2.1314206,2.8739357,7.12274,5.690162,5.151954,10.323228,12.945215,12.977555,11.635941,12.583599,15.28793,17.775663,16.126926,10.862986,-3.6569462,-4.636689,-7.713158,-8.524648,-6.9800634,-2.9166632,-6.298732,-4.9400625,-3.233872,-2.1768408,-5.726,-2.0594432,-5.438265,-6.5825853,3.4500575,4.6223774,1.1275377,0.40514457,-0.093031816,0.6922605,-3.0831375,1.0869234,0.83556104,0.54509044,1.6275117,-0.6123074,5.017022,8.290852,7.2527857,8.662264,6.3352375,8.282404,10.491306,6.582057,5.379814,6.15794,7.9917645,3.6272864,-3.9180822,-5.5417995,-1.4326872,0.54648083,3.3498423,3.8442461,-4.4405136,-8.041596,-4.777026,-0.8505248,1.4325552,-0.16586304,2.3935828,5.935244,6.073822,-1.2738171,-2.2412574,-4.647954,2.2698848,4.837756,9.675631,10.488728,9.023835,6.3024483,5.0509524,4.9932423,3.544534,3.873248,4.904847,5.471704,9.08671,9.60055,10.993052,14.238242,6.4482136,-3.780797,-6.4076266,0.27357507,9.291391,7.3290844,3.292656,0.5602438,-1.0839237,0.374227,0.122990906,4.8445716,6.0032415,4.5964885,1.0289419,0.36372012,1.4204133,3.090559,4.5359335,7.068608,7.553185,9.483207,9.508972,4.2399096,2.4242368,-5.131254,-6.428357,1.0324541,4.438218,8.112473,6.746909,7.1832256,12.229273,9.999218,6.7090726,9.237066,7.6351304,9.657213,10.764634,11.075628,6.8140526,7.668663,11.568136,13.295181,15.929453,13.68684,15.513643,16.538185,13.692425,5.8225665,-11.358793,-11.080416,-7.153644,-6.5493336,-3.9659286,1.3203386,2.880393,5.9590206,6.412915,7.3544183,5.532529,9.57892,8.932346,4.746793,4.0703197,10.495735,9.731325,11.577978,11.752415,7.425741,3.5405705,5.917393,10.324755,8.636456,11.056615,11.011877,8.808329,8.143925,11.74482,14.344695,14.561899,15.038923,18.356243,20.093248,16.118614,14.159732,17.350704,22.52567,21.417107,22.672335,23.003689,19.397106,16.09158,12.487724,7.9803095,4.9243407,4.867904,5.1777554,0.9415403,4.2117057,-1.1276295,-5.3599873,-6.908944,-6.8160014,-8.896789,-11.657177,-7.3203077,-7.6839256,-5.911106,-3.0733297,-5.0733423,-11.209932,-5.552322,-1.703237,-2.394525,-5.9315534,-6.8920135,-7.6595483,-9.779606,-8.02849,-3.9046507,-3.4138837,-3.3439336,-0.42630792,0.22412029,-1.1694803,-2.8540697,-1.2686874,-5.738394,-7.7759194,-7.167197,-7.010487,-7.7441235,-7.0261106,-7.4610715,-8.535703,-14.409687,-16.28621,-13.449044,-14.210534,-16.222755,-17.099503,-10.506021,-2.639657,6.1834946,10.579628,11.342787,8.723766,7.845808,9.988707,12.058498,11.680234,4.7959576,-3.2152376,-1.255801,6.6371098,7.368224,9.919689,12.040581,16.09156,16.57888,14.225975,19.771746,21.496986,21.94991,21.972786,17.552895,15.403101,8.075453,12.139321,10.856692,8.684863,6.5898943,5.4427447,7.8726215,11.408963,2.6541202,-5.9841104,-5.0266705,-6.358615,-5.4178295,-3.283216,-4.9563894,-9.065088,-9.466456,-15.130491,-14.501141,-16.14851,-24.426502,-23.590988,-13.812302,-9.85957,-13.948429,-16.062702,-19.010025,-18.723476,-14.348753,-12.100219,-11.050973,-10.561656,-9.817572,-11.408342,-13.872461,-9.165996,-1.2716141,-2.133346,-10.920475,-11.727474,-3.4919028,1.7133509,-5.29871,-4.224832,0.4240361,-0.97582966,-5.519076,-10.67735,-11.592575,-4.020561,-3.1132138,-7.342974,-11.928747,-8.528545,-7.1086597,-4.1017213,-4.6482573,-6.8139086,-12.110626,-9.945088,-13.740609,-13.661558,-13.207994,-11.214416,-12.591681,-15.710655,-16.047533,-11.871445,-8.853839,-7.1670527,-9.547301,-11.919273,-12.242381,-15.465612,-16.673449,-14.413426,-2.0591533,1.9185113,2.7617974,-0.1789528,-4.8346567,0.7291141,-0.13267344,5.972181,0.35675722,-3.7395191,-1.5437751,-4.981311,-4.8945904,-9.331495,-6.386974,-5.0623293,-8.780358,-9.489177,-18.212395,-19.714163,-24.130005,-20.780642,-16.378544,-13.363887,-14.027508,-14.250275,-11.115895,-12.323172,-14.331942,-14.118742,-13.525345,-16.8432,-15.740522,-14.241943,-13.478281,-13.244133,-12.652945,-14.645002,-12.968733,-14.919055,-19.576271,-14.1038,-12.329672,-12.020525,-14.077202,-17.093063,-11.595234,-10.654256,-9.171902,-5.1833773,-8.692315,-11.049046,-5.569846,-2.164865,0.09655249,0.6593541,0.12173492,0.6019429,-0.7767217,-3.6680644,-12.911981,-20.556202,-23.101995,-16.243137,-3.9244845,-0.354591,-0.5811452,-2.0012963,-5.453311,-5.48214,-2.7089806,0.7088994,1.7169081,2.0111005,1.0912468,1.631741,5.470618,8.325384,13.0381975,15.649345,10.376194,0.83461547,-3.1311238,-0.9079342,2.424038,-2.2634878,-2.0526364,-0.016430318,-1.8613443,-5.7019715,-9.870825,-5.9511933,-4.2122602,-10.82023,-9.830494,-6.466917,-6.0841017,-11.612761,-16.419275,-15.538046,-14.860107,-15.566814,-13.679989,-14.651041,-13.073523,-11.3532505,-9.841019,-9.384076,-4.950934,-1.8662276,-5.200916,-5.8374043,-6.1939325,-10.48107,-8.171526,-11.55871,-13.398527,-17.98536,-16.898098,-13.987876,-11.975239,-10.570949,-14.046196,-18.25248,-18.131306,-24.37048,-20.206688,-17.582022,-13.1385975,-6.5638986,-2.3023708,12.606606,10.840312,6.683814,5.205099,-0.168854,-5.1823435,-4.318076,-2.6963463,-2.4237032,-5.853572,-8.601,-7.9690347,-6.387525,-3.627637,-2.1449194,-4.290329,-3.467551,4.468873,3.1258433,-5.042495,-4.8828087,-3.0162816,-4.9695997,-3.909628,3.2906528,8.60928,3.6969452,4.7102404,-1.2846912,-8.380629,-4.3954086,-1.1940293,1.6360135,-1.1924038,-2.8150413,3.0152225,-3.8079898,-9.53945,-6.1873045,-4.7161865,-12.798742,-17.09412,-16.292301,-10.572159,-7.490077,-10.944927,-14.350765,-12.720991,-8.906552,-11.0364,-12.531552,-11.551435,-9.972282,-9.758567,-9.382019,-10.870048,-9.89738,-10.537941,-16.623268,-14.398701,-16.267216,-18.530676,-16.704876,-14.705709,-15.364748,-14.836319,-5.8583393,-11.320336,-20.647789,-22.604757,-15.653659,-15.51567,-10.938044,-13.848314,-14.869526,-13.857736,-11.3536625,-5.7219296,-7.39082,-6.3229733,-5.278143,-7.540657,-3.3052049,-3.2884307,-3.4754114,-7.4380836,-10.485673,-9.292943,-2.892279,-3.550581,-2.0303726,-4.0008426,-0.0057520717,0.629342,-2.243226,-0.78628755,1.0578192,3.3252962,-1.8525807,0.42705405,4.2519207,3.2255044,-2.2103872,-3.6108866,0.8362487,-3.4579842,-4.742098,-11.4805355,-11.44888,-3.8690007,-1.1181655,-0.49657515,-3.5026498,1.1791583,2.1444602,-2.7855544,-6.8674927,-7.6728344,-3.5811837,-3.6238039,-5.3854465,-8.312593,-9.881128,-3.2231948,-8.55509,-11.198346,-12.219294,-12.223608,-6.999589,-5.599244,-4.681715,-5.076773,-9.377437,-5.790222,-8.1139,-11.417954,-5.14344,-0.57712024,-0.01782453,-2.9277222,-3.0241783,-1.1123536,0.58693874,0.032300234,-2.2657237,-4.5764337,-8.32099,-8.511932,-10.411588,-7.6917524,-4.449977,-7.341301,-10.38599,-12.987438,-12.304006,-10.37088,-8.576692,-7.2669573,-12.447559,-16.701649,-16.644594,-14.8883705,-16.337711,-14.727947,-6.90246,-7.058982,-10.116549,-11.65062,-11.337981,-5.5371513,-5.452592,-1.8655565,-1.6682919,-2.2115395,2.0365689,10.070393,4.1153092,2.5215054,5.072276,1.277518,8.461706,20.999,23.842506,18.730633,10.596203,8.482729,13.593249,13.355959,6.0436325,1.3817316,0.23012762,-4.4382715,-2.3865356,3.5968478,6.2959332,7.0639277,3.6901217,3.7986991,8.439266,3.510594,1.2650433,1.651223,2.493003,-3.5267854,-8.918991,-10.7205925,-8.223694,-8.889177,-16.997585,-8.8424225,-9.126484,-9.002248,-2.7708855,-0.99718964,-4.9054575,-5.4124537,-4.274189,-3.9758906,-4.226138,-0.4998067,-3.3088908,-4.96645,2.9287064,-0.34242883,-8.061642,-5.897133,-6.1032867,-1.3949677,-5.698146,-7.976692,-11.266588,-15.086586,-23.265732,-25.654945,-26.393959,-23.849665,-24.287287,-21.319433,-20.036598,-19.498117,-20.108234,-19.433237,-14.634348,-18.072575,-15.394055,-14.1458435,-18.051033,-15.875608,-10.955223,-14.285738,-16.18364,-13.177422,-16.33192,-17.739632,-23.088623,-26.800621,-18.90379,-14.407256,-20.243303,-18.80522,-21.325302,-16.584461,-9.530961,-8.271875,-13.73526,-11.302254,-4.688621,-2.2520993,-0.21455944,1.3344647,-1.3724489,0.15617603,-4.595554,-5.1898456,-6.5985694,-5.7299194,-4.494076,-0.7749046,-3.2185555,-8.978734,-6.009569,-0.27688342,-1.4894625,-8.50966,-8.512991,-8.431887,-8.340565,-9.857351,-7.400915,-2.1020522,-0.49091843,-5.4424047,-5.7161283,-3.088546,-1.0886467,-1.461498,-3.1466846,-6.180001,-9.314203,-11.751323,-8.3624525,-4.18304,-1.2818229,-1.1098833,-0.5448898,-5.6554832,-3.4063802,-3.1372652,-0.20507109,-2.6881573,-1.3495847,-8.364956,-8.669098,-10.427105,-10.544646,-11.642967,-7.342053,-2.8754025,0.8408737,2.3373618,-6.44582,-12.995177,-13.024128,-4.889224,-5.3228054,-3.5170746,-5.202482,-5.336483,-1.3495903,-0.15781236,-5.2111435,-10.767686,-9.785926,-8.733546,-10.39057,-10.9347725,-11.247736,-9.200489,-11.459547,-14.322985,-14.132381,-14.715803,-17.762873,-14.619011,-5.3081217,0.31876096,-7.435867,-11.329835,-13.336826,-16.103754,-16.769928,-11.510002,-10.709065,-12.998692,-16.761127,-12.480104,-11.974585,-13.7084255,-14.158488,-14.56084,-14.903847,-14.285035,-9.29326,-4.3789406,-0.691016,-4.1298676,-4.2255106,-4.7119017,-4.879719,-2.2263532,-9.470499,-9.513615,-7.4555616,-3.3451195,-0.22259876,7.100338,5.7628956,0.6370531,-2.9666927,-3.5575871,-4.7082543,-2.5359888,-2.1013365,-4.3635144,-4.7051787,-6.162443,-7.8052135,-4.3005056,0.37432134,0.34124964,-0.2274121,-0.5389604,-0.114807755,-0.6638968,-3.7649512,-12.912897,-14.149276,-6.794282,2.4593852,10.93868,12.386774,17.653921,13.412666,7.5885525,6.384168,9.472061,10.758444,10.781387,10.876362,7.620115,1.68611,0.3209288,-1.5062078,-2.6718955,-0.79579645,5.7477465,7.454384,6.004388,-0.5219458,-4.912735,-5.1563125,0.024561882,0.33802515,-0.27172494,-1.689867,0.4301139,2.102181,-2.2323806,5.4341993,4.3764215,-6.4298344,-7.3867207,-4.020539,-5.365536,-9.650688,-7.8860865,-6.219633,-2.4229736,-1.602159,-4.321725,-11.341123,-12.312824,-9.52006,-9.092825,-10.85792,-12.8608885,-11.945037,-14.234423,-17.020927,-14.84005,-19.75795,-21.240658,-20.275066,-19.787539,-16.373787,-12.091147,-11.488867,-13.481155,-16.727192,-11.682647,-8.745869,-9.136654,-6.3376646,-4.3623734,-4.352963,-6.2450323,-4.7488937,-5.551264,-2.672943,-3.1021404,-3.7129319,-1.3589351,-8.193934,-11.940161,-5.2937417,-1.5225761,-1.9175014,-0.95761025,-0.87982154,-2.8076582,-4.427619,-5.436368,-4.705917,-2.2674584,1.7689005,2.2121043,-1.2135618,-0.24880815,-2.5458791,-3.560265,-3.6200447,-5.247146,-8.715612,-6.972683,-0.1482923,-0.18788016,-0.1934947,-0.06369379,-2.324357,-2.6957307,2.8807607,3.2306225,4.023737,6.6386037,5.4571834,3.536374,-0.5598689,-2.7825503,-4.443927,-6.9409475,-9.226647,-8.337042,-6.375775,-0.6421326,4.303693,-3.601847,-8.335689,-7.077138,-7.524292,-8.000253,0.53696877,5.05842,3.7656903,4.672022,-2.547379,-4.2230883,-6.271131,-5.1578054,-6.638712,-13.06922,-15.5278225,-6.5320506,-6.626936,-9.017147,-8.311982,-5.9258184,-2.020491,-4.772066,0.04298252,-3.6426084,-12.287998,-11.985709,-10.275575,-14.303793,-16.783703,-10.69489,-7.1537313,-11.672374,-15.24653,-17.232489,-19.381718,-17.715176,-13.960585,-13.161773,-11.210464,-4.661067,-0.60320455,-2.636243,-6.8510523,-9.168845,-4.7171416,-0.78170216,0.93984556,0.57384795,-2.2076023,-3.8795357,1.7923464,2.8077512,6.413684,12.938363,16.011606,14.717633,13.673367,12.553036,11.7042675,8.670973,11.7521105,11.305025,4.027206,-2.235096,0.20446408,4.0008416,7.0213375,8.19164,11.552486,13.960333,9.951195,5.576502,2.5389943,-3.1367261,-5.394045,-4.143253,2.2427585,0.40573478,-2.8076558,-5.0341516,-8.224243,-5.90068,-10.895863,-15.522507,-10.622079,-12.530634,-14.926288,-15.799127,-17.43252,-10.644255,-11.312232,-11.784674,-14.01185,-11.6698,-1.873714,-0.89719796,-5.872283,-8.928505,-6.31779,-5.8926687,-5.784784,-2.7456129,-0.046981953,-3.552701,-4.400355,-8.162956,-9.638079,-6.523428,-5.7097383,-7.010895,-13.318972,-11.859364,-14.197948,-16.38102,-14.226699,-9.814325,-12.175435,-13.862976,-14.353908,-16.20519,-12.741602,-9.278982,-9.353292,-10.796957,-11.111471,-12.498129,-14.302993,-17.105503,-8.18189,-5.049219,-5.8450027,-6.181422,-8.871618,-12.352338,-14.475607,-18.339067,-15.320999,-9.448265,-5.9805703,-8.564196,-5.2744274,1.7296076,2.244493,0.9707906,1.6043786,-1.7760944,-5.981082,-6.707265,-5.498789,0.5458069,-4.284713,-8.512686,-12.627953,-8.965037,-12.070181,-10.724593,-11.555545,-17.030254,-15.431622,-9.240349,-10.869853,-18.75581,-20.020111,-13.679224,-7.352089,-1.4961505,-6.0943003,-9.670895,-8.122779,-11.007648,-14.180662,-13.2950325,-11.873468,-6.1843357,-7.591874,-9.063195,-12.35547,-14.259939,-13.901316,-17.054016,-16.22412,-10.341363,-15.216812,-17.134441,-14.947426,-14.324179,-17.158693,-17.079052,-8.243042,-2.327046,1.6220366,-0.2437827,-1.6813139,-6.310358,-15.207748,-13.32188,-11.031034,-5.9691086,0.9255557,-3.406218,-0.67822963,-1.7163665,-4.9366665,-5.3295784,-1.9851022,-1.6213509,-1.2316322,-2.4585042,1.1169719,3.819797,1.9038265,-1.9793053,3.7770867,3.106215,4.2639437,5.7807817,4.49053,-3.9633677,-6.9948497,-8.749697,-9.249903,-9.824781,-10.194411,-10.424126,-6.630856,-1.9969046,-4.8235464,-8.272365,-5.939533,-6.3230143,-5.021067,-2.2228286,1.3133343,-5.1429725,-7.744402,-5.591549,-5.839431,-6.5030193,0.12133668,5.942444,10.383294,6.3917217,-2.8376274,-10.151763,-5.9607124,-2.2431738,-6.861762,-9.631667,-9.084557,-14.783882,-18.076141,-15.110573,-11.736447,-11.0889,-12.924072,-12.156759,-13.524031,-13.082158,-14.852214,-8.434566,-9.652874,-7.8871293,-2.0287366,0.94505256,1.8184314,2.8316994,4.3116684,0.6344344,-3.9240646,-7.325857,-9.895193,-13.508139,-13.262706,-10.703842,-9.729597,-10.6196575,-9.21682,-5.4712787,-2.0302064,0.0018376112,-1.6684978,-3.083727,-2.561928,-0.884826,-1.2007201,-1.9090391,-1.3703971,3.3535876,3.4625406,-2.357911,-10.804321,-8.723383,-8.60865,-10.481568,-12.468309,-6.396452,-2.9915009,-0.32993478,-0.056178033,-2.2045612,-2.4853578,-3.040316,-3.5086122,-5.115076,-9.729538,-13.341835,-13.23152,-12.161312,-13.106617,-16.84935,-12.308355,-11.856499,-11.128163,-9.015975,-5.8711042,-1.884156,-10.969494,-16.69301,-12.406935,-12.772599,-13.776919,-14.209074,-14.72969,-10.234423,-12.544691,-21.06744,-20.261852,-15.05053,-15.026904,-13.253172,-12.804033,-13.640625,-12.20423,-9.963713,-6.864771,-8.330755,-6.3062706,-4.0407796,-3.140819,0.47386312,-0.4930116,1.5277795,-2.3612518,-3.5073726,-1.9823629,-3.0671468,-6.15596,-9.533712,-6.4047937,-0.24394774,7.613853,-0.59291494,-1.6360615,-1.4695702,-1.9814699,0.44472605,-0.27582628,2.7325497,5.931486,7.2681084,1.7663095,5.891975,-0.13215292,-8.503684,-8.82969,-9.369008,-4.540441,-3.9938352,-1.9386181,-0.29310945,4.248868,4.8574467,5.5461526,4.1227546,1.9812374,1.3906324,1.762284,1.2996144,4.4963183,0.59015787,-2.784624,-5.0885725,0.62492824,5.1969767,-1.5202775,-8.80917,-10.137581,-9.629441,-7.3422594,-7.0376687,-6.6987343,-4.5238066,-4.7233744,-3.797243,-4.6741676,-4.072698,-3.6436155,-3.5627122,-3.972341,-5.136,-5.574987,-7.3635936,-12.393246,-9.846176,-7.374781,-4.0526924,-1.3249167,-2.3916395,-1.0997933,-2.370111,-4.1710076,-5.044759,-4.903265,-7.8118734,-15.071785,-16.117746,-18.826714,-20.116125,-16.467293,-19.3826,-17.030718,-14.474524,-16.964937,-22.202515,-17.239672,-14.550697,-13.678215,-14.844938,-10.867017,-6.463728,-5.9858136,-6.6636972,-8.670242,-1.713708,1.6114682,0.75330114,2.0692658,6.5330677,8.397102,8.127454,13.542902,18.320553,13.183371,6.8030725,6.660123,9.265097,6.536372,9.712517,4.201041,0.3420467,-1.4430997,-2.58884,-0.17167664,1.2489399,2.2782433,2.8073115,4.563822,5.288847,6.151782,5.8584895,0.3939135,-6.5302706,-5.3030105,-8.362458,-10.039043,-9.48333,-6.3254423,-0.26336268,-4.1079183,-1.8411961,3.0883574,-0.41848886,-0.100334704,2.8763125,2.8374708,4.0087166,2.2289417,1.5629616,-0.39873147,-2.725985,-3.4325836,1.9254827,0.5528934,2.906096,-0.60772586,-10.762966,-8.502884,-5.210062,-4.2840686,-8.899682,-9.613671,-11.467457,-9.16507,-10.927609,-13.279364,-14.510533,-14.85059,-13.167226,-14.021221,-11.467691,-11.977896,-11.305368,-4.5601006,-10.130972,-11.178259,-13.271141,-18.717712,-18.644176,-9.236345,-14.084581,-20.872364,-16.161133,-10.188586,-12.673875,-18.667625,-16.89898,-22.338833,-22.965883,-21.756733,-12.28286,-10.91091,-15.599419,-14.181972,-8.970838,-7.038354,-6.3252773,-4.120492,1.9692385,2.7107053,2.6543841,-0.041025728,-5.3259306,-3.3449557,4.683457,7.334594,3.3185124,3.1156645,4.7693415,2.3205175,2.1685185,1.771997,0.6360214,-1.77286,-0.45298862,-4.486232,-8.138119,-5.5910435,-0.21865082,-0.47215247,-4.3447676,-6.95245,-3.063803,-4.587592,-5.3963056,0.3247474,-8.573222,-10.984661,-8.595816,-9.031159,-10.417033,-6.549634,-5.652468,-5.2413583,-2.4412718,-5.4248548,-4.2363834,-0.925421,-7.5807953,-3.0256453,2.2644687,1.130135,0.612136,-5.232334,-10.510944,-6.265111,-5.8350186,-4.6621075,0.7229191,4.5609136,-1.5828803,-7.1924396,-3.9823341,-1.0997063,-6.3458,-9.802599,-1.667603,-3.0111442,-7.3536587,-11.5988655,-10.621948,-8.545983,-9.237135,-9.725796,-6.7002544,-14.805378,-20.044638,-22.324093,-24.944593,-21.817217,-18.76421,-22.696156,-19.914684,-2.6776524,2.0370898,-1.378066,-6.6255126,-9.983184,-21.777843,-26.335024,-19.58647,-11.542922,-15.581694,-16.458696,-9.224682,-8.453381,-11.257547,-8.149689,-8.662023,-5.4769173,-7.0620613,-8.1992035,-3.079597,-3.5641894,-3.1030862,-4.2510586,-3.83358,-2.2157652,-1.0751512,-2.3635607,-4.274564,-2.2833827,1.4056032,0.34950897,3.8918705,2.670444,-0.585975,-0.41364682,7.212776,4.9147086,2.5295665,-0.42192703,-1.322326,-1.244873,-1.231316,-0.9788465,-8.203164,-9.732071,-3.9936743,-1.6296468,-1.66626,-2.178711,-6.7579203,-5.9526787,-4.206294,-10.17323,-18.356087,-5.399947,1.6532419,8.663822,9.485729,10.927944,13.543152,12.707314,8.3889475,7.1760855,5.9532776,3.4515855,-0.10076353,-4.7590694,-4.781916,-3.6912978,-2.0805902,-2.2855918,-4.804963,-5.5635657,-3.1617942,-10.651166,-5.248479,2.0323253,1.9264057,4.62141,7.5575485,-0.30075252,-1.0608907,-1.8167329,0.049064815,-2.182666,-4.1952443,-0.36203992,3.155901,0.059593894,-2.3951435,-2.6315746,-0.03567612,4.28375,8.316181,13.465521,14.115116,12.0055065,7.4808125,4.7777953,-3.3705268,-9.026798,-11.03521,-9.36684,-6.905102,-4.275603,-9.599362,-11.16325,-10.9135475,-12.107333,-11.106584,-3.8741415,4.8369293,-3.3509107,-14.402611,-12.304947,-6.8809595,-6.062973,-8.570982,1.0377498,-0.72625554,-9.268108,-18.318209,-21.002296,-13.404594,-12.589834,-10.179223,-9.280535,-6.7996345,-1.0881135,-2.237001,-5.01071,-5.0234747,-4.384407,-7.0918083,-12.703629,-9.872293,-3.4129627,-8.637153,-7.438078,-0.64796615,-2.2254367,-8.895632,-6.996058,-2.6665397,-3.7495234,-5.5142956,-5.494128,-5.597153,-3.8918748,5.8501377,7.6884174,6.0605636,10.50729,10.677073,4.4188633,-0.4925499,2.9966269,-0.9125185,0.788594,6.234145,6.471452,5.0508456,1.4984969,0.2047416,-3.4693635,-4.701494,-6.8729677,-8.093702,-4.0883417,-2.6218987,-4.707679,-4.7932224,-9.968508,-10.275332,-8.156811,-3.8658826,1.1007214,3.892613,3.3525887,0.6928129,-1.1691705,-2.1105466,-2.9257307,-1.667914,-2.184506,-1.138211,0.38225576,0.8003881,4.079649,1.2739508,0.5960419,6.186367,8.352928,3.4527543,1.152531,-2.0266562,-6.429842,-10.381783,-12.375879,-6.1857204,-6.303155,-8.631895,-5.060284,-4.4121037,-2.3527567,-3.308369,-3.1347387,-0.62493044,-0.5738631,-7.3254776,-17.658106,-12.874878,-5.22326,0.14268309,4.6835647,4.811713,9.39534,7.66175,0.7813522,5.485839,5.883454,0.7021349,1.3792368,-8.325163,-16.51456,-11.399151,-11.333267,-16.189627,-19.002089,-18.554886,-17.91476,-14.605965,-19.60155,-16.432621,-16.993206,-14.261152,-11.171759,-6.555852,-6.4066563,-8.908741,-6.8421335,-1.2858162,6.9780703,2.5217993,-0.34990615,-5.9294767,-7.8997974,-9.47131,-8.846683,-8.201703,-6.9167385,-9.755806,-11.239117,-14.131945,-9.914566,-9.608173,-5.304238,-1.6220808,-4.527686,-5.1067657,-7.0345526,-8.837524,-5.270181,-4.3733597,-3.2697854,2.11008,1.5778472,-2.4618087,-1.9298998,-3.5144,-4.307516,0.43591154,7.893899,5.614382,2.5898106,0.9852376,-5.1565213,-3.3596592,-7.288305,-12.68685,-11.246416,-6.7391086,-1.5744277,6.358267,7.8354263,6.6770716,3.6415868,7.0979366,4.9643993,3.4723687,9.765068,6.1565995,5.2772303,3.5111918,-2.2592406,-0.75519687,-2.955241,-5.843866,-1.1308918,2.418531,2.9047513,-0.9544985,1.073611,4.942995,5.101781,4.2047305,-3.5231524,-16.301168,-14.938828,-5.974527,-2.6965933,1.3491092,2.4370677,3.7207718,2.4080453,2.142835,2.6329262,0.25767243,-5.448866,-5.615306,-6.5788593,-3.9268193,2.9619222,-10.715475,-16.378428,-15.355231,-19.052921,-15.743555,-9.512596,-11.623783,-15.139444,-12.679741,-9.854692,-4.2272434,-1.867549,-3.7404766,-3.072522,-1.4351993,-7.8454647,-6.477564,-4.510993,-9.3245325,-7.561154,-5.248587,-9.7114725,-8.229522,-12.611352,-11.1188755,-8.683929,-8.084581,-12.344282,-13.316664,-12.617558,-11.474502,-9.111343,-7.8567963,-10.883169,-13.187721,-16.113886,-11.434595,-3.8442998,-1.3799148,-9.957901,-6.2925262,0.36484134,1.438734,-2.6027884,-3.74093,-3.161359,3.6686234,3.1028104,3.3209987,3.299257,7.590888,0.9786666,-2.9120817,-0.5373975,1.9550803,2.9977648,4.0460253,-1.0387077,-3.9646068,4.1228857,1.924942,-0.25373793,-1.278512,-3.9276557,-5.851771,-2.7464294,-8.086899,-12.97636,-11.107127,-4.9115534,-1.1906487,-3.0987678,-5.3545995,-0.53184843,-1.5490166,-3.8631988,-1.1805389,-2.6648507,-1.0084887,-2.8810792,-2.8980937,0.7808658,4.187239,2.2771916,0.66058195,4.337129,2.1078253,2.314263,4.951087,0.4991082,-3.3069022,-2.9402375,-0.67483515,1.5530071,-5.2094874,-2.9378548,6.605195,8.297267,7.7964277,10.928878,7.48526,8.554565,7.9440193,7.543686,13.793256,15.748857,11.93146,14.025214,12.1768055,7.8684464,4.196641,2.0880895,-2.0966067,-3.6019092,-4.002403,-5.3600197,-5.751666,2.9179966,3.1887925,5.2798576,12.251598,14.787639,11.906245,7.966016,11.58716,14.766071,10.058283,4.021967,5.516643,4.7038307,3.5515857,3.9027948,8.570192,9.684416,10.194563,10.778595,11.6500225,14.67528,9.9485655,3.5052958,6.08353,9.068649,9.503577,9.068024,7.1934958,10.686474,10.073122,6.107155,8.563802,6.845579,-1.1173618,2.9087782,3.6348474,0.88203996,2.933014,5.7994337,7.9093385,4.804202,2.1981082,5.2755747,4.47447,3.387939,-0.41405174,-0.6756892,-3.2104526,-4.3218966,-2.6512322,-3.4104223,-2.1069126,-0.095505536,-2.963595,-2.8720713,-1.9680367,0.9847913,6.0600767,5.44983,-1.3875585,-4.1221366,-1.6498625,-4.75294,5.7066727,4.618231,-0.8009185,0.4347438,-2.2534575,4.8024707,4.4078445,6.626706,10.234256,2.7165277,0.60174567,3.307305,0.5920863,0.47024286,7.690342,-1.3780906,0.056832016,5.4851284,8.387399,17.128288,16.70989,12.26878,8.445498,2.1848683,-0.98192745,0.4500556,2.4753432,6.200224,-2.5731516,-7.346033,-5.610055,2.5309145,0.5694014,-5.2546844,-6.49302,-0.34843212,6.823951,7.198676,9.915143,15.832182,15.750539,11.596051,5.394702,5.403516,-1.432101,-7.7526317,-8.366193,-10.1109915,-1.4561943,2.7150111,-1.3219205,4.0385914,-5.2373633,-8.013872,-0.38304263,-4.5485735,-3.4517899,-3.7400632,-0.7769969,-2.267469,2.1383977,1.1646491,-3.677527,-10.006536,-11.050477,-7.673101,-6.203753,-8.283822,-4.943159,-9.220954,-8.974961,-8.652296,-3.3560596,-4.5291204,-4.5093393,-2.3069904,-6.846137,-1.3636875,-2.3711631,-6.2471714,-2.157524,0.3896352,-2.050634,1.0752907,-2.5497494,-1.8545978,-1.2097775,-6.717032,-11.350825,-11.770885,-10.06379,-14.133122,-16.5463,-13.407554,-15.965848,-12.202438,-9.006244,-3.3036537,-5.8036337,-4.892017,-0.08356109,1.110386,4.0484624,3.7148092,-2.8910382,-1.7351239,-3.2319555,0.74705863,-9.961226,-13.242144,-9.410318,-3.2941978,-3.1484642,-5.7983837,-7.070036,-7.100678,0.36258835,-0.624377,-1.7508966,0.12481344,-0.9758315,-0.7610148,0.2052064,-2.07109,0.99050736,-4.7823834,-8.967344,-7.0156145,-6.5395384,-7.8130436,-2.4316542,0.40363896,2.0458658,7.4397187,4.044414,-0.5622518,1.4261274,4.7971945,7.347514,5.270008,5.6161013,4.59133,4.9008217,7.6587915,5.930791,4.50487,2.9973125,2.4360168,2.5513546,1.9176776,4.19131,9.604134,8.571328,3.8113852,-0.9220884,-12.588901,-13.876953,-8.215465,-3.4276133,-3.4154344,-0.41049486,-0.98867255,-4.702714,-7.062807,-3.2212005,2.6640706,1.8609704,-3.0390856,-0.936256,1.1839788,3.2686944,7.983702,6.682976,10.63611,0.36333668,-4.2028856,2.7410097,7.002023,5.276974,2.006195,0.6972066,2.058538,-1.0833476,1.6211541,4.219279,4.308097,2.7463095,3.487113,6.345154,9.813669,3.2424726,-4.762371,-5.963483,-6.4634113,-4.726869,-8.346945,-10.418997,-1.5690737,1.8706057,-3.3399093,-4.0083675,-5.6155806,-6.1526985,-3.5420816,-5.2703137,-6.6143885,-4.5366516,-2.7317197,-5.9360037,-9.924039,-16.174427,-16.519855,-13.381523,-10.173981,-8.193834,-9.383688,-7.37486,-9.360033,-7.5555506,-3.1763034,-7.772612,-9.727636,-13.998749,-12.2983,-7.5901117,-0.39646086,-2.098227,-8.083778,-14.29201,-8.4130535,-11.87775,-17.009007,-18.620852,-12.447733,-7.295553,-7.3048553,-13.0574875,-15.55789,-11.200867,-9.904636,-11.57664,-9.893797,-9.976221,-6.8866606,-5.2258024,-5.348069,-5.684618,-8.818685,-7.6041203,-8.555055,-11.618303,-12.558863,-14.854192,-13.032433,-6.0411487,-7.7477665,-13.987662,-12.828787,-8.563245,-6.11296,-2.1345544,7.275297,7.0510907,3.803242,1.0711615,-2.845934,-4.66507,-1.3226414,0.109687686,5.0723696,3.2954607,0.18376945,3.9081311,-1.1974185,-1.4252375,4.855961,-0.9359454,-1.5840157,-2.9804492,-5.4714007,-9.008232,-6.832158,-6.5489826,-13.65288,-10.76218,-9.654535,-7.1548014,-8.766581,-6.9954705,-10.22276,-13.245381,-14.469731,-4.6014395,-6.309223,-12.914822,-12.849318,-13.241893,-9.749676,-7.150397,-6.0391912,-4.370263,-2.655084,-8.438004,-6.80437,-9.133493,-7.3247895,-0.42168164,-4.9402046,-3.3728256,7.717431,9.134062,6.0733185,6.550402,8.125913,2.8598714,-0.03201863,0.9125422,-2.773522,-1.2772348,-5.8408537,-7.153244,-2.2965047,0.8323835,3.2561004,1.3402771,0.18416226,1.7934494,-0.79313636,-3.0981703,-7.673453,-8.110591,-7.512769,-5.68645,-5.2498755,-4.6880927,-6.7597837,-3.3134444,-0.18346053,4.5286255,3.2592947,4.8253307,4.299947,-0.3970236,-1.99812,-0.7533319,-4.1209574,-4.261348,-0.039385706,1.0278563,2.8955503,5.0768867,0.32625508,-8.102228,-12.945817,-4.965251,-2.0967035,-2.4531984,3.047498,2.0432036,-7.584593,-4.565383,3.824799,6.2505126,7.212527,6.221541,4.3212442,7.0025206,7.0118446,7.597768,5.672445,3.090725,11.1075325,10.281996,9.572367,9.712437,16.263346,-0.9065157,-12.568424,-13.678526,-9.267134,-7.2237453,1.4781005,3.0634503,5.394952,6.0210233,3.543694,2.2502103,5.344897,3.9442778,3.916158,-9.471037,-14.022078,-12.560908,-5.101544,-5.967799,-2.6942177,-3.4625895,-8.135313,-6.089525,-1.2567213,4.315718,4.3574066,-0.45710734,1.5906742,1.1386659,0.0989517,-2.2654192,-5.4095116,-6.1644287,-6.1764536,-3.8998888,-1.2326866,-3.1976032,-4.037834,-2.9344296,-0.42232046,-4.6983666,-10.053892,-3.462267,-4.625275,-8.604336,-7.3705153,-0.7044329,-0.48019806,3.1019838,0.107801184,0.5089765,-0.5713302,-6.1415367,-8.6720085,-5.3972955,-8.064167,-9.183334,-6.9703536,-7.8121314,-3.009469,7.0754437,4.965207,0.91207504,-4.206672,-3.5040526,-5.9471188,-5.869979,-6.3813715,-5.71731,-3.4557662,-7.4454536,-6.2688894,-6.134428,-4.2251844,-1.7266464,-0.7093878,0.8353212,-10.109432,-10.890251,-10.208536,-8.364873,-5.3711386,-7.4571924,-12.201636,-14.097731,-10.238232,-9.225066,-6.7827945,-6.7162657,-7.962299,-8.073835,-9.172649,-11.245392,-4.4785233,-2.0551558,-4.3472924,-2.524348,-5.973402,-6.5286646,-5.322005,-5.8673735,-4.03903,-6.734846,-5.3232174,-4.3199215,-10.129946,-10.488819,-10.471254,-4.7315173,-4.786433,-11.726944,-17.179312,-17.118616,-16.607784,-15.664197,-11.277084,-11.707388,-10.713147,-6.783656,-6.151558,-11.556394,-8.216089,-4.9516697,-2.0396628,-4.4533243,-11.389589,-10.276145,-9.461852,-12.58178,-15.462515,-14.147854,-10.915968,-14.626467,-10.584492,-4.3996925,-2.7954745,-2.333872,0.21284965,-0.45607418,1.8124084,7.51502,7.7241087,6.472334,6.098405,3.2377365,-2.0869179,-0.9965163,2.8422356,-0.5656308,-7.9337764,-3.0274234,4.484037,9.50753,4.8593845,-0.40297213,2.6051483,6.9810886,4.54447,6.3476114,2.5540245,0.6585027,-3.343567,-5.147909,-4.609009,0.8099361,8.905342,11.858766,9.207098,-0.09266615,-2.2945187,-2.859614,-2.6346514,0.3033762,-1.5598738,0.2315557,3.977629,2.327911,3.8624058,5.7551317,2.7820745,1.7685071,1.4492078,2.5062022,3.039764,-0.11084986,-1.2933798,-3.7707348,-5.202009,-3.2026224,-0.5380907,-1.0853262,-5.576555,-7.2356653,-7.82106,-6.836632,-5.5218396,-5.8464384,-6.2142677,-4.537618,-1.2404112,-0.5244535,-0.6090107,1.2179296,0.88958275,1.3269289,-0.14479253,-1.5688136,-6.421253,-10.874081,-14.300309,-16.702448,-6.161928,-5.0861673,-2.2482657,1.5625291,2.2894232,-3.0202003,1.7106546,3.2268488,2.7295914,4.2582726,4.3146663,1.1510681,-2.7631917,-4.3224225,-9.351004,-7.3940535,-6.450104,-7.2882657,-9.3302765,-10.09642,-8.456127,-10.984614,-13.869886,-15.96453,-9.23089,-5.95783,-3.1005502,-0.10395813,-2.0290895,-6.9825835,-4.245031,-4.530783,-7.9089622,-4.751326,-2.9175217,-5.7011814,-7.7750845,-7.1587925,0.763749,3.6169095,3.343987,8.511918,8.123831,6.3025417,2.1543176,-0.81559646,-3.7472653,-8.658945,-5.9467726,-1.1160617,-0.36841,0.48391515,-0.69390434,0.38467348,-9.055775,-12.075969,-11.635557,-8.810406,-4.086334,-1.8932185,-3.7189517,0.7299228,-2.5080657,-5.4109626,-8.693828,-4.1323047,-3.175261,-3.6344092,-1.4475458,2.1796653,1.6406101,-0.04176116,7.0019484,6.970405,2.524784,-2.7854683,-8.943278,-9.706321,-8.617294,-11.133329,-7.085102,-9.720892,-10.040596,-8.548094,-3.5704815,2.9544413,4.360409,7.557122,6.6355667,10.624301,11.236783,7.94828,5.099928,1.0709487,-10.322603,-10.610106,-7.0288954,-6.8722296,-4.3477855,0.9182724,0.41625246,-0.39289188,1.2987107,7.3455744,6.703572,3.0052319,4.6809425,5.0589647,8.531387,6.44028,4.614076,0.94991285,-0.54244626,-1.0891931,-1.0263698,-0.22004803,-2.6291475,2.5159466,3.0123463,1.3369823,1.6671128,2.4678435,0.70365846,2.2442088,4.453985,4.7719407,8.296019,7.3300076,2.6125016,-0.77513003,1.1847732,6.4951715,2.6805658,4.332883,7.6726937,5.467232,-3.879014,-5.049522,-7.377434,-4.885751,-4.8260813,-5.4849415,-3.9639232,-4.666255,-1.180522,2.9839463,6.4426947,5.217828,4.2619505,5.219846,3.9373376,8.772215,8.45907,7.3428097,12.811043,11.928516,9.988459,12.39237,10.729398,10.969019,9.49711,6.3686366,6.3447905,7.5054054,9.915159,9.025486,6.872372,10.876972,13.504427,10.685171,12.138953,13.945106,15.691579,15.413113,7.7095566,-6.954338,-10.374773,-1.2067697,1.9946978,0.102309346,-0.4842562,1.4459217,3.720223,3.855115,2.9764624,8.681471,11.210411,8.230179,2.4426465,1.3281014,-6.625778,-7.548622,-2.18895,-2.96982,0.8934871,3.673596,8.429292,9.118879,2.8438697,-0.15023747,-7.572175,-7.554577,-4.0540457,-2.209937,-8.454686,-9.599619,-5.097726,-1.6317127,4.320184,9.367371,5.842876,3.275029,7.7856054,8.221356,8.6101055,7.0135565,2.0734391,3.8340044,6.888831,5.8489676,3.4394305,5.777826,3.3939219,0.8083219,0.41440135,-1.1457336,0.6914058,-1.1286259,6.3038607,8.911596,5.6318817,4.2621307,9.691383,14.732169,13.056347,12.80661,13.77455,7.0846896,5.8779078,2.4359486,-3.0666473,3.4901881,7.9839544,1.9594538,-2.4201527,-2.5424445,3.1866639,-3.6978137,-5.7355776,3.327132,-0.5703709,-2.289577,0.020236492,1.4337881,3.6357331,-4.604228,-7.927514,-12.458535,-16.165533,-12.620979,-11.908913,-16.955969,-19.639896,-22.56002,-22.991041,-15.884155,-9.03866,-6.1897993,-4.001517,-2.1621299,-3.755301,-5.9174957,-6.9317455,-5.401263,-4.5404367,-13.301753,-14.085254,-10.755009,-9.071138,-12.616038,-10.494745,-8.0098095,-4.541917,0.42474172,2.22279,-0.044502243,-4.4137645,-6.5885186,-11.067537,-6.172825,-1.0965635,-1.7363361,-4.5171866,-4.7971706,0.08638275,0.53131455,-1.2885034,-1.4303802,0.3107422,-9.962678,-7.244405,-3.5729117,-4.3919005,-9.499041,-8.809604,-9.332296,-2.2931418,2.166277,0.3876679,-6.04931,-3.543884,1.6336685,3.0296924,-0.53581285,-0.71126425,3.6893666,4.280608,1.7171503,-0.044111848,-4.3585787,-10.196385,-18.505697,-19.48256,-6.255184,-1.4294128,-9.468981,-4.543415,-1.4618175,-3.8843288,-1.9627689,1.9318764,-0.04939723,2.2765117,1.2716038,-1.6717178,2.7011073,3.4253817,2.4810307,-2.5379076,-4.3068852,2.9437032,7.6775084,4.337884,1.9081805,3.6794164,3.1837673,0.58669394,-1.6799068,3.2036939,1.888189,0.612254,4.79167,8.302825,10.710192,8.009479,11.515939,8.005639,12.215212,10.699705,12.825001,15.97966,17.970636,17.255537,20.154415,18.466034,14.297109,10.907366,15.036541,20.01574,15.846829,16.156975,13.330149,10.709036,13.715025,12.831228,9.415829,8.418029,3.700714,1.8979708,2.3218338,4.072478,8.1376705,8.724913,5.4665794,1.6328511,-1.7525349,2.1715488,0.48421553,-0.46675342,3.7084754,0.51460034,-0.3409227,-0.0016472936,-0.91722333,-1.4203436,-0.23981601,-2.9493997,-4.3011265,-2.1537259,3.649025,5.1149497,-0.012770891,6.549597,6.2680936,5.905805,1.436545,0.86245936,7.8407326,6.0933437,10.461186,14.037558,13.04871,5.7344036,7.0567713,9.567127,5.567439,2.6496701,2.5795755,1.3644942,5.8884764,-0.61544144,2.6365972,2.3180957,-0.702944,2.6531196,5.477736,1.6981106,-0.7808616,-1.0435758,-4.4900885,1.9637532,0.1961323,-0.40078202,-0.24946895,-4.3716917,-0.5342146,0.28851134,-1.400424,3.482174,5.3689766,1.5421183,1.0478239,-2.8704214,-7.7647696,-3.4145024,0.73095864,-4.606965,-3.8447633,0.29263163,3.4288585,0.8745364,7.056299,9.097263,7.3146005,1.9684944,1.1320397,3.6232836,3.5536196,0.7761017,-3.0571916,-5.072852,-6.3925934,-12.175381,-12.237511,-7.682802,-6.130825,-13.412607,-16.225128,-16.434343,-15.070631,-14.31789,-10.974457,-10.207848,-7.9186497,-1.8508651,0.695047,2.5141854,1.9077214,0.2723122,3.2034893,5.497146,7.420599,5.7916746,7.8261847,3.9490414,-1.983865,-7.28726,-9.013113,-13.473421,-17.331266,-17.56893,-18.467436,-15.938116,-15.076707,-15.031485,-9.743898,-3.387526,-5.765457,-4.9427023,-9.111338,-11.839132,-11.397751,-9.980858,-10.6054325,-7.1639085,-8.28997,-7.1943455,-5.8953695,-1.710679,-2.5844007,-0.34514093,-3.0519333,-5.6359754,-11.577735,-10.918194,-9.214741,-14.6411295,-10.409662,-15.265639,-24.510225,-26.039032,-15.521978,-1.2310812,6.7010307,4.1043587,-4.500459,-9.58638,-5.9257903,-11.3664875,-13.896162,-9.468721,-3.0743062,0.12670802,-0.14594078,-3.255595,-1.1707866,-0.97119135,-2.3922663,-3.1463926,-4.8836184,-5.418181,-5.62939,-2.4931092,-1.5349458,-1.446745,1.4569908,6.0333543,7.473015,4.43487,1.6609411,0.5355815,-4.989596,-10.819611,-9.216212,-2.1603127,-2.3299031,-5.1147413,-7.52474,-12.917338,-16.229633,-8.370457,-0.5465518,-0.21556564,0.56784385,0.17362207,0.7882842,-6.7634463,-5.869729,-1.0815462,-5.9000244,-6.6829844,-12.6132765,-11.2975235,-8.554965,-10.50279,-12.013587,-9.78259,-3.95394,-2.7824378,-1.3620526,-6.3710227,-4.080369,-4.856554,-6.412096,-0.9676744,-6.198947,-8.048585,-4.1391034,-4.5838237,-2.746883,-3.3578742,-2.165584,-8.737794,-11.258267,-9.850191,-9.511954,-9.81517,-9.661803,-7.4863977,-8.701853,-7.5718317,-3.99682,-6.5965214,-9.96117,-10.264065,-9.370545,-9.239435,-6.110488,-4.660416,-9.266862,-11.245026,-6.185331,-9.15395,-11.8099,-6.9219484,-3.0812268,-7.5983257,-9.505611,-6.3624206,-4.950578,-11.038013,-17.005419,-13.8034935,-8.361768,-7.7056866,-5.843108,-7.866649,-9.460745,-7.627658,-4.190615,-5.4560204,-6.7428026,-3.0777593,-6.536166,-4.4418335,-2.3427212,-6.313159,-6.300374,-3.4932513,-4.4361734,-1.3690779,-3.0273647,-2.8616495,-2.0841618,-3.6498966,-8.153045,-1.6617992,4.0623674,7.139828,6.160557,5.1065683,6.626522,8.127317,6.2359047,5.786565,8.992193,3.9296365,4.564934,7.797984,6.776279,8.017091,7.393772,10.43812,11.449799,8.731612,3.6599028,6.599534,9.976549,11.187014,5.9440517,7.204359,9.242733,6.9327807,7.6088343,4.266423,1.7646859,1.6360358,3.3327389,2.8629713,2.1960306,0.023042679,-1.094301,1.2856342,2.0244265,3.8251514,2.672662,2.554755,2.1187043,2.0313873,1.8161528,2.796607,0.20573023,1.0891274,1.4363706,2.055715,2.2154176,2.664855,2.086872,2.2322087,1.831038,1.1563715,2.0715034,3.1708484,3.7550821,4.757181,5.9803815,4.561715,4.5548143,5.634236,4.545038,4.583657,2.8129616,3.6013532,3.8147156,3.6056557,3.0138602,3.7148585,3.4895658,1.1941303,2.506949,3.4222546,4.562407,4.659791,5.843583,5.952506,5.637986,4.464003,4.0350676,4.7791114,4.7370996,4.0637074,4.370923,3.7700622,2.839327,4.6565485,5.1887884,4.8968754,5.1634717,3.7100801,4.1458216,4.009667,3.0226822,2.1979418,1.8881884,-0.02063781,1.2610035,2.5702782,3.130416,3.2948916,3.7022493,2.997632,3.3163414,3.2648437,3.871656,3.9099236,3.7827132,3.5631132,2.85604,3.5600362,3.3591757,3.0794764,4.053404,3.8865852,3.1217937,2.7249846,2.957212,3.5814543,2.3795657,3.0022144,2.7977047,2.5424886,2.5207915,1.9235845,1.6625396,2.7020206,2.5954003,3.6615596,2.958373,2.5994163,2.359261,2.9364405,2.0376873,2.0627518,2.0832045,1.1142551,1.4204757,2.4675646,2.9698222,2.4917321,2.6201296,2.366474,2.3127618,2.5676656,2.6624484,2.5687912,2.47867,2.4530072,2.4376636,2.465364,2.5381575,2.4394326,2.3335824,2.3063211,2.318746,2.2307725,2.2773707,2.14313,2.107588,2.0720599,2.0238698,2.0339718,1.8614444,1.9703773,1.8556935,1.7967339,1.7704874,1.6204356,1.6938926,1.4924334,1.5386095,1.4392267,1.2842332,1.3752668,1.0785242,1.044683,0.79538846,0.7714864,0.6426353,0.24229133,0.10207838,0.0,0.0,0.0,0.0,0.0,0.0,0.0,0.0,0.0,0.0,0.0,0.0,0.0,0.0,0.0,0.0,0.0,0.0,0.0,0.0,0.0,0.0,0.0,0.0,0.0,0.0,0.0,0.0,0.0,0.0,0.0,0.0,0.0,0.0,0.0,0.0,0.002428725,0.0,0.0,0.0,0.0,0.0,0.0,0.0,0.0,0.0,0.0,0.0,0.0,0.0,0.0,0.0,0.0,0.0,0.0,0.0,0.0,0.0,0.0,0.0,0.0,0.0,0.0,0.0,0.0,0.0,0.0,0.0,0.0,0.0,0.0,0.0,0.0,0.0,0.0,0.0,0.0,0.0,0.0,0.0
0.0,0.0,0.0,0.0,0.0,3.6864374,4.411851,3.598248,1.4737229,2.7188954,4.0581117,3.2970383,3.1872282,4.6562414,3.540193,2.466083,1.4647293,1.1068752,2.4820175,4.9278793,2.6208415,1.361128,0.57552767,1.2605788,3.4552085,4.122349,2.4443192,4.0301414,4.206132,2.2693706,2.0163841,1.476268,1.8797053,1.2776225,0.88337123,0.032389767,1.7192957,3.087687,2.9914227,8.5163765,7.70148,-3.412172,-5.387842,-8.140135,-10.499069,-9.0821295,-12.364639,-16.500683,-19.76144,-14.715878,-13.624697,-14.124617,-15.318935,-13.764545,-11.875849,-7.1517925,-2.9691315,-2.9866834,-6.076438,-6.322133,-4.360742,-3.9861796,-5.5430207,-0.83390296,3.5947173,-1.9878843,-6.869686,-4.931119,-3.5266726,-4.4846773,-3.9980526,-6.9481516,1.1386368,-0.22339165,-4.277883,-1.9582634,-0.79687107,2.7234406,1.3878686,-1.5867412,-2.9560716,-2.628738,-2.6351967,-0.32010797,-3.1099887,-4.649082,-0.121103644,1.6568291,1.7293059,3.684177,1.6792204,1.1755514,-4.3172374,-6.9862127,-0.024279773,-5.1833982,-4.0240655,-0.77725065,-5.1706734,-6.215226,-0.6749762,0.12008107,-5.0681343,-1.6562177,0.81737375,-2.4882336,-1.4338347,0.44033462,0.60335743,-0.370224,-2.9950802,1.0387578,2.2444758,-2.4977777,0.33905458,-0.4467794,2.732222,7.331018,5.286231,1.9390223,4.7972717,3.1965492,2.3048234,5.3565187,3.1439085,2.4875212,0.60051537,1.3693042,-1.8502387,0.96975476,4.2828646,4.3365574,6.132429,5.6722345,4.157089,3.550001,8.558054,2.6509635,-3.330531,2.6155,11.563881,8.275713,3.8806343,7.9085093,2.0766492,0.19298708,1.3899167,-2.349539,-7.925063,-7.060906,-7.345528,-5.3558292,-4.7087984,-4.409975,-8.224063,-12.177696,-15.266817,-17.443071,-16.001322,-6.8337994,-8.152864,-4.6380153,0.9600147,-3.7979007,-0.72913337,-0.6984725,-5.944517,1.1292223,3.988596,0.6088177,2.289606,2.8183646,-2.3692603,-4.5703697,1.2075849,0.10670057,-2.0432928,1.8751357,5.230387,-1.7719305,-2.7017965,-2.3632548,-1.549633,-1.6617292,-0.20534123,0.33484256,1.6971802,6.1370053,-1.3554931,-1.126786,-1.5369334,-5.2689896,-5.243311,-4.0118713,-8.33231,-10.331421,-10.327038,-11.647396,-9.5104,-3.3989954,-6.966916,-4.7334805,-8.77498,-13.186925,-9.214098,-9.91842,-15.262107,-12.264083,-14.214617,-9.245865,-5.4817705,-8.97391,-10.974142,-7.8620825,-7.498375,-3.914865,-5.306954,-7.2854967,-7.111324,-9.451027,-11.513269,-11.850351,-7.606946,-3.5419712,-8.4586525,-15.642693,-11.593094,-8.995339,-12.831832,-6.0456667,-6.4025297,-4.46157,-5.3301373,-7.221452,-7.7639775,-6.8665247,-9.146768,-5.099778,1.068867,-3.9998503,-9.927069,-4.655987,-1.2353598,-4.739693,-3.3023891,-2.9675384,-1.5789733,-6.040698,-7.048624,-6.667072,-9.289036,0.071838856,-2.9235554,-5.736026,-3.65306,-3.4890175,-0.90310276,-5.1170983,-8.362743,-7.4342484,-8.764681,-10.594544,-7.5966697,-5.317931,-4.4211307,-8.066254,-8.22092,-1.161551,0.12216061,2.1722922,3.9189386,2.432897,4.1068907,-2.2180622,-2.3809621,1.4651458,-3.0880787,-2.1858518,-2.7020555,-0.8012315,-1.6228559,-2.3772001,1.7448213,-3.080671,-4.834099,-3.5721684,-5.459677,-9.954975,-6.890511,-9.258054,-8.237504,-7.821332,-10.839551,-14.023373,-13.737354,-12.059959,-9.065066,-10.456103,-11.732995,-13.665915,-15.250339,-15.575119,-9.07546,-12.185912,-11.037712,-6.634696,-12.33382,-17.160393,-11.99981,-12.30807,-16.322668,-10.392704,-10.73711,-17.84557,-13.228632,-9.08917,-11.752499,-10.789989,-6.788582,-9.812361,-11.928294,-11.791866,-16.26223,-14.863935,-13.546724,-14.385971,-13.353956,-11.228321,-9.865398,-10.303683,-9.942677,-17.747433,-18.958195,-18.523327,-16.022398,-12.981647,-9.430428,-14.999218,-16.840187,-14.184306,-15.222946,-16.415306,-13.357984,-13.316095,-14.547062,-15.063669,-12.284023,-12.263109,-9.060471,-9.536287,-12.168968,-7.207923,-5.742043,-9.746634,-0.69318205,14.856298,7.109103,5.189082,10.813845,11.867919,6.30489,10.972828,22.80687,25.628826,23.819866,27.60658,34.41388,37.91624,37.03831,41.952637,38.56169,29.987097,21.26268,13.788073,15.328264,16.863283,19.209816,15.878454,9.974409,17.743,17.266945,13.44992,11.99197,13.888985,15.208708,10.787288,9.074807,12.743816,16.530739,14.598731,16.76548,18.341,16.397678,14.74508,21.325172,17.340342,12.9051285,14.546359,15.254541,15.741755,13.996523,14.136831,17.875313,16.270405,16.198675,22.033943,19.449722,16.623215,20.11932,19.55231,12.740413,12.6222,14.902079,17.177685,20.928831,23.629051,19.319601,19.361324,21.32156,21.040413,17.930107,16.932812,15.882612,17.62476,12.018263,12.579892,10.303951,17.41734,15.784355,10.882137,13.227831,14.3896675,14.050967,16.159695,16.311962,13.328744,12.821103,18.065983,22.529968,19.409214,15.902351,21.217285,20.490993,19.225529,20.874344,23.55244,24.733927,24.974697,24.15858,17.873558,19.892248,21.830421,19.43539,19.035393,15.296583,13.837291,18.97443,17.709572,12.117073,17.681843,14.334335,-5.958361,-16.625673,-10.325825,-5.1952868,-6.011314,-6.09282,-2.7472367,2.311611,0.8758217,-3.1827645,-0.6304283,4.6873894,5.635721,1.8571546,5.7937593,3.338678,5.2538805,6.8963337,8.627823,6.00755,4.463461,6.257093,9.355161,10.759007,12.914003,5.7611694,-2.4028966,-5.8655005,-3.7133756,-3.1544495,-4.5129895,-7.893722,-8.469171,-6.293125,-1.4032605,3.4420025,1.3377578,-7.006624,-7.797936,-6.689193,-3.4960039,5.164708,3.3867064,2.8127673,3.925884,3.8575897,1.8878232,2.3635468,8.054181,6.176237,2.1451156,-2.6636915,-3.0362782,-6.0703754,-2.1968093,3.5276234,5.0998726,0.546822,-3.6993399,-5.4069242,-5.3227935,-5.664316,-4.9827538,-2.6755035,-1.1253439,-2.472744,-9.129974,-3.847989,2.7784398,5.305545,4.249087,7.4720964,9.129036,2.0561032,-1.71488,-0.18948543,2.152113,1.0630666,0.12588751,-4.137342,-5.5977864,-2.382099,3.568909,4.09046,6.58753,6.9673414,7.216488,5.0543222,1.9627677,4.618222,1.9136564,-1.8432564,-4.9811172,-5.1798334,-8.113411,-1.8257022,-1.2301234,-7.9470153,-6.2715273,-6.000273,-5.1593795,-3.0724573,-1.0364095,-1.368163,-3.401884,-6.9007473,-1.624121,3.2476373,4.5597057,2.9716783,1.6468985,1.2398115,1.9545861,5.5155816,6.08289,5.1341004,6.0951166,2.1385005,-4.0351715,0.81719273,2.7609751,-1.5752251,-3.3228462,-1.6864586,-2.002877,-2.6777525,-3.9314477,-2.88814,-4.1334095,-3.8454309,-0.4019911,2.0185518,0.17405272,3.3423395,5.9849253,9.957138,7.802449,3.7619133,0.36460042,-5.8179097,-7.2888665,-0.57718575,0.5952451,2.42097,6.166411,4.7470427,4.3651037,0.07908571,-6.652706,-8.28454,-0.8064599,-1.4717855,-2.3587627,-4.8789215,-2.4453738,-0.7188133,-3.9108033,-3.7743523,-2.6726768,-2.0032225,-3.3622901,-3.0853662,-8.3717575,-11.234116,-15.577475,-16.717497,-13.467266,-8.662247,-4.153816,-0.9236634,-1.811055,-1.4871168,0.84352946,-5.50815,-10.536854,-8.772131,-4.223144,-10.830654,-9.607696,-4.039147,-0.27438706,1.1706411,-0.60137826,-2.0491571,-2.8823032,2.6317024,-2.2917094,-7.1759787,-12.938485,-11.824711,-1.4881581,3.3144064,-0.31048024,-1.8240021,-1.8263854,-3.3773077,-4.000469,-2.7266092,-1.8611556,-2.1734877,1.9552629,2.611958,-4.1295004,-5.890085,-6.6853848,-4.084685,2.8528008,5.258177,8.678921,5.3521194,2.899098,-3.2421772,-0.9548897,3.0794864,7.9018846,9.33465,8.791216,8.775799,8.3808565,7.8593554,6.3411565,5.353593,2.5205803,4.6298175,8.525936,9.502755,6.542065,4.7581706,-0.6123242,-0.5377416,4.369199,5.682169,2.4786093,2.6888657,4.3148694,1.5102289,-1.0410721,1.0339485,-1.190807,-5.633444,-8.63353,-11.453159,-16.11261,-4.822398,4.2803965,6.9874115,5.606762,6.957135,1.3349441,-2.8975224,0.052732527,1.3357646,-2.54382,-2.5439072,-0.630394,4.044099,4.929145,4.026678,-3.0809574,-6.3665314,-12.520987,-10.593819,-7.7540884,-6.889737,-4.7443223,-1.2675462,-2.9277225,0.19142994,-1.2823681,0.84832627,6.3366117,6.677595,-5.4264536,-2.2653477,-0.24243975,-0.42750192,2.8495116,1.6445174,2.253315,3.212172,-3.4854772,1.404702,11.056517,13.986966,10.807437,6.000641,4.998514,7.680559,7.6576757,4.169937,1.6585011,-2.2079935,-5.37778,-1.8065941,6.5882444,12.524082,9.99252,6.5862503,7.581244,11.187671,12.164995,15.817461,16.012691,10.500017,3.6145535,1.6467713,3.1812553,-3.6022534,-2.9798875,2.473411,7.8761754,7.745714,12.735401,16.341238,13.59922,11.919936,11.313733,7.8323536,5.6136527,-1.647712,-2.112197,0.7812272,-1.4210596,-1.9556719,-6.4571576,-4.883964,-0.106303215,0.9356146,-0.59621996,-5.296236,-5.287526,-6.8654337,-6.4807653,-3.877815,-0.18790025,-1.9018695,0.3216164,1.2556199,0.50922185,0.9953263,5.758905,3.9391866,2.2105985,4.671044,5.983325,3.3759935,9.385019,11.674128,12.705609,8.5622425,7.93467,8.915413,7.5215836,1.3514085,-10.21792,-17.633736,-18.166456,-16.550022,-4.9542475,-0.99996114,-3.8798099,1.4179616,-0.3731686,-1.3970721,-5.533791,-1.1985594,-3.7758203,-7.818371,-9.541542,-10.378652,-16.588665,-15.486103,-12.11248,-17.141861,-21.12292,-16.5635,-16.761683,-18.519533,-19.063053,-18.03669,-17.666033,-16.16041,-15.829263,-18.652802,-16.360233,-14.954697,-9.565143,-3.5944643,-1.5005685,-15.24819,-21.20802,-12.184353,-5.7530947,-2.6739867,-1.4771574,1.8663237,3.8281014,-1.9809277,-3.8642006,-1.7599652,-2.322935,-1.2020974,-7.6146617,-4.3670874,-0.26443243,-1.955279,-4.8764772,-9.756715,-13.665902,-20.387054,-19.706299,-16.87982,-21.616138,-20.72708,-11.982138,-10.674669,-9.310016,-8.473817,-0.7290404,5.744718,8.597939,10.840252,13.215935,8.801134,0.9638954,-2.5926752,-3.0541399,3.6058,5.156042,3.1660285,8.268576,7.260004,6.4337654,5.961371,6.874689,8.189646,3.2790968,3.6201515,1.9240317,-0.77292407,-3.6431298,3.0514464,0.3594323,-2.441481,-1.839409,-0.89159894,1.6713274,2.9074018,3.6881256,5.5368147,6.6906343,5.261203,1.0006207,-3.3821096,-0.47347397,-4.046952,-1.1068127,-1.9506396,-5.8949337,-3.11226,3.8572357,7.1952777,7.875884,8.284687,9.05068,7.9596143,9.698145,10.1482525,11.291164,12.916215,10.566231,-1.6615775,1.6396208,9.0340185,10.892459,15.42968,20.268597,17.156569,14.71216,10.405821,7.712747,6.296749,3.524796,2.0208645,-2.9226801,-0.7945216,0.31865543,-0.9742075,-0.96386826,0.36325997,-0.07457924,2.9298697,1.3779986,6.8144493,10.470253,7.492752,6.818061,-0.3603624,-1.6343915,2.9239132,-4.3233914,-15.345127,-12.25565,-8.598192,-7.6333237,-2.7954323,2.095788,4.5379105,5.818233,5.522173,5.808681,4.3916445,8.176771,5.5463567,-2.0971947,-4.627618,-3.0195158,2.1803677,3.241183,-7.7695065,-12.743435,-3.7630925,-8.503299,-11.04899,-5.79837,-1.1689546,-5.1161585,-1.0676303,5.837865,10.595449,4.5183077,1.2008581,6.484889,4.9927387,1.3292654,-5.95446,-6.949018,-1.6280422,4.1321325,6.325555,2.0702834,3.1232505,1.1606832,-6.0471096,-12.355948,-13.178883,-11.442329,-9.199392,-8.98774,-10.297747,-10.4338665,-9.181031,-10.814403,-11.4008255,-9.789629,-6.0181875,-0.18021724,-2.9916146,-6.011155,-12.520313,-12.274128,-8.51302,-1.1300864,1.2299566,-0.6813632,-0.7347859,0.51100945,-3.7430387,-12.331747,-11.837357,-10.134844,-0.8091326,-1.8386631,-3.8791738,-1.3045983,4.4788566,-1.9287925,-9.688674,-1.4846691,-8.999768,-15.743899,-11.287056,-9.84038,-7.77865,-6.404279,-7.3952537,-9.933324,-10.629812,-6.202712,-4.844453,-1.0416583,-0.44854045,-3.2066624,-1.2317653,3.3858664,-5.620686,-16.430498,-13.604056,-6.4087157,-2.3382914,-0.20538127,-5.374744,-6.9899836,-5.1080036,-3.4954162,-11.3784275,-8.944981,-2.9852746,2.197797,-5.1616163,-7.8275604,-4.2996817,-2.7370734,-3.0426686,-1.9397877,-3.7902436,-4.819411,-7.15211,-8.484815,-8.338152,-6.0050917,-3.7201037,-3.9669604,-9.598321,-8.552526,-5.6187415,-3.5190365,-5.7353745,-3.0695963,-1.8907372,-9.62039,-17.7556,-16.69476,-11.986895,-8.727505,-5.7701025,-2.619255,-1.6309911,0.442165,4.119962,6.4988413,11.707489,11.877211,14.514622,8.696859,3.541163,2.1028912,4.0364966,1.7124711,0.5566586,-0.9589116,-4.4437265,-7.345641,-3.7414758,-3.782868,-16.31402,-24.411913,-10.390696,-10.660972,-8.707525,-4.894126,-6.029502,-3.4192536,-2.2775214,-4.789292,0.4773237,1.7985303,3.019141,6.0819116,6.9893303,2.3558698,3.0204902,8.597704,9.589066,13.768082,7.5774846,9.511246,14.235981,12.940237,16.242832,8.766676,5.1644363,1.5612425,-0.90001917,-0.36882916,2.3117995,-0.5454024,5.1922097,10.687774,8.603591,8.1138115,7.241723,6.618824,2.9174652,2.0372233,9.095299,4.521476,-1.0023116,-1.8528186,0.52415705,-1.554264,-2.808791,-1.8294185,-3.4030795,-1.2294693,1.524533,-0.21860564,1.9578177,7.5670853,4.3919435,4.1214666,6.3615446,8.592342,14.130571,13.250223,8.5700865,7.871014,7.7691193,3.5166304,4.1962276,4.745302,6.7527914,9.145293,13.481906,12.992157,13.766043,11.767073,8.396833,10.261261,5.505617,4.812402,5.6240807,1.9154209,5.795642,12.610121,9.914299,2.8937101,5.149975,7.240563,7.191313,4.919732,7.197659,11.641085,7.3119726,6.992319,9.253438,10.192828,7.8884635,4.8333483,2.90312,2.7616658,1.2685692,2.0128272,-1.6941046,-3.3764472,-1.1168402,1.2295443,3.448585,5.1744123,6.0867167,4.3529587,-2.0737424,-2.2578712,-3.3801486,-6.643299,-6.273922,-3.7364454,-1.636341,-2.7810545,-6.0956926,-11.843666,-10.902023,-4.832711,1.4177704,4.4901,7.7172003,12.030333,10.958317,9.991673,6.127962,5.1158376,1.5318153,-8.131786,-7.4257116,0.086827636,6.7368164,11.755035,13.976595,11.067647,8.924263,11.120174,15.3075695,5.791479,-2.834485,-5.782842,-7.7785015,-10.020039,-14.021021,-8.984593,-3.7282424,0.84878236,5.584175,6.531214,5.5171866,8.7585745,2.6206791,-3.3934674,-5.6116443,-4.392684,-4.151558,2.2952826,6.4660325,9.653471,8.337552,9.090913,10.823061,6.5044184,7.9152784,9.163309,7.338996,-0.27238458,-3.7254448,-2.0352643,3.4261844,-1.4718975,-2.0870981,3.0702224,0.46820587,-2.4191704,3.1611588,8.926326,7.461993,5.5384903,-1.9543808,1.6700834,-1.6928241,1.7177372,3.1837373,-0.56003547,-4.567631,-11.2543745,-3.348628,0.97610176,3.6948106,1.9974616,4.900654,6.991067,-0.47430754,3.559962,2.075997,-2.9736698,-4.3186007,-4.8022423,-7.930644,-10.477734,-7.2441077,-5.2408676,-1.3645386,-1.6680048,0.24133146,-4.851162,-11.23259,-8.796521,-9.438278,-3.5971143,-6.5759497,-8.819273,-6.4600277,-1.9036927,-6.3913717,-0.5097369,2.84861,0.5673082,-3.2020445,-3.9130485,-3.4715452,-0.25061315,0.84368306,0.6391281,-3.810889,-10.278626,-13.985705,-7.279951,-4.9911137,-4.195026,1.3790805,-0.5089277,-1.61186,-3.5085142,-6.613553,-1.603299,-2.8842194,-7.2272415,-12.079784,-12.700945,-8.742046,-4.2192154,-1.010816,6.061725,6.710617,9.103644,12.871128,14.07065,8.891072,1.6889195,7.764104,9.602266,7.778083,10.81555,11.684008,11.047318,2.5788693,6.453618,8.62143,11.403013,14.101783,14.565682,9.076885,6.5198197,9.202989,10.219809,12.701891,9.084728,13.681553,12.112651,7.159271,7.109963,2.249824,5.97971,6.6743813,6.3805037,1.2468164,-0.84011996,2.588301,3.50479,7.5151844,4.4583826,-1.4788917,-3.179429,-5.005595,-3.1622586,-3.388383,-2.3741508,0.06321646,1.8134639,-0.4209677,0.20210767,-0.15092394,1.8241913,4.142831,-0.6515353,1.7563882,6.5824604,5.372162,2.8226378,1.5554805,0.86752117,4.05024,3.1339629,-0.7153892,-5.7398906,-5.8593063,-0.6350139,-0.76047313,-0.40782738,-2.3012652,-4.5211487,-10.994846,-12.498722,-12.26937,-6.600525,-5.5431414,-6.401361,-1.7489483,3.1784804,1.0125144,4.0531526,4.9298625,-4.014761,-3.0298028,-0.52961576,2.5915012,3.485391,2.5358577,-1.5044506,-2.7172675,2.8310523,1.4901047,-3.7604852,-0.19699752,6.7609105,3.0060377,-4.9981833,-5.169324,-5.479632,-3.5208673,-6.4608574,-5.620735,1.4851574,-2.7090397,-1.4926987,3.0440133,1.2819769,-2.7764344,-3.592002,0.67509615,-0.73420656,-0.41255438,-3.6103435,-2.7652395,-0.91868854,-5.859775,-6.1210957,-4.4481564,-8.690915,-5.247383,3.2847784,-1.752319,0.777514,7.7113,9.173208,8.151278,9.051222,7.636961,5.789956,4.367113,8.201225,8.968359,1.691652,-2.0677261,-1.7305264,-1.8123337,-12.344524,-13.388836,-8.791855,-6.0597034,2.2954795,7.1559777,6.5299444,1.2064393,-2.2073984,-3.924346,-3.5498948,-3.6582856,-6.35276,-6.4786253,-3.686371,-0.76445377,-4.4252415,-6.8684726,-3.7617207,-3.5512202,-5.4195375,-4.254902,-6.480503,-10.479782,-12.250242,-14.637665,-18.493256,-15.73509,-6.0573215,-5.098138,-6.653165,-4.957701,-14.063568,-6.510412,-7.2087607,-7.980353,-6.0834265,-9.135778,-10.6074505,-11.7524185,-9.028056,-12.716099,-13.304014,-13.440735,-11.914004,-6.654296,-4.1976566,-3.4073098,-8.97588,-8.969713,-9.663385,-11.447905,-11.770599,-14.776802,-8.982996,-2.2262418,-4.2718277,-3.41396,-2.6944644,-3.4673967,-4.7531743,-4.365488,-3.158173,-1.9337442,-2.5268047,-3.7087197,-6.048805,-2.9330287,-1.4835833,-4.294192,-5.2034206,-5.409944,-5.697254,-4.42771,-1.4940518,-3.206622,-1.3334596,1.17679,2.8191803,-0.88051534,-4.95107,1.2339058,3.0391932,1.7354411,1.0585302,3.184807,-0.23462033,0.25344563,-0.1271267,-3.3063755,-2.0030706,-2.2288053,-0.615082,3.177612,3.27181,-0.47390944,-0.9199258,-1.5679824,1.4840809,3.3860655,0.7297331,-3.9667606,-2.740124,0.7934447,-0.94955516,1.7460381,0.88694954,3.2841794,4.1956825,8.521298,6.743064,2.0855064,-3.6837082,-6.6366053,-8.396619,-10.299545,-9.081705,-1.3612705,5.916232,6.761263,5.3624105,7.1355844,11.910767,14.7876,6.7903094,3.5076933,-0.24349684,-3.4480677,-5.195857,-2.2388484,-1.3727568,-4.3602705,-4.1212416,0.024657667,-0.35851634,-4.359078,-5.709546,-4.5392895,0.63561064,-3.747692,-4.8023577,-5.7639246,-6.172406,-6.058724,-3.845792,-4.476801,3.162243,7.648897,1.1869831,-1.3985069,-3.0098867,-3.813157,-4.79881,-2.2020793,4.877981,9.205498,5.3397236,-2.3988638,-5.622864,-7.760982,-5.1396246,-9.290808,-11.891703,-10.889822,-13.938168,-7.989005,-4.664998,-5.8765726,-6.4840536,-13.765497,-13.712208,-10.714271,-9.763924,-6.194931,-5.704582,-10.302255,-4.5074587,-1.0926905,6.216532,-0.46091092,-6.4380093,1.7186645,2.0603194,0.43697196,-6.444279,-4.6193333,1.9385637,0.1200881,-2.221868,-1.4742777,-2.077129,-2.2653527,-2.721939,-0.30385917,-3.0420246,-6.480541,-7.299771,-8.813953,-5.104899,-12.2443695,-16.452137,-6.885845,-2.8710074,-2.4473262,-2.8400197,6.3553467,8.514439,13.726053,13.047583,8.539451,5.9993815,6.0577674,9.379322,12.939695,9.822493,7.154179,7.8898554,8.530608,4.704321,1.1683902,-2.405354,-3.9630475,-1.7739978,-8.209654,-11.370837,-11.429633,-9.788302,-3.3384356,1.9969715,1.8879575,-1.5126166,-0.30809397,-0.2828846,-5.5262823,-8.864564,-10.335123,-4.9096375,-2.647449,-1.9341797,-8.535599,-5.7087564,1.4858105,3.3368049,-1.5360506,-1.7259184,0.4379958,-2.423336,-6.972624,-5.803256,-4.181048,-2.9266794,-4.050946,-3.9159698,1.0285027,4.3898044,7.9953003,6.429989,7.2246776,5.680936,1.7373757,5.005651,0.7789744,-6.3975863,-5.5388107,0.76876426,3.8095493,6.650983,4.752515,-0.8703146,2.1656396,5.7782125,8.463456,13.406721,1.1954582,-4.950987,-3.7590737,2.742979,7.059346,4.60528,-2.0870523,-2.0205815,-0.124497965,7.574798,6.439249,5.408081,11.536966,17.190056,19.182022,16.485842,12.1310005,10.1659355,3.6940272,1.3492937,4.650335,8.322443,2.9291036,-2.5040052,0.87578356,0.65339106,-1.0503671,0.88072413,5.2572746,8.324686,6.399429,6.3214126,4.827931,8.783697,11.176221,12.817235,10.650894,8.421604,1.9887176,2.9210088,1.9737129,6.5050297,14.52907,8.253606,1.0948217,0.73878586,2.4739108,0.4820642,-2.946072,-7.5657196,-9.98646,-11.230855,-7.772023,-2.670459,3.5399141,2.1109731,0.9260797,-2.27313,-8.969055,-7.6017175,-5.0340548,-0.21403337,0.36969495,-4.4879093,-6.5442142,-7.575667,-10.547562,-8.998934,-4.221579,-3.345852,-7.242045,-5.564758,-5.257022,-9.368824,-7.1091247,-3.0437405,-0.3146162,-0.597997,-2.391983,-1.3030947,0.46418628,-3.9803526,-1.3103753,-4.338537,-1.2391071,-3.4213555,-2.353662,-1.2840784,-2.7179737,0.51903754,5.476191,8.982041,5.9536924,3.4150748,-2.1235688,-0.9364916,1.7447343,3.1628056,6.0924892,4.397385,4.5749803,3.673055,-0.8075833,0.2872948,5.186672,5.987277,7.5535154,1.1342585,-5.0446806,-1.8280551,-0.34549296,2.146816,4.830281,6.453249,-3.056519,-7.656505,-5.081012,-1.08736,-1.5523274,-7.8205976,-8.557968,-5.8211985,1.3892591,-2.4867232,-9.765276,-12.119831,-10.1968155,-11.511779,-4.6462445,-3.7525334,-3.1898184,-2.3796296,-0.77040434,4.1043243,11.3023405,9.238041,8.5016365,13.738831,19.769089,10.200365,3.0353441,-0.8031657,3.046022,-6.544276,-13.942715,-11.474164,-6.702775,-11.807436,-16.120403,-17.494661,-21.13367,-20.151012,-14.674221,-8.562915,-6.6409683,-4.388626,-2.6873307,0.8633514,4.665922,2.1890442,3.260184,5.629511,5.8496027,-4.958315,-15.263693,-12.959275,-9.110443,-7.079215,-7.153813,-7.69918,-6.4295044,-5.256505,-3.4714332,-6.461407,-7.1301346,-9.000408,-10.450879,-11.189381,-5.872905,-4.537359,-0.7014559,-3.2911735,-8.854946,-8.720471,-3.4400392,-1.8057871,-2.6508062,-5.168712,-1.374821,-2.3181643,-0.93893963,-2.4417846,0.19229078,-2.4851828,-6.808139,-2.0645676,1.9339769,-2.2663345,0.16147304,0.90862525,-4.747018,-1.8701037,2.4199328,9.557762,8.379972,9.141805,10.523121,8.691642,9.1478815,12.200586,9.238016,6.0609097,8.208047,10.429603,10.327087,9.395978,5.3499413,10.107283,15.406353,12.51321,10.144264,8.257586,6.2707043,10.232037,12.070211,12.9790745,8.248221,5.504899,4.554536,3.1285665,4.351818,5.080079,5.830901,8.965714,9.125387,10.1679325,8.260801,7.2355165,3.3760617,2.877927,0.83636975,-5.249838,-3.7907362,-2.0606627,-4.1732063,-2.304912,-1.7386447,-4.9293385,-8.443935,-7.794263,-7.323806,-2.689745,-0.7840829,0.28332248,-0.55246943,-0.091657415,-0.037924647,-0.33470467,-6.9866333,-2.108114,-0.94688344,-6.0860233,-4.63952,2.3628783,2.565247,-1.3862606,-3.7198772,-3.7924054,1.984824,5.3608236,1.0919403,3.526296,-1.7885852,-4.9190784,-2.7793055,-0.8621176,2.0427814,2.209325,9.527739,15.221331,12.950439,12.838162,10.238494,7.9642744,5.005061,-1.361508,-3.280322,0.81262577,2.1165278,1.6588217,0.5342902,1.0624324,4.3320527,3.3720784,-0.92111814,-3.7527952,-2.4201977,-10.822392,-9.299778,-3.8417654,-3.5298839,-1.6387247,0.50639534,-0.7133618,1.7941238,3.084869,-2.1445763,1.6057606,1.9927295,4.852003,6.532963,4.9084015,-0.95891523,-9.696066,-11.080658,-1.2239051,-1.1675236,0.30408224,0.99395835,-0.8541898,-1.3231027,2.9510152,3.0542943,1.1813293,5.3943815,-2.574719,-3.7856297,-5.2913413,0.13535032,0.030578613,0.02999866,2.5262594,-2.5584934,-3.6153026,-8.126449,-13.030078,-15.286441,-11.832168,-8.715339,-3.7006376,-6.0864716,-7.574394,-10.131603,-10.459879,-11.624813,-11.91756,-12.621458,-9.844164,-11.192028,-11.889946,-8.352865,-7.6545186,-7.121427,-10.783347,-5.971284,0.42483246,-1.4566984,-1.2359217,-5.975709,-13.9710865,-10.499979,-9.211712,-12.675045,-10.163389,-11.25444,-9.955502,-7.030793,-6.1969357,-8.1742,-7.399701,-4.609825,-8.573795,-13.898542,-11.433509,-13.749245,-13.539341,-18.406513,-0.68435776,7.2421646,9.205636,6.021221,-3.2064557,-6.714195,-6.9650784,-5.8834295,-7.6643744,-6.461952,-3.6218078,2.1502218,1.5854757,4.802594,6.5442777,8.357714,14.526077,13.535497,10.334961,11.736036,18.295864,14.345631,11.172346,10.741579,9.31897,8.036957,10.744511,12.278795,10.430725,11.71796,14.490009,15.246631,15.377146,16.345425,15.721477,17.04775,13.847647,10.580242,12.129059,10.32933,10.508009,9.001219,7.8784294,3.714561,3.8874736,2.3577614,6.738408,-2.6533115,-3.8055694,-0.40969983,-0.123064436,0.98198473,-1.9811369,1.4581008,4.08171,4.3344235,4.517992,2.7795572,4.3812447,1.8775284,-0.8096824,0.8229204,2.3444338,-0.4727335,-4.680802,-5.5465174,-0.59027135,1.9971906,3.761587,4.2182226,3.5998461,-1.7419324,-2.1572587,3.1399894,7.216075,7.1270485,6.1273494,1.8399119,4.216281,2.8285403,2.8025866,-2.508004,-3.1316657,-0.87765837,-5.165121,-14.652407,-7.8327007,-2.0776615,-0.6727347,-3.6935523,-1.0316817,2.7420614,-1.3112144,-5.2453628,-4.7985287,-1.1794721,0.8841379,0.73635584,-2.4308648,0.5409467,4.091678,-5.405181,-3.9737244,1.9245989,2.261265,3.0798109,2.755021,-2.5647655,-14.29892,-14.832006,-8.066153,-1.9018588,3.4868164,7.456881,1.2973446,4.149698,2.4027772,2.6886668,4.576241,6.9617825,2.959148,-8.881814,-7.724092,-15.514191,-12.102274,-8.103967,-4.757921,-3.4590073,-0.8961554,5.730276,5.569787,4.451765,2.2755637,5.5714684,9.572306,13.26292,13.260578,10.806156,9.866399,9.011545,7.1178384,-1.7310191,-10.27643,-17.568127,-20.965841,-19.098358,-13.227322,-4.7226734,7.1603208,-0.3438192,-6.4438677,1.140182,5.4470716,1.586513,1.7011082,2.1277485,-0.13799012,-0.57992566,-1.8662059,-3.4083443,-2.6614077,-9.181557,-11.170979,-7.770728,-7.9069157,-6.0826864,-4.829739,-4.5578294,-6.349334,-12.1476,-16.048758,-10.54871,-15.713324,-13.151167,-10.929155,-10.820457,-13.044964,-17.649559,-15.715994,-13.417107,-15.427689,-18.63607,-14.271891,-8.270308,-8.109649,-9.329166,-9.651073,-8.138161,-8.830467,-11.460733,-9.730196,-9.030161,-10.768781,-11.402315,-10.377699,-9.280415,-4.1953454,-7.065407,-7.495043,-4.067125,-2.174365,-1.1197593,-5.0548835,-3.6926923,-8.182642,-7.2040944,-3.559034,-1.8399242,-6.8396525,-7.175387,-4.37627,-9.561672,-10.338993,-9.583411,-13.725171,-8.549377,-4.5566397,-1.4662383,-4.045887,-8.363958,-10.49193,-6.546673,-4.176108,0.4551147,0.8458645,-0.70225567,-5.7634544,-8.509022,-10.103658,-8.939901,-5.8412066,-7.816573,-12.038424,-6.6368465,-7.9320726,-6.9244623,-3.009242,1.8596146,3.0382652,-1.1199148,-4.3123255,-6.7826443,-4.9976387,-2.9591522,-8.307749,-16.912613,-17.368683,-13.154133,-7.0638223,-5.969561,-3.771274,-2.9698849,-2.0336683,-2.9173074,-2.5838163,-0.6234325,-0.3392918,-0.48290157,-3.46602,-1.7827107,-0.8892808,-1.8202436,-5.0822735,-4.9760756,-1.199235,3.429099,4.617395,-1.6716319,-6.2578974,-13.781824,-12.397745,-5.476083,-4.628974,-8.246454,-5.9602413,-7.7665815,-9.540676,-10.5234785,-9.4631815,-11.383563,-8.859169,-7.849487,-10.086585,-8.464217,-4.1344595,-6.535453,-5.016781,-4.6176357,-4.562525,-1.5131898,-1.3335004,1.0972122,2.1287756,1.6765893,-7.4973135,-10.298828,-9.7448015,-8.787622,1.2542645,0.59842825,-4.3267527,1.9651983,-0.8420028,-4.561195,-7.284894,-7.100528,-5.7951784,-6.3316956,-3.8923965,-2.195674,-3.414981,-3.4307814,1.6311884,1.9324389,0.72459304,-8.406418,-12.106884,-15.807805,-6.335108,-6.817964,-4.908856,-8.99645,-7.518106,-8.479855,-13.08604,-9.671057,-9.574255,-10.637657,-2.5547967,-3.9405458,-4.3655705,-0.31934184,4.303873,3.9039826,-0.49089563,-2.1616478,-5.8784184,-1.2472025,3.296814,-3.4203207,-3.416655,-5.3151255,-6.8203516,-1.3922749,3.6666389,4.679441,7.019512,10.233177,7.4037004,4.54638,2.0328388,-5.1642914,-10.114622,-5.1989317,0.08548468,-2.6638496,-3.3877192,-3.8276286,2.984861,5.060339,0.35592198,1.0306864,3.6281939,5.155025,4.788012,-0.9421659,-3.3421903,-3.2388244,-3.7337143,-0.52466476,11.459234,19.027866,21.05246,24.97255,18.930647,9.342812,9.332121,7.9293365,5.0619497,-3.0078883,-1.5474029,11.24674,20.322891,20.171656,23.708916,30.270508,36.794113,31.768656,27.799164,23.196037,17.337152,5.8862586,1.2501246,-2.6106198,2.0098975,3.5366507,5.8697233,5.97058,1.7234206,-0.8830378,2.1622713,4.84334,5.909219,13.959843,17.767595,18.888266,16.306858,11.981576,18.48079,13.3854,6.1861143,8.469747,9.397936,8.911035,6.671492,6.246839,6.9794455,2.5642862,0.056768477,0.26824415,5.7927203,4.4625587,11.562794,12.87631,8.893524,6.9792137,12.89102,16.216862,11.951726,4.3859816,8.143519,15.914869,17.69485,18.204193,20.960163,26.448196,27.529772,24.392382,23.38911,23.790764,22.045635,12.7643795,7.615611,9.258697,10.138115,15.644608,13.54381,11.653701,5.5518894,5.417338,6.436947,1.315323,6.517132,14.048456,12.922838,13.862677,15.424179,15.436614,15.308794,17.088257,14.730249,5.6078873,4.575574,1.5191469,-0.31947184,-1.2679977,-3.1557899,-1.3336747,3.0623672,2.318854,7.4387307,10.155556,9.756527,12.371994,12.203726,10.32473,10.300623,9.560816,6.4607315,9.047991,13.812341,12.255806,9.83297,7.424279,2.6001449,5.7881374,8.53201,9.098808,7.8590384,7.0356636,16.001904,24.330254,29.992655,28.130829,27.560339,19.331219,18.69064,25.514778,29.378078,28.677176,23.380936,21.810844,19.641459,20.37068,23.184029,26.270641,21.793543,14.232767,13.88798,18.572247,24.305195,28.84769,28.831646,21.054867,16.680897,12.61591,16.790838,20.2849,18.971888,22.26371,20.961334,26.566929,28.458336,27.902855,28.604458,30.266926,33.304398,26.212156,24.670746,31.278072,33.898262,37.65341,40.37996,37.906956,32.049664,22.592686,15.425568,4.39361,-2.7456074,-3.9093843,-1.9634047,-4.5926514,-3.3250918,1.6132815,6.2127395,9.242615,5.5076265,7.551092,6.8832145,9.318063,13.784414,13.506657,3.8826656,0.12814265,-3.9293025,-2.5461783,-5.348769,-3.554601,-1.819004,-0.972698,2.4988923,1.309633,-1.3415871,-0.91853255,1.7832253,5.942339,7.1100464,6.811824,5.733415,3.625324,1.8435843,-1.0174675,-4.6401615,-8.192127,-7.9393682,-11.0830345,-11.902828,0.003813088,-0.75165844,-0.84995073,8.979767,12.610557,16.5415,18.922588,19.371143,19.47871,26.706713,25.759064,14.79814,9.287966,7.9109964,5.4728575,0.47438157,-4.1974106,-5.522438,-13.239768,-11.486349,-8.032471,-10.365957,-1.4729797,7.390087,10.966531,11.996577,16.06998,12.988707,9.772919,8.363899,0.9194909,-4.593915,-1.3978572,-5.1314507,-5.8787723,-0.56982124,5.206447,0.44866073,0.74227047,-0.45391446,2.2422023,6.232275,6.8497076,4.34154,2.4375458,-0.29763436,-1.1492577,3.7486005,10.544574,15.89213,18.079082,19.063465,19.947987,21.712627,16.033306,13.135643,10.549202,14.630014,18.153244,4.608982,-3.717953,-5.147016,-3.2008667,-1.7764679,-2.4280217,-2.6979754,-8.346656,-7.5282145,-2.7046385,4.3064485,10.374577,10.8995285,7.4758883,3.1788673,5.6918373,8.724134,8.356492,5.928091,1.619664,-5.2598677,-6.6039963,-5.389516,-1.2203779,-2.3000927,-4.661083,-1.0853149,-1.8198221,-0.22754371,-0.3311937,-5.2989397,-8.911686,-8.361093,-2.8658292,-0.73047996,-0.9023198,4.5753474,6.981943,7.496813,4.9721255,4.7710814,8.77343,10.897194,6.9294043,5.082972,4.364935,2.8702354,0.8341222,3.284744,5.929989,3.5958965,3.9993393,7.679081,2.8722754,-0.5432019,-1.6085079,-5.0091524,-4.5069466,-2.2672408,-3.8329387,-2.3575122,-0.80250293,2.303065,3.3667164,3.0850997,3.0331361,0.52111053,-0.61978686,3.103034,7.3624153,8.019913,7.842291,0.27598688,0.002099216,5.0388155,9.426883,5.931449,-1.5764583,1.3729442,0.48691243,-1.3565031,-8.398363,-4.561266,-0.33826023,-0.5737697,-3.9416516,-2.8165302,1.7744663,-2.2478662,0.8213708,-1.3035405,-4.4708753,-0.72017956,-0.21339107,-4.995702,-0.28492737,5.1469393,2.9707966,5.573756,10.19668,7.6681013,8.6025505,12.983022,12.940847,9.983536,8.474882,6.329306,6.1912355,7.2267075,9.090254,6.3122807,1.2448123,1.5649513,3.743906,3.4171216,-0.028503537,1.8170637,5.159435,0.2896638,1.8765702,1.853646,4.32262,1.6133456,4.587878,6.609276,3.0703578,-2.7707748,-0.19881189,6.6371827,7.1284666,5.3077784,0.33735836,-0.6316414,5.5397987,9.149259,10.100744,9.90753,11.9583645,11.670104,11.212311,15.842379,18.717125,20.651894,19.678623,15.50069,11.475534,4.915572,-1.7731421,-6.7898064,-1.1233754,6.6157517,6.1513367,-0.7451229,0.23014015,-2.283217,-1.1448872,0.54206204,1.4689456,2.0609937,7.8521023,11.29163,11.119464,8.335804,5.618603,3.4504147,-2.2357984,-4.650585,-0.65792084,0.16001016,1.3779147,-2.3551948,-1.8948224,1.5501705,-4.356596,-1.293324,1.772789,2.573291,3.8248177,0.06025377,-1.6043098,-0.58104014,0.059916556,-2.3531203,-0.80161,2.3418272,1.6081926,3.034306,4.9032745,11.226538,17.696316,20.197025,17.18214,17.962566,15.6737995,13.643475,3.088221,-10.296921,-11.742537,-4.4722967,2.8298237,6.910906,1.1882153,3.6731763,4.411879,-0.7173456,-1.8185468,6.2230797,5.284237,9.708441,11.962511,7.7579603,4.448709,7.644201,13.923779,9.349272,1.003792,-2.980225,-2.1783905,1.1990154,-5.6217976,-3.1673508,4.5471,1.4664581,2.9871058,8.44287,3.613953,0.36801156,2.3247366,4.203941,10.277401,14.381441,14.659696,14.558308,9.596996,8.551848,11.7220125,16.89994,18.649109,19.724586,16.358318,6.396224,2.49341,3.851595,5.534343,15.010026,25.75254,32.384914,30.722687,27.092241,24.459007,22.386227,25.844074,22.170841,22.884867,21.974216,25.005901,25.320976,19.67868,21.205673,22.386982,19.811386,21.851685,23.111473,23.092756,20.792578,16.656826,18.780037,17.284811,19.39476,20.765017,24.215843,26.213097,21.887814,20.290688,25.521297,22.585476,22.787815,25.037462,23.922962,25.814705,28.46938,30.790033,30.859253,27.647947,30.249954,27.611267,30.12437,29.374964,21.851234,19.52617,11.979219,7.0200367,7.53066,9.682493,7.9524703,7.348098,9.50022,10.996407,20.29192,19.969547,18.05502,14.915532,9.980862,5.5438538,4.8942103,6.9120097,11.88499,10.337864,4.190157,5.463642,5.753406,5.8098574,5.5153265,2.906989,4.0876346,-1.9559927,-2.4586828,-1.4144166,-0.9811894,0.30255175,-2.5364103,-4.6377006,1.3529923,4.3979096,5.726596,4.421814,5.860183,8.033756,8.070215,6.763527,10.325437,15.436861,18.243309,28.518314,33.6621,31.893045,26.683578,23.871225,30.088688,25.07772,16.15195,7.87428,6.158749,1.8797953,0.3525145,5.56496,9.87506,11.429823,13.34825,6.92994,2.8771725,-0.16017008,1.9826031,4.0841427,8.279585,5.9348607,6.8645077,11.080318,9.743673,9.35636,5.378606,2.194402,-0.9764334,-3.87458,-1.5098864,0.47559726,-0.7499958,-0.41090393,-3.443489,-0.3431366,3.415184,8.386876,10.932437,9.255432,7.0587397,6.670821,15.718707,34.990273,34.18252,18.750729,7.775157,2.943766,1.9947354,4.3347206,1.8432084,-0.58936214,-3.8073387,-0.33097804,-4.247936,-2.5752966,6.838049,19.746746,24.998194,21.89642,27.136469,31.544888,27.278564,28.446726,27.057161,27.617214,26.348385,22.19355,22.731842,24.379774,20.386358,18.935925,22.300426,23.52479,21.582119,22.137856,26.56746,29.334515,14.153982,8.407707,3.4283996,6.8506093,10.6797085,12.105312,12.068459,19.415798,27.078323,30.771387,27.37138,23.816854,20.668312,18.735718,16.351337,18.00441,15.726065,11.101277,12.942374,19.048641,19.926773,22.423532,16.995964,17.869587,13.587579,11.272679,8.778354,3.9966502,9.423782,14.652567,14.751156,12.5187645,6.854633,6.6518955,9.693863,14.573545,13.11529,6.143194,7.7254796,8.269323,7.287795,4.78179,0.5870922,1.4719628,5.7496824,8.530852,10.463564,2.942945,-6.0084667,-2.6408458,1.9704491,3.4873743,6.435334,9.716696,12.342909,9.588833,7.5319147,5.852846,4.9408064,5.2787175,4.8452153,5.7711525,4.7081804,6.180931,5.9935417,-0.9541945,0.7231988,1.6106591,2.1632562,1.5921229,1.9530954,6.7122746,7.6963577,2.0332623,-1.8699571,-7.168198,-11.706594,-7.413498,-4.983408,-7.4998026,-2.9041066,-8.395187,-8.218683,-4.643432,-9.981937,-14.09231,-14.928579,-12.45759,-8.926131,-6.3343186,-6.73534,-13.053295,-16.705906,-13.124603,-17.395805,-19.881899,-11.892494,-6.1002235,-6.160327,-0.6696297,-2.2538881,-3.7118902,-5.244775,-9.800568,-13.017232,-11.478374,-8.233388,-7.546627,-10.127345,-14.893585,-14.337889,0.59633064,3.4588585,3.0396934,0.6367257,3.979207,12.966848,14.719345,5.923662,-0.10341585,-4.709491,-3.4873867,4.0422516,6.2855034,5.9076157,4.3055873,0.99969864,-1.6179025,2.481648,5.495488,4.7023406,-1.8401238,-5.1971326,-0.52205014,-5.8908596,-7.6596184,-8.085638,-10.398268,-11.086705,-11.019843,-5.001097,5.7722054,11.054258,10.856382,5.295,4.8999643,-0.38750076,-8.964689,-4.9286003,2.3203945,4.0180106,-4.1698217,-13.455641,-13.336725,-6.924237,-1.4624666,2.7489562,6.8266535,5.832684,7.6712146,4.0151215,1.3736972,2.7160094,5.591696,15.672123,16.149492,9.072917,5.7222767,5.8048534,4.2458496,6.965112,6.7218533,4.0288115,-3.5041099,-5.2201686,-4.0034995,-7.0463877,-12.602913,-9.001915,-6.947175,-8.839991,-6.054458,-5.953753,0.15299016,3.0009365,1.4041986,-3.6861532,-3.990412,-6.3919077,-2.0521345,-1.5600947,-6.3580985,-5.329033,-5.5479994,-9.433317,-8.316672,-2.603345,-2.9206138,5.8156734,15.709972,23.483116,28.954945,29.02573,23.309505,24.789001,25.40347,21.990475,9.819017,2.7154667,6.3416367,9.36627,13.073815,11.877557,4.5820274,9.65773,25.017128,32.19149,27.049591,18.623495,16.343597,13.454552,13.925056,15.531033,19.061155,20.824768,20.34839,13.111091,14.562107,23.478258,27.01586,23.445599,16.884552,15.895592,18.202206,18.403023,17.41941,16.992252,19.500797,18.68861,22.986423,21.113295,16.653973,16.66179,11.061449,4.5496383,10.995729,18.112036,25.34338,31.444195,26.42184,25.265747,27.59687,24.920668,23.300837,21.601,20.71135,12.302233,10.182249,0.15272886,-9.239901,-8.359734,-4.288019,-1.6037093,-1.704442,1.9071763,5.223037,10.265566,3.3105931,-1.8774891,-1.3016984,-1.0751157,-3.250212,-4.8449574,-5.761443,1.746587,-1.9384559,-4.59223,-0.92623687,-1.7069566,-2.9947977,-4.338903,0.14061403,-1.9348805,5.2815175,6.135897,0.8419356,-0.6809004,-3.2317195,-1.581231,-4.170802,-6.746628,-3.3970144,-4.7403193,-1.5349014,0.15198007,-2.6543498,-1.5204568,-0.15869415,-0.7111435,-7.198144,-3.4636812,-7.4469876,-15.135065,-9.492697,-2.3480926,-7.6162086,-12.545224,-13.496061,-2.3611832,7.6748285,9.353724,6.1820927,2.7823896,2.0566683,2.019285,8.000769,4.6084237,-2.6793032,-5.0612516,-2.090813,-3.37628,-4.3153424,2.149263,3.9415808,3.368753,-1.1057888,4.584377,5.19709,-0.11192232,0.31250387,-6.2483487,-11.387673,-2.345031,4.500184,7.238931,9.500483,2.0501509,0.43142378,-4.5306787,-7.3835716,-0.6231235,-4.037934,-7.0950117,-1.8912671,-1.4301754,-3.5340805,2.1721015,6.6607323,10.880161,1.8344914,-2.319634,-1.3880649,-3.4497151,-5.61481,-3.4424314,-0.63432014,-3.5616937,3.326507,13.602522,15.063611,19.357687,15.093356,4.96056,8.243486,1.6411074,-2.7266533,-8.049679,-6.4384117,0.29765487,0.020319343,0.5817213,6.04521,9.712814,3.8985462,1.9715767,4.1374645,8.609571,11.328028,9.8065815,2.4171996,2.3455532,6.105615,3.315169,3.887074,3.5298035,5.8223085,3.7699828,1.6443032,3.6674113,-1.108171,4.2306356,-0.8758092,-2.6141205,3.973874,4.6123075,9.19492,9.133717,6.314225,3.08399,7.8487535,8.343878,1.8537298,-6.3681226,3.5325737,14.107218,16.097162,20.356853,25.630646,29.687777,31.2242,17.79824,13.867937,6.69475,3.2098536,6.6070023,10.535093,10.766693,16.817606,15.105796,12.513918,9.2567835,4.1706533,4.961891,9.188124,15.790292,12.312125,14.649076,11.107044,10.270136,3.3607492,2.0411658,1.337708,5.857202,2.4356952,2.479449,9.234169,11.462622,16.496647,12.974157,8.891117,-0.97738063,-6.186959,-1.4488926,1.4245099,7.9821835,6.2819223,2.863193,0.6140358,-0.17541586,1.578454,5.149105,9.400709,9.685035,11.600388,7.089859,6.9608264,11.222406,6.724493,7.701899,5.4459105,1.9671675,4.0512857,7.579567,2.3754835,-5.449615,-6.3351073,5.358668,8.506395,-0.89698946,-14.723624,-12.179798,-2.8814821,-2.9508722,-1.789146,-3.1358237,-2.1962821,-2.3046129,-6.4367075,-3.5001907,-1.0094442,-0.24023795,2.460571,0.11653459,4.3814974,8.411494,6.9911585,-4.9077682,-11.889435,-12.851622,-12.2602,-11.839987,-9.682062,-2.3854713,-3.6479344,-4.5517282,0.1868422,6.029878,2.482555,-8.740297,-9.315355,-5.672199,-1.4728658,-1.2929292,0.24462655,1.1076988,-1.4127406,-0.72506475,-2.2624092,-4.292209,-7.7209415,-6.185464,-2.2804492,-2.764875,-6.5179214,-2.2678819,-3.5140128,-2.8691545,-6.51612,-2.8343332,-2.2883546,-6.452935,-4.4742274,-8.553541,-10.884592,-9.984508,-16.526213,-3.6167555,7.402951,7.6130524,3.152258,-0.29901445,8.100225,11.007662,3.7252955,-0.46488523,-9.576225,-12.780794,-3.6640449,-1.0721643,3.321619,-0.44496337,1.9182347,-0.77845,-0.8639525,2.8740232,7.0044136,8.7332115,9.4233265,11.207593,12.972637,8.131842,-1.2528166,-1.1296916,-8.496317,-8.336177,-9.587162,-6.8599296,-2.6162672,-7.5704412,-8.610941,-3.160529,-1.1174524,3.027368,3.5178528,0.13317695,3.0580468,1.2159038,-2.1460333,0.08615255,-1.5018663,-6.3152323,-8.733573,-5.342247,0.28300026,-0.41494828,-2.0552642,0.6811876,1.1770288,-2.0456302,-3.7887862,-4.9334617,-7.844331,0.39882672,-2.7435212,-5.222238,3.7600925,7.8120728,11.755864,16.054306,18.421684,17.68912,26.899124,27.924477,24.919167,19.705921,22.971664,24.471579,17.646984,21.030159,16.060085,11.676555,12.280671,18.226799,17.459724,17.577053,22.187222,20.131426,20.819595,23.803698,23.486246,28.678802,26.62364,25.126902,25.628553,17.76427,17.814476,20.9876,21.30299,19.445099,21.97773,23.01123,18.78661,18.402561,22.31707,24.032179,19.496986,18.841965,18.478329,18.51972,19.621914,19.951542,17.48478,21.829212,19.444328,19.4486,22.734045,19.584019,20.387611,25.641497,26.03978,16.937826,8.9232025,8.396511,6.9465256,8.061202,2.375852,2.1721191,-1.8257178,-6.3578315,-1.5783294,0.30496168,-5.0720773,-5.5135355,2.6275773,1.8010628,-1.8978279,-9.194196,-5.9266777,-14.381609,-21.663748,-15.762096,-11.270908,-7.6210785,-13.162701,-9.059904,-2.3948436,-1.0152681,1.9555149,3.7095964,-0.46303487,-8.397251,-0.6734061,0.18089867,2.035668,-0.89234555,-7.626116,-9.493124,-7.1373167,-0.37012905,4.065439,6.443077,3.8211508,10.837437,11.07757,3.376818,-3.3739505,-4.829072,-7.699074,-10.130028,-11.197094,-12.169478,-15.862878,-15.83634,-14.999755,-8.490517,-9.498173,-7.582734,-2.2246916,4.0088253,10.790306,14.254205,15.113158,18.79332,13.483965,8.804459,2.000718,1.0301573,1.9856398,-6.62965,-9.074096,-7.2891665,-6.4897223,-0.29705125,3.1128163,-0.7022457,-3.4357088,-6.881494,-8.102936,-2.6693711,0.9803947,4.2375727,7.3561296,2.5624118,-4.005083,-8.742104,-8.885651,-5.9531198,-2.032735,-3.83282,-7.123109,-12.737287,-9.433994,-0.6788299,2.8625345,-6.4242983,-13.174189,-9.819271,-10.735204,-17.542519,-17.105635,-8.60767,-0.7848392,1.1813519,1.0915974,2.539908,10.204574,16.763472,18.058235,18.739845,13.656818,8.521716,11.077548,12.515808,11.780516,13.646887,8.856747,5.511246,2.3507624,-0.9919361,0.6847178,1.1606885,6.0208044,3.1343064,-4.3337135,-3.4634645,4.319562,6.6108694,11.100541,10.95019,12.229761,18.69941,18.401302,10.910089,5.4798503,7.062646,2.894943,-1.6929574,6.0749807,6.2341757,4.9820127,2.8582797,1.6098202,-2.1484385,0.8575221,4.0281353,3.0054715,5.3656306,2.9045515,-3.0532665,4.034463,3.72512,-2.3155046,-0.21018316,-1.2691786,-3.173718,4.188646,3.1208792,2.5661674,1.2477086,1.0252831,0.66672534,0.6055114,0.48874462,2.3869917,2.08759,2.0640247,0.07663417,-1.9566838,-5.2457867,-0.25444385,0.37432444,5.061037,4.4894614,5.6659575,4.9414186,4.9434295,7.683832,4.294078,5.2223377,6.0132694,2.5504744,-0.27865222,0.59164584,-0.15790164,11.09713,12.238896,9.744485,3.712072,-0.56028724,3.0273213,1.4683228,4.6450934,9.447668,2.1388576,-3.2138731,-5.8500977,-5.822519,-6.474929,-2.9708276,-2.8565617,-2.4834018,-6.8147564,-7.547943,-8.609149,-8.181397,-5.32235,-6.4904537,-7.347946,-12.655499,-1.7033051,5.696048,12.169307,11.809745,5.0444307,3.708723,6.7119102,6.7839627,6.4710374,5.8074117,0.8701216,3.9636078,9.600803,4.786016,14.873854,15.386589,19.17263,12.503517,10.990034,9.910946,3.847538,2.0704482,0.15397584,0.7357882,-4.157089,-0.74634,-0.25149804,-2.82055,-3.679702,1.0487162,-0.49425668,-1.1004933,-3.830948,-5.8219604,-7.3416095,-7.7442865,-5.49677,-9.26298,1.3864318,5.121481,5.8688297,14.966929,11.822704,11.189436,8.265509,1.6788702,5.834427,5.1482706,2.6945505,4.414421,3.415162,5.111731,7.7580705,3.3744812,1.1264168,3.3568847,3.663981,7.3993306,6.2942066,6.0201807,2.3638685,-3.6177375,-3.2131834,-2.9247928,1.2621622,6.2541122,11.099541,8.617343,8.256994,6.85453,4.8274536,5.7735457,5.36762,5.8400583,5.087085,-2.6943479,1.1939025,2.755321,5.0218515,0.09957642,-1.5980515,2.2212977,-2.9842055,-4.71427,-0.98264426,1.4014814,1.1237438,-2.3244681,3.7585084,11.611738,8.097639,6.4520264,5.6329274,4.4218082,4.0785246,2.6476555,0.42861676,-3.0019248,-0.2591077,-0.49539766,0.3803119,1.8980633,1.7724152,-4.7440844,-4.9759045,-2.4366417,-3.6171327,2.1438394,3.7475414,4.8546753,10.942171,14.776022,11.494997,9.720505,10.21759,9.356201,6.8928623,0.13571781,-0.8600935,5.461874,11.831376,6.9735336,-5.3670697,-6.3624268,-2.4564023,-5.1679773,-2.8252165,-2.9544444,-4.622257,2.107093,3.3395133,-2.0455062,-2.7194657,-2.2584217,-4.904519,6.038348,4.5122147,-9.879766,-7.277792,11.894583,17.338385,12.933968,10.025955,11.3426,8.009857,3.4145715,2.5223806,7.8303976,7.0039983,3.4289513,-0.6929858,-0.56449246,0.7638348,-0.6356467,4.1462097,5.5278234,5.9674745,1.5969616,-1.141146,1.8622861,1.1820557,-3.8671951,1.8444355,6.918193,8.640107,7.48041,9.353016,9.015019,4.4679003,3.5023646,4.6379604,9.328978,9.621364,6.379278,5.591157,5.182078,6.027259,3.0465791,6.731877,7.2348175,2.1227312,4.2034807,1.8928707,-0.9611752,-3.9293492,-7.734528,3.9155476,7.2961726,0.813345,1.3289452,6.7427907,5.7148848,2.5501904,0.8144609,1.3578098,5.299792,-1.6888851,-1.5934091,-3.4431598,-3.8881416,0.9769192,0.42996597,2.996976,2.1536403,0.884796,0.52263325,-2.370052,1.0233895,14.565312,17.704325,16.07073,11.428816,4.760518,5.9852495,9.721884,10.56036,9.85088,10.629429,6.561915,5.013762,0.35859036,-2.7803168,-3.1042967,-2.1302154,-1.6872926,0.27424467,-2.5257087,-6.1094565,-10.548038,-8.654059,-5.780112,-4.0391874,-9.841621,-1.5631858,5.840332,6.135659,10.438932,9.41345,4.8832355,7.685524,8.539052,5.7076955,7.12038,6.3861885,4.9057007,-0.018574402,-4.7543554,-6.2890425,-5.373034,-8.904535,-6.2653475,0.6275735,2.8246164,2.6543825,3.5781012,-9.575161,-8.324025,1.1244361,10.255919,14.304182,12.893867,6.904525,0.5598289,-5.2422113,-2.948791,-0.22673273,-2.3497179,0.54851675,1.6538551,2.5748134,2.76283,4.220642,7.419023,4.679016,-0.0637441,0.24315754,-0.601421,-2.06806,-0.043439567,-5.8662143,-5.298175,-4.043744,-9.818857,-7.276225,-3.3088274,-2.0289638,-0.51079345,-2.1040215,-3.5472977,-1.526001,-2.4110723,1.137248,16.022198,22.578903,12.765408,2.0634139,-0.5154659,2.7744298,8.938904,4.8293266,7.155921,7.85877,13.700109,13.893233,15.179638,15.125959,15.883555,10.55381,5.5150223,5.356359,2.93335,2.5854695,6.4255705,5.3543243,-0.57704735,-2.8667045,0.24880075,14.318506,14.401442,9.073851,8.756044,14.047821,12.258055,8.904413,5.4441133,-0.66323805,-1.2444571,-2.1604834,-2.245595,-2.2317266,-3.7350218,-3.6252167,-4.24409,-1.4267746,-2.1372714,-0.37291622,0.09578252,-0.67231154,1.3426335,0.5231501,-0.931308,-3.2384858,-6.8251333,2.6374404,9.241145,7.410995,9.094852,7.71364,6.2625065,11.206997,15.528552,14.123222,11.7277,10.396366,8.848682,3.4349086,-1.0492667,-6.059824,-9.1748295,-9.563503,-5.7715797,-4.839878,-6.35781,-1.224181,-2.4895673,-3.7588463,-0.9415882,1.5629545,2.3555837,2.0251367,2.4166362,2.0007343,4.0649457,4.712543,3.1328201,5.4457684,-0.8968759,-0.5846211,-2.531813,-1.9160748,-1.914431,-5.6679897,-6.141641,-1.0327234,-0.5871809,2.2331066,4.395574,4.6365423,2.5475001,5.788732,9.01333,5.164877,5.937486,-1.758907,-6.348141,-0.20162141,5.64705,-5.1312847,-3.0550206,1.3396196,-4.2502594,-8.610353,-6.45882,-3.7150517,-4.5891995,3.6921291,6.2410326,1.9329927,3.9746394,2.1033626,2.394721,4.425157,4.269921,7.994796,8.592819,9.418633,9.361786,3.713274,10.070191,5.040696,0.11953694,-4.6179013,-7.6406655,-3.589601,-4.0526953,-6.668601,-11.7161045,-12.142093,-9.41674,-9.41099,-4.8557577,-1.32054,3.6413698,5.0669837,16.504196,21.014046,17.727161,13.20005,11.001186,14.665325,10.682999,7.6398425,1.6045663,3.8315544,5.0488353,5.1018624,5.195211,3.6607213,4.6175814,4.6935415,6.7066536,5.0692086,4.397419,7.966897,13.7675295,19.301239,23.864307,21.37906,20.303156,25.09166,22.832363,19.743252,20.168915,22.866337,24.19598,27.237347,24.894262,28.827696,28.68621,25.653248,18.727757,18.197052,20.803638,22.139366,15.685847,10.642285,10.591832,8.178427,5.302764,11.260517,11.502987,8.894473,6.3164706,4.6736727,2.878617,0.17920649,0.9319196,1.3372147,1.0496083,0.18717404,0.5752804,-4.4198675,-10.962475,-14.865993,-12.091856,-6.786762,-5.5683584,-6.492731,-10.674608,-14.462593,-20.229584,-17.185072,-12.553698,-11.075671,-5.9844904,-5.2354727,-8.551958,2.1681213,-0.331388,-3.493122,-8.630163,-16.43824,-14.935535,-9.556226,-6.518367,-10.160559,-13.717351,-17.455725,-14.255391,-8.799873,-8.722628,-13.294132,-13.106629,-13.046296,-18.308418,-11.367503,-14.423157,-18.85094,-15.7381935,-15.9128475,-23.721018,-21.759418,-14.449148,-8.505493,-10.134968,-16.433054,-15.774111,-7.787368,-4.2374687,-8.21982,-11.244411,-9.079496,-12.355971,-3.3557231,-0.5512343,-0.6215167,-8.274441,-15.983311,-14.849172,-11.515644,-12.537638,-10.01411,-11.714543,-7.9324594,-6.6221943,-9.835415,-8.58404,-15.247921,-15.679882,-11.758747,-6.6854553,-8.505415,-9.839919,-9.342957,-6.7619133,-5.4400525,1.5241736,0.14783168,-1.1819692,0.64509517,1.9465158,-2.207364,4.645669,12.101683,10.408822,8.8598995,11.141031,7.6305947,1.1369817,5.570085,5.7597814,8.220997,6.495633,7.238612,5.193621,9.198946,15.6656,12.351006,6.7058277,5.535074,-6.1108007,-7.7489996,-4.767023,-2.955645,-5.031928,-3.4936666,-3.5194237,-8.488727,-6.9571886,-2.0326066,2.2558265,-4.208234,-7.3742805,-5.904501,-1.0009686,-2.1861715,-8.005989,-10.884561,-8.251985,-4.177268,-4.1836615,-3.881785,-7.0857334,-8.743778,-9.490767,-10.404213,-9.1457205,-11.107966,-5.3081837,-0.37347412,-0.6862048,1.2560587,3.6973314,-1.5526007,-9.2521305,-11.622311,-9.912994,-11.2783985,-9.454548,-10.346339,-7.10872,-5.5603456,0.37240815,1.0359322,0.46229374,-9.407975,-11.396477,-10.228368,-8.556658,-8.906019,-9.017626,-6.800291,1.2273989,-0.63975805,-10.287678,-17.648037,-17.528498,-17.054142,-20.537983,-17.876068,-15.447918,-16.580605,-13.236849,-9.425909,-11.288452,-10.822044,-8.437601,-1.1950533,6.126238,7.8051634,8.24265,7.269562,7.844591,11.738899,10.387594,7.174841,7.614109,6.9329233,-4.648769,-2.5674508,5.7201343,6.415307,5.852915,4.4580336,3.1584694,-0.7162142,-2.4698734,-0.7473936,-1.00049,-1.9386268,-0.48009288,-2.0201237,-5.239429,-1.7131059,2.8551774,4.797919,-0.9348327,-2.0834303,-1.4430532,6.306078,3.3957715,1.258446,2.1235485,3.270207,-3.392184,-7.278159,-7.5557156,-12.528751,-15.496607,-16.727077,-4.2661867,-0.18012995,0.2357378,6.4595146,10.032684,5.9699225,6.259902,14.694517,13.407606,11.579485,11.589479,9.976086,8.67925,8.440168,10.202427,12.499105,8.792202,10.293995,10.365516,6.528487,2.3408327,6.789637,5.6034327,6.124048,10.326529,8.895729,1.7164229,-0.6771004,-1.3686098,1.1281825,0.34346583,2.5240695,4.960248,-4.2078547,-3.7650034,-3.9589891,-1.4871399,2.1825616,1.0141246,-1.0759315,0.08500767,-1.0673654,-2.6710653,1.486612,-0.43111426,-2.4037523,-6.3691597,-7.6402497,-5.4942,-6.0544066,-9.167902,-6.104295,1.9286455,4.384637,4.086805,7.6105328,8.665179,8.38979,3.7072628,-4.735628,-3.5436144,-0.20011711,1.8501391,3.741789,4.7275667,5.0159073,-0.73902583,5.4301662,5.5838695,-1.4649261,-0.45834708,1.649814,5.657483,6.446706,-0.757468,-6.023476,-6.4091454,-7.4313006,-3.119111,-9.875612,-11.763516,-7.8629556,-6.754463,-10.387945,-14.437675,-13.592679,-9.79537,-5.7490196,-3.0186234,-2.466961,0.40359014,0.37713987,-4.656479,-5.817922,-5.8212843,-7.985704,-4.902219,3.2228606,1.8351654,-5.1939974,-2.1363726,7.773707,8.050598,5.863268,5.863618,4.109848,5.737747,9.120028,11.182095,7.2722616,8.039982,16.558174,16.10638,17.655766,14.798527,11.365989,3.4619062,-0.6064403,-2.421019,-5.99354,-7.195293,-4.503025,-5.766309,-9.159885,-11.05612,-9.018486,-4.5701423,-2.784106,-3.155108,-3.8504949,-9.585915,-5.80426,-6.0575457,-3.523477,-0.7785379,-1.9278805,-9.56103,-2.0277064,6.0924044,10.310283,8.707352,15.257684,15.510214,8.919272,5.668738,2.6997578,-2.9638016,4.3963604,13.776202,14.126196,16.481422,20.388199,24.511555,29.35463,29.806181,29.927353,26.229076,23.203909,24.47715,22.604528,23.138062,25.553688,24.52153,18.881178,20.888294,24.762703,24.210634,22.80892,19.310036,16.795732,9.678326,4.8743877,8.620138,10.876318,10.038583,10.091586,6.9719334,0.5555153,-3.892835,-3.6071646,-2.3896496,1.4418776,12.594004,10.361442,5.6742854,0.78688693,-4.7660995,-0.48633313,0.024590075,0.65225947,0.89147717,-0.52530974,-0.9931056,-4.7245507,-4.823308,-11.300532,-11.138948,-8.144923,-7.4056134,-8.051942,-0.00094011426,4.228573,4.788465,4.497902,1.7034711,3.6907125,1.8546414,3.6332211,1.6954945,-4.8578506,-4.0513873,-7.120383,-11.520102,-6.6194854,-6.499762,-8.186428,-10.073888,-11.178753,-7.653969,-9.230301,-9.340618,-5.9454603,-10.508991,-10.579827,-11.874027,-11.259076,-14.724863,-10.630579,-6.5281305,-14.199302,-12.120287,-7.1285934,-4.989325,-4.694686,-0.582006,5.983347,4.9101667,2.1995816,3.1600902,1.8238922,1.7130878,-1.9762017,-3.9454384,-4.36797,-14.693019,-18.641346,-11.808849,-11.371788,-12.759708,-15.131899,-7.809098,0.63202953,1.4013464,-5.3231125,-5.000787,-3.835028,-0.4500085,-0.6795491,-0.35659072,6.355995,12.400644,9.288201,6.4982276,3.728578,5.0099597,6.6656837,11.51217,8.786238,6.9997606,3.8765812,3.519314,9.448595,16.746363,18.3387,19.006424,18.321148,14.929792,12.843199,10.833721,14.759363,13.381229,5.9683576,1.6312959,4.947689,3.196044,-0.19676976,-0.1755534,-3.848133,-5.5282965,-5.46457,-4.080404,-4.8866916,-0.57732576,-0.32468376,-4.0007524,-4.4945774,0.3753276,4.6601663,2.9239738,1.4898504,-4.841161,-6.4449005,-4.789062,-0.7195575,2.6784298,3.769219,-0.5078423,-0.58431065,3.5485415,6.391122,7.1062784,3.5712352,-8.004939,-15.647971,-16.36196,-10.847771,-8.931476,-8.809856,-4.07454,-5.9585614,-10.0472555,-12.0757065,-6.492981,-3.8452036,-7.889376,-9.353621,-11.345928,-11.040701,-7.3553677,-5.630641,-10.369121,-1.6143432,0.41642463,4.4691133,7.871239,0.6358261,-3.7765458,-11.714817,-9.320963,-13.714214,-14.718663,-10.44437,-12.239238,-8.235186,-3.0669913,-0.8259544,-7.881573,-6.99158,-0.14439443,0.6843746,0.739949,0.4202478,1.207083,2.1193178,3.8283002,-4.587604,-6.179799,3.6482675,6.478037,6.733861,5.267235,3.2737863,5.8064423,4.861987,8.214212,3.3886008,-1.7724885,-5.516416,-7.111226,-5.276244,-3.2109666,2.120126,5.9665546,5.9304414,6.478425,7.4204273,8.137581,10.275412,10.344696,5.3216305,1.9618816,2.68752,2.0880263,-1.1344327,-8.087945,-16.577318,-17.683884,-21.231764,-22.326897,-13.940567,-8.863972,-7.549018,-3.8968568,6.1875505,10.196926,12.469536,14.516335,12.556279,14.62787,15.798449,12.525194,9.347801,7.462646,8.162664,8.750728,2.2064028,2.5808172,2.116559,6.35831,4.0354905,0.29311916,6.372509,8.098114,5.4032946,3.9546566,6.7142944,4.0523615,2.0718684,4.2447977,-0.18979251,-0.83464074,1.9095576,6.806163,10.483623,4.6711864,-3.6111457,-3.7720387,-0.713691,4.0806456,6.907805,3.5276792,8.370317,6.0149183,6.154104,0.29037243,-4.6136956,-0.123281956,-6.5615673,-9.029274,-7.0977764,3.2280607,4.9453754,-0.51768726,-1.8237989,-0.51805377,1.5464878,-3.3070068,-1.6506078,0.020577133,3.9134972,2.3980145,-2.5804622,-2.1151268,0.3936222,6.300889,2.0330071,1.5715327,9.527625,9.019968,9.541537,3.021023,-8.318041,-9.865488,-10.047027,-2.7238135,-0.8384173,-3.2341301,-1.3949312,-3.2123141,-5.176854,-7.0129013,-1.9386508,-3.1856215,-9.406772,-11.257628,-7.7071238,-5.3967314,-3.997848,-5.247119,-5.07592,-3.0366764,-3.2192583,-0.47843045,3.3092103,0.20097533,-4.7239804,-2.6803055,-0.18798953,-5.4853153,-7.451291,0.7690146,1.8867469,2.686638,0.67969924,-5.994544,-4.039755,0.32685158,1.7393105,0.05180569,3.4736233,2.8780441,1.6953044,5.4765434,6.631427,5.7260213,2.2922926,-1.0232854,-1.0860829,-0.7747358,-0.39291906,-0.39177918,-3.09542,-2.0347066,-1.0621536,-4.312563,-7.3167253,-7.4310293,-7.230918,-7.8007812,-10.831247,-9.359251,-7.0309496,-12.016737,-13.554079,-6.0497193,-3.5792859,0.25965142,7.407971,10.965771,7.775614,5.9140296,12.217918,8.99449,0.1890208,-7.701545,-5.8932095,-4.1805735,-13.071979,-12.552162,-2.4589028,0.18581086,-2.1671448,0.4349234,4.773189,19.861187,30.722942,34.90867,31.75003,22.651371,20.992516,21.097721,17.62202,17.373093,17.052156,19.070206,21.569836,16.934353,18.990461,20.105137,18.226349,17.091667,15.236378,5.9289813,5.6609454,5.2854023,4.3447933,8.134068,7.5372477,3.2168243,5.6163387,7.5398216,14.338627,8.70556,10.415306,9.1819935,1.4008458,-1.7083566,2.0340788,6.0849886,0.18258822,-4.600399,-2.9433982,2.141275,1.0936818,-7.6074066,-8.856347,-3.9682567,-0.15094312,-2.0927682,-4.6751103,0.24939442,3.8734982,5.3648643,8.672245,6.9289246,5.4143887,2.3143373,-4.5360317,-3.9430733,-5.9594293,-7.0602865,-7.665756,-5.162692,-7.4950256,-11.39053,-15.056491,-11.30747,-8.519564,-14.77573,-11.737694,-5.755403,-6.6792226,-8.916401,-8.378761,-8.22521,-12.7835455,-8.468973,-10.239856,-13.672039,-7.7383375,-8.036118,-6.24755,-4.557757,-5.7312365,-5.717873,-1.9266844,1.2190949,-1.6368332,0.1309495,1.8126268,2.9189863,6.401502,4.121928,3.3507853,-0.14946881,-6.7657437,-6.8548675,-2.371935,-3.8048313,-6.989813,-5.701951,0.5373676,0.51355064,-0.5805106,0.79865146,0.090450674,0.78516674,-1.1479017,-3.7441125,1.6890166,3.0448155,0.36562937,0.09351656,-0.057510316,2.9533129,3.0420291,8.209152,3.4096482,0.5379575,-3.669076,1.4259193,10.202961,12.936399,13.602332,8.877911,6.7765417,7.778013,10.545151,10.536916,10.526334,15.218914,9.644707,12.739162,9.228022,4.4711947,-0.34537864,-3.9344969,-4.445671,-6.5493946,-6.273693,-7.612957,-2.614633,4.092679,2.2245147,1.197707,3.594904,-0.042425778,-2.5206544,-3.871192,-4.4810686,-6.0569544,-6.2483377,-5.270626,-1.3515179,1.5473063,2.542685,0.3637914,-2.2113528,-5.8308916,-10.115999,-16.219646,-16.084995,-16.071167,-16.186184,-14.647465,-9.121897,-4.215437,2.5905676,-4.0789776,-14.06752,-13.857335,-6.3086257,-6.3426337,-2.7066882,-5.6853848,-8.130174,-7.4832,-10.07332,-10.966373,-5.706714,-1.6196544,3.9106133,2.989563,6.796908,7.4512696,3.5288386,-4.2210903,-2.3467598,-7.1412373,-15.341743,-12.536771,-12.424454,-8.904877,-5.9037485,-4.1071444,-2.035155,-2.9300008,-5.3398066,-3.3457031,-6.6147327,-8.119904,-0.5951475,0.65347695,-0.39733574,-0.59915876,1.2667547,3.165799,8.6002655,10.467224,5.8657217,3.7825513,4.403202,2.0011933,9.529532,11.000931,1.8712357,-3.3138065,2.5730915,0.8628993,0.88501936,-1.9203234,-1.4585866,-0.744362,-4.084397,-0.7760756,3.871798,9.748096,7.7637167,6.976068,5.4780645,7.561215,8.864228,7.125541,5.2601995,1.6740485,-6.773655,-11.578425,-13.126934,-13.341339,-11.030889,-6.0606594,-5.43428,-4.092607,-0.7834069,0.8450742,5.991539,3.6231272,1.3441619,5.762309,0.5013304,1.7206029,4.148865,2.1502328,-5.019278,-5.633195,-1.2664082,-3.1576383,-3.9952292,-6.4966288,-8.131535,-7.1735144,-4.6600256,-0.6047642,2.1857364,3.149269,6.594221,5.716937,6.4103365,9.677331,9.867184,7.187537,-1.2294512,-3.8078566,-4.163686,-4.469516,1.2807351,2.2493017,-4.606244,-2.8294456,-3.225627,1.3897973,-6.369544,-5.9648194,-6.131908,1.7198714,7.786516,6.057049,7.0381107,5.2836924,-1.4688892,5.015421,8.606581,17.180084,21.700794,19.326296,12.177401,4.975025,0.5201651,-2.7716272,-2.7271836,-0.48116112,0.30748537,5.748802,6.173341,9.7578335,13.079804,11.4746,9.071844,9.753284,6.6329656,8.037352,5.979494,-6.7643967,-13.420261,-7.7299137,3.5178132,-3.990046,-15.459956,-11.717438,-0.33743948,-6.0747004,-6.6465626,0.8514997,-2.4769137,-11.351108,-8.405468,-1.4513234,-4.022577,-7.8373547,-6.979725,0.6234435,4.980611,5.1799107,-0.830144,-2.3628073,-1.7444545,-4.366628,-3.620881,0.67840624,4.559878,4.677767,9.508479,11.6466675,15.949472,20.107094,15.739879,13.172359,13.446086,12.691698,13.786338,14.115364,18.59236,17.682314,4.950448,1.9567616,11.308441,13.133738,13.82596,11.038098,9.756044,0.030402303,-1.381414,-4.116405,-7.8748217,-8.38191,-11.565794,-1.8707024,2.2826362,2.2358832,-0.9011332,3.4036613,2.6648943,-3.8644094,-4.262906,0.39344597,1.2949238,1.0589074,10.470661,11.700672,11.225826,5.973647,2.7603755,0.032468006,1.4757297,11.456211,10.945368,10.942646,10.688062,14.645874,16.033638,12.523823,22.716854,31.135353,28.969172,27.187979,23.668184,20.786308,20.877079,25.24535,23.249466,17.65867,10.058326,12.5367565,14.604475,18.056076,16.053213,6.536647,9.109295,16.86595,8.564819,2.3815424,2.261592,8.655519,12.377119,6.7508993,3.133315,6.921207,3.3039236,2.7132146,9.500699,15.585,13.08213,3.7580826,1.8028572,-0.029937655,1.656816,8.72364,5.681347,1.7003181,-5.576715,-7.7501726,-5.1483564,-4.600596,-1.965803,-9.389669,-13.711353,-12.021879,-7.618621,-5.149472,3.8393536,9.79343,9.360428,11.508516,9.872486,4.6012697,3.2157278,-0.6329527,-2.3511739,-2.0313127,-11.179448,-12.050859,-10.951975,-13.797979,-13.180412,-10.611567,-7.0829735,-4.1656075,-3.1280277,-5.051483,-5.979192,-2.2721424,-5.0573044,-5.350208,-4.1905203,-6.1332917,-9.255599,-11.256037,-9.03742,-5.249834,-5.2435226,-5.8372808,-4.7223835,0.38373923,2.8540182,-0.3611958,-4.7201786,-1.4693717,-2.5234876,-4.1258154,-5.7976418,-8.182876,-12.191885,-9.678495,-10.895753,-8.000496,-7.1959743,-7.3356647,-9.0296,-7.373514,-6.1684036,-11.366454,-17.145329,-15.024853,-6.8582487,-5.9012284,-4.615513,-2.025883,-2.0422902,-2.5929604,-6.2318516,-6.5644407,-0.22258021,-2.7626028,-6.976369,-2.5163674,3.7925084,7.337675,9.065407,7.299672,3.0488982,3.0719612,15.972302,14.131693,11.903396,6.4418926,4.4778967,6.2098536,3.23674,2.8118067,4.0356665,-0.22048181,-1.8066769,-2.1596024,-5.117633,-7.90403,-11.622235,-10.420242,-10.099882,-7.861953,-6.517302,5.0373144,1.8026023,2.035651,6.5050335,9.414645,5.565546,1.848222,-2.2579448,-1.1829926,-3.2482634,-2.3517973,-2.8134336,-5.8468223,-7.099584,-0.9568996,0.5751434,1.443513,1.1375862,-3.7650714,-3.7444897,-4.9511127,-2.9850817,-0.34203514,1.8706152,-6.516753,-10.090109,-12.503376,-14.026604,-8.007682,-11.298904,-12.442417,-10.213402,-11.848612,-9.10237,-3.8961592,-4.2917175,-2.0528607,5.1660786,5.6197653,1.0027809,0.0057857633,-1.9945974,-8.218206,-7.663548,-10.295831,-12.709482,-16.672249,-14.883301,-8.789834,-7.5339775,-5.7804775,-7.855335,-6.241365,-9.74712,-6.4711094,-2.043154,4.773805,4.4299097,4.8675604,5.1941204,5.7233367,6.1846886,10.6111145,8.650898,4.2151256,5.5445766,9.649656,10.906008,8.644167,3.9780576,-1.0787514,-6.0085664,-4.692235,-4.473438,-5.052689,1.5904957,4.7029877,2.8978176,-0.8938572,-1.6671896,3.1670475,3.8150542,8.397485,11.828203,3.6810837,1.6871548,3.5847142,4.577183,4.6566515,-0.5651003,1.7173469,-3.5974853,-7.2729406,-8.925468,-16.377552,-15.493952,-6.613592,-4.3841133,-11.475002,-7.568812,3.7149155,11.07596,13.8314495,12.629026,14.9348755,13.866573,11.558655,5.819438,-0.3572662,1.9619973,1.4433427,-1.2528684,1.6316545,0.83104,0.4752369,-2.6952462,-6.03935,-4.803669,-3.4931076,-2.2334557,5.5057273,-7.546562,-10.651303,-9.510458,-5.396431,-5.839982,-8.980528,-11.433192,-18.750595,-21.740238,-17.090178,-11.729771,-13.181152,-11.366187,-14.564646,-13.674242,-7.1322193,-6.464711,2.2428896,5.8940797,8.037082,3.1908412,3.1694756,6.4608116,7.563691,6.8559904,9.367202,12.866979,6.485597,-1.1489509,-5.690673,5.145577,5.42583,2.871675,-4.912319,-6.7738104,-0.15948525,-2.8016856,-5.7012796,-6.397747,-7.5228786,-4.401231,1.1308482,9.333319,5.7734346,2.1141598,3.877544,11.537104,0.095926136,-1.5492924,-1.2884567,1.5340393,5.39643,6.714513,3.9753873,0.553311,6.906749,13.660091,8.438564,4.9879503,6.673958,7.732131,11.969617,15.39649,16.973373,14.191206,14.17906,13.098246,11.226628,6.3632345,3.1117287,-4.2818155,-4.67213,-5.1412296,-2.5141182,2.3517263,0.013324499,-7.637236,-9.172601,0.73076993,8.321724,14.232662,17.252039,18.350702,21.254993,16.539473,11.91313,11.9446125,11.466848,5.4102397,0.56470144,5.589916,8.393371,7.4073706,4.7727365,1.5003833,-4.856784,-8.577869,-5.234976,-1.70027,-5.1181364,-4.733924,-3.8701653,-2.551789,0.93285257,4.514965,8.916556,9.323349,7.2167873,0.783772,2.8480034,-0.06402588,-1.887228,-1.391146,0.32921678,1.999193,-3.722783,-6.814925,-3.1548862,-0.24462116,1.1555752,0.48154104,-1.2872877,-1.4741926,-7.698242,-4.6399045,-9.620554,-0.95666075,2.4235022,4.5512366,2.9436965,-0.3536198,-4.358233,-4.0726376,-1.3793441,-2.110922,-1.2713355,0.87916124,3.6113613,4.865835,4.811885,1.0569401,-2.7791781,-1.0018084,-0.78616863,0.40728524,-5.0161753,-5.719859,-0.36513302,7.187293,11.982905,11.861539,10.958834,10.0959835,5.978412,8.303413,12.046919,15.224863,14.9043255,11.585264,9.268978,10.406763,10.705298,8.83941,9.777211,9.4619465,10.465492,7.018679,-2.5840578,-6.136651,-4.3874574,3.1455998,4.073844,-2.570647,-8.85087,-3.7005887,0.2034874,4.911006,6.642688,0.40751535,-0.69030195,1.2846127,2.763833,0.53011703,0.4563551,1.0006144,4.6695185,-2.2312453,-3.481197,-6.8187876,-9.954016,-7.5864577,-9.476641,-11.554972,-5.538274,6.72665,4.770046,0.92300284,-0.37781575,-2.4882004,-6.7731705,-0.96785724,-6.154586,-5.2705574,1.3895929,-2.64528,-3.4628677,-5.304232,-5.7014227,-2.9815774,4.415721,9.738911,7.130434,3.7752576,4.2361913,4.1003895,1.1538882,0.26389483,0.011264443,-6.809038,-3.274134,3.097746,1.8394531,-3.4552302,-10.554508,-10.061438,-7.6114244,-6.3207054,-1.9914501,0.73770237,-1.393636,-2.8191984,-0.39720187,0.61987025,3.7334597,4.1049633,4.30221,0.50599545,-3.2394738,-2.9309025,-5.6948166,-6.813196,-0.66895354,-0.053969085,6.910674,1.146569,-4.512615,-11.427088,-5.51155,1.6067209,5.8304243,5.053735,2.3766265,4.5773444,2.1350732,-0.81694245,-0.57727987,0.9078689,-1.0201615,-0.47830388,1.4102564,-0.7673018,-5.322605,-5.788109,-5.825015,-3.2904644,-3.5035515,-2.4316926,-8.466275,-12.829851,-11.431185,-6.9044485,-6.2596025,-4.3799496,4.470705,8.424811,9.015734,12.126402,13.245918,8.632696,3.3178978,3.7815766,4.5928087,-0.26153815,-2.8601403,5.5859623,9.555576,3.1182895,-11.963877,-14.699791,-15.464016,-12.25831,-11.751133,-12.092614,-6.5222697,-3.5114865,-1.2345873,-0.8604055,-4.003049,-5.886585,-3.3581548,-4.054968,-0.84291697,3.1929274,0.15830874,-3.3968096,-4.564455,-1.8019856,2.9995444,3.6487079,7.4362154,8.04313,6.2868,2.441747,0.011551768,-4.2437496,-6.411499,-13.210674,-18.31922,-14.376261,-9.528584,-0.59272796,3.5728776,-2.9244344,-0.6131944,5.4737797,4.912796,1.8586553,3.9896636,-0.73582304,1.3681874,5.4713597,5.384799,5.8715076,6.4575496,6.22301,-2.311514,-7.301811,-8.792371,-6.9096146,-9.635164,-10.070599,-8.234616,-7.4333577,-2.1246588,2.2163558,4.113099,5.678992,3.7812636,-0.46865296,2.8821025,-1.1780057,-8.293222,-2.308098,-0.0008096099,-4.316713,-4.286816,-1.3052006,-0.53024435,6.8268614,13.108505,8.98426,4.687294,4.0751085,5.7237844,5.900722,5.1985903,3.0110545,2.6410472,9.92857,13.364456,13.380878,8.705484,3.9217062,4.0201626,4.5293818,7.0815353,6.0156713,6.701838,6.11277,-3.9489126,0.92320794,5.1325703,10.095676,12.624449,10.196246,12.285362,11.482637,8.850044,7.8168716,0.87994474,-3.5958605,-6.9742436,-8.78024,-8.855252,-9.197379,-5.0019727,-4.394036,-4.257409,-7.289654,-8.546272,-6.611991,-7.3860636,-0.9475626,3.1535232,3.423253,5.551121,4.183767,3.063221,1.0525165,-3.7493334,-1.7565684,-0.5747125,0.7612932,7.2265263,5.017835,-0.22416666,4.2600484,5.356489,0.6965702,-0.7050108,-0.84104514,-3.886928,-2.1576746,3.943056,10.444439,9.327641,2.1982899,-0.06987965,-0.03755641,-1.7263474,3.19935,8.057486,7.804446,4.799164,5.677556,8.073104,-1.5729282,-14.439306,-9.524919,-4.7860155,-6.909041,-4.005666,0.7002735,-3.8711047,-4.576874,4.166079,7.701119,1.6505995,1.6913431,-6.6632495,-8.830744,-6.4526606,-5.511139,-7.0001154,-1.9486306,-7.0520325,-4.966259,-6.857266,-10.097357,-3.421319,1.9704196,1.8130076,0.18066591,-1.3877735,-5.0927076,-1.5455737,-1.0200002,-2.4398222,-1.9803916,-2.0445971,-4.2776814,-5.665364,-4.166728,-4.2953033,-2.596404,-4.4599957,-10.192533,-9.59334,-7.4072866,-7.41767,-4.9354334,-5.201272,-7.451708,-7.505729,-4.5133667,-1.9350007,-4.7223516,-5.3666625,-9.301624,-11.437603,-6.5627875,-5.279476,1.2676948,-3.7496512,-9.018431,-10.662123,-9.258135,-6.531551,-8.17733,-5.2594414,-7.2418737,-3.4207773,-9.409439,-16.952524,-21.478218,-19.284622,-15.338297,-17.168474,-17.090921,-17.033903,-15.234584,-14.21805,-15.797659,-21.833263,-18.2649,-1.0488229,-1.9263381,-4.10963,-9.93068,-15.974213,-18.633636,-16.340466,-12.44112,-12.240238,-10.538294,-4.0599957,-5.083357,-2.4267097,-4.332803,-2.537266,-0.1256025,-0.8929597,-1.9591056,2.1813846,3.5797968,7.4468226,11.934948,10.595846,7.0076065,5.1501884,8.711667,13.684734,11.321665,7.1591024,6.0659657,8.514624,7.09285,8.872472,8.674484,5.0130835,2.3612895,3.985927,3.9520268,5.2033668,2.3347738,-0.7657297,-4.6121273,-4.352491,-3.3757174,-7.412281,-10.591444,-9.41572,-9.174556,-10.089603,-14.004679,-9.584799,1.2381959,1.5037532,-4.783509,-9.336363,-8.4463,-8.842928,-12.998756,-10.087086,-8.906983,-10.870439,-12.326088,-7.276532,-11.4364,-7.7028894,-12.140463,-16.24171,-11.853777,-7.466915,-8.668595,-10.7106495,-7.617674,-1.3971522,-1.0224847,-1.222502,-0.7223494,-3.9615312,-4.367071,-5.4842815,-4.699443,-10.24105,-10.684383,-7.3389006,-1.0045389,-2.9283838,-7.207908,-5.0006905,-0.8805599,2.858843,-1.9816972,-0.6632067,-2.9637969,-7.5738745,-5.9928675,-6.8178325,-4.251675,-7.5991793,-10.237286,-9.217304,-13.354384,-10.218281,-3.8820982,-7.7681227,-6.282956,-6.6676893,-6.7291975,-7.1458187,-10.038419,-14.297586,-21.285896,-17.153128,-10.394491,-9.330724,-6.727975,-2.7823524,0.327707,-3.6406305,-2.3954537,-0.18185031,-4.671115,-7.5696554,-7.230728,-2.0774288,-6.4632635,-13.333664,-8.245579,-9.642044,-6.3577366,-2.033641,0.25495726,2.906436,-0.077579826,0.8904698,5.348337,4.978366,-1.4027491,-3.5702324,0.63087654,-3.9917579,-4.9954777,-12.245514,-18.920197,-20.05365,-15.708735,-16.413244,-15.505599,-12.986462,-7.805331,-7.083234,-8.55814,-8.938533,-4.721533,-1.1719115,-0.62152195,0.60018027,-2.91891,-8.443602,-9.63571,-13.382914,-7.014633,-4.9978676,-1.5540252,-2.0859516,-11.10521,-9.277067,-5.845051,-9.864882,-13.483458,-9.786533,-9.270378,-7.915308,-5.8028092,-6.6095266,-9.723499,-11.977132,-15.783269,-12.529488,-5.3901024,-8.623793,-10.27365,-9.858485,-7.678784,-12.20882,-8.349794,-12.624363,-11.629202,-9.70841,-8.946969,-11.187614,-7.7871475,-10.395736,-12.764095,-9.616692,-9.909285,-12.136324,-9.554232,-11.541592,-10.948156,-11.545063,-9.32107,-7.187581,-3.5946198,-0.45522314,-4.643054,-5.2598915,-6.7415314,-7.7332535,-9.12967,-8.646738,-5.016517,-5.9755955,-5.6029844,-2.9782805,-2.9474542,-0.81566656,-3.0685177,-2.980823,0.3672365,-1.251694,0.24318504,-0.12445122,-1.8927662,-7.5666924,-9.778103,-5.125616,-0.22946101,2.0272484,1.9272683,0.21770346,-1.0459261,-4.8340054,-6.552147,-3.9213374,-4.2217813,-7.541691,-6.618751,1.9922465,0.06429437,-1.2805367,1.395452,-2.437171,-4.480769,-5.482006,0.24379528,-2.6074643,-4.3552322,-1.4950047,1.6735811,3.7047853,-1.0826368,-1.0847923,1.1937072,0.8911847,-1.6234306,-3.7044675,-5.6351843,-1.3007927,3.4951077,2.7432535,7.0086746,2.165175,4.0710344,1.9118023,-4.184806,-3.0751634,1.4833078,1.5209969,-0.83937633,0.6957903,-8.365458,-9.579175,-6.0880904,-7.5802116,-6.6035147,1.0439225,0.27196595,-2.3673754,-4.5807786,-6.7346115,-4.630632,-1.1585102,-1.4504442,-4.3127785,-7.2232018,-8.613167,-11.67486,-8.862686,-1.7262936,0.08166842,-3.7350078,-3.6653655,-6.107533,-4.7185326,-6.566605,-4.2887516,-0.27974075,3.4767148,0.01472652,3.64041,2.2711177,-3.4113646,-10.338358,-13.524321,-11.024531,-11.235169,-9.65958,-9.758603,-12.464344,-14.488979,-10.978483,-5.618307,-5.049508,0.38522637,-4.6874456,-2.17727,0.8357598,4.5829225,2.6850553,-3.212008,-6.419394,-9.74867,-10.208347,-4.588331,-1.8633133,-2.4960535,-8.589685,-9.645189,-5.021138,-3.2401655,-2.7030654,-4.894583,-7.655919,-8.121694,-4.4377847,-3.9563415,-3.1970053,-5.002071,-8.337115,-7.685543,-11.897551,-14.358061,-5.639181,-8.441805,-6.0159073,-5.9060645,-3.6076586,3.3370795,8.434378,7.6550817,4.392248,5.968963,9.67374,9.298258,8.53704,6.970705,8.271965,5.879759,0.76852584,1.3137298,-3.5385184,-7.3746257,-10.176365,-8.881343,-6.410914,-2.9136438,1.3646156,-6.2563667,-11.150857,-14.668219,-8.55313,-4.3377523,-2.0841954,-2.8912299,-5.9316483,-6.6135907,-1.5719216,-0.51496565,-1.0572695,-5.062793,-6.076287,-2.5192065,0.4848491,-0.17485964,5.703085,7.9720583,0.23265946,0.52230614,-1.2318215,0.050855935,-1.4591788,-0.11074662,-0.7284833,-0.8976418,1.0731508,-1.2530929,0.026842631,5.8510714,-0.56684536,2.2591822,7.6684594,1.4639668,1.2550449,-1.2647119,-3.1951694,-2.2960448,0.904439,4.4527483,6.570546,6.353053,7.4053636,7.1162534,9.463522,5.8282704,7.759482,6.3661795,-1.7043216,-1.9035822,1.6673195,-3.1779556,0.86417353,3.0935678,2.581568,1.3102771,4.5948205,10.121019,13.9207945,14.089409,10.156548,10.039549,6.4200726,0.03198111,-0.27801627,-3.3753657,-2.1521854,1.8535769,6.514483,3.6063943,2.8700926,-4.4462748,-7.1538663,0.67550606,2.1820364,4.130137,4.0377827,0.622595,3.4870973,2.0145464,4.255436,9.940467,3.8511314,4.284644,5.215208,12.055871,15.342188,10.9813,8.223763,4.499071,4.3479576,5.704242,6.151349,4.67546,0.41464508,-3.5443115,-3.1346312,-3.5207539,-7.574387,-8.826704,-3.9320848,1.4980049,-1.2356364,-5.1666574,-8.483265,-11.078543,-10.569554,-13.182493,-11.840344,-9.903915,-4.821984,-7.9055443,-10.668169,-6.4427214,-6.2657375,-9.5352955,-7.7027893,-9.597542,-7.168294,-10.188068,-14.661383,-14.187439,-11.26035,-9.77236,-10.742907,-13.412495,-8.713259,-4.126278,0.6953777,4.886207,2.949532,4.897794,7.7465854,10.275299,6.942955,5.155278,-7.5002832,-8.383843,-0.64157,4.0469913,6.005726,2.5389001,2.3998618,3.0402884,5.7909174,0.30797082,-1.9597499,1.3222694,-1.8334731,-4.2296486,-1.8477196,0.3764466,1.0303757,2.094977,3.7760134,-0.40574503,-3.9507709,-8.245741,-12.125643,-9.768335,-4.7954454,-5.555365,-2.4530253,-2.6498985,-6.6349325,-12.680233,-8.530759,-7.3895903,-8.911448,-14.489035,-19.764414,-9.624683,-2.5766432,-3.5507064,-7.012369,-9.7325,1.3867781,7.220515,4.3082705,3.9624557,8.841503,11.230305,9.209076,5.8996725,11.863841,11.113412,9.031939,5.820773,7.243202,2.921309,-1.5887691,-9.927426,-15.179646,-17.197285,-17.843252,-16.391182,-13.727923,-9.732183,-3.2464814,-1.8064661,-2.17462,4.205489,5.1370397,5.5299816,4.008849,-2.921626,-2.7749596,2.5205798,-3.450746,0.64704144,10.83717,12.808309,7.5191646,9.394552,12.034828,10.730805,11.504685,4.968726,3.993752,5.7803755,1.050418,-1.7396182,1.088583,0.92974675,0.4681648,0.45416677,-0.51419264,1.7444725,-1.7175753,-3.440244,0.28509474,2.5906992,2.6928942,0.7650913,2.3372536,2.0090013,-0.53218466,1.7336857,2.4758582,0.8067292,0.9495933,1.8136404,-0.5559274,-2.5681717,2.2149503,4.353376,6.870016,6.2453537,0.2028324,0.093203545,0.5839018,1.3520188,3.935237,6.365003,7.6364493,6.592762,3.9336843,2.2579849,5.281007,4.826458,4.221472,10.567064,11.920632,13.130789,12.661989,8.508162,9.026402,7.7784815,3.9683304,1.0972996,5.615556,6.3141117,3.228032,5.8440113,7.46181,7.862994,6.7712555,-0.7689426,0.92358005,3.050464,4.1988378,4.2339144,-2.028067,-4.9832582,-2.411695,-5.0244126,-3.2332723,-0.47280213,-0.027656604,-4.675381,-7.7224374,-6.1340895,-3.344876,-3.8736932,2.1165118,1.6834517,-3.4091773,-8.386971,-6.426269,-3.2505999,-6.677634,-5.691084,-2.0610309,-8.984879,-12.817295,-5.6462336,2.7548847,6.224808,6.3075733,0.33783662,1.4843118,-1.1548464,-1.4741479,-3.9232311,-9.565522,-10.274075,-5.9191885,-5.8188677,-4.2977495,0.042862058,1.6795924,-1.5727764,-0.30306453,5.8607626,8.42718,3.6897006,-7.0569563,-12.31192,-2.4336154,0.78900445,1.7486116,7.4271793,5.6496572,3.4572136,5.9125233,3.3820815,4.324839,-1.5870314,-5.1939363,-8.041523,-2.5057921,-0.9426881,0.29584166,2.8583956,3.899273,6.6456947,6.011935,7.2415223,7.0387883,6.4561806,5.4398766,-0.61277616,-7.304394,-6.5550046,-14.327837,-14.473713,-3.108742,-1.7861605,-5.502467,-7.7817698,-5.7415886,3.5519202,3.1814098,1.7568076,-5.7256193,-3.459998,-2.9173756,-0.5490649,-0.20464325,1.8693928,0.0021116734,-6.852454,-4.3448553,-3.9578545,-1.3078628,2.1686769,-1.0823367,-2.1458383,-3.0024705,-0.45289135,2.9309244,-0.49414217,-3.6195488,-9.149206,-14.798927,-14.88956,-10.546387,-9.527201,-11.092602,-12.054165,-3.963741,1.4183065,-1.3733543,-1.4512671,-4.9661503,-12.398399,-15.384726,-16.72386,-6.4611893,-3.3251588,-2.7664318,-5.208791,-5.1597652,-0.7160356,4.478074,4.01149,5.5788736,2.4418135,-3.4370391,-0.04711789,4.0993805,-6.1225653,-13.838816,-4.941809,-0.73546904,1.261951,7.505823,6.387975,6.1872897,1.7783855,-6.995885,-13.673765,-5.6286545,-4.7195315,-7.378647,-0.74992275,1.0160971,1.6252216,6.3653603,7.7999926,2.3720498,0.012282729,3.4884226,6.231848,0.94180155,-0.82400537,-5.325373,0.447622,8.045876,4.402158,5.0379825,6.667407,5.4580903,8.497822,8.604673,7.4231563,6.4679375,10.795518,10.488102,9.286878,12.580765,12.044994,6.4228554,6.38867,7.497695,6.415689,0.9841735,-1.0258338,-3.6764693,-8.764955,-11.082958,-4.141531,6.1086206,7.6996546,2.4778767,0.27096146,0.1910218,-0.61153316,1.1498322,1.8061377,-2.8136477,-0.6594161,5.9009466,-2.0902028,-1.8435228,-6.532712,-9.305368,1.5339481,2.1875148,-0.7431325,4.740863,6.67976,1.1602365,-1.8751932,-4.3452,-1.2650442,0.869509,-5.346845,-5.151025,-0.6031157,-0.32567024,0.20607948,-4.056241,-4.2802553,-7.5217032,-6.1039696,-4.0454273,-3.7063117,1.039237,8.466308,8.701901,6.3562837,2.3481781,1.7046634,3.3839817,6.360108,8.36022,4.26003,1.9681989,1.8064591,-2.2011535,-10.670713,-9.450083,-9.561817,-10.51071,-9.850055,-13.401052,-13.29262,-16.23154,-13.20331,-9.884865,-12.401989,-6.5773497,1.7272424,10.36483,4.6994143,0.5138304,0.5110392,0.11966097,0.037047267,-4.692101,-8.27289,-7.684602,-9.441446,-5.833007,-5.4696007,-10.224907,-11.438164,-7.4309216,-4.2363434,-1.8835931,4.7459254,6.041092,2.6511846,1.4296654,3.159432,8.55752,9.31717,6.710213,2.958635,0.050046742,-1.0141424,-0.96215856,-3.5192108,-5.2918377,-11.893774,-13.528281,-6.2764745,-0.9114922,-1.6340649,-0.104230046,-5.994055,-9.324419,-2.460758,-0.62150526,-3.9785018,-6.1363173,-1.6549847,-5.716691,-9.402836,-6.396014,-7.656207,-8.589354,-5.7326407,-7.334605,-5.541663,-5.657872,-9.274054,-15.498434,-16.195465,-14.757746,-12.321313,-15.507617,-15.750765,-16.11444,-17.822641,-15.026703,-6.656066,-5.184523,-8.508158,-9.164717,-10.390771,-9.565023,-7.9480896,-6.828985,-5.1162367,-9.915827,-11.927792,-8.401107,-12.93384,-9.3139105,-6.1201363,-2.5037065,-1.5423287,-6.0242004,-12.2030735,-13.279724,-7.5521955,-4.422319,-4.1357594,-1.4780031,-6.956191,-4.967368,-0.38241547,-3.7813964,-6.3822675,-8.814991,-6.602311,-2.8820248,-2.122734,-3.639648,-3.98499,-2.7971973,-0.40174526,-3.0136254,-2.8715324,-0.9557047,-5.369997,-2.184943,-2.2215161,-4.596595,-5.073967,-5.613616,-6.790052,-6.4850206,-5.1296577,-5.3947086,-3.4285164,-4.3591156,-5.124313,-6.382459,-7.2034826,-12.6174965,-8.050896,-5.586566,-5.758222,-7.922577,-8.446672,-5.6892643,-4.6127253,-7.9592113,-7.336466,-8.153669,-6.267344,-2.9049554,-12.43335,-10.672519,0.2772559,1.5188464,-8.076649,-8.371423,-2.1033149,0.14340687,-6.2023067,-5.3040285,1.1140865,0.4774636,-0.20152748,1.6724563,2.324636,3.1175857,2.5141878,3.0658193,-0.71293485,-8.006138,-16.921005,-19.938946,-14.794182,-13.406158,-12.7096615,-10.075455,-10.62644,-11.56818,-9.408363,-8.063477,-6.845579,-5.433956,3.681455,2.5465226,-9.122309,-3.8453903,-3.7489722,-7.7281923,-11.580915,-9.17839,-3.7168212,1.11222,3.5783348,0.77385324,0.030226707,-0.48461467,-1.3473338,-2.2066374,-7.44954,-1.4738199,0.6914543,3.293097,1.4954066,-2.3197591,-4.172854,-10.197359,-10.501101,-5.64581,0.63012886,2.1077623,1.7463144,0.3623036,2.7703037,4.378273,-1.5344747,-12.855242,-13.675497,-5.4900703,0.2635002,-1.1232076,-1.6541592,-2.685506,0.25992686,1.4402318,-1.9662514,-3.7506616,-4.789608,-3.834878,-3.291193,-3.5306115,-6.9860034,1.6958628,5.180741,3.28532,1.6124387,-0.46839494,-4.102124,-1.0954375,1.6837512,5.7309604,-5.786971,-5.318043,3.0520082,4.0790043,3.3704011,3.4877853,3.0932102,4.640505,5.459631,5.7687654,4.6967506,4.7235765,0.32688433,-1.0956446,-1.9093107,-1.4631542,1.0438925,2.8849206,4.1388206,-1.9298666,-9.381297,-2.727082,0.06402087,-1.6992714,-6.71028,-4.6047835,-4.0935407,-8.595503,-6.910345,-8.06547,-13.615566,-10.663502,-2.667945,-3.2731254,-1.6585431,2.1469479,6.8308706,-0.60100394,-5.3924313,-6.185953,5.521984,17.485327,21.261072,18.244,22.308205,27.610624,32.691505,29.034409,26.591988,22.044437,9.630581,2.6255054,-2.4915993,-0.75658774,1.1743594,0.9394807,1.1723539,-0.44153428,-2.1206079,-0.7905462,-8.563538,-8.088371,-6.9003377,0.7913823,4.076174,7.1259546,14.161852,13.322496,15.461258,11.644722,2.111095,2.1841483,3.1842992,-1.4461595,-2.0480275,-2.0198665,-0.29894036,5.716961,0.56521344,-6.758499,-2.2292347,2.895726,10.24907,9.875976,6.705611,7.5774527,9.659359,10.066728,7.893855,10.045466,10.276525,10.153692,12.253107,21.015574,19.516266,13.930915,12.111706,10.509966,10.151667,2.2699924,0.08843915,-2.5680137,1.4486535,9.141638,4.520713,-1.8964702,0.5129671,0.92474234,0.39906096,-7.6789546,-9.425044,-8.203656,-2.3727083,6.776934,8.60895,3.8723853,5.3502417,0.12768507,3.6755426,2.5789118,0.94187593,5.233965,2.5421848,-6.053246,-2.9827757,-2.7767644,-12.18294,-16.57455,-18.596699,-18.95626,-17.794346,-3.769184,1.4851992,-5.3610516,-3.4060762,-0.982494,-3.1771479,1.8153635,10.923016,15.094496,15.295591,10.212174,5.197747,1.608571,4.6619315,9.207401,5.8543224,1.2131004,-0.25730568,14.299858,32.508896,43.251114,29.542074,19.043709,14.543602,15.567055,15.721649,13.634047,11.783176,12.713495,20.947372,21.068487,24.024189,21.712109,13.8415365,12.51564,16.479465,20.132708,19.818363,24.512486,25.309242,26.823269,21.260685,14.817078,7.453253,11.886918,17.525816,19.72305,22.628922,27.327682,32.21258,25.381832,19.273561,23.648418,27.129292,23.99987,28.339588,22.40915,20.922867,23.311766,24.646524,28.46447,33.539223,28.118237,17.403263,9.045678,3.836178,10.861367,12.177959,7.8476763,8.538376,5.204293,1.5750949,-1.690453,0.89571524,0.7972443,-4.454659,1.7293253,2.5258408,7.2325583,8.961239,10.96402,14.4968195,15.64942,11.770597,6.6822095,3.096049,1.0401299,-0.7017795,-0.2223236,2.1028214,-1.4831777,-10.180725,-3.8368602,-3.468349,-0.1051352,1.9711798,5.60177,4.376896,1.6111135,2.5165865,-1.387051,-9.243235,-5.2961216,0.8527787,-0.19211368,-0.67643875,8.607616,10.5097885,11.064133,9.456982,11.234564,14.730303,18.556099,19.692999,14.596472,7.823962,5.9197884,2.2261393,0.017192602,5.0038977,10.961336,6.4300222,1.3812864,-6.6648126,-7.4385157,-7.892121,-4.54068,-0.68472207,2.8721855,7.1613216,11.573797,9.487176,11.232439,10.8018,7.743924,-1.3094918,-8.942158,-8.509586,-4.706245,1.5048952,0.8105766,1.1688713,3.4489985,9.721577,11.382958,5.180626,-1.5501423,-2.8307347,-3.7276163,-1.8266573,-2.0841956,-4.186947,-7.872064,2.0807362,9.259533,12.246113,12.596455,10.78319,7.3430967,6.4429426,12.588905,14.025469,7.6059484,-3.5090365,-6.840912,0.8539727,0.2930963,-1.8893017,-5.0232325,-7.955218,-9.375871,-1.0732605,-1.4874306,-0.57618606,2.628377,7.1348405,3.3007576,1.4682086,2.1810846,2.491107,3.2628584,1.3580494,-4.220822,-3.1509457,2.90458,-0.09747589,-4.4259014,-4.5817842,0.4591881,-0.5528915,-0.39050242,-1.0774038,3.3681493,10.130869,5.7402115,8.640041,8.825016,4.806663,-3.8466094,-2.3943386,-0.021059275,5.895673,0.11547041,-3.4507089,0.5389138,2.9444726,0.3423519,-0.17480177,1.5868502,1.4901557,-0.27257276,3.7153196,2.2240915,4.799324,3.4512231,1.8476825,-0.9480994,-3.0205944,-0.053231597,2.115561,-3.367683,-2.994874,-3.481361,-3.769542,1.4871148,2.9033403,4.5332994,3.7529185,2.258554,2.8338833,3.699245,5.318906,11.119362,13.336863,6.893197,0.9897356,1.7343706,3.5286465,5.554006,6.1653843,5.321136,7.5608377,8.683831,12.620529,10.419284,3.1276388,1.1600667,8.730953,5.646216,5.667674,7.062749,9.81105,7.801652,6.605584,7.1062503,6.8563313,6.170562,-2.3206198,-2.8954785,-3.1453846,-4.850959,-1.0789464,5.2130866,6.4395504,9.671937,9.844206,5.6502943,6.1046,1.0383637,-0.1691699,3.7446213,1.3492002,5.7965174,3.285345,2.2487547,-1.9327549,-6.2073154,-0.17767382,-3.141741,-5.924242,-3.1923869,-7.789373,-8.827369,-7.019748,-3.2233226,-2.9938302,0.37969735,4.4779544,2.3580503,0.94911885,-2.8190947,-2.9067993,-6.767782,-14.419405,-7.4940453,1.6723857,7.7494555,5.911811,3.3558917,0.18223488,1.9667199,9.933613,10.947988,13.99597,19.886768,18.07999,14.0815735,8.930011,5.550338,-3.2219174,-3.0943375,4.62066,7.0566225,1.8982894,-3.95904,-4.7396803,-5.94751,-7.565424,-11.908545,-7.000623,-1.4403932,1.6031245,3.057387,10.467006,8.275427,-0.9331262,-8.74243,-10.75136,-6.499196,-1.1405643,-8.23233,-0.59013224,0.19036591,-0.2730646,7.0691395,8.313091,4.1771574,3.7578816,5.8216014,1.0384411,-1.8248767,0.16364408,-1.4046693,-3.2800586,-4.636758,-2.5994396,0.9288834,1.1144377,-3.9904962,-0.4738146,-0.28478792,5.6287704,9.634585,10.2860775,14.583797,12.709292,10.7217045,10.24144,7.6645155,3.890223,-2.8920004,-7.0563097,-7.7860465,-6.9169064,-6.6781034,-6.9599485,-8.200829,-2.813365,0.57349914,0.92065954,-1.4909842,2.4804106,7.3626595,6.383579,0.39474064,-1.869868,-7.7320833,-5.9269743,-0.9032205,1.5279572,2.511479,7.015108,6.8116903,5.9646273,8.242019,4.6993117,7.3583155,9.095113,6.9031115,3.1821456,1.6313696,1.1490089,0.72819984,7.2749395,9.97056,10.975773,11.590835,8.685608,5.6050835,3.2918096,7.325737,7.0485716,-4.495846,-8.572847,-8.049208,-10.457941,-5.6878223,7.819206,24.085207,33.82808,33.852055,22.80353,21.072937,21.374962,20.817837,23.413399,22.09135,23.712925,15.409738,7.917878,13.11357,22.08369,20.016804,17.69329,21.943512,25.065617,26.822609,25.46867,19.869526,14.853849,13.3012295,18.687733,18.54078,16.896553,19.851181,21.651104,24.621517,27.021149,27.686386,27.77134,24.832748,23.738997,25.691656,30.535175,31.21679,26.041035,22.378843,21.828266,21.457924,25.283085,15.033659,5.789165,4.092972,2.7680206,2.4459224,4.2970676,8.2383375,8.056612,8.992567,14.877753,15.288636,8.360379,2.4125042,7.2157507,11.214386,4.0134296,2.7026749,3.1607337,1.8369303,0.37979698,-0.65487343,-2.0708725,-3.650291,-0.78723305,-4.596696,-5.9725294,-8.143513,-6.0002036,-4.8204374,-5.5714936,-5.8328643,-5.4690523,-3.5589323,1.2932732,0.77009416,2.5852091,-1.043138,-2.0588226,4.060134,7.289597,8.960267,5.807808,7.928254,12.460984,18.449032,22.513424,27.310465,22.757261,24.142668,19.192986,6.7260265,3.6092992,1.9747818,-2.2170348,0.062460065,-1.0604584,-1.599523,-0.9769387,3.8002205,7.8707943,11.808698,7.8129416,6.4414754,10.665281,15.2177925,16.100025,16.695267,16.982714,8.41617,3.150567,8.219585,8.937478,5.472823,0.33718848,-6.784981,-6.2279787,2.3594143,4.275025,1.733699,-3.6246736,-10.128468,-10.966513,-3.8915882,2.083091,6.210025,3.0306845,4.5509925,5.698521,11.701602,20.286278,27.454601,20.480762,14.539303,4.0985,-1.4383273,-1.036421,3.9670656,1.5149834,-2.7677796,-1.4774055,-0.8405939,0.013216257,5.601035,12.459028,12.017084,22.834053,33.157352,30.961716,29.722834,27.166485,26.615993,31.928715,26.290918,23.605488,22.717247,23.083015,22.834087,23.602148,26.91325,30.474073,24.378498,21.377243,17.549706,11.946718,4.810998,4.782442,13.742336,16.479557,18.481373,18.42959,25.966516,29.588625,26.666492,23.988085,18.925714,14.896909,15.817153,12.8853245,12.4481125,19.280287,25.239346,24.494905,23.505167,26.814259,23.702888,17.644623,16.630829,18.095251,14.831285,9.872751,9.359871,7.835553,4.1077747,7.778315,11.957745,7.975035,-1.5092872,-7.118453,0.265491,5.7192583,2.6090746,4.3432436,4.459361,4.553957,7.539274,7.572087,9.872446,12.2876,8.322708,-3.8026123,-2.406761,2.9465961,-2.5182924,-1.5723187,0.059208333,-7.608611,-8.525527,2.5825028,5.020803,0.049876466,3.9916377,5.3411875,1.6898665,8.81324,12.158819,6.841632,0.23952174,6.9962425,3.9682813,4.916999,7.0173254,4.8647213,0.7772637,-2.9722705,-8.365243,-9.966654,-10.062621,-13.495428,-10.208515,-1.148878,1.1320713,2.565131,7.052231,3.6742148,-3.6557086,-7.317433,-2.4010406,-4.5603323,-6.6821938,-4.5746202,-1.0060563,-4.1073904,-6.690829,-7.9424715,-13.802283,-9.641728,-6.0408077,-1.0238682,-0.5280638,-2.4165907,-4.242611,-9.545971,-7.5514956,-4.1950264,-8.47451,-10.382214,-9.803727,-12.828489,-8.221959,-8.208517,-14.2717495,-10.810257,-6.24174,-6.5545015,-3.348325,1.7763288,5.741975,19.209305,22.611311,25.192713,20.734432,20.89886,11.000692,4.109453,0.6196367,-0.7792724,-2.6157665,-2.6952446,-3.5514388,-7.483267,-2.967295,1.4689282,2.148534,0.90626764,4.8363533,8.954973,9.485655,9.420973,4.2100396,1.8189942,-1.5303102,-2.445027,-0.804914,-7.1180925,-3.445512,1.2313793,-2.1046567,2.049596,0.21383926,1.1242993,-0.3161378,-3.4179296,-3.8663461,-2.6761966,1.4151608,-0.6156329,-2.945901,-3.7316232,-5.626546,-3.7600737,-5.935196,-3.0601065,2.5896573,4.341461,1.0258822,1.2324522,1.014263,-0.030628413,0.48587894,0.711145,-0.49148837,-2.4458675,-4.5199976,-2.666369,0.058805883,2.8176396,1.5708025,-1.0070835,1.660636,1.3415065,0.60302955,-3.5712867,-2.6887612,-4.4097095,-8.3504095,-0.60691065,4.895071,5.699024,-2.81468,-8.899889,-7.3520722,-4.514716,-6.2696733,-3.27532,-1.2693517,-0.22731137,3.8565688,4.7577825,2.59878,1.7846309,8.672371,17.496288,26.915264,27.650131,17.800797,12.95265,9.013016,10.075431,10.805982,8.801661,5.738913,7.291531,8.73922,6.1124554,6.0372763,12.627892,7.2095017,4.3940563,8.539609,10.331383,11.94289,14.831934,10.830069,11.680761,11.4817095,16.627771,13.222114,15.043128,17.199043,19.894444,18.433405,22.151754,23.57457,26.351288,30.88232,34.45441,27.376951,37.536217,33.294052,27.368841,22.524115,25.497309,19.573093,10.537184,5.4466505,0.69325984,4.40119,15.720871,22.312603,20.154413,28.9315,35.721107,38.65544,28.910797,14.394499,9.727031,5.577819,8.924902,8.999691,5.9755363,5.3603497,8.960236,12.11174,4.986915,0.03526634,2.4843082,7.430915,6.5990562,0.2642063,0.60259676,1.6092592,4.215085,4.021859,1.4849813,-0.6629003,0.06430349,4.493139,1.6694939,-5.1760387,-1.7877522,2.8243632,-5.1863527,-5.871091,0.113952205,2.2511995,-2.8797967,-5.5410504,-0.12832832,3.6113453,-0.3878083,-2.1933749,-4.917037,-9.035291,-5.6827235,-6.799003,-8.370556,-10.620594,-10.1980095,-9.764727,-3.6712406,-4.3763266,-9.084444,-4.409768,-10.847147,-12.318346,-10.556538,-4.6568127,1.8397017,11.832991,14.0583935,6.961781,5.399217,0.16941643,-3.9269679,-2.3777711,-4.3191433,-3.64257,-1.894911,-4.661845,-1.0597553,9.28742,9.303621,5.749449,8.40309,11.825936,10.819572,4.2056875,5.007334,2.7491064,2.7187684,-0.73477435,1.3645959,6.4178486,2.577373,2.379018,5.3415112,9.268257,12.831832,15.116569,12.365514,8.046437,6.808606,3.0686345,6.2650504,3.9120862,0.86520493,3.5318084,-0.27940112,-3.7351809,-0.9505406,-2.2944307,-2.2772493,0.7310406,1.733143,-0.9983982,2.6479201,5.354018,10.072747,14.897853,21.38568,16.966171,15.188665,8.593146,7.5704794,3.7986312,-0.31231064,-4.059532,-4.1629434,-7.2955375,-9.343368,-9.572031,-8.773876,-0.28013408,10.4488125,8.525238,5.2985077,-0.6152902,3.8028145,4.6935616,2.8322113,2.0534625,-2.2493742,1.1153611,4.048235,3.3324926,4.121112,5.6527557,2.1821406,-2.3260255,1.0084207,6.357564,9.637503,9.8274145,10.017132,10.997709,9.503092,12.388927,5.1096005,3.471501,3.776236,5.910624,6.237846,5.2410736,8.698305,11.459469,12.354868,9.256378,7.5174475,8.786024,16.383541,15.774975,12.625959,12.866308,4.6302166,-0.8655548,3.0192122,7.193818,2.1226425,-1.4804885,-0.8283722,1.5132642,3.6133873,7.8267374,18.133839,19.96125,20.327572,21.13832,16.12934,12.289129,14.87837,12.809754,7.5055437,4.858634,2.4228568,7.04256,2.511888,0.836339,3.4690301,3.7697413,10.898736,17.131721,21.186176,20.307158,14.31925,11.47496,14.688068,8.133062,6.2710385,9.683614,11.3389225,10.074112,7.972995,6.9885983,7.694618,14.39657,14.101202,8.828891,2.5817132,2.761556,4.6248693,6.370373,-0.15058732,-4.365823,1.0642284,-2.4597967,-7.7038956,-4.940969,-2.2090964,4.1305056,3.0691566,-3.1637764,-1.4025536,-1.8963214,-9.665085,-13.334593,-7.208188,-0.735037,-2.2159524,-7.264753,-6.4398203,-4.492007,-4.7867813,-6.284393,-2.1162734,-4.213581,-11.94906,-14.734037,-9.539541,-5.4354115,-8.029072,-8.464422,-10.600928,-10.503756,-8.179203,-9.505302,-12.259409,-12.385787,-11.873081,-7.719955,-1.4630244,4.093294,5.3383164,5.7237554,10.972827,5.3342276,-4.2317553,-4.1378617,-1.2079399,0.6477024,0.9782423,-0.65008956,-7.531437,-14.710571,-7.107578,-1.551384,8.555714,9.546624,9.897617,11.357008,7.305367,0.46576267,0.8984642,-1.7496073,-12.253035,-13.349308,-12.038549,-7.5715446,-4.7002826,-1.6260993,1.0837215,2.1202984,1.1970313,-0.18733764,0.42678702,1.3630705,-1.0046618,-0.28560925,1.4456325,1.1716714,-3.047361,-3.8347692,-0.8261308,-0.83951855,-7.2027473,-6.0909653,0.064166784,-6.8218746,-7.8252892,0.37284064,-2.5241747,-7.289161,-4.216197,-2.5520437,-4.52276,-0.4699518,2.8309088,-0.24865662,-3.136485,-12.11306,-12.070841,-9.430606,-7.140872,-6.484292,-1.4014729,-2.107572,-6.53061,-8.461232,-7.881126,-9.97725,-11.014938,-10.047739,-4.6197634,3.4893184,8.135491,7.458455,2.3629441,1.6667516,-2.4613338,-4.0348825,-5.373182,-8.268478,-10.372188,-5.1218443,-3.1151867,0.44020948,-6.239682,-3.6927009,2.2555232,7.44541,9.199776,7.660212,18.039652,20.741955,20.842697,21.228605,16.228813,16.19815,19.509901,19.82154,19.011332,19.140984,20.648945,15.986888,16.58668,22.963638,21.904343,21.046093,20.07198,20.07384,22.195265,21.34312,19.925728,17.591679,14.437833,16.127314,18.005943,20.58195,23.217682,20.914701,19.952188,15.270597,12.437344,22.603233,20.308136,14.765352,15.88558,14.327634,12.846971,15.527964,16.858116,19.79281,21.648823,22.964668,22.706232,21.500298,20.815113,17.160648,12.643438,13.478488,19.460794,20.759243,15.2079525,16.526701,14.720628,11.597105,11.377108,9.1518135,4.966936,1.4808183,-0.8738497,-0.6433731,0.66303337,0.5980473,1.0697234,-3.808194,-3.6951537,-0.82739544,-10.853354,-13.281928,-7.879876,-2.8371973,-0.9045404,2.2042863,-0.32360134,1.122457,1.8273295,-3.0071404,-5.8274126,-4.697233,-2.9143336,-1.261867,-4.2351675,-8.687146,-7.9155183,-4.4345922,-2.1803725,1.6339182,1.4278975,-4.5279627,-7.5589137,-8.420493,-10.714609,-8.487951,-10.593096,-15.748348,-18.542841,-11.518369,-12.074155,-9.741026,-6.351303,-9.073519,-11.202154,-5.9472256,-6.3294373,-7.8548613,-4.0045033,3.3401527,2.254272,-2.0599391,-2.1260905,-1.794962,-0.70512605,-7.4288263,-9.254169,-3.600327,4.4145217,8.3797245,5.7441435,9.984068,2.8302794,-4.8890166,-5.977298,-8.919728,-8.00326,-5.6719155,-1.1710389,-6.23367,-1.3700254,10.415806,14.383287,17.209965,26.685638,27.338772,22.647062,16.495056,8.324493,-2.40896,-6.89214,-4.26267,-5.8336897,-0.12132716,0.06311941,-3.610057,-2.1204824,5.3370686,6.9285345,5.2989483,3.3593202,5.5627775,14.481459,18.545431,22.863354,22.169598,15.041067,14.686829,13.932779,12.034597,12.631393,13.026009,12.546967,12.658995,11.520262,9.533281,6.453704,-0.69518006,13.440719,27.063122,26.479372,21.614803,22.779945,26.002777,22.921621,23.912277,28.589392,29.940498,27.4957,21.927551,17.937948,22.83931,19.514748,16.107475,15.434816,20.014355,24.4618,17.326805,2.5367813,2.3316035,8.725387,17.837616,22.145237,22.201534,26.173038,23.412018,16.268959,17.006817,17.870975,26.060207,20.853542,13.804808,11.91926,15.293933,14.538055,8.765575,8.226288,12.038119,9.266635,8.109744,16.889217,15.03278,5.7421575,3.8298206,3.1306515,2.3875813,-0.045929193,1.3721728,-0.59891886,0.23998421,8.219677,12.005081,12.62948,11.054129,5.1521263,0.74205434,1.7984385,6.3547144,3.5317163,1.3921133,0.9259623,0.9455153,5.7438946,5.257004,-2.526258,3.379055,10.364779,5.67404,1.2860785,3.190712,3.9080749,-1.0213366,-6.984592,-7.1347275,-3.967652,-1.1684682,2.9342015,11.880291,13.000315,8.699122,7.7238646,5.24326,0.9119041,1.1927984,4.899198,5.6167126,1.4727184,4.0695,4.05399,1.4801753,-4.238301,-10.3971615,-7.9643393,-3.7402062,-4.9889097,2.7072208,-0.7936654,-3.8433816,-3.1780713,-1.7538342,-2.7191746,5.6628275,4.2068377,0.33513463,2.0174007,5.3577023,-2.1752012,-3.5650694,-3.6047702,1.2772014,-2.5855021,-0.35473913,-3.5202546,-6.12533,-3.393395,-4.5187836,1.2236725,3.7928982,1.7612259,1.143743,-0.75360036,-5.605833,-8.989645,-10.507939,-8.229535,-6.8307543,-0.7398665,7.6277175,8.818418,6.8035307,3.1880624,2.9963121,4.3753166,2.561066,3.444142,2.963037,2.4945624,3.7744496,4.3751297,10.745712,9.777958,7.9919157,10.414579,10.388992,10.361294,12.672127,7.8736324,3.6727715,-1.1398497,-1.9400959,2.9910474,3.621395,2.2228007,13.927053,13.565638,13.256731,4.1966777,1.4164875,9.687393,10.240969,12.021967,8.847051,15.6673565,13.3529215,8.791079,2.9581563,-4.529867,-5.918623,-1.6478105,7.7910576,4.112088,-0.5587204,-1.5200043,0.27178168,4.225813,11.846989,7.7394657,4.9116364,7.0486593,7.2900867,6.1605616,6.7509823,-0.06556079,-2.2445066,-1.1662804,-0.9984379,2.000753,4.8237505,-0.34991813,-5.7379208,-5.906659,-3.8285615,0.12984657,0.90374506,1.1111883,-4.838751,-8.488382,-10.324987,0.26205605,15.63341,15.922581,13.992041,5.0882287,-1.8620068,-2.883029,-2.0670974,-0.76447153,5.281255,4.7266665,-0.46748966,-3.507902,-0.6795573,-0.09006016,-2.0657604,-2.4413075,-2.3770833,-0.5670803,4.4483867,-0.5886927,-3.5219598,-1.6714809,0.23656207,-2.535015,-2.2096548,-2.655765,-0.1639638,2.459198,9.76871,13.814878,16.517828,14.242499,9.004535,7.4961557,4.606147,1.7787298,2.8181276,5.9339733,1.4483504,-0.12887914,-4.006179,-2.889608,1.0632595,1.8260989,-2.9412436,-3.153567,-1.5236819,0.87262434,2.0405154,-2.8213441,3.895448,5.5039396,6.5411487,8.132971,8.937371,6.7476916,6.200591,0.8277989,-9.863135,-10.580992,-2.8692274,11.741301,15.175312,14.990572,10.279116,7.161676,7.828637,6.216758,-0.063391,-0.46909755,-1.0167463,1.3473699,8.159725,16.539055,14.919056,14.955655,15.150606,11.736853,5.994714,4.7993464,6.279441,2.4679344,-5.4975414,-3.9629364,-5.00619,-3.7312698,3.4022415,4.2492933,1.6297905,1.7239575,-1.7875288,-10.989966,-13.42729,-8.259127,-9.001308,-9.317087,-3.8831615,13.266807,22.06424,16.659035,12.73138,9.862246,7.797308,6.860982,3.4691143,1.356745,-3.4603894,-13.867859,-9.708336,-6.33473,-2.77922,-3.9140882,-2.8354146,3.753211,8.232012,3.173728,1.9799471,-2.2899568,-3.1442547,-2.2623682,-1.5393865,7.5862465,13.054074,11.69892,11.949455,5.901003,3.6068308,1.4361603,3.2457821,2.0375652,2.2543263,4.204309,-0.6564082,2.1288557,1.0945368,1.2635875,5.235184,6.224203,8.859712,9.858112,5.412286,2.0977352,-2.1041038,-0.74467266,-2.7384648,-2.2168684,-0.7289293,5.1268806,7.6145864,9.644743,8.695825,1.6704943,-0.28690457,1.255143,-2.7624457,1.9657574,-0.43808165,3.3407025,15.433787,11.688805,0.9708034,5.335191,9.794249,14.388165,11.74366,10.097293,6.588467,3.2922392,0.59773266,0.66559494,6.0072193,5.722057,3.6637444,2.1300125,1.7134432,4.4031696,5.495882,5.0137033,6.604705,2.5512612,2.0402172,-0.85424864,3.0690227,12.530825,11.348587,4.56928,3.8924289,2.6673408,5.8944817,7.9228015,1.4465029,-2.521795,-1.3735578,2.416881,1.0283115,2.2775903,4.6385837,6.7594385,6.9438944,8.081157,5.752395,4.927253,3.4274533,2.2504318,-1.8153177,1.0865979,7.9280453,10.380219,12.906376,8.240671,10.543131,12.079561,10.633396,9.936683,4.1167655,-1.9140482,-1.2017384,6.025027,11.801786,6.792076,6.699419,8.081406,6.384342,10.630888,5.911523,5.0702767,6.20926,3.8870008,0.8954592,1.234491,9.706329,6.851511,7.1340303,10.241119,4.244949,3.5911908,2.5235355,2.0576549,4.9271526,4.3244314,4.5594873,3.2216983,-1.0229716,-1.1424518,2.9581633,1.4373733,3.2287474,5.5264444,4.2587495,2.3505163,0.1242252,2.451045,5.6066637,5.218201,6.058715,6.229479,4.9542537,9.362066,14.80183,11.886573,8.608204,9.597188,8.240996,3.4479632,1.1767869,3.0091043,-1.1348993,-3.5111377,-0.56080806,4.16605,7.7781,5.624543,6.179413,9.727042,6.7354684,7.583303,-0.7587554,-4.2290583,-0.6641223,1.2330904,4.9332247,6.881135,9.784205,5.818903,-1.6425093,-3.8130867,-5.827471,-5.8078575,-6.170581,-5.01064,-7.151724,-6.7108893,-7.5844717,-6.0752826,-2.5830383,6.1470013,8.397786,9.668318,8.753619,4.985964,2.5483847,1.2747986,0.3453439,-0.47509113,0.7458862,-3.112554,-3.5688033,-4.399551,-12.2921715,-13.49502,-9.278613,-6.393784,-5.777768,-4.738581,1.9907317,-1.3976951,-3.2381601,-3.6804419,-1.3708956,0.7650663,4.869752,13.299656,23.678371,27.309072,20.151638,9.063541,6.5645294,5.555623,4.1170745,3.7225342,1.9476991,-3.27597,-6.7322474,-3.473932,2.740424,0.612813,3.042071,15.403081,20.97676,27.942745,26.391455,25.177235,24.5968,19.510525,17.509502,16.211836,17.583775,18.676308,23.782452,20.727703,19.847324,15.715567,16.651903,19.810387,21.274868,16.036556,6.592934,7.5104723,11.165577,10.96883,12.079216,11.262456,3.7639694,-0.9845778,-4.1089563,-3.4034262,-0.16848199,-0.82671344,-2.7160559,2.8756478,3.2242403,-1.5019753,2.7719228,4.421453,-3.869731,-8.655382,-13.534039,-13.345812,-8.474307,-9.243205,-10.749197,-11.506989,-13.530265,-17.78415,-14.275209,-9.451511,-2.6667936,4.0916443,-3.2359185,-10.40941,-1.4247195,6.606124,4.0383463,6.7462873,3.8391848,-6.6492844,-7.499495,-1.3592514,4.11069,0.49316728,-1.6032447,-1.6227319,3.1725736,5.0718994,3.8865724,1.3773798,4.4760213,1.4249159,1.0717964,0.8758931,4.4852595,8.376032,13.239214,9.941839,3.82684,-3.2218647,-5.016411,-11.993917,-8.676479,-8.325352,-9.093438,-10.641838,-14.73311,-9.962145,-11.795721,-10.663553,-9.753607,-14.114337,-15.663788,-14.783307,-8.919804,-10.234989,-12.525831,-6.9461136,-4.1979685,-7.4469757,-12.114481,-1.629501,9.01012,5.6484146,1.2408912,-5.9476495,1.1263053,5.024493,4.6375055,0.9180426,4.7587805,7.6978097,4.3001966,5.3493567,1.3464957,0.2661556,5.153921,3.5903997,2.5057359,4.846806,5.1736608,5.4721613,1.9702896,-0.25993156,0.68088543,6.2806425,9.333601,11.640802,10.871896,13.005863,14.467167,8.838177,6.7464724,13.981898,10.686989,7.6996512,15.372187,9.862888,2.2970839,-3.7744477,-5.3491898,-5.6382866,-8.323834,-6.4182625,-5.755637,-11.478807,-3.7292757,-3.7124765,-7.4001737,-11.812081,-6.3583384,3.1983511,2.3881433,-4.7563553,-6.794531,-5.315462,-1.2036417,2.0664315,2.7358992,4.438744,7.17056,5.3526287,1.3698369,0.75831676,-0.87431365,4.866626,9.965198,5.549223,-0.37482014,-2.2909408,-1.094177,0.042960823,-5.9037876,-6.489454,-6.4040737,-9.834273,-10.783859,-8.301844,-0.9197729,-1.7319925,-6.38909,-3.6875153,-4.0469775,-8.550874,-11.139261,-14.255795,-15.420634,-12.699244,-8.389391,1.1132894,1.5504049,-2.4242477,-5.728073,-7.211728,-8.215275,-3.825526,-0.20354512,-2.663579,-3.6873498,-5.938862,-7.661787,-2.988708,-1.1289816,0.6205289,-0.7038423,5.2677865,4.153447,4.1413827,8.34821,14.740925,14.758553,10.301082,1.5012916,2.8303075,8.384714,13.47938,19.084343,13.784227,7.5301943,3.1950915,0.28588992,2.5870845,-2.5184858,-2.7325895,-3.2681599,1.5532438,3.5541873,0.18446666,-3.1674945,0.2724328,-0.18141705,-1.7306072,-2.7379856,-6.406947,-0.04006934,2.92758,-0.04368317,-7.1894703,-5.378006,0.5560041,-2.791031,-5.099581,-3.8495347,-3.4307346,-5.855341,-0.69252783,-2.8124928,-2.4690988,-0.8539734,-0.25742805,-0.12079024,-4.572203,-4.3385963,4.592842,4.5801187,4.1866903,2.4533572,3.197814,0.560797,-1.3887012,3.3239226,6.392416,6.6437597,6.8181205,4.086096,0.80684984,3.2987733,4.377861,1.2525934,-0.8811984,-0.2069351,1.2409505,2.1017063,1.8451892,-4.186341,-2.1080256,1.2222207,3.4216056,0.2646402,-0.023946643,-1.6097527,-3.309444,-2.2707667,-3.6403809,-4.91979,-11.570387,-14.566179,-17.04402,-12.335133,-13.538683,-10.814046,-7.790227,-2.7874885,-2.0713413,-3.936442,-3.2240064,-8.729361,-6.1774864,-2.2998247,0.7139309,7.306713,9.612007,7.412408,2.660997,1.6918088,0.36313286,-0.94305295,-3.382434,-6.935292,-11.05536,-4.397437,6.067997,6.5625844,8.475529,6.895361,7.9119425,4.3077135,2.56324,4.381129,3.2676578,-2.1944873,-4.551412,-1.6892735,-2.2346761,-0.70764196,-0.40458012,-0.98231673,-4.4533906,-3.1875095,2.018052,-2.453116,-4.4451666,-8.86693,-9.8971,-6.238034,-4.926243,7.698142,5.911772,-5.6580086,-2.348299,2.584531,5.7815228,-3.2327468,-6.031698,-4.273339,-3.5512905,3.7031775,4.10052,-2.6077,-0.5754634,0.3395651,-0.4573583,-3.5607252,-7.6103587,-3.8263361,-2.1385994,2.7749267,-1.7849784,-4.7073507,-2.3532367,-1.2514219,-2.7134633,-8.6431465,-12.431836,-11.685418,-13.33968,-16.740723,-12.872623,-10.731844,-11.603484,-13.67772,-14.448664,-12.185019,-5.776842,-2.8516626,2.9363422,6.7561436,-1.2829151,-4.184986,-1.9928913,1.044174,-0.5464444,2.4854946,3.3793056,2.5999274,1.3755944,0.6110815,4.8491096,9.696356,15.000646,13.987259,11.094914,11.385556,17.037222,11.449478,8.963366,9.05856,9.7513,16.502121,20.389542,20.243965,17.449125,18.765114,17.76532,15.371435,13.742532,15.742514,14.757841,12.890055,8.153944,4.774163,8.24486,10.137465,13.196363,9.264596,13.755173,15.241658,6.865519,3.069191,7.163489,12.645954,13.753675,9.972139,3.2819092,5.5816708,5.9166703,0.18430564,-1.3667562,0.50331473,6.4649763,12.640228,13.316829,8.403718,2.686572,0.7053138,-1.1715378,-2.463187,2.2167802,-0.21307349,0.082424045,6.336158,-2.3937078,-8.766792,-1.654455,-1.0304816,-3.3090806,-2.7238417,2.464088,7.3476152,12.080639,12.959345,13.884443,12.226799,14.673428,17.742653,17.79216,16.084934,15.206966,13.295752,15.794054,22.493538,25.14967,21.017416,20.957312,19.73267,17.030966,16.99872,14.281318,8.962126,5.3776207,7.656028,13.97307,11.14939,9.127047,13.729858,14.758633,13.734385,13.218115,10.028751,12.661772,10.3898535,13.358898,8.656826,3.3793466,2.1553392,0.97945464,-0.46068886,-1.4624532,-6.022556,-10.000961,-6.2726755,-3.5627353,-2.0296645,-0.6998376,2.2035275,6.5120573,2.846315,-1.1804154,0.70566624,-1.0575504,-3.0159533,-2.3543859,-0.036563754,-0.77890575,-2.5158463,-9.1767,-3.242001,3.8148718,-2.9447079,-7.952457,-8.489416,-4.4942584,-1.8056571,-6.565249,-8.405299,-8.997869,-4.4550743,-0.19025554,2.2902157,5.7025957,7.4585524,4.4577284,-2.3796983,-4.0672326,4.062644,3.8875072,4.7799053,2.8561091,4.437297,-1.2432783,-3.1139655,-6.741578,-5.7279325,-5.9060493,-3.5607662,-3.763361,-5.3616557,-2.8444936,-8.648443,-8.022064,-8.486231,0.9766028,3.9987779,3.8617277,3.4500566,1.6179366,6.6540403,9.060549,1.9294254,-5.5229836,-5.0158706,-3.2653222,-4.319855,-3.8931453,-2.1018286,-2.3560176,-4.359872,-4.3440022,-0.6330308,1.8038467,1.3260958,-3.4947867,-9.854956,-3.195344,-2.6326375,-6.981391,-5.088417,-5.6921387,-5.1002064,3.5611384,7.7305384,4.003495,1.3531548,7.4651575,8.070386,0.33927417,-3.7321575,-4.7538586,-5.780031,-8.490442,-6.2585144,2.874136,5.3019753,1.7911626,0.20509332,-0.61732286,-3.1789608,0.19756955,-1.337648,-2.6173615,-3.653965,-5.165271,-3.943637,3.0886412,2.1512861,-3.276089,-8.580399,-5.338911,0.87490034,-3.2606645,-5.308223,-5.7542663,-5.6336155,-4.657902,-9.184963,-10.4138775,-6.979337,-9.94791,-9.042473,-11.675758,-11.685982,-9.750329,-10.376724,-13.492515,-12.167732,-5.6093345,-3.6262312,3.1322968,2.1458793,0.18884811,-4.1087284,-1.6206805,-0.23691547,3.4179797,6.2735624,3.971796,3.6805575,-0.16188319,-6.880106,-6.458684,-11.9531555,-13.33942,-8.888964,-7.7289553,-11.788365,-4.1944947,-4.863702,-6.129919,-5.197837,-1.8811475,-0.66928744,6.3160744,1.3031875,-1.041482,0.883428,-0.9977009,2.032282,1.3111218,-2.716814,2.7488697,6.171146,8.4671545,8.123872,5.9801946,5.6344566,7.950204,8.468222,6.562678,1.3397167,0.8870959,-3.7070017,-10.624265,-7.5446796,-2.0311937,-2.7524552,-5.4366474,-6.060737,-7.915819,-14.079028,-17.87648,-16.39193,-19.89442,-20.915611,-17.347923,-9.927329,-4.230814,-6.833084,-7.8136983,-9.0704975,-8.99901,-3.688848,-4.854843,-2.140418,-3.353851,-5.207518,-4.9771214,-4.5509353,-5.6618624,-5.01826,-2.2742543,-9.526758,-5.270129,0.7361862,0.65131605,1.3789334,0.6947646,-6.827773,-7.74745,-12.899536,-2.758686,6.575138,6.4641027,8.675718,7.970728,8.151369,9.90765,4.306814,0.019288957,-1.5389686,1.2001055,3.6832266,0.7283505,2.3279083,2.4459956,-3.7677107,-5.4502444,-3.801928,-3.633296,-3.0816677,1.5910769,2.8101497,0.02300997,-3.314406,-0.4228009,-1.6884961,-4.398949,-4.622116,-6.9631805,-10.297634,-9.888702,-4.5940504,-1.8181403,-0.90232086,-3.9514468,0.1711363,-0.998383,-5.9970026,-0.57203066,5.476468,1.6451907,1.7529356,5.307083,0.31992495,-5.1243887,-5.7359548,-1.6168205,-3.8777537,-6.0359464,-5.1380663,2.7020605,3.0107665,5.0672398,1.8718846,2.7476368,7.174525,3.11123,-0.40328407,-1.7698264,-5.585656,-3.8298442,-8.973003,-12.285928,-3.355147,3.8697884,1.9569396,3.2104402,3.207747,3.664374,5.1602817,-4.0999017,-4.1217546,0.22336346,-0.2335186,5.2176104,9.002889,3.3691728,-2.4938796,-6.3101997,-2.905158,-4.2125864,-1.9343816,-3.589992,0.96643525,5.3645363,4.4310493,0.5243682,2.2140934,14.396999,18.059544,20.562378,20.354908,17.486637,19.097284,20.23683,18.71409,21.09441,17.532017,14.156299,8.047058,5.6484604,8.797389,12.153561,16.161531,21.161947,17.500114,15.050267,12.904928,7.6906185,6.696112,6.4908905,8.232491,5.6510887,4.9998684,5.337772,9.734251,12.807376,7.4389925,4.0792623,8.062359,6.8312283,4.6603665,7.938607,7.8028107,6.606992,-1.4261339,-5.481941,-8.230762,-7.0323277,-6.5287986,-5.077626,-7.6362143,-7.602729,-6.0136633,-6.8163166,-2.6142752,2.6844594,0.68019783,-4.3638062,-6.1012144,-9.906784,-6.892383,1.2220676,8.196024,6.020621,3.3014512,3.9540277,0.3094523,-1.7985421,1.2741117,5.8304195,3.1082313,-0.28331327,-0.69431114,-2.0215151,-1.9884208,0.41304207,1.9417058,-1.1694727,-1.4395361,-1.8657556,5.9737854,1.3338666,-9.133133,-12.091378,-5.285074,0.5881412,2.2564268,-1.9680103,-6.3252,-11.275206,-10.626561,-15.464391,-17.754677,-14.749737,-8.345929,-6.426035,-11.470947,-9.452274,-9.316413,-11.839109,-12.955929,-8.766026,-9.298414,-8.396572,-5.4223943,-3.3602886,1.1249628,6.6678905,2.3403683,2.5431778,6.6001787,7.188779,2.8942685,5.895437,9.067368,1.2864581,3.8450646,8.130269,5.4157734,6.1606045,5.28547,7.789053,5.2536793,2.3607588,2.5897856,0.41540265,1.2502167,10.574053,10.869433,8.892146,8.645428,10.987167,6.887518,9.676123,10.484497,17.121235,17.934229,11.790687,14.489749,13.245131,2.064775,-7.8914223,-6.880934,-3.3709242,-3.845947,-6.0962644,-5.838196,-3.6500742,-5.221895,-3.4976726,-6.322566,-1.3471498,4.2555737,0.049375772,-2.985643,-2.4547899,-2.8276894,-0.00068974495,3.3525906,2.8302648,3.79913,2.4707599,1.0000108,3.4240544,0.40854293,-7.227065,-6.0360017,-8.4032345,-8.715517,-11.933552,-14.287233,-9.683945,-7.106918,-2.9330225,-2.005031,-2.0037322,-2.1006148,-6.646127,-7.5912933,-3.3227782,-2.883132,-9.176836,-7.8030124,-3.2061787,-2.1212683,-2.577024,-3.3527176,-6.815595,-2.4843178,-5.2036047,-7.7459283,-11.024036,-5.7795515,-0.9732009,-1.5663302,-4.570036,-3.6004958,-6.01666,-7.2579513,-7.4912176,-5.87752,-2.048465,4.051713,5.243569,9.18462,9.727572,12.619432,10.47818,9.326551,10.970408,7.496581,6.995162,5.4461403,6.4286385,3.1198099,-1.7797824,-5.5007377,-0.35805008,-0.6960269,-4.9053497,0.98409235,0.44870532,-0.8630533,-9.082726,-12.264862,-2.192372,-1.3009021,-1.8473805,-5.9410625,-5.9774456,-6.7617455,-8.236797,-10.697941,-7.251798,1.2485895,-2.566524,-6.8628025,-7.166618,-5.582473,-4.954518,-7.761462,-2.3733473,2.7339687,-3.2837915,-4.146334,-0.5512461,-0.37887913,-2.518672,-4.2599688,-1.0032783,1.1406547,2.3047762,3.7147663,3.1767702,-1.7619401,-6.3187838,-1.3255665,-0.5095424,-2.7578392,-5.097346,-3.9713778,-1.7372907,-2.304144,-5.2274175,-3.3892045,0.66116375,1.2173914,2.125927,7.65063,7.5826025,4.928884,3.7397454,4.0863714,-1.7336997,-3.565906,1.668874,7.5541916,4.947682,-0.6517105,-6.3680477,-5.818879,-4.038418,-3.5802212,-2.7709737,-3.4837003,-2.5480497,-3.2726402,-2.929274,-4.735554,-7.3479624,-6.1741962,-5.733055,-3.397649,0.35878885,3.2781205,5.2302294,-0.097613335,-3.8341084,2.931976,2.6539147,0.82832,0.94065034,5.317589,1.4001462,-7.1870365,-13.969726,-10.446299,-3.291851,2.795742,9.986525,8.501621,9.809984,12.2434845,10.538128,0.23352848,-1.510273,-4.847406,-5.8598475,-3.8558822,-1.3780942,-1.1520662,-0.072968066,-1.9137563,-3.0121264,-1.7130466,-3.1441193,-5.861917,-5.262946,-7.429537,-0.2777296,5.4314833,5.3222637,7.537566,0.118484765,-5.100522,-1.9164153,0.8953649,2.3396256,-5.837206,-12.645878,-5.7632017,-2.5205722,4.0080533,5.4139395,-2.0059278,-3.2316647,-3.3440046,-1.0067914,-1.564801,-2.12243,-0.66803,2.097971,3.3859491,-2.6567671,-3.924741,-4.8590403,-9.480446,-9.323313,-10.774927,-13.471501,-3.7485127,-3.485784,-1.8557875,-4.7820387,-14.039616,-13.208189,-8.450811,-8.188169,-8.099246,-2.4411867,-0.56345356,-1.4783217,0.9424497,-1.8837476,-4.8758607,-2.9193256,1.3289635,-5.7097855,-5.201118,-3.0490875,0.25569797,2.0601294,9.066917,7.3052816,8.522109,11.357798,7.392127,6.134594,7.7223673,5.429341,2.268056,6.5224204,13.307743,16.754744,17.425262,19.719631,14.959835,7.123315,3.6682732,5.721867,11.217562,16.973028,3.966053,5.4672647,5.671488,5.795247,14.341308,19.143463,16.978851,13.132656,11.459011,9.642491,11.360868,10.750109,6.224202,-1.4240474,-5.7402024,-6.74175,-2.9058423,0.42102832,0.62277246,-0.47548944,-2.3223538,-0.10920608,-0.4226883,-3.3843694,-0.008348465,2.2235374,0.9174447,0.099971026,-0.80335927,2.9103386,1.2305824,0.70144975,1.6043509,5.5695915,-1.0985821,-3.3432047,-3.6529825,-7.5154324,0.6415961,3.9514632,4.919031,9.89238,13.943237,13.204222,14.066492,11.840614,9.017207,15.005429,15.954348,14.284632,15.147649,18.40035,19.697266,21.249062,20.686203,12.757977,13.02929,15.917647,15.644283,10.600269,8.282417,7.6452036,8.822536,10.206146,9.844783,7.458982,7.504992,11.628791,11.24371,9.047527,8.32045,4.9207506,-0.27789927,-2.3882802,-0.7518096,-3.1584969,-3.2980165,4.164946,4.3109055,1.1660417,2.9766822,-1.137613,-1.2267628,-7.7027645,-5.471098,-1.3330102,0.28262925,-1.7516679,-0.42716163,-1.990068,-8.4879265,-6.0940967,2.076012,9.114562,3.133442,4.169787,4.8816323,1.4024857,-0.24081951,-1.3671082,-0.87172186,4.743194,2.3147633,-1.6745099,-4.0642815,-3.4114985,0.22556722,-3.1618152,-1.6410254,-5.007733,-4.0165405,-1.9047244,3.0496256,4.8457823,1.4978776,-0.2101368,-7.3578367,-10.54439,-5.9249706,-7.618837,-1.7084327,2.0910401,-3.230604,-1.076113,-0.0869959,-3.1092157,-0.23057064,-4.722111,-5.1420436,-2.0727656,-0.63912904,-6.3300695,-4.885397,-4.1571054,0.6064773,2.3873682,-1.3449806,1.5837058,5.2633734,6.212385,-1.0744722,-6.6268373,-7.463608,-6.4099803,-2.966963,-3.1682973,-10.288242,-8.682595,-5.077623,-5.323552,4.2040296,2.209584,-3.4623537,-7.2517624,-2.7145543,0.39694527,0.74222285,-1.4489903,-2.3642507,-11.01158,-16.133234,-5.475437,0.07331994,-5.865295,-3.276177,-1.4219257,-5.086352,-11.6202135,-10.859896,-11.370573,-6.977173,-4.048971,-3.7791615,1.202644,3.0786567,0.046678364,-5.30363,-7.4849896,-8.906227,-11.522233,-12.186802,-8.686235,-10.002063,-9.375749,-11.19316,-10.216248,-9.124205,-4.0743856,-4.5780663,0.22393739,0.94484943,-3.9283679,-9.596558,-9.223032,-9.274965,-12.651089,-11.4883375,-9.009793,-10.604659,-9.503847,-13.682851,-14.195837,-13.0863,-14.257038,-17.071651,-12.336531,-10.727924,-9.96546,-3.935597,-7.0164523,-5.734409,-7.427833,-1.5693755,-2.066635,-4.4483657,-8.90761,-7.0096626,-5.8519154,-8.17958,-12.889388,-11.140245,-5.7498527,-8.119892,-10.190689,-12.947483,-15.4571085,-12.395937,-10.071472,-12.46553,-8.968729,-0.20703731,7.7927027,4.660553,2.3768945,-3.1823242,0.5184041,-0.21375263,-3.9921837,-5.176864,-1.5960269,-0.5810554,2.0061958,-2.232198,-9.629555,-8.941663,-3.890223,-2.8325624,-1.4429606,0.09295872,4.388976,4.1635466,0.46778774,0.7105932,-1.8672178,-3.8816488,-8.195761,-8.0363655,-4.599654,-3.137124,-8.123256,-10.598833,-12.256459,-14.134008,-16.558453,-9.822701,-1.6569035,4.2218447,3.3188684,0.61460793,-0.09038842,1.2251768,-1.1473482,-4.6249046,-7.455626,-20.544743,-21.484055,-14.4079,-8.385124,-7.5360675,-2.3843403,-4.3249054,-6.941512,-0.72609997,-3.3371463,-4.571148,-2.6774487,-0.23462908,-2.7620776,-7.6484723,-10.487501,-7.486103,-2.7556465,4.0366807,6.3589854,3.1230958,4.023396,8.014007,9.218949,5.1476316,-8.423418,-10.570635,-2.7562432,-2.2035365,0.18960941,3.5715666,-5.318696,-6.7097445,-5.8985586,-8.399803,-6.9288197,-3.4675674,-4.5342035,-3.858007,0.8402095,5.1140137,3.933337,-0.21208668,0.8037706,0.79741013,-1.0095663,-2.1359534,-3.8104918,-4.346511,-9.676063,-11.45071,-8.769306,-9.502054,-8.229681,-1.5955654,4.9710197,7.971449,8.202129,3.874502,-1.6529216,0.30254567,0.3892731,-1.61408,-0.7125349,0.3625617,1.4162056,2.8120596,2.9405794,5.1253757,1.3645792,0.1912641,0.5624595,2.5530946,2.4545763,-3.8497865,-5.0194464,-2.5898356,-1.5542966,-5.052678,-4.265506,-4.1081285,-7.718399,-5.237278,-6.4725757,-7.2404785,-11.800003,-14.330815,-4.6281796,-1.9057646,-2.37613,-5.540915,0.6937034,4.9285192,4.5908537,0.36269426,-2.3321376,-6.336993,-4.723023,-2.3175502,1.3605824,2.469027,-2.4040494,-5.686502,-13.298487,-13.148081,-7.1354256,-2.8216877,-5.3646913,-2.7656906,0.80908376,1.0599089,1.8206404,-5.3696966,-7.676455,-7.9068584,-7.4761124,-5.743386,-6.368975,-14.028311,-16.750135,-16.842655,-10.105024,-5.410819,-3.5989347,-0.06326759,-6.7502337,-5.89277,-4.522358,-4.478615,-1.3939819,-2.4388568,-7.586095,-4.205164,-7.581381,-12.170708,-14.5315895,-10.189484,-3.4634285,-1.55378,-1.67517,-3.465927,-7.7235904,-7.623948,-6.92616,-5.734831,0.3163252,4.618841,4.233666,6.5057855,8.479729,4.7288003,0.8061163,6.9077826,4.103163,1.1328462,0.12569189,0.07295334,9.94771,9.849654,8.856789,7.185976,6.3509083,3.250804,3.2999878,5.3824635,6.194605,4.5635953,1.9643698,-1.5823982,-7.5646124,-5.8235874,-3.3551278,-6.563183,-7.157213,-8.557481,-9.526548,-6.084297,-5.7132196,-2.3091028,-2.0542626,-2.314673,-6.024205,-8.777409,-5.602025,-10.270616,-12.783571,-12.0204735,-12.6510315,-13.456964,-9.832469,-4.2662544,-2.6155567,0.72578245,2.6486497,0.68853235,-5.9405823,-8.907549,-7.7954483,-10.184343,-10.124066,-12.073736,-13.0643425,-7.3187785,-8.668486,-5.09391,0.30263877,-0.07857287,-2.4267023,-7.0542746,-14.588579,-17.680656,-16.021614,-9.9186535,-7.9935665,-6.9098625,-7.714526,-9.865662,-10.031692,-13.874793,-14.858637,-14.053757,-13.1435175,-12.1519985,-11.674942,-18.54792,-16.768833,-13.070068,-7.6271124,-7.095374,-5.6302395,-0.33510262,0.22708976,-1.1369176,-3.1738105,1.4735185,1.3676829,-6.447737,-10.998551,-14.160822,-12.217579,-8.561617,-11.350128,-16.948978,-8.014511,-2.956968,-3.3534274,-4.3740196,-8.303637,-7.8984346,-1.4213765,1.2410727,2.4775162,-3.3585927,3.0869355,8.592812,8.630751,4.3847194,0.68461823,1.1185317,5.2864695,8.3323555,2.238697,2.2354348,2.8614292,5.5633206,-3.3684196,-13.741388,-16.856365,-15.589111,-20.769299,-18.034296,-15.881759,-10.549675,-7.4121075,-4.7381053,-8.505161,-8.091512,-4.193781,-1.0139152,-0.30613005,-5.240667,-0.085894205,3.1636288,-0.077434,-2.764535,3.2031083,5.2276497,1.161572,6.8051395,9.429733,7.0087194,5.4520254,2.9782696,-0.10020459,-4.398255,-9.323603,-11.743901,-11.136461,-11.237202,-3.2910857,3.1551502,7.794155,11.636927,11.721831,6.4468575,1.99865,1.9577062,8.034755,7.7703733,3.449934,2.6863306,3.7340593,6.9564137,7.285243,5.371213,1.0917401,-3.1322727,-7.2900553,-13.359297,-15.516293,-8.090174,-6.662171,-3.1034253,6.5757523,10.776306,5.805047,5.205187,13.859842,10.308926,5.566952,7.3623023,7.5300636,2.6681266,1.9696841,-1.735756,0.27421778,-0.06032741,-0.53127426,1.0252373,-1.7940874,1.8824008,1.0029225,-0.23435682,4.6458244,5.302022,8.082521,7.1723495,7.586056,10.042812,9.080393,2.872336,1.5129783,-0.37038362,4.390959,5.28074,4.984498,3.781126,5.13426,6.097482,4.675231,5.564465,3.8793802,7.735195,5.351993,1.7934514,-2.7834554,-2.0510135,-0.89786124,-5.366445,-6.819753,-4.347106,-6.7222166,-9.706145,-14.734884,-11.390504,-8.879929,-6.6182213,-3.6589384,-1.3258678,6.3669252,8.671083,7.9080887,1.235747,7.8619328,1.028716,-5.430809,-2.4984994,-5.6320577,-2.083256,-1.7705314,-4.675123,0.89156187,-8.781187,-13.999807,-11.804342,-5.152421,-5.425156,-2.9472175,-3.6194708,-3.3106332,-5.2436604,-6.231447,-9.5493965,-12.657179,-10.805816,0.004177332,7.315445,7.709898,6.5915885,5.9672785,5.411538,-10.42598,-18.935814,-13.574039,-9.243161,-1.9923866,-6.598556,-6.1503057,-1.3067906,2.0110695,-1.9298096,-1.0951385,-0.27267277,-2.149974,-0.97322357,0.9217049,-2.713256,-8.043276,-6.4608393,-11.255318,-11.928619,-5.790164,-4.64051,-2.913507,4.030182,-1.2407792,-5.4570627,-7.542485,-10.291973,-7.327521,-3.9033983,2.217997,4.430669,5.584839,3.07054,-0.5519655,-3.4606838,-1.7407123,-1.1992514,-0.53562975,-0.26306105,3.32376,0.8929198,0.07175636,-4.348486,-3.9100032,-6.1531734,-9.395962,-8.35487,-8.635338,-5.857171,-8.011874,-12.788627,-6.348922,-1.8412651,-1.9765215,-3.4681854,-8.370575,-17.469994,-13.301856,-5.677804,-9.211518,-17.249702,-19.201187,-20.652897,-15.855482,-10.216681,-8.2904,0.018141568,-0.49584165,-9.677168,-17.152992,-14.071457,-6.4625144,-5.8046336,-6.981851,-11.664517,-17.15919,-16.91911,-13.862713,-17.268652,-6.288742,-0.37493515,1.5811244,1.6523852,-1.5496665,-4.550238,-6.8142133,-5.8811827,-7.907257,-15.976087,-13.85607,-6.8395844,-2.9638517,-2.6997664,-3.7423043,-5.5114727,-0.15964314,0.27071887,0.37390286,-0.42822373,1.3871486,3.2442927,-3.0860782,-5.177377,-3.6053958,1.5196033,1.5636369,3.0044584,4.569335,1.8406305,1.5808436,-0.88132775,1.3710551,-0.25013757,-1.1043496,2.4539952,-0.47315717,0.8256947,2.3607538,-1.7464092,-2.5166483,-2.6431274,-7.4391546,-7.171675,-7.1701035,-7.673713,-9.361815,-6.899744,-5.2554884,-2.5948887,-3.6974118,-3.9052958,-6.991527,-7.387736,-6.3417187,-5.5584927,-5.0695353,-3.7939181,-8.795546,-18.116226,-17.179129,-13.441174,-11.659422,-8.521719,-6.6828547,-5.6502852,-8.3883915,-7.28508,-6.118128,-2.8610842,-0.070950955,-2.287127,-2.0603044,-1.0828636,-4.5590057,-5.5447874,-6.4914804,-11.673243,-13.0167465,-12.988588,-5.853924,-0.94616735,-4.179472,-5.4082646,-11.019169,-8.33609,-2.0881019,-0.6290393,-3.1080747,-5.3601217,-4.8119497,-9.615137,-7.6029086,-9.655699,-13.76572,-14.702598,-10.7793045,-8.50192,-0.057598352,-5.7529635,-8.163454,-7.755099,-11.02139,-11.210326,-12.5781765,-11.271072,-11.686599,-10.410412,-6.0422096,-6.857223,-7.049635,-4.0231953,-6.1515265,-9.368483,-12.992363,-7.683125,-7.789031,-12.017566,-10.837661,-14.772615,-18.517317,-21.172327,-15.989307,-13.667004,-15.045183,-9.926621,-7.3803368,-4.6141133,-4.0708475,-2.145916,2.7176213,1.1363683,2.1881394,3.9173708,4.4021254,3.6876755,0.67013085,-4.882605,-7.1012907,-9.830587,-5.8228445,-7.2872744,-9.972506,-9.78314,-13.447554,-14.498795,-7.440645,2.3513384,1.4540426,2.0874374,4.9277143,7.3877664,10.632032,11.674948,9.866686,7.130478,4.4762983,3.7693074,0.5749297,-3.825529,-8.714268,-7.5091553,-5.842737,-7.4657316,-9.618525,-12.131828,-10.875867,-6.0953984,-6.612519,-6.410586,-9.197548,-9.557774,-14.116198,-16.38218,-15.052563,-18.23812,-16.496716,-15.246423,-10.896465,-10.468664,-10.370116,-12.298922,-11.460516,-15.857217,-8.612881,-6.3633833,-6.3664684,-3.1807659,-5.47362,-5.3830004,-3.7932491,-3.7751029,-3.7406163,-6.303179,-8.866333,-8.627342,-6.710988,-6.7578883,-6.7703714,-6.802043,-11.911169,-5.5937996,-1.7070063,-2.3019156,-1.3299168,-0.16979647,-0.42727363,-2.6358054,-4.4372168,-2.3888443,2.5328388,3.4233446,2.0854292,2.899273,4.8408756,2.0297437,-1.170088,0.13432813,-0.34287167,-0.014234304,0.5115176,-4.1233144,-0.4052586,2.0953317,3.5876231,4.5190344,4.285493,1.2980607,0.22524714,-1.9851049,0.10739428,0.8901637,2.9346104,1.8347187,1.011982,4.6173983,8.964106,5.425304,-0.16104329,2.7737103,1.991903,0.641013,1.1365829,1.4444991,-0.3973534,-6.5946407,-1.5131793,1.458146,-1.0445025,-2.0780663,-1.2178125,-8.378352,-8.903799,-3.0627787,-4.5478168,1.1595263,5.7166147,5.661771,5.511801,6.1963453,4.0007725,0.76702845,-3.4617958,-1.9078193,-6.41267,-3.7139587,-0.6828901,-3.5739484,-4.8907747,-7.444291,-6.259165,-4.107588,-5.7796826,-2.7376227,-3.7258284,-3.839243,-4.659581,-8.882384,-10.440867,-10.222954,-12.533623,-10.176336,-9.796526,-3.8553643,2.4353032,5.141678,-2.8034995,-2.2762556,-3.8258684,-4.33299,-5.868585,-11.616367,-10.610796,-5.1420135,-8.184995,-5.941486,-7.3124733,-4.799263,-0.5009875,-7.312899,-10.530327,-8.6300335,-11.010978,-14.246691,-14.298816,-14.7414,-13.820396,-12.779442,-9.5731735,-5.2037363,2.735619,-0.43017045,-3.0541494,0.8360878,-0.032114178,-9.254627,-8.401486,-6.9750547,-5.5861387,-6.330463,-7.0686383,-2.1079178,0.732556,-3.9457283,-4.108363,-5.3611183,-6.9557486,-3.044271,3.5560994,1.3655121,0.86677,2.297835,3.1850758,-3.7783556,-2.7603588,-6.9822025,-17.496754,-14.689539,-7.9645057,-5.337431,-1.2607203,3.024201,5.272912,-2.836107,-3.7251637,-2.3404372,3.113583,5.123148,4.356558,6.5097027,7.5703344,5.790515,1.6886668,4.974063,4.9064984,2.9239125,0.43198332,-1.5357924,-1.532334,-4.660279,-4.5707083,-3.838606,-3.9455063,-11.640163,-12.550722,-11.448169,-9.109922,-8.532444,-9.115162,-4.3802614,-5.7759624,-9.273558,-12.053247,-12.423943,-9.641418,-13.804138,-13.074652,-6.842383,-9.702083,-4.956131,-2.4237196,-4.7417073,-6.2476416,-6.210804,-8.192572,-8.682733,-8.135369,-9.471193,-7.4230022,0.40755236,-1.729115,-4.1534305,-6.7645082,-0.38417828,4.5917435,7.512501,9.611628,8.860482,3.3172166,7.216172,3.5252888,-2.7961874,-1.0170356,-0.88127244,4.859309,9.070181,10.218807,9.193499,6.9177756,0.86009705,4.5252504,7.462425,0.45855,-2.3546653,-1.372534,-0.2533304,-0.5078538,-3.5312743,-3.8101099,-2.5486984,1.2376686,3.9281628,0.024175286,0.8309488,7.502946,8.106509,5.5825663,7.7698913,12.626173,8.495741,1.3517301,-2.5061235,4.103485,4.7934694,3.5979333,1.4522221,-3.3727665,-2.3732939,-1.5994885,-5.457939,-5.527561,-2.1698692,-2.9015079,2.0797467,7.270917,8.909713,11.702343,8.881417,10.249018,12.212276,10.271742,11.876211,12.489344,10.215231,8.041918,8.578653,6.61985,1.9681308,0.4261484,-6.1693673,-7.605974,-7.2952423,-10.497461,-13.155521,-14.628845,-9.051931,-2.6153383,4.2313046,3.227189,-2.1117334,-3.6503491,-9.123416,-14.495806,-12.7155,-4.075271,-1.3141588,-1.4673283,-4.8029013,-10.40853,-8.5941925,-8.9267025,-12.382938,-9.17379,-2.9136646,-9.394602,-7.9394484,-4.23944,2.0622282,5.233162,0.60240793,-1.2446641,-5.4281306,-5.218053,1.95688,5.053788,3.282977,2.0077853,4.3291636,5.531082,7.1991653,7.462478,4.413109,-0.20158988,-1.00787,-5.5423956,-1.7488096,4.872327,10.5413065,9.97769,6.9271646,4.393504,4.2259045,-0.19726211,-1.348052,2.835703,3.0132961,-3.5298448,0.28645122,0.11481664,-0.8225041,-1.6922667,-5.1314955,-6.8647537,-4.926751,0.34210426,-0.61748755,-2.8781395,-2.7029476,-6.388745,-7.234126,-7.4365215,-6.701566,-4.5715637,-12.253536,-17.672508,-13.757808,-12.875519,-6.225566,-1.9258099,-7.6198378,-1.7091079,7.2392645,13.93371,14.256708,18.156315,14.397612,15.683323,12.107034,9.680489,4.2119727,-0.7626062,4.566369,6.262719,3.3179684,-4.649046,-14.47154,-13.701431,-15.501879,-21.189007,-16.608673,-16.095844,-13.299227,-5.1164823,-3.696844,1.3466219,3.6765735,1.0079248,-0.22924,2.0239584,2.2900167,-4.8467293,-13.8881855,-9.688328,-11.118221,-11.840348,-12.976143,-12.300783,-10.2564125,-2.9005432,-6.3693976,-5.8034716,-6.0952163,-1.4752597,-1.4949284,-8.225011,-3.495576,-1.6701286,-1.240254,-1.9785819,-1.8550131,-3.7004046,-5.199594,-7.1055837,-5.4618883,-2.6335702,-6.1667385,-0.30988973,1.5064981,-6.562912,-7.581194,0.81102896,-1.7144212,-5.4298983,-0.00062581897,-0.34821433,-1.3392539,0.87902164,-1.7244481,-5.5698986,-8.699575,-3.06781,1.5120367,2.98956,5.831464,6.224334,8.271526,7.8140826,5.670376,10.59894,7.431775,3.7564564,4.400434,8.017137,11.010202,9.97632,5.9960823,4.325587,6.096903,7.8112364,2.4171517,3.3754683,4.174609,3.2707233,7.4012365,8.32353,9.928425,16.710081,21.046978,16.919428,14.523073,12.870325,9.081489,7.620319,5.085808,0.8623549,-5.4328265,-1.096534,0.6124449,-1.7468089,-2.6592627,-1.3383925,-0.5300117,-0.6181167,0.95545185,-9.623924,-9.009651,-4.600559,-3.7534726,-3.9334462,-8.863791,-10.072653,-10.3389225,-9.471592,-11.848373,-6.46268,-6.509912,-8.853789,3.2923784,0.78370523,-2.849984,-1.0342264,2.5239868,3.0337584,3.7383168,1.0717344,1.7918693,0.80388975,1.6891327,-0.44925818,-12.580334,-15.04256,-7.8539248,0.11044562,0.95536375,3.7572463,6.3639655,3.8997216,5.079077,4.1884947,-1.8382472,3.0909846,9.203457,11.580055,12.789803,9.961851,8.141389,7.6409183,7.1183977,4.073664,-2.4093575,-4.43299,-10.646368,-11.385424,-9.58611,-5.96045,1.3313291,-1.0588071,6.995454,14.278177,17.449497,21.304256,20.08635,18.740864,7.9884067,-3.4034405,-2.4135733,0.0803315,-0.23272394,1.4734476,-3.1336524,1.814666,4.9167366,-2.6676483,-3.5305252,-5.923952,-2.5193737,-5.0628567,-10.610155,-4.178983,-1.7338175,0.32981712,3.329272,5.113284,6.5993395,3.713881,3.9840152,1.1487443,-2.543446,1.6281052,5.1871634,6.261996,0.3826053,-4.769962,-6.907341,-5.5398207,-7.58233,-9.591577,-4.9619193,-3.560653,-5.57076,-5.152873,-4.3833065,-5.5866737,-7.8241224,-13.133476,-7.6454554,-1.8235679,-0.12218118,-4.9193745,-9.31935,-15.448704,-11.5839205,-11.985607,-18.286297,-16.58129,-10.559309,-5.7213373,-6.4763203,-2.2598395,5.5660048,1.128118,-9.03273,-10.957327,-11.081228,-10.508971,-6.733923,-4.9743605,-3.8849373,-2.6078792,3.17451,10.435666,8.95482,3.6462529,-3.4824867,-9.778822,-9.930428,-11.127443,-8.244965,-3.4819272,-7.887005,-11.589184,-8.226717,-0.052678674,7.2918243,4.3487654,4.787427,0.40605164,-0.15367901,0.94022584,-3.08873,-1.9865093,-0.5937099,2.5418684,6.2776766,3.5863647,8.117759,9.040995,4.8724537,0.6754193,4.901207,7.2527037,10.35601,5.1557226,1.0157135,5.3461547,6.165936,5.7776012,4.482909,2.3853612,-2.2421114,-10.099869,-9.663095,-9.822249,-4.2157598,0.45326698,1.0167273,1.095618,0.7045554,-1.535727,-4.1854606,0.023523688,-5.17226,-4.787477,-6.8351307,-7.2000456,-7.3364325,-3.567228,-6.2850285,-6.4157953,-3.8964431,-1.9101233,2.119983,5.9923277,2.3177257,2.0784805,1.2324432,3.2478242,7.6687813,3.2396698,5.1667514,7.0462074,4.0653434,8.348012,11.42819,7.5252914,4.9808803,-1.054669,-0.79846776,-0.2765255,5.0125895,6.4451294,8.847303,7.9523354,7.933212,4.4965553,3.4283886,2.5320728,-4.381365,2.77166,0.18299985,-1.979836,1.4972328,0.4755932,-1.00173,-3.754009,-5.4204464,-7.378775,-3.7033608,1.9541452,5.444206,0.78662753,2.1177127,2.6134114,1.2786657,-4.945674,-1.1750107,5.8474274,2.80053,6.0043907,8.916643,1.1646512,-3.9731793,-2.7099886,-3.3265753,-0.5464969,-0.51158786,-1.9892038,-0.94720495,0.95877075,-0.31423914,3.7186296,1.9055063,-0.80032134,4.7363644,6.802249,1.608916,-3.3974009,-5.5440845,-2.0457299,8.451723,2.8716712,-0.84651434,-1.1086955,-2.3904166,0.52566177,-3.246027,-3.718548,1.7962748,3.8141828,-0.16851562,0.1703487,-1.1332775,-6.0241995,-3.5173774,-0.13762227,-4.494117,-8.444966,-3.2532978,2.7093904,1.5856402,4.749442,7.7365227,8.705771,0.6221482,-4.914395,-2.7455688,1.3809503,6.314191,6.561838,5.2761946,0.93879974,-2.259226,-6.1763573,-3.4939852,-1.6855919,-7.0068398,-12.572014,-14.108147,-15.560934,-14.272778,-13.536784,-17.641718,-13.603367,-3.3120708,6.4487867,11.155487,5.5417104,9.4598875,14.628612,12.446781,6.1225967,2.0879378,9.76678,11.082966,3.5412455,-8.290417,-11.413738,-13.735098,-13.293534,-11.989832,-15.071947,-16.753735,-18.974617,-21.472626,-14.794298,-9.896493,-11.056969,-8.210706,-8.048004,-9.540039,-11.78224,-9.03129,-8.970625,-8.0666065,-10.681614,-7.051427,-7.7739487,-7.9074297,-5.9372854,-8.169453,-13.266167,-13.308228,-10.336487,-12.028742,-4.8763695,-8.669635,-10.569244,-13.132746,-21.406445,-22.425858,-18.461502,-5.4246473,-8.605034,-9.175906,-11.314779,-21.42337,-22.607304,-16.392582,-17.286747,-15.907676,-10.11029,-8.538504,-6.196776,-6.5219727,-5.0801506,-8.211038,-7.56947,-7.679862,-7.236578,-8.430407,-8.252118,-8.87123,-10.164627,-7.9664674,-6.641092,-5.906337,-4.1089897,-7.1691623,-9.569788,-5.7716503,-11.127357,-13.240909,-9.566783,-4.558363,-7.962513,-12.182745,-13.109698,-15.833538,-17.098368,-13.633293,-11.698681,-12.803795,-10.378024,-9.830433,-10.381712,-11.692924,-14.191625,-10.279514,-9.865643,-10.148664,-12.430588,-7.86922,-6.4266624,-3.7549677,-4.8492403,-8.131949,-5.9733424,-5.9779253,-4.961693,-8.774633,-9.2769375,-11.335658,-10.321831,-7.3340416,-8.296986,-8.960478,-6.5218267,-7.535843,-8.919563,-6.884716,-9.243431,-10.538105,-10.360014,-13.892772,-14.365097,-9.2330475,-6.089863,-8.567727,-12.951578,-11.201214,-8.4093485,-9.176403,-10.000408,-10.422331,-13.21303,-8.81079,-4.2590423,-3.3565552,-7.9888353,-6.404633,-4.1614676,-6.205572,-9.339817,-4.1880074,-3.607831,-8.333841,-6.7547593,-4.9032063,-5.6991997,-8.6091175,-7.8471613,-8.532103,-6.8847713,-7.634513,-3.72581,-2.1505432,-5.9904866,-7.8490477,-4.449616,-4.332941,-9.0603895,-8.096359,-5.2662077,-5.1915236,-5.580589,-8.481231,-9.937719,-6.606349,-1.462626,1.091475,-3.3902812,-4.73662,-5.6558943,-4.567396,-9.177969,-2.3860562,0.7781403,3.9016585,5.625496,7.625071,7.331628,6.2419186,5.7231865,4.343653,6.625751,2.8518872,4.4091616,3.6751437,3.2041485,3.7266278,3.8740733,8.197529,8.651713,6.338089,3.048184,4.2530556,4.7336817,8.461022,4.2875476,6.0971394,8.307016,5.294805,6.6767826,3.8282633,1.1004384,1.0874372,2.8302078,2.5075278,1.9540179,-0.16365391,-1.3615465,1.0524324,1.4309112,3.2666407,2.161816,2.0839028,1.7393749,1.7648029,1.5042884,2.6994944,0.04865694,0.91554224,1.3153546,1.9846518,2.0940862,2.4906101,1.9918447,2.072974,1.5873222,1.0430635,2.007815,2.9621124,3.4930294,4.3523316,5.340699,4.1340218,4.245377,5.3462133,4.3774858,4.551879,2.6019902,3.3777137,3.5682476,3.0808282,2.4468777,3.1575804,2.8610096,0.4998478,1.6827488,2.2922597,3.8496118,4.058416,5.2572393,5.2927494,4.7883143,3.8963265,3.415132,4.313793,4.394783,3.7118964,3.966554,3.4239035,2.4249868,4.3087153,4.7541513,4.2995496,4.319833,2.9979687,3.6303148,3.5843859,2.566036,1.9492384,1.5126927,-0.3880452,1.0176201,2.3342767,2.863524,3.065396,3.4237103,2.7409797,3.0628095,3.138166,3.7644463,3.7272222,3.5453556,3.400211,2.7308488,3.4593263,3.2241797,2.9459329,3.8422103,3.701247,2.9331658,2.5588627,2.7988014,3.5064409,2.2749562,2.9281926,2.7119312,2.4298792,2.364064,1.8308754,1.592247,2.651506,2.5349822,3.6264386,2.8309834,2.515584,2.3061905,2.8789845,1.987376,2.0255504,2.078617,1.0884378,1.4062426,2.448831,2.9523795,2.4708593,2.6210032,2.3705492,2.317304,2.5635865,2.6582186,2.5647097,2.4747317,2.44911,2.433791,2.461447,2.5317845,2.435557,2.3298743,2.3026571,2.315062,2.2272282,2.2737522,2.139725,2.1042392,2.0674033,2.0206537,2.0307403,1.8584871,1.9672467,1.8527454,1.7938795,1.7676747,1.6178609,1.6912009,1.4900626,1.5361649,1.4369401,1.2821932,1.3730818,1.0768111,1.0430231,0.7941247,0.7702611,0.6416138,0.2419059,0.10191619,0.0,0.0,0.0,0.0,0.0,0.0,0.0,0.0,0.0,0.0,0.0,0.0,0.0,0.0,0.0,0.0,0.0,0.0,0.0,0.0,0.0,0.0,0.0,0.0,0.0,0.0,0.0,0.0,0.0,0.0,0.0,0.0,0.0,0.0,0.0,0.0,0.002424866,0.0,0.0,0.0,0.0,0.0,0.0,0.0,0.0,0.0,0.0,0.0,0.0,0.0,0.0,0.0,0.0,0.0,0.0,0.0,0.0,0.0,0.0,0.0,0.0,0.0,0.0,0.0,0.0,0.0,0.0,0.0,0.0,0.0,0.0,0.0,0.0,0.0,0.0,0.0,0.0,0.0,0.0,0.0
0.0,0.0,0.0,0.0,0.0,3.600769,4.2847834,3.1304927,0.9306133,2.3084965,3.3506382,2.6132097,2.2924485,3.8435297,3.2565596,2.5322685,1.4441416,0.9451423,2.1043327,4.3892584,2.783406,1.6143949,0.111353636,0.92013615,3.0742393,3.652439,2.3676596,4.0285673,3.9089012,2.6070209,2.1944785,1.7660093,2.6765013,1.7991997,0.60730773,0.27259004,0.8061383,3.1713593,8.087164,11.205654,6.3941274,-2.8869867,-3.8637133,-9.295504,-12.307264,-10.906101,-8.502317,-12.600656,-18.462772,-16.667475,-11.111877,-10.659077,-17.723698,-20.446789,-14.527284,-7.5746613,-7.344509,-12.021087,-8.818943,-9.18796,-12.12038,-9.731941,-10.160962,-10.655709,-4.3044405,-5.705158,-10.962397,-6.5053473,-7.613378,-6.551956,-12.262127,-16.354578,-6.445507,-9.9326515,-8.300529,-3.0243158,-4.171934,-3.9304466,-5.523724,-10.1703415,-11.747795,-9.418426,-6.7172747,-9.872751,-6.229066,-5.2360525,-9.377396,-11.719406,-6.0294433,-5.459952,-2.1460009,-4.9647384,-11.10556,-8.872419,-3.9634066,-9.661734,-7.4734683,-3.0984862,-4.256425,-3.792676,-6.2930803,-6.304126,-6.701763,-4.649416,-5.849921,-6.0020823,0.21129785,2.0229092,3.0121322,0.8064457,0.85190046,5.700177,5.4118385,1.8771117,1.9205024,-1.1491033,3.0018246,5.6098394,2.5876412,0.82648957,4.6316633,2.5031197,-3.7706277,-1.1251249,2.3594325,1.4520106,-0.96939427,-1.2301707,-3.0890439,0.39961737,3.3239098,1.265272,3.581595,2.9218824,-0.9375675,2.2738478,8.962853,3.3239496,-0.5812224,2.8307347,9.493715,6.3088646,2.8311803,3.3628523,0.03688705,2.1909404,2.919798,0.4561934,-2.5349536,-3.1281104,-5.2856693,-8.515371,-8.214819,-13.500851,-20.783802,-17.093697,-16.000433,-14.488475,-12.292213,-7.048894,-11.106129,-6.815199,-2.7342105,-1.9879825,1.0608977,0.9171261,-6.021772,-8.805155,-8.061247,-4.0733614,-4.6641526,-5.2536125,-6.2069817,-7.15491,-3.3390052,-0.21075335,-5.9558897,-5.385497,-1.2596862,-3.6320777,-8.15888,-4.9327707,-4.265999,-8.479705,-6.329563,-9.786416,-8.888065,-3.1822686,-7.661341,-10.878191,-9.070557,-11.772968,-17.156235,-18.759975,-18.812284,-18.212517,-16.228222,-18.653465,-14.960578,-9.859072,-9.877722,-10.755749,-11.140176,-9.4414015,-9.241382,-8.969611,-11.418551,-8.9993105,-7.711389,-6.6444616,-6.4933624,-8.11072,-9.805327,-7.667964,-6.794951,-3.0940475,-6.826532,-8.930931,-8.539192,-13.198462,-15.761461,-14.271147,-8.958138,-8.921949,-17.071121,-21.053217,-19.15002,-16.555386,-18.78099,-18.160597,-21.110634,-13.737566,-15.417193,-18.024647,-13.935895,-12.110041,-15.302883,-15.425786,-11.97674,-13.253347,-16.604946,-15.145651,-9.484402,-4.2430305,-1.9594557,-1.7452437,0.64564794,-6.406452,-8.532874,-3.2992644,-5.077187,-8.864607,-14.806032,-15.456496,-17.418491,-21.124113,-13.795099,-15.791901,-15.466565,-13.761871,-14.127304,-15.670411,-15.901539,-13.732658,-14.32889,-16.701874,-15.884614,-13.27351,-14.009351,-12.032322,-8.222195,-12.5755825,-12.273922,-11.484745,-11.2272215,-9.01849,-7.523327,-6.771055,-12.5539,-8.102136,-6.5519447,-8.283337,-2.540429,-9.637046,-9.190721,-7.417735,-15.672762,-17.633389,-19.031784,-22.345942,-20.075424,-16.790184,-13.769218,-15.854796,-22.342445,-17.667385,-14.297743,-18.749067,-18.405704,-21.090252,-22.947819,-23.796404,-21.754398,-13.560755,-14.590509,-16.817707,-17.066607,-20.978844,-24.354767,-17.82266,-24.13843,-24.171478,-20.831072,-26.453249,-24.15901,-18.11486,-13.326155,-16.51783,-16.397305,-17.759602,-20.760586,-18.145712,-16.386515,-17.59048,-17.699554,-17.456066,-17.651775,-19.242718,-14.540838,-14.841367,-18.179878,-24.605717,-20.633085,-17.664955,-10.685732,-13.089598,-15.399616,-12.463327,-14.960118,-16.711576,-10.369688,-12.170691,-11.846573,-3.892211,1.6353772,3.6933453,-0.5977924,3.2612243,5.1020584,2.9725094,9.183568,7.336012,9.6315975,13.569064,17.993803,23.6453,20.218122,22.304485,28.363598,35.700325,28.198896,26.804153,28.595406,29.2042,30.410501,29.664425,33.724136,33.915333,26.425129,14.501453,2.7453141,-0.029670715,-6.273839,-17.462435,-18.417372,-13.101028,-2.464957,3.9920857,2.73568,6.7677097,8.090254,10.850307,8.850908,8.931553,8.707611,7.7983136,8.033886,6.881592,10.980717,4.2537575,3.4420295,8.412945,4.792635,6.440459,15.8477,11.603386,2.9696527,6.717687,9.211187,10.037988,9.062615,9.259233,12.466494,10.56166,13.066122,15.523333,12.237413,10.215079,11.172716,10.686268,6.0826635,8.854229,10.204278,8.303691,12.688326,16.284554,12.173311,7.1831074,9.540897,9.601943,9.473796,9.821448,10.784253,12.7773485,8.971052,11.10866,4.6024923,5.93474,6.825431,10.388294,4.8498187,4.1865563,9.043861,12.612722,7.5884237,6.415042,9.768263,10.90406,15.028425,13.325257,13.432797,16.334997,14.831373,19.227169,18.318478,15.901448,16.37654,20.027012,20.199703,15.21718,17.003176,17.97694,14.1261215,12.077841,11.024679,7.8508844,10.538181,10.095053,7.952897,11.937179,5.7428403,-5.7856884,-7.20848,-7.495225,-3.0683975,-3.6542845,-4.3078876,1.3182846,4.2498097,0.75358415,-0.68519294,0.30847216,3.422533,6.0526667,4.106966,6.876248,8.564915,10.075984,8.342075,6.6482744,2.6100898,4.5591226,5.5185614,3.2829747,1.5602362,1.5404781,-2.5997334,-4.5113535,-1.0449255,-1.1168659,-4.943133,-10.519682,-12.71433,-14.211317,-13.374699,-12.041771,-7.4051285,-5.787864,-6.96881,-5.1096745,-3.6051064,-1.5969453,-4.6140356,-12.708303,-13.163541,-10.440728,-5.8397746,-4.1624684,-4.7576747,0.6315918,-0.32835972,1.0606668,-1.2169629,3.4446576,2.2519157,0.82264674,6.093042,8.390812,3.1652281,1.4224753,-0.1642012,-2.0650196,-9.364296,-10.442564,-5.3986607,-3.6262727,-1.5003322,-2.7533896,-4.4478903,-5.720886,-3.9981365,-0.52830815,2.713746,6.899729,5.0142717,2.9468298,4.1619215,6.159153,9.902282,6.715885,1.4943221,-3.4740353,-8.072475,-6.3135977,-6.308999,-5.2224603,-3.216556,1.0146296,3.2924552,1.6422967,1.4802221,1.3381834,-0.66151655,-8.249395,-9.836438,-14.457539,-11.283788,-4.957287,-4.726386,-1.5029199,-3.6115236,-3.6486146,-3.096727,-0.0055116415,-3.2907794,-7.9667473,-15.737143,-16.336983,-16.293976,-13.959551,-11.945837,-14.629593,-9.893792,-8.92658,-5.230934,-2.848621,1.3537048,5.111821,0.5942394,-4.8522863,-3.3456836,-10.675018,-10.152593,-6.5352583,-2.5185258,-3.046207,-2.0918345,-4.278266,-1.6008584,-1.1954002,-11.469199,-12.7108,-8.039642,-6.752516,-6.7365465,-2.8732033,-2.950386,-1.9610221,-0.012496471,4.0579166,3.568786,3.8766627,1.2318622,-7.948743,-9.903931,-6.223069,-8.356436,-10.952547,-8.5860405,-9.179164,-8.484901,-7.804783,-6.48006,-2.7444506,-7.4765835,-1.5097198,-0.726455,-4.20184,-2.1425323,3.9427233,6.9765234,4.07051,0.6932678,-1.6926904,-4.5672708,-7.2753763,-8.129666,-3.1025035,-2.208132,-4.383236,-4.040649,-8.262757,-14.666485,-10.624855,-7.7275257,-9.629408,-7.3676286,-5.413913,-9.297541,-7.461392,-6.9033055,-5.124179,-7.1684394,-15.25512,-20.440529,-18.81239,-18.849339,-23.221958,-17.968563,-16.68428,-9.920193,-7.0281687,-5.7265306,-4.7619305,-6.20138,-6.67288,-6.9146485,-9.751689,-8.0329275,-6.7628727,-4.715857,-2.4046655,-2.6979637,-6.5057,-8.319939,-16.516218,-18.532665,-10.679598,-10.385391,-13.352912,-13.594597,-12.118398,-15.4701,-12.590852,-4.6411905,1.3082325,0.6329025,3.4781961,3.6844134,0.9356899,2.5856411,2.7682838,4.361868,5.640464,3.5304477,5.972954,6.2379923,2.1774507,-0.2176283,0.8406116,-3.5370317,-6.6258016,-6.484803,-6.7033634,-8.28644,-6.3711233,-0.80664885,-1.7665113,-1.2573732,-4.849161,-3.5640173,-0.5103754,-2.55136,-8.147455,-5.9337873,-7.0658903,-14.406475,-18.788807,-10.6412945,-2.642681,-8.924289,-13.061663,-10.715123,-7.443556,-9.117064,-4.5351925,-0.032678723,0.011108518,-1.1034482,-5.723489,-5.388545,-7.4271297,-9.438467,-6.817265,-3.8909912,-0.764495,-1.9438066,-3.593721,-0.24005926,-3.569089,-5.635262,-4.9585667,-6.05344,-9.816414,-7.280873,-4.030364,0.86426115,0.8898532,-5.2784615,-3.1496215,-1.2961037,-4.0698495,-12.585981,-12.06022,-7.515709,-6.3717556,-0.95480645,-0.49948797,-2.9246376,-0.76519966,1.0596958,2.8363705,4.3415494,3.764426,6.407825,9.134391,6.9622474,7.935298,5.5007033,5.6905527,2.379921,5.244314,7.0121965,4.7989445,7.0365105,4.356744,1.0844631,-3.9639318,-7.21115,-6.3908396,-12.546911,-13.100161,-3.8998961,-3.6848838,-7.7405486,-4.6787457,0.58116996,1.4661398,3.5885644,3.0608592,-1.5312128,-2.853532,-6.1057167,-9.532383,-8.36666,-5.235693,-2.990175,-0.8283403,-2.7251148,0.7327836,-0.74583,-0.762269,-5.8911066,-5.3397784,-6.778589,-6.1069474,-6.7891603,-2.4035614,-0.54536086,-4.1245227,-7.602265,-6.9398327,-5.17572,-5.9693832,-2.545039,-0.34226486,0.9582044,2.8376281,3.402875,6.673779,5.784729,-0.143018,-1.7720411,-1.459609,-8.088358,-14.757716,-16.056442,-15.681112,-13.0285225,-5.447981,-6.4984846,-7.4394617,-1.3082817,-4.541602,-13.534891,-18.36765,-14.919952,-10.359794,-4.901693,-6.874214,-10.663887,-15.133478,-12.093783,-6.9809875,-9.606027,-14.316448,-8.368455,-4.6496305,-4.778269,-4.0276566,-4.596528,-9.33324,-12.545458,-12.45866,-16.962936,-18.003174,-16.731333,-16.631329,-15.13815,-11.541341,-14.507899,-16.550999,-16.263466,-8.018312,-7.4939575,-8.792448,-4.154325,-13.044604,-17.023916,-8.136108,-5.3403234,-12.493173,-19.488407,-23.05712,-20.111347,-17.269104,-20.91949,-22.35315,-19.642422,-14.418446,-16.314802,-18.892365,-17.59821,-17.088757,-18.301464,-13.905041,-14.660597,-26.519253,-27.14447,-24.04898,-22.665123,-25.339294,-24.934044,-24.143414,-24.419687,-18.724117,-13.633691,-14.220568,-16.500206,-20.623032,-20.715792,-18.262444,-19.47453,-19.158731,-19.563955,-18.554466,-14.831891,-12.741207,-8.281722,-7.8035808,-7.318219,-6.9757185,-1.9427314,-7.0022144,-7.6290116,-4.384175,-2.6407604,1.4885406,2.8371224,2.71308,7.0199223,4.1728854,1.4277108,0.24560416,-1.7423916,1.4068387,-0.61476815,-0.06501019,-0.45576358,-2.6205144,-3.3471026,-5.593568,-4.3705997,-1.3103185,-0.94452,0.44157794,0.94070625,0.8280691,0.2005933,1.3931848,3.9433177,-1.3848759,-3.274115,0.34270054,1.3945873,-2.0277019,-4.0655513,-5.9844513,-11.359894,-14.602842,-10.256494,-7.9275455,-11.992052,-13.477275,-10.467421,-8.759474,-0.850231,0.4631126,-7.292939,-12.28745,-7.747789,-0.8980847,-4.7530622,-7.1984463,-3.0124116,-3.167331,-7.38218,-3.0938616,-6.2889404,-11.785952,-7.0757084,-13.699787,-21.971832,-20.817244,-18.227077,-20.590948,-20.40782,-15.866203,-11.676697,-17.710865,-19.655045,-13.327984,-6.467665,-0.29154164,-1.709029,-7.5825276,-9.076284,2.508524,3.557982,5.2508774,-2.6623704,-13.987352,-14.41678,-18.262936,-17.749416,-16.307022,-17.215424,-15.725395,-18.110428,-13.260675,-18.299807,-28.365936,-24.425564,-17.885551,-17.439495,-18.502718,-19.496014,-20.736588,-23.754347,-17.201221,-15.601754,-18.912971,-14.455886,-11.37767,-13.522718,-18.105692,-18.138008,-11.528185,-7.823531,-8.443323,-7.94318,-10.729069,-9.723488,-10.590672,-8.64395,-8.133956,-8.4841385,-1.2716978,-4.125157,-8.578285,-13.653502,-10.91341,-8.64809,-1.6067865,0.7015373,-1.4134665,-3.0612664,-4.1780515,-7.7057204,-17.590515,-15.7644005,-14.226101,-8.478214,-5.750601,-4.200802,-11.02532,-11.210359,-8.324039,-8.274534,-5.8098326,-3.0054197,-8.319846,-5.437422,-2.2765727,-6.9560685,-9.489438,-4.5831885,-4.3616405,6.7635436,7.2086315,5.418589,8.615093,3.6754959,1.5344641,1.6061902,-0.17847264,-2.6042788,-12.649313,-15.492155,-13.302289,-13.172945,-14.400286,-21.87717,-22.014805,-17.065985,-13.387403,-16.139889,-15.066835,-16.562344,-6.8279877,-6.325558,-4.941935,-5.855768,-11.750855,-12.331823,-11.825981,-11.0692005,-7.6775274,-6.495117,-4.946147,-7.803554,-8.837371,-8.736369,-5.148486,-5.1728573,-3.6199055,-4.9214683,-3.1809268,-3.7801952,-2.9132075,-2.8427143,-3.626463,-7.7715874,-12.800566,-10.089685,-9.723448,-13.171984,-16.178638,-16.433218,-19.391235,-13.978029,-11.28726,-4.9292264,-6.0952563,-4.3542657,-7.421151,-7.2157116,-7.499095,-8.341866,-13.823454,-12.628311,-13.392295,-18.114735,-20.745033,-19.465012,-15.933237,-11.472687,-10.708534,-5.5373573,-11.6936455,-17.157562,-18.170336,-19.549068,-22.869198,-22.253471,-21.719315,-17.605469,-19.680454,-18.38012,-9.043074,-8.717307,-14.606272,-17.675323,-10.421331,-4.424019,-9.770346,-20.559757,-22.757442,-20.627281,-16.333681,-17.673164,-29.605583,-32.807068,-27.868439,-21.961557,-24.213886,-21.30646,-20.337523,-18.014751,-16.037777,-19.811695,-14.628551,-13.962121,-15.873174,-15.496205,-17.410322,-12.268149,-18.139528,-22.113455,-19.432953,-14.972557,-19.644615,-20.702885,-20.57457,-22.708708,-19.55603,-18.796585,-18.788624,-21.846502,-24.320942,-25.824007,-17.376137,-15.678067,-16.053879,-16.531445,-12.380496,-16.657768,-18.99594,-21.68808,-24.71772,-20.286217,-18.51239,-15.297136,-16.815605,-17.732164,-20.81591,-21.078154,-20.688366,-22.66837,-21.427893,-19.373411,-15.685803,-21.189203,-23.87953,-27.286905,-25.099483,-24.90586,-21.461714,-20.264439,-14.699119,-13.391752,-14.469865,-13.426973,-12.062708,-15.308799,-10.746946,-5.734771,-3.808728,-3.0253422,-6.06967,-5.2900786,-5.300103,-11.398022,-3.4600043,-7.637666,-12.545112,-9.797136,-5.0597534,-6.6639776,-12.346735,-11.533701,-10.989,-14.007767,-14.623791,-10.221748,-7.246382,-12.652348,-14.426062,-9.321032,-8.0883045,-11.28892,-12.861004,-9.493369,-8.938622,-4.9288573,-2.505748,-4.278682,-2.979528,-3.7098012,-1.9628472,0.94455713,2.4676392,2.6937554,-4.7966576,-8.406662,-6.5485277,-9.248589,-12.998633,-14.3555565,-14.3753805,-16.319132,-10.276979,-3.5992727,-6.666518,-11.724878,-11.209528,-12.395506,-13.40782,-16.209808,-14.1644535,-14.00364,-15.772514,-14.029211,-10.9879265,-12.28915,-9.971495,-14.230505,-13.670007,-15.376977,-8.859741,-11.356594,-9.305838,-7.5652323,-8.841291,-4.9190044,-1.7260859,-1.9178445,-9.395771,-11.383876,-12.3288,-12.448891,-19.145708,-10.62661,-2.743628,-4.748743,-3.7158418,-0.6406437,-2.0370734,-5.842124,-4.050312,-1.8580381,-3.4403596,-1.8050194,1.2079569,-0.28089523,-0.51176524,-9.58905,-13.807749,-13.99085,-15.263023,-15.829632,-19.95639,-18.905685,-14.83684,-9.608984,-8.891639,-9.011191,-8.155658,-14.28124,-10.357193,-8.626322,-4.8096414,-4.0646734,-7.004748,-1.9053288,-5.2152405,-9.33242,-9.012089,-7.9751577,-14.64122,-13.272818,-19.180714,-21.04845,-12.727515,-8.918219,-3.9746811,-4.51865,-3.6460538,-8.062946,-13.4060545,-22.126389,-25.781437,-24.8186,-18.557384,-9.929237,-11.683551,-8.31183,-3.5595033,-5.4901676,-7.729891,-9.958043,-6.0777626,-2.0602782,7.989541,8.960857,1.6676412,-2.8096871,-2.892156,-3.5028563,-6.1736174,-11.730182,-11.639136,-17.622692,-23.630047,-21.981377,-20.13159,-15.659567,-15.332006,-11.011848,-3.670118,-4.702778,-6.865733,-7.841168,-6.455096,-9.811136,-13.400549,-11.244491,-14.44982,-15.308345,-18.606758,-18.474552,-13.332453,-14.738052,-12.747302,-12.830981,-11.990364,-8.750965,-9.803887,-9.684706,-4.956114,-2.6774888,2.0112536,2.372979,-4.1062074,-0.6765194,0.2861278,-4.933072,-6.41458,-9.212977,-8.488424,-7.4804444,-3.7901754,-6.5161443,-12.058525,-10.639299,-4.8043137,-3.589333,-7.0737195,-10.257702,-12.890371,-9.547245,-7.6693163,-8.086565,-3.2765784,-1.9173881,-5.5290666,-7.175197,-6.6557527,-9.873806,-8.498743,-4.7042303,-5.2180886,-4.56623,-4.9214525,-4.6661997,-2.757307,-5.0863247,-9.416941,-4.2871804,0.36107677,-7.1127257,-12.335289,-14.941097,-11.090757,-7.3927393,-7.1874623,-6.7630405,-7.18534,-10.141776,-10.617335,-7.9017887,-10.887386,-13.45083,-8.984879,0.34976417,3.0640328,-3.421485,-4.1961718,-0.9310947,-3.5519085,-3.8306477,-3.0216532,-4.2129292,-2.914731,2.041689,3.1222663,9.2260475,14.319342,8.777117,-0.6350192,-0.37433964,-0.35218248,-2.449009,-2.165457,-1.1125542,-4.8622236,-3.1896858,-13.193411,-9.2114935,-0.66210234,-3.5500574,-7.263196,-7.452499,-3.4514413,0.5977177,-0.549621,3.1789436,3.4824514,2.550686,-0.50414354,-4.0797505,-9.7052,-13.092363,-8.830814,-3.400053,-1.3958697,5.4401712,8.686021,-1.2652009,-5.0962496,-3.0804954,-3.963005,-3.107372,2.7708473,0.21293467,-0.93945986,-3.7693915,-2.04125,-6.5962515,-12.581707,-17.504528,-12.13303,2.5493355,1.3249853,2.7806277,2.621221,2.354837,5.2478557,3.8343725,4.3122377,1.9750537,-4.173367,-13.089826,-9.096575,-1.2086222,-6.3881693,-6.581871,-5.0028324,-7.4958963,-14.427536,-15.118284,-9.778328,-6.7287393,-9.1514,-13.52228,-14.591256,-13.197388,-14.0161915,-11.968186,-7.4413075,-9.476612,-17.16174,-17.73238,-18.267075,-11.037717,-11.685133,-6.005008,-2.939085,-5.6591964,-9.143415,-11.679559,-13.107265,-16.324017,-14.847427,-11.151846,-5.3461537,-7.4724164,-7.3765,-8.4265785,-11.150379,-13.693041,-13.397562,-10.323287,-11.050982,-13.251589,-9.080151,-6.851084,-5.6248636,-3.0636885,-4.13533,-7.6178102,-9.5393715,-10.335359,-13.080421,-14.932885,-14.618145,-12.833501,-8.057269,-3.5277982,-6.2394347,-5.525939,-4.974001,-8.630835,-9.383257,-7.7059097,-11.853581,-11.968096,-10.39028,-9.117267,-8.179541,-13.063938,-10.560071,-11.611481,-9.446367,-8.0960865,-7.2805357,-5.9010515,-7.647583,-9.332796,-7.621684,-6.6986814,-11.939966,-8.86717,-9.735874,-12.002646,-11.185719,-6.28504,-5.9058056,-9.354516,-8.803148,-7.902565,-8.329884,-8.373064,-8.864225,-12.122695,-10.485016,-3.992065,-3.6246738,-5.9097943,-6.6878586,-4.7898836,-3.8748977,0.9807322,2.0464468,-2.7584672,-7.97323,-10.503512,-8.504278,-9.230905,-13.980549,-15.160784,-8.999561,-8.081808,-8.239042,-5.0649095,-1.0698526,-0.93063605,-4.087471,1.038945,-3.0114274,-7.4753876,-11.133984,-7.498535,-0.5103111,3.2243342,-2.5335512,-2.4305856,-0.47949073,-2.1060925,-6.9140415,1.6027969,9.054379,8.935614,0.27879512,-4.6329126,-3.0158038,0.28242385,2.287145,-0.23006192,0.801937,2.4461064,5.791457,6.254177,3.655559,4.986444,3.2983425,5.7122145,3.600216,4.082124,4.669221,-2.1441507,-7.6341143,-8.379441,1.4578698,-0.07513416,-5.2745214,-3.202877,-10.774269,-6.821236,-5.8372846,-6.037509,-6.789235,-6.623351,-3.3742557,-3.302607,-4.482012,-5.3010106,-1.8607888,-5.2829666,-4.6543884,-2.1718478,0.6033666,-7.5991206,-11.053426,-4.539593,-7.4905257,-4.293152,-8.048243,-7.798303,-8.591455,-11.460352,-12.841589,-9.579281,-7.006568,-6.402734,-3.5656278,1.654515,-0.16537416,-4.7225795,-7.0568757,-5.7463436,-5.5247855,3.8212771,12.464119,8.43062,-6.3394914,-12.87796,-16.91958,-15.753121,-11.939601,-3.0089266,-3.3174396,-7.494993,-13.356961,-17.453936,-13.477886,-8.848383,-9.634558,-10.060777,-8.7345705,-3.97294,-1.2530785,-0.27642643,0.24091661,-5.3563566,-5.9846735,1.8535975,2.5772576,-9.103301,-15.612955,-14.011905,-6.732709,-2.2760587,-0.33966374,-1.8603396,-1.2827709,-2.1083405,-9.057894,-10.558371,-5.3396354,-3.3045073,-0.59557295,-1.5794805,2.2872093,8.35854,11.160922,4.7109823,2.634037,6.2913384,3.569268,-1.5166639,-0.3083428,-2.6073377,2.3740225,4.1669784,-1.8140062,0.98894507,-1.1314478,-2.6848779,-8.394033,-13.60159,-17.75327,-19.965483,-11.555496,-8.909109,-11.439825,-3.2153826,4.4840884,10.6278105,9.631319,2.137773,-0.6881888,1.0455216,-2.6266842,-0.9525012,6.085389,-0.113872945,-0.104545206,2.795912,-0.7359575,-6.030554,-2.5229278,-3.0374303,-7.068135,-11.671928,-10.867998,-14.611513,-16.817886,-17.00836,-13.4902115,-4.3929358,1.55653,0.7794516,-3.0978658,-6.0022297,-3.1856775,4.2127137,10.015022,5.8201156,3.4692097,5.9055705,1.146205,-7.2426176,-5.550709,-3.6153243,-1.6531818,-1.2752576,-7.150662,-9.871967,-10.357114,-9.705342,-9.097709,-5.830964,-7.3648615,-14.739134,-10.508484,-10.319201,-13.37471,-10.413692,-13.489317,-12.651019,-11.344933,-9.553925,-1.1156325,1.2503294,-0.44879982,-8.3654995,-13.953468,-16.128412,-10.531143,-5.063357,-7.2695017,-6.914759,-7.0897245,-17.247467,-15.098583,-10.156347,-4.8280096,-2.94936,-10.433447,-12.470492,-10.505039,-2.8341951,-4.9089546,-1.323751,-2.988011,-8.576344,-9.626381,-6.099334,-6.8351197,-8.722193,-9.073492,-2.6404934,2.7628355,8.873236,7.860367,8.559237,-3.2432218,-2.560409,2.7118144,4.564619,4.473663,2.101177,2.647803,1.4219127,4.654954,5.9175434,10.023386,2.553112,-5.024578,-8.1215,-11.614531,-10.931103,-6.2261415,-2.767229,-6.049782,-1.5725142,6.0517197,2.1449401,-0.3191929,1.4684596,-2.183467,1.8046725,-3.1051416,-6.187969,0.31562734,-1.1052635,-1.2893579,-2.4914565,0.21404433,-3.4287558,-8.291571,-5.5778465,-0.90012586,0.7756306,-5.152938,-6.36298,0.34341836,1.5821674,-2.8331962,-1.9390819,-4.7237377,-5.742031,-1.7037559,-1.6192534,-5.0534086,-6.8055863,-4.194966,-5.5115986,-0.2699244,-2.0678344,-8.321177,-9.020115,-7.2944245,-6.762756,-8.245847,-11.355925,-13.537771,-11.436174,-13.141645,-17.125603,-23.722494,-28.260735,-25.616678,-12.295174,-5.3517075,-5.003699,-3.2031765,-8.884285,-17.00182,-22.363518,-16.717098,-15.994418,-12.783248,-15.418478,-20.770332,-17.473078,-17.520277,-18.072376,-20.95126,-21.030489,-14.803186,-11.970512,-6.123205,-4.3410225,-10.7302065,-15.560499,-12.730396,-6.978363,-4.654273,-7.175105,-10.194126,-9.365185,-10.1195965,-6.3073893,-7.6366415,-8.520816,-9.813942,-13.784706,-16.569105,-8.605731,-6.511429,-6.0642843,-9.316469,-11.736008,-10.245695,-11.572895,-15.897089,-13.971344,-13.068672,-15.013495,-15.651323,-14.711529,-16.5194,-12.745237,-9.553619,-9.18474,-7.6097317,-6.1010027,-6.4243717,-5.6852098,-6.096445,-8.324831,-6.9931126,-8.830709,-11.278652,-12.008846,-11.1105995,-11.352822,-8.264381,-6.783597,-11.3042755,-13.251863,-8.776649,-10.245552,-14.6875105,-19.760317,-23.80029,-23.006878,-17.771002,-16.581272,-14.638271,-13.929291,-10.862083,-16.588087,-22.545403,-20.169493,-13.95051,-9.90179,-11.294894,-10.525969,-6.138843,-5.7862053,-4.101963,-6.921041,-2.9520807,-3.874779,-9.86644,-9.393253,-7.4942694,-10.314371,-9.8724375,-12.925911,-13.571099,-14.013956,-12.438032,-4.693888,-5.726246,-16.619005,-16.796753,-12.768737,-9.527133,-10.601791,-17.514717,-15.606652,-8.490452,-4.8852077,-2.098968,3.7611265,5.9373198,2.9835877,-0.99657154,-3.764873,-8.704039,-9.828405,-7.1101418,-4.49242,-3.1092978,-6.8046384,-14.73652,-19.39883,-15.796732,-13.642338,-16.36458,-16.353218,-17.592148,-21.72261,-21.439117,-15.630981,-8.1017885,-6.7723694,-8.818645,-11.27001,-10.574903,-9.9323845,-11.808126,-13.846959,-6.6224146,-3.9814231,-3.759908,-3.9749622,-15.109044,-14.526651,-15.276495,-12.239282,-13.88165,-9.265245,-11.153824,-14.427117,-15.511066,-12.151474,-9.766832,-9.88841,-8.818793,-19.731676,-22.215122,-27.669052,-33.824707,-37.224464,-27.82862,-11.890439,-2.344399,-0.5352683,0.70542383,2.6210945,4.4587073,0.8562434,-0.022177398,-3.0012796,-5.8767242,-5.650462,-10.236942,-12.536251,-17.22155,-17.363106,-18.731005,-21.120134,-17.616882,-22.795044,-20.376022,-11.355882,-15.883036,-20.212606,-22.70565,-24.486362,-22.164764,-18.31815,-8.653054,-5.9751368,-8.826578,-6.8695664,-4.1032557,-1.5860978,-2.184742,-9.852251,-13.542894,-14.807528,-18.21313,-17.63093,-14.715348,-10.901194,-6.04378,-3.9985914,-11.273254,-24.009836,-25.214634,-19.492847,-16.37681,-25.763268,-25.515211,-15.540763,-16.841036,-11.883989,-5.3380046,-7.750436,-11.276556,-9.657824,-14.14143,-13.280774,-7.4106483,-6.672023,-6.836939,-12.08614,-14.746226,-12.024262,-6.3562145,-3.725555,-7.110964,-14.750328,-20.306416,-25.078825,-28.336048,-31.226093,-25.17741,-21.033066,-22.351952,-24.080902,-20.727253,-14.655001,-8.3417845,-1.0991576,-7.695917,-7.998161,-7.3164234,-12.590651,-14.139336,-16.04848,-15.074142,-17.18306,-19.95203,-21.988028,-21.933064,-16.927198,-10.756152,-5.9337397,-2.664938,0.033600807,5.023241,2.3224354,-0.50093174,-2.209554,0.41382307,2.109834,1.4560847,-4.1085086,-6.129054,-7.4445534,-4.3265085,-7.8588696,-8.925079,-12.508638,-6.8326855,0.7336948,-2.6690464,-7.0815897,-11.993301,-9.352864,-5.2234373,-3.1500316,-1.137692,-3.4270184,-3.9949887,-3.9976819,-2.9648838,-1.1838424,-3.120389,-5.0116196,-5.926227,-8.168552,-11.531918,-6.371111,1.6628029,-4.4792876,-9.122231,-8.193703,-1.5728388,-1.5371913,-1.0885415,-6.6620064,-8.534565,-6.75453,-0.6008636,-1.2029637,-3.104494,-7.173171,1.3560001,3.8194966,-5.402451,-8.397545,-1.3925736,4.713596,-1.8595797,-8.107988,-6.5458775,-4.667883,-7.558126,-7.7916994,-7.5924244,-2.281423,1.6785121,-1.433813,-2.449745,-1.752138,-2.9983573,-4.6912336,-4.4080224,-7.6153855,-10.710051,-9.827345,-8.105992,-5.7163877,-8.394366,-9.61601,-3.5706573,2.2374687,-2.773173,-3.7136326,-2.7791326,-1.7160063,-0.70900667,0.6227703,2.1428945,8.199231,1.7417371,-1.4556184,-4.4897738,-10.932608,-8.404303,-8.717668,-9.712673,-8.765347,-13.251014,-11.075459,-6.419126,-5.085446,-7.3737383,-5.151743,-6.201216,-11.311605,-13.157759,-9.50246,-9.637865,-7.088522,-5.8503766,-8.089449,-5.985466,-7.4656625,-12.412413,-11.614307,-2.4968133,2.4696054,5.2594786,-3.271728,-5.729224,-1.042942,4.0791874,1.2162659,-4.6024923,-9.188522,-13.824603,-18.86584,-16.913666,-16.425125,-10.529492,-9.248503,-12.65646,-14.283417,-13.849996,-15.532015,-16.544851,-16.646397,-13.637667,-16.29589,-16.288898,-7.027093,-7.357652,-7.3151617,-5.7115583,-7.89421,-12.720949,-13.962374,-12.033884,-8.821899,-11.254203,-12.191438,-10.572971,-9.952796,-9.486378,-8.880877,-11.229557,-10.972824,-8.434458,-7.5474133,-10.897905,-17.932034,-21.107332,-20.124151,-16.114908,-14.903961,-11.946037,-12.221378,-8.410124,-7.694495,-6.5938816,-6.861893,-12.705848,-13.947838,-15.649078,-11.418698,-11.665616,-10.64875,-8.219652,-8.085473,-7.9868526,-9.529552,-9.518392,-9.727029,-17.266708,-14.517237,-11.767361,-11.623317,-12.506647,-9.093306,-5.7091637,-4.378024,-9.0390625,-6.1996107,-6.083376,-4.7430615,-1.984065,-4.9760604,-4.104123,-6.11767,-3.6789515,-0.82986856,-3.8559709,-3.8978875,-1.9100808,2.074934,-0.44504493,-3.5372963,-2.7676942,-8.391806,-14.31296,-14.93651,-8.692543,-3.196527,-8.29554,-8.315594,-3.989921,-6.7755938,-3.8318124,-1.1841618,3.0350912,-2.2653608,-5.398591,-7.35729,-6.0600896,-0.20456867,-0.8662983,-1.0034034,-1.034746,-0.56778854,-2.6785903,-8.853832,-13.112095,-9.687536,-6.54516,-3.891048,1.5749552,0.36888134,2.1113706,-10.532939,-14.428773,-11.081285,-10.011606,-11.669194,-5.5005455,-6.2808714,-4.845335,-7.666525,-7.069164,0.030936502,1.8123604,-2.782878,-5.218895,-8.21365,0.16695654,-4.3545933,-3.67075,-4.2833285,-2.4901528,-2.1642725,0.81212825,1.7756112,1.9099088,5.497726,5.509699,4.086091,-3.9330945,-7.2214336,1.1146399,0.71841836,-0.91070044,3.5862541,-3.2549987,-4.6902304,-0.8485061,-2.1123834,-4.281827,-3.5484643,-2.262679,2.2276192,-0.5918966,-3.3752353,-0.17355627,-6.679105,-9.398817,-5.441232,1.1370255,-5.4257593,-4.4475718,-8.466734,-4.678133,-6.040413,-0.23920768,-2.4898767,-7.7530537,-5.092442,-9.062078,-11.802605,-9.154324,-8.855856,-4.865258,-9.196319,-11.9543495,-10.222996,-9.925138,-7.3701525,-4.8846693,1.310681,4.8251553,12.545849,4.3440175,-9.763842,-18.249168,-18.137363,-10.634666,-7.337473,-8.795235,-7.2131147,-6.419936,-11.2607975,-19.960102,-22.991402,-20.544937,-7.5437593,-5.1591716,-9.424732,-11.339518,-14.411253,-14.574669,-11.383686,-11.151705,-11.719812,-11.375473,-14.784745,-13.980197,-14.392277,-19.43485,-23.26634,-28.409988,-26.495813,-16.77666,-19.813128,-25.791037,-24.51725,-16.524635,-10.759927,-6.8013806,-3.62937,-5.9203153,-2.214509,4.363138,4.1869836,9.953853,8.242275,11.835667,17.83297,20.205412,18.413185,11.520864,15.399891,16.41058,9.424025,2.7324977,-6.077037,-11.803602,-9.615463,-11.661776,-11.727398,-6.777804,-5.0752254,-7.2527676,-7.268382,-8.830346,5.4812474,9.833218,6.65388,-0.2667967,-3.5652232,1.2614369,1.8041556,-1.2687749,-1.7193226,1.0794783,2.463032,-2.621924,-4.820321,-11.464363,-16.707096,-13.740103,-11.076608,-12.589188,-14.170353,-4.5674,-3.3669596,-8.745294,-5.704304,1.6714382,-0.99345016,-4.9312205,-6.7118587,-4.95425,-8.731829,-5.561409,10.429016,24.78094,21.394838,15.072994,16.845243,16.500889,13.283897,7.5534286,-0.54392445,-7.524063,-2.3418088,0.1897242,5.1316423,1.3202448,-6.851943,-5.9627724,-4.842235,-7.96356,-6.74856,2.8440714,6.183045,6.6044645,-1.1912854,-1.1511811,-1.4009795,-4.660276,-1.701364,-3.12972,-7.7048025,-1.8302178,-7.8184614,-3.3226252,-4.885376,-10.061414,-15.515856,-14.91132,-13.418923,-18.84549,-19.473701,-13.378436,-13.264902,-11.352348,0.117359936,-2.618739,-11.521046,-12.965832,-11.905464,-6.239567,0.4225105,1.4954329,2.844081,-6.9108725,-6.103858,-2.8880377,-7.8390155,-11.414749,-6.113861,0.5500193,4.014349,7.8660474,10.011463,11.751926,-0.3750416,-1.0508293,3.4794292,6.5651445,2.0853329,1.3549179,-2.345564,-5.804303,-4.2060237,-4.0618978,0.73606586,0.05419755,-7.351879,-10.701863,-12.795175,-8.719204,-9.159372,-2.945661,-1.7554071,-2.3247335,-9.051119,-11.529148,-5.981595,-6.948687,-5.599434,-6.060924,-2.9501553,-4.5241184,-6.638133,-4.2625446,-4.125391,2.2093344,3.0666904,1.6774435,4.884635,14.0606365,20.761917,28.587269,31.538513,32.30035,29.476212,26.06026,17.071901,4.5209293,0.88857585,0.21894264,-0.9990898,0.47264314,4.44547,7.089712,3.797074,-5.6915894,-8.796299,-11.475757,-4.9092894,0.029327214,-2.983155,-8.358467,-7.699893,-5.493351,-3.8043988,-11.591972,-16.912012,-20.028427,-18.356195,-14.216141,-8.568636,-8.458575,-10.592654,-6.347254,-8.814305,-11.365458,-13.885891,-17.95391,-20.641468,-20.772808,-23.662613,-21.044664,-18.676731,-14.370088,-14.213942,-13.228243,-9.300714,-9.061135,-0.25140393,10.753622,14.694249,20.35862,20.006739,13.664507,13.580961,12.0277,5.569276,0.2713922,-3.3535933,-1.3240799,-4.568588,-6.940981,-6.6150675,-1.1901077,-2.1854658,-8.691346,-7.554245,-4.9512215,3.1122217,8.623531,10.502837,1.5366051,2.6785831,6.765319,10.076654,13.779686,6.2098837,3.3401158,3.08601,-1.7790513,-6.3275547,-4.2103252,-10.554626,-24.245886,-24.673077,-25.804543,-19.135197,-11.462499,-10.717253,-11.844018,-7.504025,-6.824233,-2.5428638,6.438887,12.993629,12.936558,10.835266,17.99654,16.665947,15.058852,9.778315,3.68888,2.3034077,6.8435726,11.965888,-1.948525,-8.118926,-1.9365497,-0.9201413,-4.4030337,-3.905664,-2.3915691,-5.951563,-6.374534,1.5506977,6.28916,5.201359,-0.1236251,-0.35365516,-0.888916,-3.1990342,2.468339,2.2545433,-0.18415344,-4.543522,-8.593142,-7.6238775,-5.312749,-4.9431458,-1.1319695,-1.8936112,1.1288862,-1.6342877,-3.7233124,3.6658425,0.17123961,-4.7629514,-4.82854,-7.649027,-8.670096,-7.240056,-5.8144536,-4.3742266,-1.1797628,-0.12939659,4.3605137,6.203062,3.7541718,3.4800131,-2.4853878,-5.9758754,-0.24912369,-4.270059,-4.307643,-2.91439,0.6328841,-2.5316968,-3.3452291,-3.645409,-5.875518,-3.1148193,-2.619491,-5.5302057,-2.704437,-2.3610077,1.1242828,1.665776,-0.73989743,-2.1971505,-2.3735015,1.8284475,0.76957107,1.8986528,8.738628,1.8103008,1.1045759,2.3139164,-9.169318,-9.882095,-8.11309,-0.7589675,6.4554076,6.675764,10.368675,4.0606756,2.0242167,-0.75789666,3.005886,7.631254,10.1406,2.731037,3.129018,8.4050045,1.5046146,5.4741573,9.918867,9.052604,9.086303,10.692823,12.561768,6.560216,8.654825,4.4183564,1.1971096,-0.52200556,2.5221882,13.290409,11.962488,1.9891796,-5.958829,-6.1870265,-6.1459036,-8.157139,-6.3868084,-2.5465655,-3.4895008,-5.298756,-6.574548,-7.575736,-8.909075,-5.340481,-3.160709,2.8561282,0.20126174,-2.0462089,-5.596303,-5.46875,-7.837055,-13.81382,-15.825872,-16.069355,-15.385415,-16.555952,-14.553429,-20.885914,-20.007542,-16.134247,-14.358021,-20.146921,-18.687836,-11.520084,-8.601334,-1.7632468,5.474882,14.576523,20.737095,23.092459,21.703274,13.782896,8.774278,5.6057115,3.4778242,-6.706023,-16.311958,-19.365932,-14.362635,-10.696146,-13.347109,-16.715422,-14.645781,-8.973278,-5.0065546,-5.654822,-1.342905,0.018574178,-2.4603422,-8.022003,-7.5762844,-8.153784,-6.462822,-7.1245112,-11.64663,-13.94359,-14.660357,-12.45068,-18.636356,-19.184227,-11.72043,-15.720608,-22.76181,-27.389801,-20.243774,-16.496534,-17.571653,-13.7167,-2.1814816,2.5502508,0.13249934,-4.8244505,-3.5763428,-0.2380631,7.7282925,9.475933,13.102312,19.522068,20.805227,19.209946,18.167381,13.897625,14.817951,9.452694,-9.147783,-17.726849,-18.03034,-14.577656,-6.6111574,-10.621998,-10.732248,-9.954107,-10.183087,-8.806032,-2.0164876,0.86849445,2.4290512,-2.4844503,-5.446321,-7.5994716,-5.646046,-2.8528342,-0.06522231,-7.4874935,-8.280215,-1.2656775,-4.203278,-16.253445,-19.349358,-18.324802,-18.122902,-14.034909,-10.035598,-16.206457,-11.484255,-4.933419,-9.417788,-10.22246,-8.725149,-8.558501,-9.702057,-8.634576,-10.233061,-11.11367,-10.917681,-10.424682,-9.55073,-8.488417,-8.17536,-8.390894,-6.470774,-1.5549041,14.9793415,14.622171,13.261166,15.596491,14.485556,12.109302,6.8466697,6.5938272,3.1696324,4.3589253,11.1170225,12.877874,11.094986,3.6004243,1.3076975,7.110022,11.068441,11.705669,12.985283,11.931641,10.865555,8.077387,9.936885,3.5289063,4.3012924,6.378289,8.6996,8.172647,11.409106,10.39941,14.741413,20.36251,15.679306,15.024827,19.02879,18.221375,18.763535,23.882973,30.018616,26.425781,27.83095,31.496983,39.256466,39.53522,28.68306,22.542103,10.02351,1.7357535,0.1839912,1.5024829,0.16293156,1.2827601,0.48799324,-0.51766497,8.734046,6.21006,9.211824,9.500626,10.651631,7.349985,8.148943,8.476313,7.9299154,1.4901766,-3.5973425,-5.344934,-5.257181,-3.1614225,-0.33035994,-2.383093,-1.4285022,-4.6196647,-8.9452915,-10.738368,-13.176182,-17.852661,-19.3827,-16.679295,-16.966959,-16.309998,-6.2294135,-6.8858833,-5.3571362,-2.6803465,-6.9571705,-6.285487,-0.48103982,4.677042,9.509885,21.523834,26.01677,26.104568,22.96733,24.276234,26.317194,10.817345,2.5503912,-5.5900064,-2.1073558,-1.4230211,-5.714546,-9.243502,-4.8033476,3.5554667,1.2102904,-4.6329,-4.2098927,-1.4312967,8.677452,13.156036,4.3753858,-3.772479,-6.5849915,-1.0639597,1.7406384,5.4873667,4.484565,8.269976,5.627859,-0.7262374,-2.7618604,-3.5614629,-6.8246613,-8.46685,-15.634579,-14.165521,-4.9801264,4.5272512,4.0059237,2.9182963,6.334084,13.126579,26.668425,36.215523,24.784445,4.1588526,-6.790203,-7.1468887,-4.5216217,-2.369518,-2.2121813,-1.4215813,0.5290991,0.43004674,1.6678772,3.9218082,11.534655,23.619276,25.143066,22.961334,26.65844,29.226545,25.389767,27.046291,23.766891,21.927155,28.04916,30.29386,20.368954,18.906422,22.850384,24.158632,22.457956,19.147995,19.993942,23.011547,22.787556,25.509308,12.448265,6.2082014,12.336106,21.20243,20.230291,22.129816,22.18753,26.900429,27.447235,21.965412,16.151897,19.326645,20.494663,18.81335,10.391687,11.334117,13.513067,13.138128,12.564224,13.00506,14.338954,16.469563,11.50317,12.994264,13.696806,10.696109,8.032882,5.8260546,6.4179134,9.735531,12.157806,10.43254,3.9460883,1.9887823,6.956834,9.9764805,14.2885475,6.5051804,7.8422356,8.38938,8.02701,7.7852087,-1.5200362,-2.6037397,2.539761,4.148943,6.3386397,8.051408,1.3612938,2.6925302,5.6003056,2.6026425,5.3790326,3.185804,7.046954,5.3087587,5.174535,2.2206583,-7.801866,-8.709991,-2.4352393,2.5851643,-4.659424,-7.763994,-5.0674443,-8.136946,-6.5885863,-3.385071,-1.3275675,-1.2165622,2.2924974,2.5299654,2.260456,-3.6839836,-8.724309,-7.8788304,-4.1916018,6.2529497,11.679705,7.692883,3.0876288,-0.5850111,0.15494359,3.4107533,1.7359378,-3.3064208,-1.2774259,-0.068529844,-0.14097306,2.0162005,0.13379136,-1.4088073,-0.8107498,-0.7254591,-3.6149106,-4.2193933,-6.3055544,-7.135125,-1.1701801,0.66133285,-6.0919704,-2.4420214,-4.7736306,-11.509058,-11.910276,-12.361506,-10.975689,-10.771912,-6.888706,-9.254059,-7.7552013,-8.936659,-8.377003,-4.3173485,-0.47171134,10.615448,19.298285,22.547928,13.568162,9.443409,-1.2085515,-6.8758316,-0.9172604,5.6857023,7.6755075,8.930622,10.290717,8.7402725,8.335778,5.4192967,1.8497508,-4.202307,-6.3134503,-5.5943785,-8.068251,-3.7894173,-1.7966344,-3.837748,-2.1026802,4.521322,9.627664,17.516287,14.755596,12.491686,6.2849245,6.851199,5.4222736,-3.1130614,-7.808226,-3.7079859,-0.7425095,-2.45887,-12.7890415,-11.219097,-2.3628666,0.020971417,-1.8425953,4.2369246,9.041004,9.022285,8.256914,3.614904,7.8991404,10.7176895,23.200153,22.864532,20.243282,29.27721,23.37761,7.3827243,1.1152127,3.1500487,5.203512,2.7171755,-0.33242297,-2.9803026,-9.605013,-12.624633,-12.725292,-11.135569,-10.752902,-4.430716,-4.5266285,-3.7420344,-8.337475,-11.304255,-13.97802,-15.412104,-10.184234,-1.500001,3.9281178,4.743753,7.222142,4.0173397,2.4142957,-0.41310823,0.030142784,-1.1629049,6.8815994,21.615177,27.771442,15.535611,4.5881977,-3.2890205,-3.5384846,-1.8114576,1.5725913,-7.804177,-15.908699,-10.279451,-4.158585,-3.3509405,-1.6178267,-5.2492924,-3.4499288,2.6583157,10.384083,10.133076,9.110256,5.9808025,-0.97875893,5.1254644,8.741703,7.436978,2.552885,-3.6801732,-6.190032,-0.2683103,7.3377004,10.956186,6.9370804,2.9436202,1.4802848,-6.0492253,-6.472252,-0.87063694,-1.0502883,2.434362,0.7963495,-1.8324854,-3.502275,-5.078353,-1.2525101,-5.7591176,-10.163988,-5.0714183,2.6568007,11.859895,21.306438,20.95486,18.17957,16.133205,15.399996,15.001451,14.980282,16.12849,0.66723853,2.1804447,1.4065725,-8.376345,-8.065763,-6.7465124,-4.88037,-4.0532002,-5.660569,-9.550524,-8.162286,-16.227095,-16.711857,-9.886979,-3.259256,-6.6666107,-13.044164,-14.465729,-0.9627741,-4.0963135,-8.9814005,-7.5584135,-12.767698,-14.920927,-14.347853,-14.249001,-11.685184,-8.466532,-8.305709,-8.449858,-11.4804325,-8.773991,-4.019942,-7.244028,-4.0401936,-8.574242,-15.562325,-12.372714,-11.020411,-7.1306553,-5.874067,-8.329842,-11.243009,-18.258081,-14.615564,-16.343401,-17.705652,-12.005006,-10.384293,-11.307904,-11.399633,-10.381062,2.6667268,9.522031,7.3065557,3.011714,11.643312,18.626398,19.649372,21.757267,18.048302,5.053379,-6.8404064,-8.346813,-9.910078,-6.282695,-2.0987668,-10.44853,-14.498604,-13.545881,-8.193178,-3.0531163,0.6042586,-5.1351423,-9.913057,-18.9869,-19.95356,-16.757536,-15.395056,-9.549093,-10.346825,-6.657138,-11.19257,-16.60656,-14.131903,-13.51909,-13.079186,-12.698584,-16.383652,-25.541164,-20.130096,-13.577592,-9.143233,-12.477622,-14.241332,-8.366765,-4.1645393,-8.642443,-10.071667,-6.621302,-5.2052746,8.407178,19.927715,18.000458,16.870209,15.234883,5.4992185,9.602153,4.5162373,-2.117417,-6.8223467,-5.2990794,-2.238596,-4.7651625,-7.5827723,-7.5757895,-7.4148035,-9.3660965,-8.757641,-5.741599,0.97565067,2.1467643,-3.8977652,-5.3966947,-6.7898335,-7.6572456,-6.794634,-7.239573,-5.7126846,-5.8000603,-5.4146557,-2.1949244,-3.0199103,-11.175539,-10.405085,-8.249841,-7.927921,-9.619979,-10.615557,-3.0781555,-1.8366108,-4.9444375,-2.3620782,7.7233543,9.350161,3.0195334,-11.355701,-14.14229,-5.843794,-5.7098594,-2.8926375,-1.5180645,-1.445183,4.8006043,6.3876715,3.6233387,-3.0702949,-7.418124,-8.013956,-2.5933714,-2.9169888,-2.9943826,0.14281154,-0.44712287,0.9767618,6.9472785,15.32378,12.589356,0.1439574,-3.716202,0.7088838,2.068416,3.7287276,-4.1812606,-5.8610077,-3.5296628,0.7080913,1.0361832,2.9167407,0.47088224,-6.187702,-10.384805,-14.30938,-11.558397,-10.875238,-5.987519,1.6365006,4.3614783,11.14885,4.383112,-3.0362558,-6.1191807,-6.0349865,-9.189977,-8.577121,-6.112176,-7.46429,-1.0650351,-2.5634186,-3.37351,-2.6804264,-1.224506,5.512909,10.420509,7.4705772,5.0365343,-1.5596151,-9.131514,-7.440158,-6.3809204,10.933508,14.477728,-1.7752783,-21.722633,-24.774363,-18.481102,-17.972515,-19.869926,-19.05886,-14.262336,-11.835988,-11.081399,-5.6692758,-3.9030185,-5.5107307,-5.1510735,-9.590321,-10.59353,-7.2920933,-0.5878483,-7.728031,-14.458509,-19.136719,-18.99284,-19.784576,-22.542042,-18.513918,-15.9402895,-13.917963,-14.351927,-15.512157,-14.088386,-15.850684,-15.819292,-13.273154,-10.785944,-0.7980415,4.151669,7.380769,9.729378,12.211136,4.9127226,-4.1517,-6.707402,-12.896428,-15.31186,-17.501492,-12.279218,-8.961546,-13.400288,-13.417856,-10.224434,-12.369387,-12.390408,-13.382374,-8.693392,-7.3180985,-5.09972,-6.4132905,-10.243011,-7.668031,-3.4942222,-0.4506786,-4.8283644,-12.433467,-8.258442,-3.9786923,-1.3273916,-2.3030329,-11.014435,-12.217112,-3.916331,0.085197926,-0.68605906,-5.350107,-6.1888695,-8.329586,-9.904757,-5.233056,-1.9757606,0.75932497,5.145653,5.984669,6.920076,1.0908508,-5.4623137,0.57764035,-3.0855968,-3.2297332,3.6294017,9.492224,12.28511,7.525976,-0.10795011,-3.372203,-5.086526,-0.49854034,-0.19010949,-4.645643,-10.884012,-12.831462,-7.9301643,-4.4175277,-4.664154,-12.654244,-11.912222,-10.899042,-10.176874,-11.637032,-12.998043,-6.233473,-4.7460093,-5.627884,1.1428616,0.55595016,-2.294708,-9.470986,-11.085068,-6.2102556,-3.4718056,3.1509802,4.6119537,-1.2386918,-1.1862112,2.3342538,13.022314,14.840357,7.3377604,2.6102161,8.05652,10.765806,1.4488043,0.8344607,-5.3548584,-8.799406,-8.63641,-4.603171,-3.7537596,-0.39531636,6.148729,2.0638783,-1.0769484,4.305099,9.63732,9.643253,3.4529955,8.258909,10.712421,0.40424448,-0.9912153,4.247104,8.5125675,6.4820805,4.622256,6.429063,4.770479,5.5069647,5.9260864,8.307563,8.274181,5.629299,6.0537796,6.712146,8.347961,8.8959255,8.429687,18.492613,14.917635,12.248907,11.80386,14.452452,18.631062,19.085619,14.173552,10.65892,6.6044745,5.521867,7.141147,7.0340514,0.51041734,0.7129938,-5.845636,-13.328339,-8.292658,-1.5555701,1.0494995,2.6846051,4.916234,6.583066,5.713339,-1.3018379,1.7068448,-5.168709,-14.279558,-12.999148,-10.44916,-12.004303,-14.224012,-7.202544,-1.2872791,-2.9655046,1.298754,4.612322,3.0561976,-1.3166602,-0.70660233,-5.1526203,-5.251912,-7.979712,-8.935133,-6.197831,-4.743963,-0.9175966,2.9422374,8.654362,0.058011264,-6.5032187,0.91814643,0.44575834,-11.595663,-17.954622,-17.10711,-18.777775,-19.49223,-15.565302,-13.454173,-14.504387,-11.844109,-14.224411,-13.080328,-8.232196,-3.36068,6.0275803,7.198389,10.532087,18.395546,29.914276,34.422607,27.964638,14.704084,8.195917,5.166049,-2.4678028,-2.5030131,-4.424219,-6.618326,-7.5229883,-10.133936,-10.5396805,-12.026641,-8.995117,-2.1436808,2.5909505,4.8794875,9.200844,7.5361557,8.326905,3.3546486,1.5483806,-2.366087,-0.44377482,1.2383806,-0.4750458,-4.4886365,-10.426726,-10.886455,-6.7705812,-5.586033,-8.475796,-9.768733,-9.592368,-10.886449,-10.711775,-7.771161,-1.6049777,-1.2430284,1.0913004,3.3215785,14.3565445,24.966398,24.548843,23.369335,23.844538,25.661161,25.486164,23.313353,19.441078,14.515472,11.429192,8.717706,11.662386,17.70147,17.36975,16.904165,12.082536,15.988253,16.022963,9.162275,1.0552456,0.14071906,-2.0552413,-0.37822267,2.8065348,3.7912874,5.047972,8.25882,8.609762,7.7708607,6.1744795,6.581778,-6.854877,-11.123403,-12.709774,-11.869373,-11.481033,-10.878864,-13.590439,-11.414663,-8.664082,-4.9098253,-0.0033136606,1.4853702,-3.6346717,-1.2991567,-1.1736695,-9.7666855,-11.881526,-11.225923,-12.580147,-10.02828,-6.076473,-3.834318,-2.564478,-3.7643366,-3.0462096,-0.3296212,-0.71828866,6.120523,7.723043,5.486147,1.4693251,-3.785572,-0.9957752,1.6184907,0.62374514,-0.676908,-3.49501,-1.5607355,-0.64641297,-7.141465,-6.746998,1.2691531,7.0853558,9.376587,4.241797,3.39931,4.305525,1.0765778,4.423603,3.5885015,5.0038614,2.5302806,0.5262843,3.8253052,-1.0761614,-0.014921427,0.80620444,-5.967782,-4.465514,-3.2014022,-4.817005,-9.096425,-4.848828,-9.622792,-12.775387,-15.6546955,-16.051292,-18.208017,-11.339973,-15.371536,-18.678507,-12.696048,-12.994118,-11.998369,-6.582779,2.9845674,5.2134933,0.013310611,-1.7915683,-5.925903,-0.41661656,7.4851007,7.7948008,3.7456088,3.2364674,5.731063,2.1284142,4.354516,3.686888,9.3288,7.647209,10.481299,12.786633,7.1656084,3.3049283,-2.6043062,1.448761,1.4659464,-4.989939,-5.9978023,-6.229822,-4.403498,0.9205388,2.7187176,6.3734207,3.7342541,3.708324,-0.26551497,-0.83168566,2.676778,0.45959234,-3.7514281,-9.6133,-10.989004,-3.2936165,2.5244985,-0.27854395,3.4253278,3.5385823,4.542215,2.4871287,1.5782083,4.1224003,3.3001246,8.591648,8.274591,4.97593,6.670458,5.5386887,5.320185,7.957591,6.7160563,3.8164673,0.9822065,-0.5588784,2.6259756,3.222841,5.455019,8.411751,5.6749544,0.5811503,1.0484363,5.190689,6.494265,6.172303,4.3221784,-4.1029644,-8.948288,-12.243554,-1.8260164,2.6768098,-0.5185092,-1.9358449,1.7154033,9.370897,1.2059686,-5.4249544,0.674242,8.979925,3.21907,-0.26726025,0.6977769,7.804166,4.528067,-0.048793674,0.9271771,2.7801905,1.3426905,2.2472367,0.82891893,-2.2053928,2.7918768,6.2903337,6.1893997,3.1593795,2.752234,5.0393095,-1.1430708,-3.4210927,1.056279,10.701056,8.232417,3.3061202,6.064909,4.0413227,-4.7439876,-2.5929954,3.9100401,3.748051,6.305628,0.4811094,2.356491,4.641927,3.7905183,5.216127,-3.8507645,-11.168358,-6.4288874,-5.172284,-5.447088,-6.5425158,-3.9433064,-4.432821,-5.0570354,-8.197469,-4.1190333,-6.3077703,-9.901749,-3.5487983,-3.8471408,-12.249741,-13.917181,2.2823288,8.760231,7.580423,6.482481,2.9809797,-1.2304697,-1.3556845,2.4849122,6.6119843,4.674352,3.017493,1.9724362,0.7146723,5.3198843,2.8420186,4.021574,8.888739,9.692402,2.6555934,2.2045474,5.628811,-3.1252398,-8.130893,5.160857,8.545818,4.168297,5.6252546,10.468917,7.6273518,0.05761814,-3.0256774,-5.850113,-9.642657,-6.290217,-4.1364403,-5.7295504,-4.05731,6.5313673,8.040158,7.8038273,3.7374163,-0.5793308,5.7034864,4.9199724,1.3576252,-0.67088073,-2.2412457,2.5861626,10.2656,6.9032454,-1.18121,-1.5957098,-2.6930113,1.3869814,-1.0502666,-4.318849,6.9211636,5.671503,2.366585,0.8605237,1.3856831,1.2134004,2.155477,2.9812243,2.23849,0.32416427,0.12539649,-2.7737095,-0.22672358,0.25969154,-0.9430369,2.887767,2.5709968,1.4278578,4.476977,6.950545,5.4973516,6.053568,6.252779,3.6159182,2.5309749,-8.908533,-11.162882,-5.6409445,1.5965158,-0.599051,-0.15915406,-1.5786169,-3.2771072,-2.104739,0.6929574,0.6109765,0.34256887,-11.567518,-16.07471,-14.798658,-10.623889,-5.285796,-5.57802,-2.1340399,3.1985614,5.4498377,2.1282244,2.7424293,-0.9461715,3.2151334,-1.8463031,-9.620861,-12.143368,-18.557636,-16.506836,-15.724915,-10.578464,-8.162918,-7.4170127,-3.2276425,-3.4136856,-5.0117626,-1.933444,1.7410628,4.113077,3.9444585,6.569829,11.150782,11.3581295,6.468918,4.308597,1.1099161,3.527525,-1.6543117,-10.341584,-8.948619,-1.4341617,3.3809824,0.2874086,-1.4273124,0.6247972,1.9390168,5.3215795,6.544889,2.5112023,3.1018517,2.9398954,3.513856,4.5370893,2.812789,3.101128,3.9500034,1.5763314,4.116852,1.0808327,-0.88488925,1.8042588,-4.8008304,-8.430592,-6.4410677,-5.9156394,-4.1110306,0.043367207,-2.6243064,-4.498489,5.09745,6.731555,11.271757,13.142529,11.5868225,9.673735,14.9556675,12.00155,9.141914,8.53131,6.6753254,5.4500694,4.6159353,6.8166094,5.5043373,5.288681,5.1547623,-6.3824544,-14.309669,-12.951855,-7.7904186,1.9890637,2.5954108,3.417644,3.9944794,-2.3496974,-2.7563293,-5.1103578,-4.7627954,-2.7548623,-2.252161,0.865378,0.73056483,0.88278234,-4.820879,-2.051812,1.3894247,-3.6406517,-6.3783994,-1.1964648,4.832463,3.1931596,-13.489773,-11.876038,-6.9413548,-5.683359,-2.7663817,3.0691113,5.9643493,7.6026564,13.556267,14.764612,14.905527,9.82008,5.690357,-0.13124883,-5.830984,-5.946472,-7.014091,-7.7535686,-2.8842976,-0.82817626,-3.5497725,-3.8206038,-5.506078,-7.4491477,-7.365743,-7.903156,-3.0532007,-5.1226177,-5.42138,-6.747003,-2.8358693,1.4730055,-0.15658498,1.3766456,-5.142254,-6.6461296,-6.2275543,-3.4193065,-1.3083452,-5.0546026,-3.343441,-0.13163936,3.2647302,6.009186,6.4346666,7.468963,6.466463,8.050944,8.419983,5.724134,4.5674925,0.76978135,-5.0621295,-3.1178637,-8.366921,-12.373211,-7.7177844,-10.787937,-16.840467,-18.750067,-18.91339,-19.124954,-12.357071,-14.093295,-15.9071665,-18.935291,-18.196957,-17.987461,-16.87503,-14.988709,-11.43961,-7.2544675,-10.972834,-12.303165,-12.154466,-14.27425,-15.491942,-21.543964,-24.435738,-23.472162,-19.531693,-12.302045,-7.2754602,-4.3878713,-3.4475546,-5.506276,-4.8147135,-5.9419336,-3.2471697,1.6843624,-0.9363222,4.033578,12.442522,19.180956,20.43972,20.358604,19.402782,17.02627,15.891165,12.061562,-0.4905468,5.021575,7.937603,4.0498605,1.6496074,-0.29915223,-0.38896084,-1.2611717,-1.4220035,-3.6968513,0.51681995,7.414584,16.490978,21.028675,27.568794,23.63257,20.730085,23.643557,21.699753,19.391472,20.01836,16.09164,15.335257,21.049686,24.093359,26.955162,28.726555,29.95212,24.050688,21.368334,23.944103,26.378998,25.079044,27.052795,23.128042,17.435276,17.20456,24.912453,18.406338,10.726919,7.8007116,-0.40556282,-3.5826507,-8.334465,-1.5716183,1.1997267,4.1843896,5.6591496,3.164084,-1.0603688,-3.8895164,-8.543066,-6.8320203,-6.5558825,-6.1049304,3.8897083,3.3282855,-4.4064074,-15.359598,-17.800255,-11.377274,-7.328719,-15.537413,-17.23061,-19.591585,-16.869358,-19.250381,-12.225997,-12.698574,-18.955805,-21.565235,-18.77762,-15.286266,-12.200188,-13.387633,-19.38406,-17.672218,-13.7276745,-5.9211426,-7.9996758,-12.7831,-15.091592,-16.028336,-5.3982306,-5.595695,-10.7929325,-8.884285,-8.294514,-10.631921,-8.056877,3.3071413,5.9153824,5.405923,5.074328,-0.23130631,-9.523331,-20.974361,-20.458632,-19.112852,-16.156277,-11.269986,-11.0795765,-13.099255,-16.228207,-23.203428,-23.77309,-23.982965,-21.623129,-19.639118,-17.70772,-15.303915,-5.223112,-3.7219305,-8.174599,-10.638918,-13.053839,-8.980921,-5.190272,-3.2245538,-4.85471,-6.8483725,-12.369875,-16.864767,-19.66463,-12.252693,-11.651604,-9.865869,-6.202284,-8.997328,-11.410762,-13.355652,-19.523472,-22.304708,-18.928776,-15.078092,-12.299914,-11.402201,-11.8137245,-9.083204,-5.5723495,-10.977293,-15.250533,-22.00917,-26.136955,-16.348484,-12.620188,-16.322723,-17.7324,-19.767208,-13.078014,-11.549017,-13.490009,-15.529946,-14.864514,-12.225599,-12.751505,-7.396922,0.5943371,-5.3689966,-3.1394699,-2.6960876,-4.703307,-8.045223,-9.972014,-12.760426,-16.85055,-16.62962,-20.122114,-17.280418,-14.756376,-15.663349,-16.72427,-11.453165,-11.413089,-18.057331,-19.174131,-11.081213,-7.779276,-7.1983347,-4.861924,-4.7919836,-3.2139251,-9.059681,-10.1644535,-15.268785,-17.450409,-25.100222,-27.724932,-24.14629,-23.837402,-21.042011,-19.949066,-18.10533,-15.193964,-16.8651,-21.058361,-24.13116,-25.064846,-26.690449,-27.17798,-22.137253,-21.898422,-21.733799,-19.99127,-15.861195,-13.770433,-14.5594225,-18.152725,-16.922352,-12.276793,-10.226618,-6.4382257,-11.774863,-18.963844,-16.374733,-12.7118025,-4.8588552,3.233789,4.7860746,4.9774766,5.635664,5.438437,8.039673,8.683174,0.97705495,-2.245159,-2.0251412,-0.5325129,7.5008636,7.725659,2.3215003,-1.1775028,3.498833,0.64925784,-2.615295,-2.50128,-6.8964257,-11.2671995,-14.933979,-17.823158,-18.38588,-15.948029,-15.480549,-13.850275,-12.931967,-13.361285,-11.613921,-9.373135,-15.205103,-14.286375,-11.230881,-11.622347,-19.740389,-18.916023,-9.1449795,-5.6696954,-9.569725,-16.942974,-12.490879,-6.239747,-3.6138592,-1.1037872,4.3125715,5.2925434,5.7081895,4.0272374,6.104022,4.6660395,1.4973208,1.8956087,7.382921,3.5319614,-1.331478,3.5310826,4.388771,6.7712727,6.160902,-0.62086767,-3.4260569,-0.108637124,0.76462454,0.14982662,0.46590078,6.4558296,3.1943517,-12.401981,-12.86561,-6.3920984,2.8764753,-0.6139989,-1.3253667,-3.628158,-4.887187,-1.2344443,-3.0880368,-2.9448462,-6.6773906,-9.306394,-10.48773,-9.64674,-3.7070868,-4.6091595,-5.8179936,-7.1682305,-8.075434,-9.944105,-9.016949,-13.326001,-9.95021,-6.7870297,-0.7850871,4.2210674,6.5175858,6.3299775,3.9976344,7.108016,5.77956,4.0582857,3.7258341,4.1489534,4.4518304,2.4631126,1.7472446,3.4426427,-0.33395028,0.038459897,-1.8076494,-0.8398303,2.9760978,-2.1518903,-1.1775947,-4.2461233,-6.44215,-9.1657295,-3.289011,-1.3482299,0.47408557,-1.0375711,0.2672472,-3.9401379,-11.05581,-4.600999,-5.9196143,-3.2269583,-1.2951719,-1.4044548,-2.911259,-2.9947865,1.1448157,-3.0232615,-3.9472322,-5.8898544,-6.5583134,0.42511195,1.7955699,-1.8540208,-4.119636,-9.2881565,-12.226598,-12.550797,-12.75654,-16.002693,-16.210037,-12.592994,-14.229876,-16.530315,-15.570487,-10.49717,-5.249464,-3.2585263,-5.948591,-7.766225,-21.187061,-23.855167,-25.306934,-18.890194,-16.973738,-18.429817,-17.638437,-16.517029,-20.12333,-22.489206,-20.412376,-13.088347,-8.111561,-9.730898,-9.4188,-6.8763947,-8.066609,-2.9313416,-6.6657066,-8.36486,-8.595017,-8.229435,-20.161695,-9.950512,2.144042,9.463682,9.8314085,16.549786,20.433428,16.170366,12.464715,7.0577536,4.01441,5.008219,16.295183,20.282242,21.460209,22.195225,24.092262,26.992844,24.474995,28.873356,29.888016,23.040657,18.977968,13.576635,7.9911003,7.9905996,8.705791,9.038555,13.784004,14.876089,16.067053,18.830196,19.271832,14.932595,2.2930107,-2.390686,-1.3723507,4.291391,10.923429,13.187788,9.282656,7.8624144,5.307651,1.0110677,-4.468899,-6.879099,-6.828964,-12.582786,-12.425112,-12.835476,-16.1427,-18.03717,-10.104276,2.7009172,3.2740905,3.5036063,6.541013,6.276368,3.6225953,-6.5674734,-7.9938154,-8.951021,-7.9282675,1.0425919,1.6284751,-8.66991,-10.3559265,-7.6670756,-7.368488,-5.292413,-3.7406492,-2.7358818,-4.195885,-4.9945574,2.316166,-2.6944652,-5.9583545,-0.34360027,0.22547871,-0.6324754,-0.2824658,1.5791202,0.08445974,-5.96112,-11.379123,-11.846619,-16.777908,-13.453133,-9.167837,-5.180131,-7.2705016,-2.4265575,3.266999,-1.3888581,-3.070631,-8.186085,-11.742405,-20.449709,-21.146416,-8.443916,-2.9980865,-2.0920737,-1.7849967,-4.714097,-8.021391,-5.6125536,-4.177311,-4.5782313,-4.8345656,-6.301283,-2.1438591,-3.4811044,-9.567629,-10.512949,-3.3914504,4.372776,0.97416496,-5.5977545,-1.4694499,-4.708514,-5.6009107,-12.000152,-16.372108,-8.850621,0.24746168,-6.195889,-7.4549513,-5.601635,-1.7241116,-1.9303664,-9.16868,-14.540243,-15.90959,-17.064285,-9.590694,-5.7516007,-9.246513,-10.996994,-7.298979,-5.62656,-5.4500074,-11.978621,-12.697428,-7.012377,-8.538193,-11.013939,-10.146465,-9.597227,-11.413439,-13.0547905,-5.48283,-3.7813675,-4.244532,-2.2482827,-1.486746,-2.968605,4.5504737,7.0111294,3.7930648,1.1040084,-6.7449503,-9.026753,-15.282891,-18.746908,-21.015907,-22.682285,-23.452847,-19.475239,-15.085787,-12.956167,-11.951516,-9.02517,-5.8051243,-4.5010996,-7.812954,-13.204891,-13.819446,-8.339501,-9.600168,-6.0987577,-4.9515605,-10.364143,-10.081305,-7.872615,-13.801586,-25.604246,-24.830578,-25.173195,-21.958855,-23.16383,-18.459007,-15.278607,-12.712981,-17.467848,-26.358486,-21.111431,-21.660873,-20.306486,-17.11463,-17.989422,-18.427088,-15.486343,-14.217199,-12.326836,-7.538006,-10.003889,-12.104729,-9.944816,-6.0388637,-6.2875175,-9.504292,-6.4895997,0.24127269,-3.366292,-1.0619335,6.869831,8.674123,4.486349,2.6396184,-2.752174,2.3905354,4.1356483,-0.68444943,0.53234637,1.7892588,2.8825638,5.2867794,2.3630173,9.246896,9.752184,4.670787,-0.76088333,-13.095343,-16.514645,-11.404604,-2.962739,-2.7153738,-5.4605446,-10.99264,-13.772413,-14.390883,-15.358924,-17.023148,-14.60644,-16.4116,-17.866179,-17.996105,-18.587933,-21.804104,-22.940239,-13.8185425,-14.8624,-14.645634,-10.978041,-8.607244,-2.9992206,1.494826,0.13872167,-6.0903563,-1.7790605,0.3512544,3.442872,1.4630616,-2.6473942,-11.045175,-9.745476,-8.742982,-3.430587,4.387616,7.3540936,6.018847,0.14196318,3.711971,7.3157177,6.199562,3.9077008,4.177865,4.731506,6.8560452,3.4262407,-9.255266,-12.872801,-9.19486,-6.245929,-2.371102,4.4393587,10.004711,10.094938,3.1061878,0.7425667,-1.1312718,-2.798778,-0.79796153,-2.5789642,-3.6511722,-4.130183,-3.5003884,-2.5836606,-2.3234854,-7.015731,-7.9823246,-11.906588,-12.187899,-6.2619576,3.2171729,0.058572054,1.3482999,4.0495806,5.750953,5.66676,4.0315084,8.964413,9.015757,14.037692,10.209923,3.5972462,-0.9338351,-1.7018738,3.920887,1.6967006,3.0180092,6.4729147,2.8632743,5.5491734,3.3967729,-1.8837156,-0.91491735,-2.0058587,-6.1071978,-7.075732,-4.1946635,-5.678958,-6.10596,-1.9985249,-0.6977373,-3.487733,-8.751419,-15.90739,-12.706121,-10.777466,-10.167744,-7.980885,-6.6952696,-5.558255,0.7096921,2.9573488,7.2805233,7.828339,3.247879,0.63667226,0.9100236,-1.785608,-8.810688,-9.942792,-2.2898684,-3.1312757,-3.5174866,-2.6733713,-15.887507,-19.595116,-20.432735,-19.481083,-24.625038,-22.623493,-20.59324,-19.33493,-16.51137,-19.95829,-24.038708,-25.552225,-24.123926,-22.136787,-15.675568,-14.337757,-16.715601,-19.221127,-19.086834,-17.134264,-22.246117,-23.295881,-24.844055,-20.49878,-16.887835,-18.48396,-14.768389,-7.4463634,-10.374985,-13.585138,-8.49596,-7.474078,-3.5177803,-3.5492177,-2.058938,1.9854102,5.560068,12.527464,9.822027,-3.4391134,-7.239622,-3.8118029,-1.7057685,0.25614738,-2.6447768,-4.0346503,-4.556577,-2.1423392,0.86252344,9.014791,18.087936,20.418419,23.796833,22.06241,18.765562,18.682125,20.510693,15.441998,14.558735,14.454799,17.064173,15.826733,12.980667,20.288591,22.571243,20.122719,15.84061,13.705675,7.4916263,6.250331,12.602741,11.358717,9.709934,7.548522,5.460838,2.6256928,0.9135834,4.349164,-0.050702482,0.24390745,-3.8513536,-8.840451,-11.862852,-9.305517,-8.779218,-11.970615,-5.9990463,0.03528952,2.1220245,4.2508097,3.4455214,2.1893873,-1.1556224,-2.8755221,-5.059813,-12.701317,-10.27,0.68831336,2.7715497,-1.8748345,-1.2362695,0.911492,-1.7370825,-5.236281,-4.2937374,-4.7086716,-3.4508572,-5.1402893,-4.172817,-5.539692,-8.244753,-8.84803,-5.9106655,-5.759721,-7.391371,-5.9272766,-8.751751,-15.795027,-12.016323,-6.1359015,-2.0594869,-5.1655583,0.4550326,4.452397,2.597752,0.63003373,-6.78061,-8.506674,-10.3372135,-18.109955,-14.707751,-10.595896,-9.090557,-6.850835,-9.734366,-11.688154,-6.569012,1.2420563,-0.74056304,-0.88462543,0.14337993,-6.3457975,-5.180701,1.4590517,5.0923877,3.4369266,-4.711756,-1.7025502,-3.990662,-4.491517,-5.3492985,-5.2162166,-4.0492053,-8.0068445,-13.321665,-9.819088,-7.781244,-7.8874207,-6.2745743,-3.8004494,-1.7763606,-7.611224,-7.2009277,-14.869242,-20.439095,-20.248215,-13.614242,-7.160775,-8.670731,-10.477734,-9.397227,-7.5371666,-9.360285,-13.719131,-8.307583,-5.529989,2.4672055,-0.7228259,-3.84014,-10.762264,-13.420811,-8.558262,-4.715493,-4.4808073,-5.859815,-7.319555,-5.7018547,-2.3216982,5.6434474,7.0548987,3.5294144,1.768481,-8.258991,-11.376503,-10.702435,-12.8651085,-14.170948,-14.274655,-17.033916,-16.21373,-13.511552,-9.6704445,-7.3997974,-12.085298,-19.539146,-20.616276,-14.77599,-15.447202,-13.857243,-11.161234,-14.523664,-14.719082,-12.152435,-7.9542465,-14.24764,-27.953861,-26.610596,-19.778622,-16.189552,-14.176729,-14.397585,-11.460243,-14.060668,-17.246958,-18.746666,-20.83637,-19.71717,-16.743893,-13.693195,-15.463112,-18.93988,-16.572994,-15.618233,-8.367733,0.31818187,-4.704787,-5.409791,-8.518698,-9.484362,-10.019661,-5.3721952,-11.534257,-12.8577,-6.0106964,-0.35685852,1.1506157,-5.927648,-1.2204432,2.3952942,-0.66994464,-0.055239916,2.0513542,3.9027278,2.1665468,2.5442576,6.626384,10.098936,14.530928,12.482229,12.82546,4.3599033,-5.697571,-5.845759,-1.240506,-4.360353,-7.604895,-12.910653,-11.491007,-11.593821,-11.038475,-10.53563,-6.880482,-7.996325,-12.962105,-17.377699,-17.497156,-16.247526,-12.887386,-10.0332985,-9.766415,-11.614412,-15.188183,-12.3578825,-2.9086506,-3.9417524,-5.4541893,-0.52761126,-0.7105228,-7.768098,-5.9136147,-1.4809749,-3.8024545,-3.9227934,4.2851048,11.838051,6.397456,5.9509916,4.2049503,2.4510298,3.2519011,0.81064004,6.259781,10.823236,12.931395,11.117777,5.0256157,6.1354012,5.926676,3.4677558,0.55338967,4.54053,2.0646763,-6.0487423,-7.351321,1.1473802,4.703433,0.50914633,0.29237914,-1.5695438,-3.5396,-3.7716436,0.15824771,0.7386782,-8.3856735,-11.102869,-5.304887,-3.150031,-9.43993,-4.8643594,-3.9844837,-2.4152145,-2.0657969,-4.6503334,-6.301602,-6.8265247,-10.679649,-9.710381,-4.0877337,7.026175,5.3870792,4.4875436,4.68427,3.9759731,5.810178,8.961672,3.5452037,4.43282,5.583364,10.826229,6.1149817,10.034483,9.944771,6.709059,5.5922737,8.702749,5.7468305,4.1472144,6.601972,-2.9692984,-10.475261,-7.182398,3.360002,-1.4751391,-9.231184,-12.334132,-7.286209,-6.914045,-6.807968,-6.433151,-10.488453,-13.6599655,-12.421167,-9.83506,-14.541223,-12.458492,-11.879055,-8.710484,-3.4721737,-5.2665644,-3.3996868,-1.4494374,0.81147105,-1.4128709,-0.6824495,-1.5812718,-3.2236397,-2.2221746,-3.3366656,-8.777662,-6.473851,-4.586934,-14.772557,-7.688919,-12.769129,-16.263983,-12.047611,-12.200968,-17.458199,-13.441851,-12.846497,-18.873158,-12.011128,-13.362404,-10.882384,-8.153232,-11.074348,-15.742216,-20.977398,-26.040604,-28.707916,-24.798744,-23.279726,-14.29604,-10.375379,-11.343374,-10.273381,-3.5219998,-1.2108731,-9.886587,-6.485943,-0.076851904,-1.6725192,-3.5716252,0.9522567,9.904718,13.270945,15.2251425,15.007062,10.296738,8.742962,15.260789,13.331123,18.4241,19.699507,18.45678,23.524897,27.4008,27.42641,28.124496,28.898773,30.701126,28.44553,21.010962,18.106491,12.358271,11.166855,9.339583,6.109906,9.741999,10.396892,16.180641,12.913509,8.764834,10.12036,12.751944,4.0898657,-5.838937,-7.345934,3.6073391,9.348161,5.035489,1.6966811,1.1752517,1.7737885,-0.8073118,-4.6632338,-3.2245739,-10.624222,-14.555119,-15.361271,-16.322727,-10.337879,3.3212535,3.0588863,-0.41120008,-1.6338462,0.72411555,4.5583124,3.109395,2.2885356,0.3238682,-1.1298456,-5.3610115,-6.390231,-6.195982,-0.59724414,-0.826833,-1.7910697,-1.2789962,-0.5886364,-2.6168554,-2.657198,-1.7401693,-3.3616972,-2.2936766,-3.3546917,-7.728857,-3.9998462,-3.2534251,-4.179397,-1.7948055,-1.3296965,-4.662122,-8.081618,-11.094034,-13.878651,-11.479366,-7.4641514,-6.455104,-6.6768394,-5.0392075,-1.5436432,-1.1568465,-4.3028507,-9.227419,-13.807397,-13.551004,-11.041145,-9.171183,-0.9399914,-1.0990627,-0.057622075,0.28816032,-4.361073,-9.877575,-12.7326355,-11.538065,-12.63829,-8.5085945,-7.219535,-4.031479,2.1053321,-1.7505476,-1.4579488,-1.8018379,-5.0829983,-8.287188,-8.813017,-3.1843975,2.350217,3.8294377,1.4010136,0.51263016,-3.3575268,-4.2268453,-5.246561,-7.558805,-3.8952882,-4.2934213,-1.1101645,-1.4108098,-7.444273,-9.228668,-6.842246,-11.557383,-17.160505,-16.264235,-6.262295,-9.145792,-10.306499,-10.555749,-4.077334,0.6542355,-5.9758997,-6.3126087,-10.842429,-11.1345,-9.0882015,-14.63108,-12.451611,-1.5759159,-5.1150584,-6.444149,-4.394988,-0.99245805,1.2280596,9.933203,0.32704404,-3.5156546,-1.6175194,-5.1580367,-6.987657,-8.751089,-13.380625,-14.175078,-17.044153,-8.412264,-4.8377557,-3.0751903,4.2220054,-0.13210034,-0.59780055,-4.208247,-5.273825,-6.032033,1.0910155,0.022907138,-2.0873446,-3.418419,1.4645107,-4.222558,-11.08004,-13.079002,-16.029789,-16.815126,-18.274616,-20.24144,-21.476078,-22.752304,-19.019745,-22.669056,-18.454556,-15.956769,-10.701616,-14.926928,-16.400532,-12.634937,-14.859385,-13.832348,-8.739835,-8.777982,-7.05336,-7.5812464,-11.579041,-13.227779,-9.360535,-4.7646837,-2.187792,-2.3639367,-7.6647515,-8.158841,-6.0516515,-2.3552642,0.73992753,3.7595444,3.6899858,3.083551,4.5657825,4.8534646,3.0591402,4.1011577,3.1819916,2.9545445,4.361112,5.4213142,7.831202,7.1107216,0.92619216,-1.8592494,1.62782,-2.989439,-1.9794445,-4.271371,-8.764679,-10.716059,-12.807238,-9.875245,-9.7193575,-10.242099,-6.1947565,-7.2253075,-7.314918,-8.486076,-8.5031185,-10.487673,-15.684643,-15.214752,-15.121151,-7.369543,-6.972593,-7.8542485,-11.612869,-6.4137926,-4.495315,-6.510787,-3.7231424,-5.56333,-3.250023,-2.9908237,-3.4179065,-5.3396196,-3.9447694,-9.115156,-11.445353,-9.593857,-6.6631193,-1.2978661,1.1304276,1.6508425,-3.1341987,-4.3337107,-6.934705,-10.458479,-4.942628,-4.3731036,-3.1594121,4.968624,1.5187349,-4.732359,-12.723784,-11.891955,-10.752029,-13.278978,-15.784706,-18.888088,-17.599113,-19.188072,-16.419756,-13.968916,-13.436627,-15.033901,-14.041433,-9.747725,-1.2919788,1.8192141,-0.85307217,2.210976,1.8208556,2.5443096,5.2075167,9.337559,9.8824215,4.1596556,6.7357273,-1.2163508,-4.507469,2.6201582,3.669765,-2.3820107,-4.624407,-14.62247,-20.400665,-16.822123,-14.425161,-7.20916,-2.5234406,-0.62533754,-0.1934756,4.240073,8.627939,9.048708,8.95409,6.4561687,4.5789886,-2.1129317,-5.1199126,-1.0502821,3.9357712,4.515929,6.252426,2.9498372,-0.49055302,-6.7766905,-6.029659,-8.846693,-6.364785,-6.6688433,-11.445833,-13.262315,-10.050814,-1.5264878,0.016777754,-1.1770405,-3.677141,-6.477786,-10.653585,-12.394683,-11.070612,-2.1096733,-2.4454138,4.3222384,3.4631395,-1.7536458,-5.13972,-10.302842,-5.6847544,2.6147513,5.9732533,2.7678196,-2.547937,-0.26223046,-1.9067369,-3.0276594,-0.019283742,2.7046638,1.9570807,1.71598,5.3689194,7.6997123,4.096839,-0.15854596,-2.4398258,-5.1705103,-11.918527,-15.659714,-9.262138,-4.8897285,-7.5695763,-11.48426,-4.8730764,-3.3111005,-6.138659,-4.8325734,-5.7454348,-4.1659427,-6.2617817,-4.188406,-5.689794,-7.8663445,-11.907995,-12.100622,-7.4625635,-7.459834,-5.8072214,0.44790378,2.0999844,0.41900897,2.1816578,4.803075,4.030075,5.3861284,7.356971,4.6383533,2.079291,-0.5839527,-2.951533,-3.3684566,-4.7320967,-11.624014,-12.001062,-13.164624,-12.666343,-10.819231,-8.0370035,-6.8563004,-8.487427,-11.492308,-13.12521,-12.59815,-7.4337616,-2.397548,3.6151166,-1.4653549,-8.855771,-10.508184,-4.3741226,0.349975,-2.749159,-7.8862514,-4.7747707,-2.8355458,-5.5348167,-6.1549773,-8.859927,-8.139818,-9.928278,-12.210711,-9.860416,-6.9345617,-5.7998486,-5.323201,-8.579704,-8.215396,-4.1805267,-5.519296,-0.11441436,0.79971886,5.9091377,6.1558027,3.1037946,2.7603045,3.5117822,-3.645196,-7.4428296,-9.411948,-8.089285,-6.1221056,-6.7932034,-7.3196454,-10.420389,-10.80798,-7.8511457,-4.9800835,-7.0663333,-7.066902,-8.487713,-14.305967,-14.049856,-14.909975,-12.6880045,-4.0738773,2.0749528,-0.94282115,-4.682656,-10.10498,-14.449085,-11.141773,0.05005002,-1.275092,-5.124997,-5.0272946,-8.090416,-8.038736,-6.1551847,-1.6522298,-3.257052,0.5653697,4.501154,4.165384,6.727521,6.9611897,5.9108057,1.2834086,-1.5504434,0.15146375,-5.2646956,2.2458029,7.277749,1.9336709,-1.236493,-5.4696674,-2.1091466,0.9584159,-5.9902368,-7.739072,-12.249706,-15.437126,-15.911197,-15.565411,-12.85368,-11.142576,-10.342421,-12.959417,-14.749274,-11.69479,-8.296108,-2.4822693,2.2329025,2.2972097,-1.9842565,2.001603,-2.6883612,-7.074623,-7.7627435,-3.5502036,-5.0170317,-4.710648,-6.866215,-7.568162,-5.5194697,-12.942136,-16.240358,-16.365643,-12.644337,-13.843533,-9.93183,-5.4707403,-3.8566692,-3.3234038,1.3838389,2.8220344,4.236025,1.6607902,-2.4207392,-6.7504215,-2.8065877,-0.7800437,4.4342713,1.8063679,-6.604221,-3.4053917,-1.0932857,0.5574732,-0.36382437,-1.5603666,-3.5085528,-8.334627,-10.698365,-10.900533,-13.363376,-20.017677,-20.600813,-13.401594,-4.3400755,-6.1667147,-8.095431,-8.397512,-7.8135557,-9.70264,-9.045927,-8.37299,-6.1527224,-9.127003,-21.680191,-21.389248,-18.90738,-17.433926,-19.009045,-12.7101555,-9.901638,-9.695177,-4.624177,-12.538004,-13.131454,-11.752094,-13.376507,-9.500407,-10.641292,-17.798296,-20.392899,-18.625162,-16.754427,-12.691168,-14.547072,-15.476656,-14.023434,-19.061983,-13.684051,-11.961473,-16.719162,-16.289833,-12.627573,-13.01741,-11.346624,-8.933383,-13.73452,-12.450058,-10.143888,-11.101286,-14.568068,-14.596888,-11.681723,-8.532089,-11.3626585,-10.854655,-11.326315,-14.610821,-16.932587,-16.641293,-21.983395,-20.029325,-16.058533,-14.663451,-8.882059,-11.534386,-11.942453,-7.2248588,-9.484385,-13.093794,-5.7634115,-4.8724566,-8.642853,-6.6120377,-6.4140825,-9.240454,-8.22901,-7.0080166,-11.780004,-15.791327,-14.072333,-10.941368,-11.374482,-9.559865,-9.595713,-7.652142,-3.9863381,-5.5728836,-5.2360716,-9.360546,-8.397169,-4.708544,-9.663321,-13.717617,-12.896694,-13.0277405,-9.039227,-10.800966,-12.246141,-15.417084,-16.486975,-9.769399,-10.664473,-8.349291,-2.66098,0.038179636,3.6445775,-5.4070783,-15.702785,-17.0544,-13.542555,-10.499326,-11.779233,-9.640795,-6.3559284,-3.4588072,-4.5780582,-1.6689632,-5.411312,-4.91606,4.4596334,2.9626403,-0.47395533,-0.6765504,-3.509998,-2.6425805,3.7041426,1.9683819,-6.2034283,-5.468197,-3.4716463,-4.1890597,-1.0779711,1.7171023,3.539404,-0.32151663,1.800464,0.38534176,-2.6965804,-10.999983,-15.398826,-12.960104,-11.6539955,-10.147526,-9.7941265,-9.099297,-12.000738,-13.156569,-10.591676,-7.00366,-5.0423436,-5.3356934,-3.3040738,-3.5333214,-11.169471,-15.096178,-15.538753,-11.713159,-18.58968,-18.439331,-12.6196,-16.263552,-14.635567,-9.986622,-10.007807,-19.141659,-25.801033,-27.058899,-25.498495,-22.932446,-16.738049,-12.212752,-6.507631,-12.895716,-13.895227,-16.845142,-10.413025,-3.380562,-0.6024557,1.0859748,-0.4976151,-5.193244,-4.34468,-11.444801,-14.915794,-19.306078,-20.982391,-18.605684,-13.954622,-12.94231,-12.488538,-15.241139,-16.475449,-14.437447,-15.526561,-12.520278,-7.7714024,-6.997136,-3.5429878,-5.244645,-11.20319,-9.955227,-9.425941,-7.523493,-12.836338,-12.105185,-13.79649,-15.062458,-10.887831,-7.5111794,-1.7306366,-3.8661268,-5.575489,-9.303454,-13.857228,-18.965528,-23.205833,-20.927324,-18.076406,-15.195396,-17.400753,-14.555584,-14.55245,-15.153437,-14.748684,-12.997948,-11.7506695,-13.516207,-15.924548,-17.13769,-16.886637,-15.087751,-15.549278,-13.51626,-9.144653,-6.901591,-10.202965,-24.126923,-30.360962,-32.430653,-28.75401,-27.626925,-26.463518,-20.92278,-21.150362,-15.331313,-19.87093,-20.618492,-16.057621,-15.684919,-16.861366,-16.128067,-18.533901,-15.767239,-18.30101,-21.405659,-21.162556,-15.691406,-16.191078,-13.134738,-15.1136055,-19.585373,-17.744503,-13.145157,-7.7868624,-2.8035178,0.96755815,-1.0916114,-3.4862525,-4.5661798,-6.7977343,-6.004426,-7.0236907,-8.945122,-15.471724,-16.86474,-19.442253,-21.398266,-20.47282,-21.684158,-21.455719,-11.936858,-7.7831326,-4.733141,-0.10059667,-3.6706996,-7.79836,-10.364019,-8.554952,-8.53279,-16.072159,-12.0344515,-8.170511,-4.6964493,-8.073676,-7.441716,-10.20695,-9.166473,-12.59523,-17.736958,-13.431635,-8.396992,-9.025321,-10.3882885,-9.199272,-6.4762,-8.241232,-10.012499,-7.66386,-6.1804204,-9.995479,-10.638758,-7.114805,-7.2172995,-10.439892,-9.577071,-4.57716,-1.8648098,-4.380724,-7.3047624,-8.010087,-6.594549,-2.1947706,1.7853472,1.2932307,0.99737775,-1.1768662,-8.563418,-6.2052345,-3.4201646,-2.8397307,-2.0653968,-6.5447073,-0.17330259,1.4774728,-5.9581394,-7.297888,-3.9245067,-4.1141677,-5.5506573,-8.05353,-10.0515375,-16.373495,-12.8468275,-5.6303616,-6.6184807,-4.1700277,-2.6077337,-1.566244,-1.9537477,-4.634324,-0.53122026,-2.6478071,-6.8806076,-8.188021,-11.706074,-12.486125,-15.693472,-11.61864,-11.480099,-12.9950905,-13.43663,-9.015946,-3.697392,-10.164153,-13.539705,-8.401377,-5.150633,-9.648808,-12.380472,-10.838673,-13.887701,-13.137701,-10.772396,-14.813559,-15.171659,-15.748643,-18.856003,-18.579325,-9.16465,5.213216,3.4197927,-4.6996446,-11.765584,-7.8215656,-7.0222273,-4.250435,-0.35820222,-2.6447434,-11.052823,-12.152641,-15.874681,-12.879274,-7.846842,-7.4804096,-12.579853,-18.65388,-19.284937,-16.369055,-13.812691,-9.824479,-8.530428,-5.9394317,-6.0002174,-5.9034133,-6.8503933,-11.489834,-13.820195,-14.748713,-11.846089,-9.068562,-10.564303,-12.319467,-13.70262,-13.677029,-13.41346,-10.025868,-7.2367706,-8.089949,-7.8646927,-4.4799004,-6.154261,-3.4036663,-4.212676,-4.1385717,-7.4787264,-10.247917,-8.805265,-5.7010117,-7.014986,-5.176115,-2.0780616,-5.8811736,-4.729515,-2.2692742,-0.6499594,-3.936259,-8.606506,-7.1094966,-4.2382064,-9.102184,-11.768209,-10.322699,-8.596862,-6.8985677,-5.3295355,-1.9648266,-3.2374346,-6.9101667,-9.444494,-5.9520187,-4.1115694,0.097716674,-2.2381253,-11.464483,-13.473973,-12.484676,-11.488279,-6.5441465,-5.648242,-6.030162,-7.3105793,-6.7942038,-9.092514,-9.584492,-8.707235,-11.479389,-18.842468,-13.274536,-4.90662,-2.81925,-3.4054956,-7.7548857,-11.971341,-14.116842,-12.662498,-10.274923,-7.4334707,-7.7254267,-5.2584043,-0.8541869,-3.280209,-7.278269,-2.5405922,1.9792526,1.6957107,6.3807783,1.404725,-1.1867944,5.1544895,13.840801,12.168299,13.1917305,10.384595,8.668226,5.8866377,-0.5867882,-0.32711124,4.6618156,1.196511,-4.859688,-0.021815658,-0.8117472,-5.995076,-7.785613,-7.67474,-7.3405275,-3.2429044,3.5429688,4.604244,5.39989,4.184598,2.0466647,2.8851728,4.1149664,-7.269805,-13.382993,-11.50597,-6.539152,-3.7659047,-3.1993165,-0.3269583,-4.5037546,-3.9834163,-2.7790525,-3.0421093,-10.099537,-2.6549146,1.923372,1.4838779,-1.6228743,1.5055048,-1.958953,1.2409877,1.6339812,-3.8945625,-3.0524912,-5.665106,-6.869193,-7.129422,-5.474865,-5.424694,-5.9408865,-1.5332199,-2.90892,2.303298,1.6654713,0.64449686,1.0703307,5.409427,2.06869,-0.03731084,2.187459,-1.9750247,-7.630171,-6.961794,-5.7976,-7.2353187,-9.744417,-5.3757377,-5.426771,-7.0852127,-7.17457,-3.6889763,-5.9455576,-7.615466,-3.7531037,-5.6980577,-6.456398,-5.594923,-6.3207207,-4.9684753,-7.7716575,-7.703273,-0.6458139,-2.024041,-2.206998,-5.0654855,-7.5034313,-10.301644,-8.98744,-10.141441,-14.33787,-13.088091,-9.451979,-11.2762985,-11.911325,-13.662598,-8.82283,-8.730569,-14.623009,-11.665757,-3.0659773,1.2132652,-3.9718187,-8.15616,-5.5715837,-4.5877953,4.475469,3.1685014,-1.0442307,-5.272942,-5.8126593,-9.583231,-9.094365,-7.3847017,-5.7056465,-4.585089,2.8734322,3.388191,2.652013,0.96650887,1.3918898,2.428626,1.7311909,0.3079347,6.881834,8.349312,1.4551845,2.3905764,-0.14113192,0.37707502,-1.7929688,-0.75182474,-3.647413,-6.8420873,-1.4052843,-2.52362,-6.6285043,-7.615655,-13.045317,-11.78759,-3.9754505,-1.9344984,-3.294115,-7.051898,-5.031859,3.341011,3.8831263,-2.3420978,-1.0532347,0.6251241,2.6458085,3.77908,2.467092,-5.616143,-4.2416334,0.0040558577,-7.9203024,-5.943513,-1.8916472,-8.4020815,-13.861795,-14.643347,-11.542456,-9.392382,-8.097702,-2.2117164,1.3716838,6.080862,4.654654,6.329506,7.4802704,2.2661245,2.0882933,-0.11722875,2.13438,3.9149122,6.5042973,7.1269035,2.214216,-2.257833,0.066381514,7.9611626,3.5456188,-0.86982596,3.977684,2.406687,-3.1413355,-8.694953,-10.027918,-8.958042,-15.123295,-14.869157,-18.270699,-9.114662,-1.8524088,-7.927725,-8.765917,-2.7731574,0.9865689,-0.31623438,-0.10768351,3.1247082,-1.4582181,-6.576179,-1.081028,-11.155937,-17.362503,-16.359146,-9.867578,-5.110507,-7.4642243,-9.305634,-9.176809,-6.632453,-7.310606,-13.048553,-7.1484585,-8.2235,-6.6116114,-4.388314,-4.51291,-4.7408276,-7.3330526,-11.71739,-9.3891735,-2.8844295,-1.5522857,-5.9665766,-8.518758,-9.076049,-5.942304,-3.966713,-2.7260015,1.3480561,5.4611793,7.9348483,14.113056,19.464718,15.686362,13.384245,13.820374,9.600656,3.8936062,2.7343414,-4.759962,-15.284145,-15.7532425,-10.571041,-3.397454,-1.0928861,-3.4819298,-4.456266,-0.2258017,-3.5954938,-2.885809,-3.4742234,-1.3615893,0.15475792,-3.9200864,-3.9879441,-2.941437,-2.5091019,1.946109,-2.4327104,-7.4449196,-8.330899,-7.2890844,-2.4009082,-1.6325712,-2.7804637,-2.234622,-1.8591278,-6.237138,-4.6362433,1.8958948,4.617526,4.008752,-2.5751023,-6.4496436,-1.5218937,0.83477795,2.0574672,-7.386339,-10.584972,-9.974489,-7.588311,-8.36501,-7.2370214,-3.3957624,-0.32226396,-3.1038094,-9.80543,-9.570877,-13.448848,-16.101355,-18.464058,-14.661962,-11.974998,-14.293193,-13.087681,-9.815086,-10.96875,-8.289434,-8.006152,-5.8160233,-7.4220343,-8.092928,-7.043968,-7.870698,-8.831776,-12.974295,-12.487772,-9.639862,-16.785158,-14.892141,-14.861034,-18.144457,-15.859228,-9.326565,-5.9599447,-6.7647605,-11.10084,-10.301235,-9.66305,-8.912027,-8.634098,-14.867231,-13.706787,-12.474836,-11.726335,-6.9185677,-1.1091571,-1.1766977,-4.336546,-8.645025,-6.1991725,-3.6620066,-3.8761764,-5.543022,-6.2104635,-4.6734385,-9.981906,-11.468971,-11.041228,-10.388245,-10.519018,-12.87439,-10.832352,-12.06633,-4.734511,-3.68335,-8.313269,-8.048637,-7.0590944,-5.0533676,-4.7965927,-12.232417,-14.210812,-14.610926,-17.925835,-9.648704,-7.900904,-12.452734,-11.613971,-11.214122,-12.934889,-10.164673,-8.590531,-9.337542,-12.018961,-13.651967,-7.066783,-2.2426214,-5.9820514,-8.414253,-8.714406,-12.704335,-17.719156,-14.939549,-9.346401,-12.086435,-8.218151,-2.9778123,-7.2031927,-5.8235188,-5.122289,-1.7754021,-5.2525883,-9.647608,-6.0330505,-8.31832,-7.688738,-7.2452726,-13.554968,-13.5506935,-16.435123,-13.834462,-11.569249,-9.664183,-9.142177,-5.8907237,-6.70524,-5.3614235,-3.4329884,-3.085885,-4.587903,-2.1736984,-1.7257613,-3.7644112,-3.778091,-3.2872353,-6.3696594,-5.906322,-6.3839874,-2.88786,-0.8422198,0.63835454,-4.3684325,-1.2665746,0.1879127,3.354334,3.2461796,-2.9596756,-10.087254,-7.6351604,-7.4826145,-13.371855,-12.312059,-14.178488,-15.391414,-19.627466,-15.084448,-10.40237,-6.9637685,-12.497145,-19.11987,-18.951698,-15.465556,-13.899246,-13.037596,-10.731893,-11.14782,-9.414904,-9.484013,-7.3683004,-9.356846,-12.388718,-11.76556,-9.846167,-9.313925,-12.232862,-13.045301,-13.401718,-9.566579,-9.961374,-16.37012,-20.887836,-22.48833,-23.69621,-26.459341,-25.224817,-16.2692,-16.809408,-12.485002,-4.4094048,-8.376434,-8.573587,-9.407944,-6.842826,0.16305923,-2.23054,-3.2937675,-7.0585804,-5.089177,-4.6492515,-8.056358,-11.122865,-12.981739,-15.458084,-17.98981,-22.789392,-19.315342,-21.648129,-24.145859,-24.626999,-20.362617,-18.790697,-16.670628,-14.938286,-11.881954,-11.332983,-10.069609,-7.1304793,-9.771896,-17.204296,-17.914253,-12.283081,-7.4378977,-0.6825962,5.382081,0.79747045,0.19228777,-2.6398482,-5.8333473,-7.9044347,-13.093478,-11.948175,-14.693253,-13.495373,-16.906132,-14.769943,-4.0683107,1.5392938,-1.278455,-3.7363174,-5.961609,-4.8201585,2.6857548,6.2314124,4.980854,4.7014503,-1.5483239,-0.95746285,-0.71212983,2.5554662,-0.14791608,-3.4264925,-9.755662,-14.479447,-23.647415,-17.90084,-14.095997,-17.958868,-13.554077,-18.490765,-18.386948,-11.033472,-12.287856,-12.420863,-12.547504,-9.313232,-6.0247345,-8.617269,-10.829532,-15.7146845,-16.411413,-17.279232,-15.295004,-22.730206,-24.743992,-19.726667,-16.274475,-10.688248,-8.750707,-11.760321,-8.926349,0.7189764,2.805483,2.662765,2.0577807,-2.6165996,-2.9606917,-0.4272511,-5.674411,-12.403544,-8.662943,-10.02874,-11.313238,-14.732265,-12.926353,-5.6105137,-3.2979133,-8.702108,-9.585365,-10.905697,-7.621979,-3.1604147,-1.490764,-2.356336,-8.536866,-7.7195377,-8.018664,-11.291983,-8.3462715,-6.1318865,-0.117887706,-4.6406784,-6.549404,-2.0982413,1.4814866,-5.977533,-9.575333,-10.981602,-11.602009,-7.925706,-4.3703413,-2.6062603,-6.2384315,-6.563491,-2.723513,-0.7771168,0.8907152,-0.62437797,0.42008746,-2.9276514,-9.153777,-12.015413,-8.045575,-6.1708684,-5.7018623,-6.33154,-2.6310084,-2.8060431,-0.7955655,2.0347333,-0.9530099,2.663518,1.7502451,-3.392689,-10.446625,-5.666926,-1.0951169,-2.911292,-2.182282,-0.46202332,-5.915766,-13.282421,-13.685959,-6.721242,-4.5069633,-6.476081,-9.064028,-5.0858583,-5.840108,-1.5513262,-0.9481838,-1.1966689,-3.5934591,-4.3935313,-10.65099,-10.795141,-3.8387,0.7059469,7.8838964,3.5393739,-1.2780943,-0.24109906,0.17804137,-3.5849237,1.4118536,2.9798,-1.1262949,-7.73236,-7.619066,-4.209676,-6.601983,-12.548822,-10.43485,-4.8728266,-1.0483687,4.2887063,2.3092217,-2.1149378,-6.5404882,-10.165895,-5.295393,2.9873958,2.1022797,2.0873485,-3.5236287,-8.025411,-4.707448,-3.2781672,-6.6978235,-9.45743,-2.7120748,-4.2376723,-10.32613,-10.180172,-11.21044,-12.402363,-11.767307,-13.444128,-10.625593,-9.966661,-11.044546,-13.525396,-12.850547,-9.103762,-4.9639773,-6.893075,-6.7500076,-7.2481174,-8.347813,-14.275354,-13.625036,-9.986513,-12.2631035,-11.214872,-7.041791,-4.666281,-5.181573,-4.5622206,-5.2321234,-8.776913,-12.091064,-9.578342,-12.725958,-8.692593,-12.459865,-9.030205,-6.2154236,-7.158493,-9.501862,-11.39314,-11.389687,-11.287846,-12.537522,-10.485275,-14.541864,-15.227325,-9.620011,-8.087877,-8.766695,-7.6628594,-9.901519,-11.790882,-7.3435044,-7.7599316,-7.0843506,-3.9299154,2.5300195,2.1138008,0.61817265,0.65645987,-6.5986195,-12.421537,-11.185371,-10.417064,-6.3986893,-2.1602638,-6.351385,-5.8608365,-4.21837,-4.7013416,-2.409656,-6.158471,-7.4014883,-5.254982,-4.040131,-3.0907946,-2.889787,-5.280222,-9.1098385,-8.858138,-8.704817,-9.81999,-8.057054,-9.562574,-12.114449,-9.7660675,-8.983528,-7.237262,-10.764223,-6.5365944,-2.6415179,-0.47400856,-0.1067121,0.44898072,4.415243,-2.524188,-8.810886,-7.1936398,-2.885709,-4.755414,-10.941875,-10.677248,-7.8033695,-6.5582414,-4.8497243,-3.5500002,-1.6989042,-1.431747,-11.163521,-16.53659,-12.264525,-6.293386,-2.181571,-4.846342,-2.039875,2.0011487,-0.54301655,0.04944223,6.568081,2.56159,-0.828487,-4.8569937,-9.973381,-5.4737062,1.4438821,-0.38564432,-6.2964015,-5.326533,-1.5164025,-0.45196378,-2.1063037,-0.53682864,2.4128213,6.6997623,5.04115,3.468042,-0.25117922,2.0539374,2.0750957,3.6394868,4.772728,1.8244097,1.8984363,-3.5494332,2.3073528,6.8730993,3.59802,4.2245116,8.239339,8.837767,8.706579,7.682736,2.5426714,-5.3431535,-7.937887,-9.889426,-6.916704,-0.9395827,1.4934846,1.5776713,6.7352486,7.437977,1.1407166,-0.6385321,-1.6370304,-2.666198,-5.6335588,-3.4497287,0.7937902,6.9110327,3.547356,-2.691207,-2.5981257,1.1138595,1.4667772,-1.4426532,1.3534431,1.7388666,-2.6410196,-6.361261,-11.376188,-15.290157,-13.631569,-13.209198,-19.33442,-16.78422,-13.68206,-8.827881,-9.474133,-6.204123,-7.515087,-7.004814,-6.66304,-5.4875565,-1.9093223,-1.5851544,-2.425857,1.0645589,2.2123318,0.6468209,0.78894603,0.4016929,3.7786188,5.6155415,-0.4356162,-16.199152,-21.327368,-20.121227,-16.744223,-15.870529,-14.845133,-11.389595,-5.469711,1.3315017,5.385353,4.598521,10.136248,7.8340316,5.835328,6.818342,10.728802,19.934223,27.673578,29.52657,31.924334,28.804958,24.6132,17.637775,5.970278,3.4465492,-3.2471442,-9.812985,-10.08679,-9.089974,-7.3642473,-6.965399,-5.963335,-5.483939,-10.4322405,-5.9231677,-3.8596644,1.105948,1.0191493,0.6749563,7.9439054,12.172174,17.906834,16.25649,9.76572,4.389223,-2.8438005,-2.8587928,-6.323928,-10.838325,-9.186735,-7.648723,-11.975506,-14.503375,-10.296486,-5.9945526,-6.92049,-5.386963,2.4541378,8.437487,11.83506,8.56868,3.4107609,4.6124873,5.9752355,11.024243,17.523922,24.246716,22.87952,19.137516,17.533566,18.41967,11.771759,3.447597,-1.3292232,-9.043156,-4.948358,0.6740217,1.0150721,-3.0249453,-3.16449,-6.4387484,-5.1015096,-3.4463406,-0.043777943,3.5069036,9.612693,11.785082,6.1545496,-2.1593962,-0.5586244,-0.27899712,5.128047,11.187969,6.9323325,2.0052812,0.38551995,-6.7843437,-11.967977,-19.02636,-21.245136,-17.432995,-12.872511,-10.141569,-12.0548725,-8.856989,-6.7577624,-10.685553,-10.325187,-2.3035502,-3.233746,-8.986112,-3.8824677,2.1439836,1.0819849,-1.3511279,-1.5018189,-3.7115846,1.703861,0.66165257,-2.1900032,2.0778277,-1.0323753,1.3954948,11.590348,18.09948,4.38105,-6.008696,-8.951355,-3.0208285,-2.0553617,-2.754427,-1.8244774,-2.4528174,3.5372703,8.710887,8.7349415,8.580938,3.4118242,2.90478,5.1188216,2.4518223,0.48902738,1.9697013,-2.1977737,-1.4809644,-3.1498938,-9.089711,-10.913795,-6.666415,-7.5569115,-5.5344167,-3.8463812,-3.93252,-1.0352722,-6.102943,-6.73825,-4.4579253,-3.332546,-5.189503,-1.6349139,-3.2496822,0.4675249,5.513061,10.751791,21.763502,31.669157,30.31554,14.054441,5.2015853,3.451539,9.185287,7.7232423,5.011049,3.1136966,-1.1911833,-1.2863648,-1.8881243,-2.2801387,-2.3950589,-3.5424073,-0.117038876,0.6710237,0.14780386,-0.5269556,1.1101865,3.636075,2.2297425,-3.750331,-6.2939544,-8.113542,-9.810266,-8.912368,-9.637173,-13.882037,-13.787561,-15.176764,-10.418259,-10.627911,-11.725151,-14.861219,-16.510721,-16.084295,-19.436062,-17.529045,-9.940147,-6.7311144,-6.66546,-8.150284,-12.79903,-18.341776,-10.524157,-1.5493569,7.2163334,13.922881,21.246723,23.85371,23.348072,16.917995,14.313255,6.0532713,-3.425798,-11.552443,-17.71405,-18.652271,-11.136843,-11.087883,-13.562244,-14.661945,-14.08247,-15.749653,-11.344104,-4.6037354,1.2431834,2.7203712,2.8676608,-0.6127706,-2.2489314,2.141676,3.1184251,-1.9196851,-16.182987,-16.12038,-6.9171443,-3.674406,-7.5087166,-10.953133,-14.553116,-15.50836,-15.089594,-19.721827,-22.041317,-14.297176,-13.8734,-10.467783,-7.6505194,-3.883796,-4.150446,2.8567014,13.943171,21.749622,13.104662,2.3694425,0.8482721,-1.3072982,6.618934,10.712567,3.4823904,-10.299797,-8.412186,-7.4568386,-7.529044,-6.660945,-11.17136,-8.679321,-8.088847,-0.48280692,1.6259282,3.0360575,-0.98294425,-1.6944425,-2.9914272,-2.9393606,0.14692354,-0.79169965,0.88218707,-3.4344075,-8.265422,-3.1204123,-3.1965022,-9.697832,-9.332303,-9.541648,-6.273241,-4.2189574,-1.9053279,-3.479149,4.3945255,3.3164296,0.3027144,-0.40074348,-0.5089746,-4.1492233,-12.243608,-11.087182,-10.785596,-0.8547831,1.0897704,-2.8208733,-2.4137034,-6.664048,-10.799087,-7.0315967,-2.9449122,-5.3016596,-6.239185,-1.8797452,-1.5386367,1.527307,1.4495989,3.0757267,2.4250352,-0.0710268,2.3232691,5.3425627,3.4087389,7.2625036,5.2070746,-2.985095,-1.384964,-1.090177,0.35008788,4.9322796,5.3560257,7.3911443,6.681897,1.8356681,5.890504,2.7054694,-3.259049,-1.9031196,-2.7259603,2.2319255,4.1782722,1.4178971,5.975846,10.181129,6.010522,2.9976935,4.2440643,5.1835957,3.3877292,2.6677237,1.5371985,0.86278033,1.1095113,7.0497656,8.68295,8.243337,7.0334806,3.9431055,13.237604,7.685764,4.4563894,4.1345005,-2.2968643,-5.233133,0.44777578,3.761878,3.3945856,-1.5712692,-4.1487384,-1.6810845,-4.622446,-8.453575,-6.4060054,-5.5456295,-1.2070024,-1.1274952,0.95953166,-2.757328,-4.1866484,-0.46417296,-2.161604,-6.225765,-1.7428459,-3.0542762,-9.69514,-7.994754,-8.777039,-16.021578,-17.54875,-19.578938,-18.935535,-20.256311,-24.057312,-20.390886,-21.025375,-19.246906,-16.540337,-14.9284,-14.840324,-17.69743,-15.312491,-3.0452514,7.2604527,13.198263,17.06065,23.845379,25.88572,18.547955,9.058039,-2.119805,-8.719591,-17.897873,-20.101288,-14.727105,-10.172611,-13.086409,-22.853767,-25.531864,-19.150202,-18.90966,-14.892684,-13.683163,-10.410616,-1.4267807,-0.026480675,-1.4561461,-6.320315,-9.638306,-11.442463,-13.23131,-10.706383,-11.175862,-10.0551,-9.633928,-13.07799,-10.123983,-3.6477447,-11.053869,-18.491802,-19.745361,-19.119507,-16.142385,-10.535646,-9.557596,-11.957785,-14.213343,-14.8908825,-12.625233,-14.870753,-11.601733,-9.68906,-2.3670588,7.089678,13.792165,16.759834,14.461504,7.6021237,-2.927876,-5.3122716,0.49483377,0.57544583,-3.4754663,-5.7921805,-7.864415,-11.672198,-14.415413,-10.162275,-8.799214,-8.938581,-2.6995285,-1.3085916,-2.2165792,-4.269405,-3.6572688,0.16794336,-5.5330133,-10.634131,-11.286081,-5.4768925,-2.9456458,-6.8168306,-10.363152,-10.652876,-6.0987067,-10.356476,-19.017487,-18.805588,-20.12993,-15.563522,-11.255993,-12.024236,-12.836382,-19.527653,-18.954376,-11.953739,-5.5731797,-9.413648,-15.527665,-11.512461,-5.0866976,-6.7170534,-8.896053,-6.0184493,-9.94479,-14.432001,-13.806425,-11.74909,-7.0221605,-16.31227,-3.3149114,17.61439,28.584389,23.594814,15.395025,14.45396,16.009464,13.361616,17.430859,13.793247,12.912712,8.709481,1.7926177,5.5980997,10.792183,10.660558,6.469758,7.4586906,12.847452,12.229518,10.405806,3.142221,-0.91985357,0.7805252,7.747484,12.868581,8.819656,13.564817,15.98821,16.96085,23.867607,26.780811,24.462734,19.319,13.013721,18.111988,22.44077,22.491116,23.873566,29.674564,29.822266,24.563984,20.680557,11.857731,8.723357,12.393452,11.826574,8.1472225,6.007222,5.4929876,3.744613,2.7205565,2.1759944,1.1790268,2.683898,2.18873,2.0342276,7.80857,5.323554,-1.075347,-4.5480547,-7.4948316,-10.75363,-10.775808,-7.2331734,-7.029726,-1.2995405,0.24956325,-8.158185,-14.288519,-9.660135,-11.88985,-18.456676,-20.923834,-19.389713,-14.715966,-10.937168,-9.865591,-12.925094,-12.405127,-12.852455,-11.999009,-5.4610753,-0.82466656,-0.8793864,3.2244859,19.000013,28.748646,32.171967,33.49085,25.273151,30.834778,24.138145,2.924567,-6.6917677,-2.5786915,-5.5605407,-1.0343525,-3.9171674,-5.4013352,-7.1039505,-8.194292,-4.941512,1.458319,-2.5971694,-6.525917,-1.1332302,1.9543433,-0.42351085,-1.2417841,3.26668,-0.038573146,-2.5091043,1.3623424,1.1310887,-0.57488966,1.532938,4.736851,-1.7687576,-5.5684924,-8.282959,-10.381529,-15.874178,-22.229025,-12.499014,-3.2865527,-7.1427946,-6.2505503,-6.3109217,-4.5783625,-3.3575735,5.323371,21.090046,23.669605,8.526833,0.9083594,0.48920965,0.70994765,6.5170097,10.008623,1.6814725,-2.4546819,0.066777706,-0.79111594,-3.7620115,1.5931313,9.932743,18.646938,26.396229,27.189547,23.836628,26.506256,28.052181,23.398308,24.939426,24.77128,20.881994,20.050856,24.37184,21.762045,15.720424,18.877151,15.96528,17.363441,16.092682,12.348265,5.4036694,2.0093207,5.654533,14.062708,19.451439,17.457636,12.378563,18.424786,26.85699,29.743029,30.031761,18.21085,12.140036,12.727912,15.698809,16.835484,17.831707,18.282745,19.82159,20.993952,22.846157,26.450882,19.195444,12.826014,13.761391,12.796862,10.282911,9.609338,11.311834,9.089657,9.990742,14.002827,10.591551,3.4331884,1.252038,-0.10663432,-0.7251431,4.842087,8.59798,10.645048,12.631969,11.636515,5.895834,6.0839424,9.961117,4.472926,-5.35902,-2.347509,0.8264817,-3.9422789,-2.9966528,0.24574101,-0.8936162,-2.3603916,-3.3478582,-0.29750288,-3.502881,-6.4069138,-5.6070204,-4.3834434,-1.5220815,-0.28237075,-3.5218549,-7.1568656,-1.5593275,-4.259096,2.284524,6.937542,5.857236,2.2417772,-5.030363,-2.2581382,-5.82271,-10.056564,-6.131012,0.0446873,5.0228524,2.5118182,1.5699512,5.2564044,6.871032,1.2458526,-2.9489818,-4.119169,-3.7855172,-2.4523869,0.7487024,-0.1676067,-0.7505702,0.8315066,-1.310992,-4.5625196,-3.2189388,0.2388224,3.7023225,-0.57301193,-4.451194,-5.0848494,-10.935607,-8.784666,-8.964603,-10.624443,-8.435562,-8.081566,-7.088937,-3.6596265,-6.962652,-6.054265,2.1982896,1.2509704,3.8496866,2.3041356,8.28243,17.569765,31.197376,30.145378,31.44947,29.615898,21.166094,11.436791,10.792145,5.9753056,6.4086924,4.0257998,-0.7162503,-1.648098,-3.9401786,-2.3878012,-1.738918,4.658039,2.8319104,2.6791685,8.24169,7.8827753,11.035669,5.789637,6.822745,6.2940774,7.9808264,6.1768637,-2.6921303,-5.707926,-0.68180877,-1.9985651,4.0860167,4.68615,1.8567393,-0.60976154,-2.2032142,-1.6837177,0.5430267,6.4425335,6.295724,2.703223,3.7189205,-1.8098322,-3.3733666,-1.1414903,2.986444,8.660641,19.287167,14.605946,13.31893,20.143156,21.322653,17.810219,13.360569,8.609776,6.9715214,2.6840835,0.7993852,-2.235464,-2.0497336,-5.2055063,-13.864962,-11.985073,-4.489457,-5.79103,-7.7864094,-3.5326767,-5.641406,-9.387681,-6.9052024,1.3634082,1.8572258,-4.742845,-4.497849,-3.5994587,-4.46846,-4.192917,-1.1922612,5.639826,10.800988,8.23851,4.117992,3.499151,6.3043675,11.156876,22.688635,26.497126,16.774193,-0.7232404,-7.820698,-6.222968,-6.6703243,-7.118681,-7.3126125,-9.877628,-8.805229,-7.216428,-5.7674866,-4.772399,2.1852312,0.9591042,3.9692745,5.6179247,1.1754968,-0.82691157,-0.78339386,-2.3514295,-0.5998876,-7.831896,-3.9411502,-3.3041334,-3.8470278,-4.852029,-4.192365,-5.8236504,-2.2948728,0.80525064,1.9639895,7.589754,16.75593,7.982443,8.655811,6.3743114,7.821666,6.7625976,9.5834465,-0.3186754,-5.42613,-9.455339,-11.961973,-4.9240694,4.5672536,11.470057,10.819031,15.005532,17.889294,25.19039,26.670937,16.34685,-0.46385252,-0.7767924,5.8162565,3.323661,2.1152697,5.65347,9.298424,10.443392,6.5234094,2.5447288,-1.0503197,2.6752288,1.7060168,-1.0655689,-3.2994044,-7.83012,-14.878871,-15.686633,-16.113981,-16.506184,-14.837076,-9.400766,-11.032655,-14.336803,-8.69045,-0.93599343,-4.871518,-4.492998,-2.4699507,-4.435572,-9.307747,-15.750629,-14.681433,-12.19458,-10.3086405,-10.698584,-17.740334,-17.122967,-8.372162,-7.002283,-15.872806,-20.497002,-20.864193,-18.401367,-13.414227,-10.537781,-7.52965,-1.3016427,-3.876916,-3.2766829,-1.6466371,-0.13386703,5.828392,15.264214,20.026768,20.17559,20.249435,14.321513,12.926521,7.437605,-2.0449486,-3.7298055,0.19702974,-3.5796075,-8.792786,-4.861786,-8.399652,-3.129102,1.8756969,-1.0006404,2.4958215,-2.5322824,-4.367968,-4.0537844,-0.28018618,-2.015189,-11.837387,-9.443712,-4.8650746,-7.1130753,-9.401363,-9.6378765,-6.8455496,-3.4820051,0.53187084,-1.521879,-8.907038,-13.65562,-14.895617,-17.516903,-13.183234,-7.613641,-10.211937,-12.887354,-12.173863,-14.346426,-13.922729,-9.468571,-4.03133,-5.878435,-0.21919942,9.94972,14.12757,3.0600297,0.44427633,-0.48777884,2.8627534,5.15827,3.4967163,1.3435297,-4.646186,-7.8280473,-4.0732512,-5.705443,-4.531619,-6.917094,-7.7639256,-8.055984,-2.650648,-1.2121834,-3.1158705,-10.494029,-6.787822,-4.618269,-0.9225794,-0.74097395,-9.393116,-8.896011,-9.791933,-9.2530775,-4.213984,-1.4880618,-5.457753,-9.38031,-8.8781,-10.136826,-7.88488,-1.3339126,-1.7669816,-1.7067487,-2.9055357,-0.43999255,-4.6226377,-4.3885293,-6.0591545,1.4360743,-5.605767,-13.769691,-12.022172,-6.9135704,-8.420401,-7.916747,-0.5511659,-3.026102,-2.7095203,1.1735114,5.2184,6.919013,-2.1047685,-4.2705593,3.949359,4.028975,-2.7646203,-8.245277,-6.7568774,-5.6022186,-4.8079004,3.9337568,3.8413885,5.8988295,5.5460835,6.6877584,-0.7809584,-2.3152263,5.3939276,8.380367,9.649616,7.995682,4.4936438,7.6254625,0.8478433,-1.830751,-3.6922653,-5.8114424,-1.1429797,2.4436612,7.331923,8.757061,5.115894,3.0453248,6.9992332,3.223898,-0.12670445,1.831537,2.2633934,1.7871305,1.4584675,5.129395,6.141818,11.152073,10.679229,8.791781,2.8768916,-2.4806771,-5.12826,-2.242316,-5.278804,-10.971457,-8.294428,-6.598592,-10.348387,-13.35314,-14.127117,-8.65134,-10.393339,-12.692917,-12.704937,-11.767555,-9.868678,-10.628098,-15.296674,-12.796955,-12.554661,-12.43405,-10.429029,-13.003401,-12.895056,-14.08511,-8.863483,-7.6685114,-19.755924,-23.723137,-15.858486,-10.061019,-9.506114,-12.820608,-15.225662,-17.01444,-12.728128,-11.847618,-13.111586,-12.6713085,-5.78621,-4.7916174,-6.2303057,-1.91238,3.7278538,5.3515873,7.633724,9.580664,6.725818,6.0548954,11.483974,7.3538046,0.5609387,-4.9714093,-7.715817,-9.351928,-8.331854,-5.495783,0.429694,-3.1284747,-3.395516,0.5377203,0.128438,-5.2060246,-8.93601,-8.084122,-15.407057,-14.6508465,-10.578958,-11.089054,-11.709303,-9.50001,-9.00286,-9.548617,-13.060982,-12.0967655,-10.3391905,-3.4193943,-4.4133973,-5.102394,-6.3853874,-10.012978,-11.509917,-14.6606,-12.7444315,-14.482298,-18.474617,-17.168941,-6.0347233,-2.7357721,-8.95103,-5.9331455,-8.918239,-8.264964,-4.8173995,2.388265,3.6876342,10.058151,9.596144,6.160726,6.174521,-2.4178011,-5.342901,-4.9258513,-3.5400963,-11.860426,-13.041557,-10.775458,-8.688849,-14.434168,-20.010677,-19.19107,-21.13179,-19.473076,-12.015128,-11.904631,-14.466169,-13.540749,-7.0478387,-4.3683534,-8.065048,-8.256809,-7.097322,-10.711178,-10.219228,-8.010058,-8.603223,-5.6094985,-7.110074,-4.617248,5.369287,13.618057,10.667104,6.153882,11.595523,16.42377,12.299791,10.193476,2.9585447,-4.4316034,4.148201,11.556277,14.928453,16.970123,16.63004,14.48067,8.780661,7.3947153,5.0947194,7.814166,11.002628,14.2053,14.199163,16.8479,16.950891,15.962384,11.096153,11.042427,10.401715,11.594898,15.140506,17.925953,13.794798,4.921088,3.764914,12.006649,13.59524,14.546973,14.883871,17.4729,15.342879,15.727243,15.464344,12.663874,14.8519745,18.37369,19.523798,18.21274,20.240181,24.496696,24.648281,24.230576,19.684252,14.144526,2.5084188,-3.7080717,-9.998369,-9.045336,-4.3842144,-8.657198,-6.686207,6.5661707,9.482409,8.267607,7.5525784,1.183151,-4.63173,-5.8739414,-3.4910421,1.514853,-6.8839264,-12.153898,-5.5164766,-1.244093,-1.0810997,-3.4986553,-2.9825664,-3.1284008,-3.9493132,7.060811,7.164899,5.021704,5.940938,3.7375803,-0.019486547,-9.978741,-11.055467,-9.630915,-3.201475,0.020463407,2.0472386,-0.9437573,-7.5700254,-11.724285,-14.33259,-7.0694695,-12.071365,-19.281223,-24.177546,-20.280094,-21.299534,-22.187721,-20.810932,-12.776319,-5.912352,-1.2477269,1.7368364,4.8556,11.058096,17.084328,16.378967,13.454428,10.413557,11.981247,7.525404,-2.0662065,3.1662467,5.9814262,11.308384,14.218298,5.115173,2.71333,-4.544147,-7.7685986,-8.28237,-10.996158,-4.3816357,-3.4371297,0.31599355,-1.1213529,2.662052,12.915005,17.962465,18.860405,16.886747,13.708841,14.101648,7.6214275,3.8277454,7.089855,1.483317,-1.2733688,0.6664626,-4.7393694,-7.9581547,-7.2062583,-4.4006963,-1.9467697,-1.0695668,-1.304681,3.1831808,8.317694,14.013139,15.182359,18.20674,13.129131,3.4072556,10.776966,14.93133,9.372374,3.3064988,0.76588655,0.23655915,0.059732556,-1.5141301,-6.231743,-7.200087,-5.274561,11.0107155,27.584915,31.14464,31.406195,27.33588,26.406708,22.05211,22.311005,20.98925,19.101295,17.344791,16.01865,12.906679,15.720847,14.517152,14.506386,16.175957,15.272449,11.507725,7.3503923,-1.4232489,-0.12892842,5.3043194,12.077618,17.22276,16.785276,20.862011,19.534067,13.252306,14.229549,13.701636,15.557067,10.392846,4.175049,3.1711552,10.858034,11.91098,13.031836,17.361065,19.863544,13.3450165,3.9084902,7.3503714,7.3569503,1.3407931,3.6080856,-4.97108,-7.0112114,-8.50345,-12.142049,-10.183194,-6.3033104,0.6991545,6.5786695,8.40391,9.707155,0.3848886,-5.3000665,-0.2986451,8.976594,11.097232,9.893164,9.065121,9.969717,6.426156,2.9709635,-6.459836,-7.642228,0.2794168,0.96626997,-3.3358498,0.9509518,3.7150865,3.2908654,-2.121096,2.9391603,5.3366995,5.6163816,3.5659077,3.8181834,4.4984694,3.3574271,6.7277718,1.5851345,-3.5798326,-1.5849596,-0.845212,3.133702,0.7591397,-2.1567705,-4.7827215,-5.465644,-6.848461,-14.662149,-11.276035,-2.886001,-2.2994077,1.5701469,3.7696505,4.233697,3.9612906,5.3720026,1.8158026,-3.0400493,-4.15564,-2.6158273,-4.245055,-3.465783,-5.353136,-3.0770235,-1.3583592,2.4021742,-1.6879276,-4.187858,-4.7197895,-8.919544,-7.8077536,-7.382343,-1.8243604,-1.7056365,-3.1031227,-2.859657,-5.3944006,-6.1872206,-6.292645,-4.748438,-2.9021394,-0.48131275,-5.9834747,-10.348963,-11.104654,-9.585035,-2.3513575,-2.07762,-1.0770319,-3.674295,-5.915286,-6.198953,-0.48523045,-0.7421967,-1.6775758,4.855277,3.8502145,5.721815,5.4362755,2.8003433,4.3433867,5.8017898,6.372776,7.0618744,2.4580297,2.2636168,2.585628,4.0220156,4.283686,3.6269336,1.4271996,-2.6727037,-3.4819455,1.1747465,2.6776156,0.15694952,3.845058,7.3797603,7.730937,-0.7552928,-5.509583,-3.9995618,-1.4024695,-1.8397284,-2.4566424,3.3878617,7.2614822,9.061033,5.3071423,0.1908791,3.5362325,6.9716187,6.1455464,-2.4419298,-0.9107976,4.2859726,6.4934816,2.2936966,2.2171884,2.6450691,0.80948347,-1.5786611,-7.1651263,-7.381182,-4.9867415,-3.3004375,-4.7263527,-1.7561702,0.5974126,1.1520226,2.8059602,1.8707279,0.81789577,5.1392593,3.7734919,-0.022959411,-3.265602,0.39364338,0.8266921,-1.0373521,-3.5591383,-4.8188457,-5.2409964,-1.1197143,-0.21283112,-2.6387343,-3.6115856,-3.8781772,-2.895292,-1.551636,-2.4538615,-4.014892,-9.626756,-3.2916183,-3.1846812,-6.742883,-7.8989906,-11.178482,-7.033314,1.3240366,-0.642652,-7.160665,-13.489855,-11.838877,-6.6760497,-0.09236336,2.607339,-0.49829948,0.47879565,-1.7788461,-0.7099339,0.053525448,6.1412234,2.4893403,-4.4426565,-8.780243,-7.518262,-5.599847,-2.4451213,-2.3988008,-1.4315603,2.4193685,-1.3567504,-5.288517,-0.89728546,2.3348656,-2.3440013,-1.6795454,-2.0940757,0.4700439,-0.7374424,-1.0468969,-1.7181748,-6.425379,-6.3080196,-7.066888,-6.2553506,-5.904763,-1.4413462,-1.8763354,4.0921474,6.0090466,6.932065,3.1617568,1.0162449,0.6393577,1.8321579,2.1281781,5.429785,5.893023,9.608298,6.73565,7.3617034,6.8382645,11.065658,8.831108,2.954758,0.8914676,4.541514,0.2328986,-5.273536,4.720572,13.184404,11.245688,8.284628,2.8242106,-4.055287,-4.783701,-2.1169105,-3.344905,-3.9943547,-4.186219,-0.2475878,2.0199237,0.4063912,2.0155933,1.2430264,-0.99314624,0.95331043,-0.0915184,3.6593628,-1.7261208,-6.2768736,-9.860873,-8.467018,-4.2930956,-7.3723764,-8.253368,-1.9581131,2.8624272,-1.5962378,-1.9999292,-4.49508,-5.675876,-3.5317361,-1.0393784,-6.842512,-6.1172276,-5.0430646,-5.9123144,-8.134262,-6.6169095,-10.899292,-11.856014,-7.056127,-4.940995,-2.6658335,-1.5878608,2.89334,3.9559915,1.320157,6.5296006,7.044586,5.653509,6.005446,5.908517,4.847203,2.6563573,-1.3136193,3.6800542,6.139258,2.7769651,-0.33878466,-4.6602154,-5.6372457,-2.6790566,2.6778255,5.6590266,3.9820788,1.0633248,1.5309747,-1.4781656,-3.8660376,-0.33462214,-4.2556896,-4.851256,4.1232796,7.03757,7.433213,2.6019666,4.0787387,8.304572,6.8220325,6.651346,3.5166178,6.7667646,5.2583137,1.7035887,-0.83922213,0.18455343,1.3196642,4.867775,8.429372,5.367367,5.081753,-2.274819,-10.0747385,-7.083582,-4.0756674,-0.7283407,2.6245182,6.8718357,6.250774,7.8542747,8.402035,3.3449562,2.5208666,0.5133209,4.6107163,7.179986,6.8984065,3.417266,1.3401716,-1.1614254,2.1985514,5.511585,6.318704,9.38994,11.711035,8.1308365,-4.2575765,-12.154139,-9.385676,-2.2505717,-1.0339564,-0.6777103,-6.143564,-3.0304263,-1.6852293,-5.416658,-5.739806,-7.575542,-2.657239,7.4445467,6.2633634,3.4662213,0.84404147,-4.252104,3.6470785,3.524182,-0.73413086,-3.2354894,0.74410963,2.8391411,-0.79294777,-0.90908194,-8.405716,-7.7230806,3.577847,-0.33803546,-1.4592427,-2.1303098,-2.6013024,1.42893,2.0767863,3.2975435,-2.9965963,-2.6194577,-0.37302855,-0.64869213,-1.6343225,1.4257022,-0.21794355,0.83426857,3.7245462,0.8066668,1.6478238,4.5944214,4.529167,4.3745522,8.733294,5.784993,5.260928,10.146114,9.230678,5.2419224,3.4305155,1.6642275,-0.38178915,-7.5342674,-8.137985,-10.677099,-13.846594,-10.244471,-5.974405,-4.469884,-7.7130795,-3.9236598,3.463745,6.1274824,4.333606,-3.2638493,3.4981833,1.0807736,-2.6260543,-3.4759545,-0.94931924,4.530862,-0.8343281,-6.78001,-8.679429,-9.980944,-14.067625,-17.306236,-13.999617,-9.5165205,-8.7573595,-6.105256,-7.1068068,-4.5848837,4.277301,4.7270074,5.717411,6.575648,6.1462126,6.6132326,3.5725589,0.97549397,-2.1102946,-4.2499256,-7.866078,-8.281539,-4.273663,-10.460361,-13.033521,-16.344534,-18.717098,-17.673203,-16.617107,-11.689909,-9.504909,-9.461981,-11.322086,-8.182696,-5.9753337,-1.6613951,2.5774875,14.434973,20.533234,20.687277,13.764006,10.314859,8.956766,5.0366125,0.3532442,-1.4918406,0.9333002,3.9589355,3.7882705,5.0132074,2.1448216,4.2265625,16.817356,21.9221,30.629913,28.687868,22.720678,22.271812,17.783491,15.579548,19.643953,17.349026,18.078793,27.369822,29.603962,29.62762,22.111103,17.940048,16.198652,21.349361,21.563301,18.770401,20.175283,23.350243,20.894974,20.91062,21.667137,17.1863,16.33162,17.140839,17.754215,19.887867,20.171465,15.637495,12.489004,9.611451,11.438673,15.331547,14.877306,4.907256,7.058379,5.46128,2.8147936,3.7100482,0.3152631,1.8918525,0.29464477,-6.815399,-12.324345,-11.580687,-11.4725685,-14.290537,-21.099188,-18.495712,-20.216764,-21.340342,-14.544442,-12.741709,-15.793858,-20.029575,-18.894032,-17.661743,-12.268652,-14.260062,-20.364769,-18.59446,-17.756664,-15.53061,-16.514885,-16.04139,-10.712791,-12.574718,-12.792608,-15.726375,-15.331434,-13.658222,-13.014051,-12.778978,-16.371422,-11.574446,-3.4983118,-0.10300511,-12.040056,-24.672318,-26.84254,-25.250528,-26.904509,-28.586128,-21.232147,-15.061383,-14.309916,-6.9269824,-6.084946,-14.465179,-12.106182,-10.299128,-9.858287,-8.496725,-1.2199214,-6.4881544,-11.862833,-11.9537,-10.467926,-10.759132,-9.416607,-10.088434,-13.438248,-6.505139,-1.746335,-4.493305,-10.865659,-11.603764,-13.228976,-16.69618,-18.916042,-22.329338,-26.008093,-17.934998,-9.934728,-12.064571,-14.423929,-16.342724,-19.05822,-18.983524,-20.153198,-20.803213,-16.289322,-17.524231,-13.462482,-14.033418,-14.673029,-14.200834,-17.556118,-17.138702,-15.501343,-20.13401,-22.026997,-19.019838,-17.816301,-16.264944,-19.921623,-16.551388,-14.117737,-13.243557,-10.893047,-7.486041,-12.386415,-11.266286,-12.593967,-13.3515005,-11.758726,-9.0642805,-11.335705,-14.606234,-18.968578,-22.281502,-23.341818,-19.107483,-12.253925,-8.146439,-13.456726,-13.066175,-12.156528,-13.694086,-13.047246,-13.30603,-7.0122895,-1.3488266,0.67476034,1.1515462,2.6689303,-0.5848871,-2.7696288,-10.524488,-13.616769,-14.541665,-22.138184,-25.700752,-23.798859,-23.722527,-22.070396,-19.340649,-19.965199,-20.697441,-26.836496,-24.452248,-26.348051,-28.35731,-24.7066,-13.535176,-3.365958,-3.6208706,-6.880368,-5.5547867,-4.764263,-1.8086772,1.8324745,-0.70329094,-0.69963825,-4.328788,-2.8110127,-2.5406628,2.0385122,-2.8782907,-10.502222,-5.2539735,-1.9710386,2.0037637,8.545169,-0.93943244,-0.92390025,5.3235064,6.7465754,3.4965167,11.859206,11.07219,9.619837,11.345518,7.835042,4.7996807,6.5565815,3.841487,3.9510145,2.5370278,0.6944069,-1.5015903,2.0215733,-2.6100469,-2.4534783,-3.231267,-0.8793366,1.6688123,-0.19340172,-5.3987637,-11.874534,-6.954777,-7.121771,-7.9100885,-11.246704,-14.627697,-9.83753,-6.5618587,-6.42157,-5.282719,-5.1802382,-3.739515,4.0683756,2.3845394,-3.1644046,-2.2620196,-4.5869737,-5.339087,-11.466537,-15.331202,-16.866863,-13.233945,-8.338819,-14.256105,-13.48542,-5.541074,-1.4674684,-0.6002732,-8.810087,-9.316425,-3.7487874,2.5042665,1.101998,-4.498857,-0.70554835,2.757379,-0.40713197,-2.6956577,-8.843139,-10.168106,-10.944029,-9.446556,-4.4083834,-0.6934973,1.7700502,3.177011,3.4915466,1.0507421,-1.4766157,-0.31273043,-3.4929826,-11.197531,-9.360335,-6.525857,-7.7148867,-4.2279387,-7.0419683,-8.036222,-7.6035466,-5.1124563,-3.560485,-1.8923321,-2.3117514,-0.25720292,3.890636,5.7964964,9.605412,12.615505,11.716509,10.3708,9.614646,10.859384,9.605382,5.8739233,-1.3278818,-6.5218544,-5.93054,1.2514796,2.5114434,-2.4114304,1.8595876,4.212842,5.0149813,3.6169019,4.9374046,7.0914454,2.17291,-3.3489163,-3.4096305,-2.0804448,-0.2902975,-2.523341,-4.928832,-5.194928,-11.454283,-10.270567,-8.2181225,-8.123823,-8.338412,-8.33302,-9.462743,-9.25676,-8.315603,-2.8354454,-1.0717193,-10.210936,-0.14680915,5.9881315,6.9401097,0.040828466,0.2829077,4.6280317,3.788823,-3.4147224,-10.035916,-15.686634,-10.032232,-2.636673,0.49827647,-0.23312402,-7.834403,-15.997407,-16.266607,-11.116656,-16.745613,-21.695354,-17.489376,-13.542486,-11.601322,-11.520818,-11.94726,-7.556172,-6.870439,-9.8756485,-6.49946,-7.961713,-7.486289,-8.758913,-8.745395,-4.74286,-4.7020235,-6.818865,-11.832321,-9.148794,-9.822081,-10.8478565,-12.827393,-16.81401,-16.05273,-15.139209,-10.171614,-11.85536,-17.627682,-12.123869,-2.2939155,8.786726,13.0739975,18.849556,17.946423,18.479076,21.574274,19.739933,16.723686,16.47324,14.333947,12.06498,10.500451,9.037019,13.327821,13.689823,9.5385,12.322058,15.746157,16.150808,14.578888,11.031805,9.6260395,15.855167,18.417704,15.0246525,17.413929,17.454617,22.567406,23.371164,11.752583,6.7444105,6.615794,6.967521,13.945726,18.223673,17.502796,17.325733,10.434118,5.0367994,3.4934187,2.066599,-0.24596727,-0.6995452,-0.009350538,1.7979103,2.2033038,-0.044543743,-7.6761885,0.82754064,17.248377,16.607052,17.012375,22.165483,10.332222,6.2016354,5.209932,3.2368925,1.2128016,-1.3551013,1.9889785,-7.729292,-10.576275,-11.456006,-15.608555,-16.007936,-11.657909,-9.8843155,-11.711504,-12.412851,-7.9440947,-8.584791,-8.205887,-11.153031,-14.138077,-10.996831,-9.261703,-7.884166,-6.0682526,-4.52261,-4.2092476,-4.3045735,-8.144632,-5.6103745,-2.083519,-3.2935882,-2.5398881,6.862466,6.8919215,10.916979,11.358432,5.513116,3.1165965,1.8185382,6.751058,5.00222,-0.8804539,-3.3862534,-1.9397488,-0.618923,0.7598124,2.1335316,-4.654131,-6.032607,-3.6486871,-0.40848595,-0.71782255,-4.514706,-0.8631257,2.8458254,0.4736939,-1.3732,-9.160419,-8.264949,-3.245069,-0.28775448,-4.126027,-5.200163,-6.66521,-3.224731,-0.7569077,-4.83481,0.24294424,-0.54295504,-0.83825225,1.9373409,-4.4786034,-4.991397,-10.836756,-14.331273,-11.589287,-4.439364,-3.5755916,-1.4383535,1.7681835,-4.821664,-6.5814347,-2.2825713,0.8601543,3.644681,0.7093921,-0.35390753,-2.8023736,-4.95681,-2.4785128,-0.20884174,2.3591468,0.91610855,-1.7663052,-1.5299001,2.4423969,2.7881944,4.707683,3.4279785,6.900252,8.007126,6.1100416,6.84522,4.3345656,-0.98514205,-1.923132,-4.3081446,-7.401218,-18.58348,-21.346043,-23.751175,-17.507278,-10.606922,-9.470276,-13.466631,-16.291374,-14.210391,-8.054908,-4.892143,-7.262675,-7.910826,-4.8057156,-10.490646,-12.692478,-9.624288,-9.657927,-7.9170113,-8.2063465,-7.549123,-5.1583576,-9.513467,-7.4550343,-5.037487,-12.87812,-18.566898,-17.070942,-8.700926,-5.731347,-11.40716,-8.116693,-3.9694524,-0.36113667,0.5069827,7.9764757,4.418475,2.6274796,6.842747,4.245939,3.858623,0.37306935,-3.241675,-5.0798335,-5.3067355,-8.440976,-11.976965,-14.36639,-12.933195,-20.005636,-17.979649,-14.722862,-14.968914,-13.211884,-13.486631,-10.475824,-2.3561687,1.3420122,1.8461139,3.84219,7.1639996,3.7954884,2.0810444,-1.5341055,-3.8444433,-3.551348,-6.577591,-18.829075,-23.59687,-17.1959,-17.941025,-19.078617,-17.666128,-13.468792,-9.927202,-15.896229,-13.472536,-9.7126465,-13.70149,-9.435962,-9.29723,-7.43495,-0.8688926,-4.8269477,-8.176939,-6.695171,-7.5955434,-4.303396,-6.367249,-6.89989,0.06101522,2.9411223,-5.2140374,-12.595981,-16.992928,-20.496574,-16.162233,-15.389419,-13.464257,-9.1013,-10.531074,-8.510418,-2.8546968,2.2613075,1.402569,2.2253544,2.7428474,2.8489995,0.80915964,-0.94690883,-7.640008,-16.065746,-11.800225,-6.424724,-6.8149776,-8.348622,-6.619789,-3.6794608,-6.5042915,-11.589115,-8.688218,-7.8304076,-9.238437,-10.44684,-9.176451,-6.4783735,-7.44281,-7.785761,-9.594423,-6.979351,-2.3323295,-3.6914208,1.7037451,5.848754,7.8261404,2.9696255,-0.2173835,-1.1575588,0.910277,2.4631422,6.2589054,9.699896,12.133118,7.48697,0.16100866,2.054031,-1.8951848,-3.6147923,-7.5724435,-2.8557603,4.01018,6.854468,5.4496694,2.0263507,-0.16090524,5.3965454,4.111839,6.0620213,6.0568867,7.4117174,5.5813103,0.32466155,-0.04115683,1.1184281,-3.8967235,-5.5384383,-0.8160045,-4.1561623,-6.127959,0.69997907,-1.2006447,-8.016634,-10.16216,-7.4377775,-9.178499,-8.100351,-7.5213165,-3.4931567,-4.1885624,-1.72646,0.8048176,-0.04977241,-1.5558285,-0.82451355,1.9311922,-4.7931323,-12.496101,-12.278952,-18.447386,-19.619085,-14.941183,-13.957943,-15.524569,-18.416346,-16.646202,-11.44163,-12.350145,-14.707401,-13.492528,-9.747114,-8.250352,-7.8802357,-12.73552,-11.434424,-9.077793,-11.48815,-13.305033,-9.594038,-6.583947,-7.9571834,-14.03582,-13.038895,-7.7625685,-10.352706,-14.6817875,-11.47917,-6.3710756,-10.16707,-12.469543,-12.247995,-12.878352,-11.469772,-12.14443,-2.5415738,9.184497,10.67934,6.630225,4.6791897,7.177019,4.4758368,5.896308,3.0293736,3.9205463,8.735031,5.0542107,1.78626,6.12419,12.276321,13.448742,17.887438,19.63451,21.734312,22.46098,17.798279,17.101173,17.84977,15.739092,14.971892,4.8995986,5.309924,12.480006,17.714214,17.534874,19.025114,15.075888,14.006037,11.661606,0.7074485,-2.1129038,-0.13052201,6.5250955,9.519152,9.507353,5.4007936,9.649251,9.535973,7.6386175,17.40778,26.19384,24.87786,15.07752,12.874681,10.464518,5.0786767,3.6027856,10.258276,17.074677,15.002499,8.877474,3.7714744,1.7473613,8.353672,7.5309367,2.470073,1.9145273,-4.7857127,-12.622942,-17.774473,-18.201542,-21.13836,-22.358685,-17.685955,-15.305778,-17.950996,-14.139462,-13.861885,-17.279358,-19.123411,-18.413116,-12.030273,-13.807781,-16.151966,-15.659731,-13.829026,-11.702154,-6.529043,-8.946009,-12.770998,-11.967479,-16.347965,-10.978502,-7.039295,-5.7256007,-4.2146025,-1.0729668,-3.190967,-10.995476,-19.80888,-24.901657,-24.168932,-22.416706,-23.490574,-20.634533,-7.7454767,-5.2362123,-7.3054986,-11.092317,-11.076921,-7.1589565,-2.6892707,0.8650822,0.4323007,-3.9961128,-1.1233217,-0.036790445,-1.0010318,0.51048046,1.8443767,2.8953536,3.625555,6.3180337,7.6822214,0.066862196,-4.121797,-8.297453,-16.045792,-19.37975,-14.171623,-11.766899,-14.13365,-16.075268,-11.861908,-14.4249735,-15.057308,-13.422388,-12.937887,-8.7029505,-3.4600756,-4.4550104,-0.55616033,-0.8917545,-2.2055466,-6.970954,-6.2358437,-6.5134783,-7.6532907,-6.333463,-13.813799,-9.743055,-3.023982,-6.8179774,-10.920425,-10.561487,-6.658982,-3.67218,-0.75495124,-0.9392235,0.9408687,4.0899496,-0.4330632,-9.300046,-9.612758,-8.281042,-11.319219,-16.737165,-22.731474,-21.590551,-21.263195,-23.990978,-20.241444,-11.670132,-8.475405,-12.858637,-12.194381,-14.612724,-15.950109,-15.430356,-11.503283,-10.891366,-10.9815445,-11.229203,-9.632376,-11.624983,-12.276348,-9.58382,-10.219248,-17.417416,-21.289001,-18.73755,-17.537632,-21.018875,-22.630417,-25.139963,-20.997892,-24.932024,-28.543354,-18.627678,-12.997343,-4.9937463,-5.3740206,-8.937771,-7.9555798,-3.206636,-1.9270458,-3.4663835,-2.7869158,-4.176763,-3.0021439,-2.7599838,-6.7240996,-7.893553,-5.361487,-3.2063675,-1.7731138,-1.8411716,-1.4741776,1.9830619,5.8842535,8.077859,10.344564,8.161649,6.03469,-1.4978182,-4.43147,-1.6197678,-2.7656815,-3.2095234,2.9045572,2.7542572,0.7144054,2.3520164,0.3181659,2.8402443,-3.1121478,-7.33064,1.0025342,-1.0254624,1.0796883,1.954916,1.6933178,0.046967864,-1.5868974,-5.6531863,-2.135741,0.37302184,-7.3404713,-11.387735,-9.652523,-6.557208,-6.8948526,-10.710816,-5.417961,1.1257334,-4.160703,-0.368326,1.6363547,2.1331635,-1.2938555,-1.319174,-2.0852146,-7.872656,-11.4826145,-6.802792,-2.721111,-6.129147,-10.884773,-7.4851484,-6.220164,-4.6435723,-0.91197145,-1.1239449,-0.91671175,1.3446934,0.4669932,-1.1378235,2.3048959,-0.34854853,-3.8906264,2.4141052,-6.171081,-3.3045058,1.0641439,-1.1341761,-6.5219274,-5.084303,-5.5498676,-2.3534968,-0.55521345,-2.056173,-1.0903515,-0.529249,-8.221767,-7.654285,-1.3558971,-8.139122,-12.714396,-12.15328,-10.116253,-16.104628,-21.539577,-18.270985,-10.478316,-8.258529,-3.6958537,-0.27066618,2.8001773,4.5732403,10.189138,9.867752,4.843371,7.5104895,11.971785,17.683578,18.71186,1.1579506,-5.2156506,-4.782078,3.25276,4.220086,7.4254036,1.6262488,-0.79177594,-0.55294406,0.28723466,-0.5504041,0.57716763,-1.2016833,-5.961221,-4.99523,-1.0452768,-5.888397,-3.8955185,-4.883005,-9.084682,-6.9678154,-5.658765,-7.9635134,-5.1533794,-8.697336,-3.315283,4.5193973,6.339191,7.2046895,1.8245878,-4.4550347,0.64689684,2.1466522,3.5780241,-0.41105154,-5.0326843,-1.3952776,1.8667588,3.7547097,0.33440995,-2.4612174,-1.6088953,0.9054747,1.9199142,-0.28860724,-2.3098547,1.804487,6.2225647,3.2950244,-3.7938545,-5.4837914,-13.936853,-20.933723,-19.317535,-14.937688,-4.1364098,8.793791,14.310464,15.345125,14.903807,8.795157,4.1149545,-2.290366,-9.517748,-12.135354,-4.3045325,-4.111846,-7.4075375,-7.906202,-12.961645,-19.759323,-20.478588,-17.029617,-11.727517,-14.047283,-16.40332,-10.669231,-7.5974703,-6.237482,-4.796898,6.3462844,15.48097,10.768465,10.050212,17.15303,17.45325,15.382071,16.919506,14.280397,16.992126,19.62733,16.098766,13.305115,15.793931,10.943715,10.433479,15.475214,19.872284,11.414801,12.238424,13.01156,13.762767,16.905926,15.543327,10.773905,8.058532,10.719498,12.452061,10.209477,8.974322,6.8504677,5.551355,7.4698887,7.726511,14.767607,16.38677,11.301857,7.8253627,7.182667,8.793858,8.362189,7.828061,6.3455815,4.0381017,5.122332,8.342192,6.6256194,6.9701796,11.281803,14.465797,16.665133,16.920887,11.773411,7.984499,8.2678795,5.31959,5.1703167,0.2900875,-7.398327,-6.619735,-5.035827,-5.55248,-6.113782,-8.59962,-6.799427,-4.2778935,-5.159958,-4.459918,-3.0632463,-0.73595583,-2.7791626,-4.8399715,-1.771312,-3.828657,-2.6472294,3.003793,6.4659452,-0.09652734,-12.238977,-9.014069,-6.7199845,-2.914833,-3.7276616,-0.67685187,1.880188,3.738574,11.729269,8.63268,6.72649,6.274046,2.938034,6.41439,2.06179,-8.323925,-6.32483,0.34606874,-0.47447085,-6.2469788,-4.2837787,-7.8329554,-5.75279,-5.708393,-3.646399,-4.4170403,-2.1767137,-2.2021973,3.2069402,2.789322,-3.1170437,0.5993813,9.151432,11.975809,1.036004,-1.2662717,-3.3594375,-5.753522,-0.48335445,1.5768199,3.9009738,5.87593,4.6873827,4.2410955,-2.0272167,-3.207366,-2.4340088,0.9987571,6.6206703,7.050074,8.915197,3.103758,4.659618,8.405199,5.2028394,4.3722568,4.035033,3.8822567,4.5963326,0.77107203,3.6047127,2.1276798,-3.0821533,-4.5764728,0.44727975,0.4724899,-1.1649106,-1.801459,2.2593281,4.184291,6.7529287,0.8026583,1.7800229,4.088487,5.7716236,4.6341295,-0.8224498,-4.554125,-6.953589,-6.886704,-9.047855,-12.414019,-19.418682,-24.507809,-26.962875,-18.54378,-16.588655,-17.903336,-18.86134,-16.852148,-12.26786,-17.160862,-16.657366,-11.544083,-3.0985227,0.7446591,-1.8510838,-5.482594,-10.152296,-12.069133,-15.488203,-9.330954,-7.6570063,-9.326863,-6.3833923,-7.590995,-10.475491,-13.579686,-15.980656,-24.464716,-24.424913,-15.784263,-10.738379,-7.0986867,-3.4449515,-1.5287071,1.083946,-4.0966163,-9.035445,-12.656424,-12.835309,-7.9634027,-7.879978,-2.0070186,1.4796958,-1.520929,-8.350875,-5.091819,-4.273268,-1.1033688,1.3226258,2.8648736,-3.0406513,-13.19483,-11.62011,-12.853131,-11.044687,-10.086965,-9.640455,-7.7897687,-4.6933155,-5.763875,-5.41217,-5.714443,-7.3265424,-4.364753,-4.0284424,1.3315899,1.2115977,-10.4591875,-14.472057,-15.898421,-14.306643,-11.682568,-7.1073885,-9.260609,-7.583583,-5.2470326,-6.5238304,-9.9141445,-4.2570977,1.5902998,2.7367969,-0.14369059,-4.2280526,-2.6084576,-2.6803784,-7.797303,-7.026356,-5.9096274,-3.6987703,1.2187991,0.12962076,-9.202436,-15.081503,-13.587204,-12.205376,-7.4314065,-5.408637,-1.526232,1.8247839,5.380273,4.3677673,-1.5665212,-1.3252476,1.9775202,1.5030725,-1.9977915,-6.830689,-3.4987688,-3.07279,-3.9448698,-1.4831953,-6.4293985,-11.221279,-11.916967,-7.901724,0.13911055,0.423342,-4.0429597,-6.740326,-11.144898,-13.832543,-14.341215,-14.302123,-10.977743,1.0907886,5.7977467,0.36826056,-0.379349,8.470066,8.745062,5.674405,3.424302,4.062379,3.3087728,-2.3202438,-6.012358,-0.6563189,3.6941965,2.541112,-0.32432908,1.4959815,-0.097673,-6.0946217,-5.566406,-4.1285434,-3.0168605,-6.425831,-12.978012,-9.614268,0.057552695,2.9714835,3.114624,6.3080654,5.4658775,6.5686636,6.845683,6.576545,-1.5903376,-7.396208,-2.802907,-4.7205324,-4.7695765,0.7464957,-2.6271734,-2.2162127,-5.79603,-7.476831,-3.4213078,-1.1097249,-0.94779164,1.3665682,2.7354321,-4.997739,-9.818828,-8.78352,-3.1772568,1.9513199,0.9976959,-3.3738446,-8.8019,-5.128274,-7.565021,-6.5032563,-1.9519392,-1.3765911,-5.6232166,-6.4658294,-2.8732371,-4.7927785,-6.306858,-6.3103647,-5.277728,-4.447624,-1.9107805,0.046334743,-2.6036923,-3.0959187,-6.821226,-6.398196,-4.1998663,-4.623914,-3.846647,-2.436576,-7.661653,-4.843507,-5.887184,-9.648704,-12.173808,-11.0955105,-8.812873,-9.039013,-11.493281,-13.119541,-11.685173,-8.982913,-7.0908527,-8.263157,-8.440487,-9.183123,-5.451465,-4.232212,-2.0420108,1.348223,0.31332207,2.1472056,4.407398,5.4045773,3.606244,-3.2415228,-0.80083734,3.4229436,4.6985135,-0.087378934,-2.6541057,-6.049189,-9.2787075,-4.166048,-3.9113703,-1.3710907,0.7071382,3.24465,2.117928,0.19925605,-2.3575504,-6.437691,-0.28530088,12.186284,11.4926405,5.5008807,-0.47329497,-5.455264,-4.413176,-8.646082,-10.32028,-7.7201595,0.91880774,6.6837196,0.0871346,-0.124025166,2.1037538,1.1517183,2.9848962,1.3471894,-1.15212,-1.302213,-2.8904042,-0.0041988194,-3.7323084,-8.65994,-3.9642398,-0.45618424,-1.6310596,0.23227103,0.41816044,-2.4191751,-0.9116123,1.0836803,1.1845315,-0.80526745,-4.660885,-3.7881553,-4.2877507,-5.225636,-11.030493,-10.370216,-13.711899,-15.3991995,-10.050309,-5.752884,-2.8889155,-3.4800317,-0.35169578,0.43414235,0.5435741,-3.0457287,-1.661113,2.2294645,1.4503148,-1.2328503,-0.92780954,-2.367399,-8.577494,-7.4708643,-4.874748,-4.961829,-4.1080675,-5.118545,-6.208658,0.03838262,1.2467127,-3.4381108,-2.660995,-2.1507902,-0.85076255,1.052074,2.6671183,-5.049491,-7.388537,-6.78627,-0.39085132,2.5103865,1.6760913,7.0215173,1.962616,2.1277869,1.2595198,0.54190785,0.13240808,-2.3810632,-5.710986,-9.111034,-5.260068,-1.9091413,-5.1424847,-6.267578,-7.31139,-6.0158696,-6.7798758,-3.627624,-1.7530408,-4.087092,-5.8614664,-7.619945,-10.67157,-4.618284,-3.3373976,-7.042044,-5.88198,-5.498337,-5.231717,-6.030636,-10.730173,-11.753258,-8.063091,-10.929649,-5.204799,-1.5994122,-3.0820727,-6.162932,-3.0790744,-3.0939338,-4.648213,-4.9194174,-7.040557,-8.254978,-5.9090595,-1.7482029,-1.935196,-4.019697,-3.7765453,-5.271309,0.14741808,1.4848117,-3.2373743,-5.8318214,-1.1074656,0.20835638,-0.029501915,1.770649,0.5709094,-0.9486285,-2.9554963,-2.6838968,-6.638069,-10.622708,-5.3074803,-4.3871717,-6.3902497,-12.08948,-17.734047,-19.714146,-15.902286,-9.129351,-17.770348,-18.290083,-20.13736,-17.375053,-11.99468,-8.781994,-11.444959,-8.088175,-9.018963,-4.363208,-5.96371,-8.645162,-7.6440625,-0.56135255,-2.5658083,-11.549559,-19.409979,-25.805828,-27.064161,-27.077507,-12.07767,-6.103773,-10.075193,-14.366615,-13.390089,-13.945761,-13.972028,-11.503458,-13.852936,-15.185428,-16.5578,-20.445454,-22.945322,-18.421362,-17.23238,-17.308615,-16.127705,-17.652676,-18.304644,-16.18751,-12.07107,-6.232502,-7.0206833,-17.053654,-21.483059,-23.841751,-15.234878,-11.7071705,-12.185789,-14.7271,-18.917936,-19.687052,-17.460854,-18.318314,-20.093922,-18.215277,-17.117275,-17.169212,-21.969875,-18.271042,-9.7602215,-8.729788,-9.961972,-17.224842,-19.31343,-16.267004,-10.37951,-10.003545,-3.4235404,1.9897809,-0.53022987,-10.44945,-10.646683,-20.05398,-18.803373,-17.809025,-20.12722,-18.36152,-22.570873,-24.356817,-23.583698,-20.733807,-21.232138,-23.85038,-18.894068,-15.377504,-17.870403,-16.76541,-11.374525,-14.518202,-10.930781,-13.518625,-18.582905,-18.092258,-21.24281,-23.810825,-22.18981,-22.088734,-22.326916,-18.549591,-19.056442,-13.183786,-13.265095,-14.710192,-17.606735,-14.438745,-11.41774,-11.65064,-14.252039,-13.664287,-11.39267,-14.886435,-18.655083,-9.939057,-3.4848418,-3.9202049,-9.505481,-11.750954,-8.178743,-3.7861514,0.7102573,-7.3397284,-5.013886,-4.0090227,-6.2905855,-2.4741895,-1.8524456,0.27444178,-0.13427079,-4.6274247,1.0942988,-0.5220823,-2.2969737,-7.886725,-9.123307,-10.326361,-16.02441,-12.953276,-4.847521,-4.482711,-6.6577635,-3.4895196,-5.7341547,-8.252862,-8.782469,-12.166067,-12.989315,-12.579087,-6.685462,-8.792245,-15.158613,-20.002518,-11.6882515,0.80952513,2.5964813,-11.649134,-11.9299755,-13.858029,-13.073141,-15.4884405,-12.21596,-13.108951,-12.320808,-15.048939,-18.73932,-17.854406,-11.834102,-6.4519043,-4.187886,3.1266193,4.4128847,4.425871,1.6428565,-1.4901576,-4.863541,-8.351479,-13.39856,-14.35343,-8.918503,-3.5592005,-3.5238512,-2.0720243,-4.9980583,-13.130097,-16.891853,-14.696198,-16.06033,-17.40947,-16.067745,-12.275141,-10.118425,-12.118462,-10.588379,-7.7600474,-5.081003,-6.671701,-6.8079953,-5.8737006,-3.4220886,-4.4360485,-6.150614,-7.03563,-6.276102,-5.3582706,-6.316608,-7.6548643,-1.5327146,-6.1278467,-4.321625,-0.31983274,-3.4407024,-7.5194626,-15.329966,-20.181168,-15.564504,-15.599626,-15.732431,-9.820843,-8.791195,-6.2395296,-3.1673675,-4.5723157,-4.607572,-9.719348,-13.3906145,-13.439382,-6.225645,-4.770489,-7.406008,-7.716601,-10.903488,0.77621305,8.067086,6.2741146,6.6747828,3.7804546,-7.60887,-13.551817,-18.326355,-24.02124,-15.540413,-11.318028,-12.074385,-11.929287,-9.822458,-15.107666,-14.407125,-14.691661,-14.605011,-15.648033,-12.252495,-11.760692,-16.42543,-16.31588,-18.631268,-17.313671,-19.947987,-21.257544,-16.961159,-12.07811,-9.258062,-10.778021,-8.14535,-7.8056717,-7.9922047,-8.540762,-10.176378,-11.415852,-14.189145,-14.308333,-9.87397,-11.454003,-15.668701,-17.159698,-20.933033,-15.817389,-10.32571,-2.9766707,-5.5670114,-4.7849793,-10.040114,-12.514477,-16.907557,-17.100359,-10.383629,-5.6336308,0.2252588,0.8242717,-5.3939104,-15.898947,-16.354958,-12.644766,-10.267639,-5.8252916,-4.472147,-11.462916,-10.029954,-10.6387415,-16.633114,-14.791194,-12.165413,-10.990498,-8.617361,-0.48377967,-1.1302137,-7.72225,-9.227247,-10.283569,-7.1052446,-11.39308,-10.237109,-8.72995,-11.02866,-5.183219,1.671113,-1.0083463,-4.686548,-2.3330963,-3.1272154,-6.112898,-9.328144,-8.951174,-8.270071,-10.253161,-9.388538,-8.491117,-3.5625882,-4.7053356,-6.3023605,-12.728921,-16.163967,-7.5280714,-5.226119,-5.3348927,-1.2013313,-1.2514381,-5.494315,-3.3959668,0.9102963,-1.4258626,-2.4787407,-2.6619537,0.4510503,1.2369006,-4.54081,-4.3168764,-1.0464835,-11.438476,-11.684782,-16.341042,-16.93819,-11.698212,-5.8369017,-10.25544,-15.3084135,-15.219944,-14.360954,-12.212631,-12.510662,-10.719503,-4.256916,-5.7215233,-11.5878105,-12.696007,-9.771955,-13.293807,-17.575954,-18.376637,-18.577751,-18.406427,-12.6732435,-11.759426,-12.018766,-4.3118353,-0.802729,-4.547105,-5.479602,2.6029396,0.6161817,-2.1710155,-8.458766,-11.55768,-9.628944,-8.805157,-7.7538795,-8.81067,-8.662732,-9.042508,-9.065513,-9.084759,-8.595822,-9.050898,-8.743259,-11.3582535,-11.780332,-10.4657955,-9.956215,-12.228974,-14.371262,-11.194588,-7.127328,-5.3387117,-7.104052,-5.7900662,-4.3658037,-5.752269,-4.6483865,-4.701512,-5.9210668,-5.7794776,-8.470843,-4.892967,-1.4585812,-8.381499,-12.791116,-11.026763,-12.4143715,-12.468603,-12.011685,-9.967542,-8.576254,-10.354391,-12.173317,-12.498314,-8.817698,-10.663635,-6.090228,-8.862105,-8.903179,-5.2271214,-8.396395,-7.9908743,-10.319023,-10.239317,-8.177551,-9.351812,-9.39979,-12.272027,-11.321144,-11.033393,-10.007952,-11.991774,-13.324699,-11.023513,-12.354088,-17.22866,-14.857065,-11.699419,-11.9807625,-10.422665,-13.198297,-20.450283,-17.071968,-14.098655,-13.657979,-10.434808,-8.23348,-7.466116,-13.655519,-15.960475,-13.61474,-12.704311,-8.046825,-10.386362,-13.829241,-11.116428,-9.948339,-11.29855,-13.782885,-11.931501,-8.982677,-11.283401,-13.002005,-9.787249,-4.8224506,-5.738904,-8.032809,-8.674799,-6.1029615,-5.861905,-5.1533794,-4.14817,-1.9180459,-1.190721,-6.473338,-1.3022199,1.4898244,0.5630694,4.131011,6.048172,2.2799392,3.4690428,1.7662162,3.0021,0.5059194,1.174753,-0.15953445,-8.880866,-5.1085567,-3.0978975,-1.461997,1.1279628,6.769035,5.1580477,1.3106389,0.06385577,-1.8306158,-1.1958733,2.2074022,0.7961795,-7.167778,-8.647975,-3.0401795,-2.7347105,-3.4374514,0.85475993,-1.9819067,-5.139638,-4.3314447,-1.9786067,-2.5531986,-0.5247081,-0.6192482,0.2816603,2.0675805,3.566402,0.4810816,1.9998527,5.3842154,4.133207,4.9410734,3.7236538,-4.1816707,-9.093317,-11.8255415,-11.698045,-10.614614,-9.9474125,-7.251485,-5.7385616,-4.717212,-7.13578,-7.363598,-1.1999903,-6.877545,-10.971743,-11.084621,-7.351739,-8.113324,-10.147911,-4.6429653,0.26959395,-2.3300943,-9.434256,-4.9482975,-0.647264,-7.975235,-10.027822,-8.504961,-9.1311455,-8.794073,-6.0153627,-1.966294,-9.248871,-5.5532765,-2.6113892,-11.837537,-10.269384,-2.7914262,-2.2130423,0.07275626,1.5353726,1.8389283,-3.3210866,-12.42977,-17.716263,-12.367986,-12.510413,-15.4592085,-17.020393,-16.32066,-16.203106,-16.896496,-11.607398,-9.6725855,-8.30763,-9.151935,-9.660337,-6.30139,-7.621934,-5.50765,-4.9770403,-5.767306,-8.71856,-7.880948,-7.6208415,-3.6104732,1.2514215,-1.7951875,0.08762401,-1.5392795,-3.1699238,-3.4445562,-4.8529673,-3.73029,-7.532483,-6.407973,-2.1463518,-5.5728636,-2.6761675,-4.1398425,-3.7699296,-3.3318806,-1.3091148,1.6946124,1.2395864,2.4743454,3.6833348,5.7397776,11.030571,5.5199633,1.6208584,3.4647744,1.1226586,-0.5918784,-1.1084054,-4.838338,-7.7015033,-8.264607,-8.194197,-11.8210125,-5.2922325,-2.5016356,-1.9401495,-0.52719855,1.7838523,7.68244,13.1526165,7.4041452,5.10758,3.2927647,0.5222609,-3.1203363,-6.1668,-3.987952,-4.974803,-8.121933,-2.9287777,-4.8346815,-12.925268,-14.703033,-13.050446,-10.707682,-7.0191407,-6.405855,-2.7098045,0.36270344,-1.2020981,0.54581857,4.560994,0.9292843,0.033685476,8.91004,5.8855343,6.826499,2.4374578,2.957249,6.470656,6.1928105,-0.06093228,-2.768485,2.565722,6.7199793,6.4832773,4.5977697,-0.8016898,-4.3412514,-6.593505,-1.0134201,-3.4657583,-4.2062297,-5.253416,-5.1637983,-7.226581,-6.850733,-5.5424294,-4.371035,-9.315258,-5.001938,-6.332006,-8.505977,-6.696184,-12.235227,-18.357662,-15.520885,-10.774199,-11.615991,-6.8262644,-3.9436526,-0.0470531,-5.274391,-9.062095,-15.603822,-17.45567,-12.073645,-9.467439,-13.63525,-8.654132,-1.4147041,-2.851097,-2.3849063,-10.549863,-6.861123,-1.7451342,-5.771989,-2.605638,0.27493882,4.2513666,7.87759,1.1846336,3.140746,3.9142213,0.57260454,2.8477974,2.5328393,0.33531526,-0.96521807,0.8762408,3.1715536,4.2418337,1.669328,-0.35669053,2.0100675,2.400753,-0.4755329,-1.6301179,0.009782255,0.21155594,-2.0845757,-4.2256956,-2.9502578,0.18585634,-10.350478,-9.308914,3.5581045,7.753252,0.6787793,-4.7202153,-8.858711,-8.085365,-2.5798995,-4.798621,-6.291273,-2.2229345,-0.13113523,-1.0597591,-0.7595264,-1.7083985,-4.8526297,-0.7443811,-1.2382219,-4.0350175,-3.6651769,-0.45731038,-5.026598,-9.600773,-9.052925,-3.9002814,-4.131162,-3.922789,-5.7997885,-5.651129,-2.2344968,0.5604414,-2.4329264,-5.6437874,-3.3631294,-11.177944,-14.2124605,-16.119202,-22.725954,-22.256973,-17.916864,-15.791773,-11.423134,-9.404943,-6.179254,-7.8040333,-9.1225395,-6.6144257,-9.767412,-8.936224,-2.6915975,-1.9117533,-6.181157,-11.892127,-12.411613,-12.013128,-18.994804,-24.499802,-23.446064,-18.592949,-15.093042,-12.014391,-13.023447,-13.503727,-12.418081,-10.757648,-10.90575,-12.055004,-5.8050795,-6.163687,-4.804461,-4.1224823,-8.781752,-6.6441107,-7.1427665,-7.706726,-9.757351,-11.293871,-8.498476,-7.0254583,-12.957547,-11.155843,-8.955925,-11.295768,-2.2028403,0.20255174,-2.9170089,-5.778056,-0.9825908,-2.5883532,-4.0524163,-2.2167048,-2.8589685,-1.8986685,-1.8481308,-2.3281,-5.5175323,-5.125904,-3.2893643,-9.96496,-9.193762,-11.31646,-16.364124,-11.201042,-3.173606,-3.1486585,1.1935029,-1.7982748,-8.796404,-8.505217,-9.137591,-13.694557,-17.703299,-19.57205,-19.10639,-19.82151,-19.749977,-20.337994,-16.442019,-14.613654,-11.991079,-8.222239,-7.67307,-6.856163,-6.725554,-6.6501384,-4.359212,-5.126945,-1.6907451,3.9784503,2.9090734,-0.069596946,-4.8149047,-7.8926945,-5.5620937,-5.261995,-9.210979,-13.666922,-11.164173,-11.83173,-10.399029,-3.3954701,-8.6021385,-10.413892,-10.863337,-10.921129,-6.7324076,-8.213299,-9.5798435,-11.356847,-8.97654,-9.350608,-3.849515,-2.1956387,-3.1128473,10.778934,5.526949,-1.9591213,-2.3959231,0.04674065,0.7327663,1.8473026,-3.0870337,-3.812808,-5.7061744,-1.2400173,0.104457974,-7.8336277,-12.272905,-13.2958355,-17.10802,-17.293386,-16.114433,-16.031855,-16.044626,-12.534565,-14.377523,-23.67166,-14.760242,-10.451487,-13.112049,-8.0566845,-7.6184487,-9.384541,-9.840309,-5.439133,-4.2543235,-2.4120185,-6.0396094,-14.63623,-10.481504,-11.936982,-12.89362,-7.189658,-13.475398,-15.295334,-12.80297,-8.949642,-6.423858,-11.397317,-16.660225,-20.546097,-25.780657,-25.209873,-12.872365,-9.39609,-5.125778,-4.8943233,-4.5303435,-5.371506,-7.648863,-4.4208784,-1.6679782,0.5506321,-1.3497018,-5.072891,-4.286996,-4.298386,-7.06729,-8.862267,-10.828161,-10.436258,-7.9693646,-9.058293,-11.197989,-18.090725,-18.289902,-20.418156,-15.087781,-16.328789,-14.786037,-14.391789,-11.018787,-8.198973,-7.607379,-5.8934174,-4.6408787,-6.657074,-8.172827,-9.713714,-15.844208,-20.044205,-14.89134,-8.992866,-8.199116,-7.498532,-9.515037,-7.9885855,-16.92616,-23.935787,-18.561356,-12.427589,-10.79218,-12.860247,-6.936745,-7.1514325,-11.565605,-8.981307,-8.268028,-10.648315,-11.613017,-11.988552,-8.1003065,-7.3100204,-8.266521,-9.639772,-8.016505,-6.25383,1.214383,4.0242004,-1.693097,-8.399653,-15.641718,-18.128239,-19.776459,-19.409359,-17.58702,-18.197083,-19.940779,-17.24825,-16.12929,-16.52609,-15.875786,-13.733713,-12.163898,-15.948236,-17.388521,-16.751505,-18.49098,-20.322609,-21.975456,-21.702394,-21.739006,-16.674713,-13.977789,-13.406864,-17.364693,-11.311129,-11.068263,-7.0994782,-12.420986,-10.6158695,-7.041897,-9.662611,-9.55233,-7.5901794,-9.285362,-14.749088,-20.513123,-14.918439,-16.620716,-10.414843,-2.0953133,-0.47918049,2.469786,-2.065455,-5.4985857,-7.8468685,-7.2239504,-11.598476,-8.71282,-9.013529,-11.25125,-11.199291,-6.5216346,-7.606224,-13.280935,-13.66221,-12.38362,-10.23749,-10.432081,-8.370882,-1.826803,1.8624417,-3.5560062,-3.6310089,-7.508683,-9.364481,-5.862576,-5.093154,-6.3909426,-2.2334046,-2.9773836,-1.3601409,-1.77373,-3.9249115,-6.1507697,-4.030657,-6.9711943,-3.246767,-1.1231804,-0.30668288,0.34341112,2.0924082,0.7576016,-5.5941057,0.16785133,-0.4721384,-2.7324944,-0.13222742,-0.18889368,-1.5486797,-6.136632,-3.837466,-3.4738197,-3.6864426,-1.1043968,3.2718806,3.2287376,-0.45389998,2.6881385,2.8879256,-5.2365413,-1.9451447,-0.86072445,-1.9170237,-1.3481549,-0.15166909,-4.5300875,-8.369812,-10.1015625,-9.799517,-3.2499917,-2.3911006,-2.4770105,0.30168498,-1.8853017,1.7295814,7.73059,6.4548955,2.3520436,3.5244026,6.0411057,2.805038,0.15363562,-0.99645233,3.1342797,7.049903,3.7750936,1.5644491,0.28766024,0.90185684,2.7986145,-2.3552446,-3.0497293,0.10333602,3.7638967,1.5991874,0.41377205,1.0013626,-1.9170113,-2.8241732,-3.8953872,0.9472755,-3.931405,-2.8374763,0.8674757,1.4417706,2.851554,4.0938807,4.583037,-0.82289016,-0.4991427,0.42898977,1.056501,5.724513,14.439236,12.136314,4.0087385,-2.4940293,-8.947973,-8.853636,-5.2621994,-4.175297,-9.106396,-11.636391,-10.831556,-6.2352867,-5.4991984,-7.7474265,-4.2835484,-1.7157463,4.4024916,3.247972,-1.2988681,3.5992439,7.2016277,5.661586,4.1853952,4.068803,10.9102,13.560925,4.085266,-10.534828,-14.53009,-14.081979,-11.425721,-8.713863,-11.313644,-15.252689,-18.444624,-17.98312,-11.464157,-9.369697,-9.882771,-9.037982,-6.5316334,-4.69695,-8.898371,-9.080406,-5.6356053,-8.524367,-10.156356,-6.7974644,-13.584346,-18.840797,-17.901543,-22.219812,-21.842981,-17.10345,-11.771341,-13.126281,-6.705835,-6.9177747,-11.087061,-12.370258,-13.650153,-14.574026,-19.349258,-12.572708,-5.960597,-0.5328288,1.4434322,-4.4065046,-12.127575,-12.102695,-14.565885,-16.075497,-14.696619,-20.508907,-22.787868,-20.944511,-17.259655,-19.289724,-17.70871,-20.252182,-16.483702,-14.25588,-18.530022,-21.120657,-20.12389,-16.482971,-21.398172,-25.909101,-25.401257,-24.627426,-26.236214,-22.742558,-21.342178,-14.240801,-12.466677,-13.913021,-17.382195,-18.243181,-17.939108,-20.253347,-22.003033,-24.809338,-26.70882,-29.814875,-27.928194,-25.65106,-25.271938,-19.850487,-19.811861,-21.402153,-19.290815,-18.232214,-15.502983,-12.1034355,-13.784971,-10.56394,-10.5234375,-14.29553,-12.72774,-16.80162,-17.494183,-15.422872,-16.63581,-20.666298,-19.768507,-18.754255,-17.919186,-17.613071,-15.491119,-18.074968,-17.487923,-17.224964,-24.211342,-19.056795,-15.55202,-18.141138,-16.915916,-12.896591,-8.115747,-12.865248,-17.12278,-16.553875,-11.880426,-11.153436,-12.493898,-14.380558,-17.64367,-15.916571,-11.768322,-10.405513,-12.91008,-6.7650776,-5.633575,-7.3119307,-9.655851,-8.935039,-10.503988,-12.78754,-9.358852,-6.680915,-8.714317,-8.464453,-4.252316,-8.964458,-10.525542,-9.009584,-6.51357,-5.9211683,-8.180003,-10.123613,-9.182884,-10.394381,-11.505772,-9.91346,-6.0102777,-9.076737,-9.656035,-8.891581,-9.262893,-7.6779995,-2.2071424,-2.7642426,-7.3865232,-7.4054203,-5.83018,-1.4109344,-3.7958164,-0.18100561,0.6248751,3.2589421,4.391364,7.758868,7.3699107,4.867833,5.72528,5.820077,6.2371316,5.710958,3.9753127,1.9750726,1.7876172,1.7606978,4.1298914,4.7608495,3.7075891,4.1509733,5.3858557,4.529354,2.137198,5.1842427,3.1872535,3.2852354,5.146085,3.3691983,6.030669,3.761023,1.191623,1.2737231,2.863955,2.6482112,2.2228768,0.24177969,-1.0840865,1.3116384,1.3145269,3.146297,2.1557207,2.1003077,1.8213763,1.94386,1.6662863,3.0136428,0.45510286,1.2501,1.6570139,2.337569,2.410749,2.7543998,2.325963,2.3300805,1.8153253,1.4565264,2.4246497,3.0723662,3.51024,4.219935,4.8682237,3.8972006,4.0986624,5.1321297,4.2802124,4.5213475,2.5640912,3.3215384,3.4298205,2.7886376,2.1408825,2.8279057,2.4349027,0.12588504,1.0712607,1.3766158,3.3039765,3.6639261,4.830906,4.7557096,4.088155,3.4801111,2.963708,4.0134883,4.2368274,3.557324,3.677113,3.1744323,2.1363342,4.042496,4.4193296,3.8437395,3.640111,2.4747732,3.2635338,3.294676,2.382268,2.0315552,1.4452186,-0.3596618,1.1295629,2.348772,2.8047485,2.956348,3.2659957,2.632061,2.9357748,3.1078937,3.7100272,3.6185126,3.3981817,3.3235502,2.7084434,3.4387927,3.173149,2.8998017,3.6905704,3.5804853,2.8368182,2.5016222,2.7318335,3.476968,2.3120108,2.95151,2.7759724,2.474215,2.384604,1.8699553,1.6554985,2.6784081,2.6093764,3.6650236,2.7855446,2.5045538,2.353426,2.8747683,2.0627713,2.0911007,2.1546843,1.1953871,1.5119196,2.5195773,2.9776669,2.5256495,2.6558483,2.405489,2.3501513,2.5591202,2.6535876,2.560243,2.4704206,2.4448445,2.429551,2.457159,2.5248225,2.431313,2.3258162,2.2986457,2.311028,2.223349,2.2697923,2.1359985,2.1005738,2.0632162,2.0171342,2.0272036,1.8552493,1.9638197,1.8495175,1.7907542,1.764595,1.6150416,1.6882552,1.4874665,1.5334889,1.4344369,1.2799592,1.3706908,1.0749347,1.0412061,0.7927404,0.7689189,0.64049655,0.24148497,0.101738654,0.0,0.0,0.0,0.0,0.0,0.0,0.0,0.0,0.0,0.0,0.0,0.0,0.0,0.0,0.0,0.0,0.0,0.0,0.0,0.0,0.0,0.0,0.0,0.0,0.0,0.0,0.0,0.0,0.0,0.0,0.0,0.0,0.0,0.0,0.0,0.0,0.002420642,0.0,0.0,0.0,0.0,0.0,0.0,0.0,0.0,0.0,0.0,0.0,0.0,0.0,0.0,0.0,0.0,0.0,0.0,0.0,0.0,0.0,0.0,0.0,0.0,0.0,0.0,0.0,0.0,0.0,0.0,0.0,0.0,0.0,0.0,0.0,0.0,0.0,0.0,0.0,0.0,0.0,0.0,0.0
0.0,0.0,0.0,0.0,0.0,3.509347,4.196163,2.7446342,0.5888129,2.0324895,2.7311652,2.040817,1.482852,3.0926108,3.101644,2.8179393,1.6527054,1.0295026,1.8712931,3.9037685,3.1563566,2.122117,-0.0931215,0.8293411,2.8674188,3.297052,2.4079726,4.0808754,3.641458,3.102199,2.5647306,2.2948074,3.645001,2.4781466,0.52695817,0.70575565,0.19937384,3.5121508,10.466902,10.320493,7.8178153,6.292783,6.141912,-0.32343024,-0.013965249,3.688301,5.9518414,1.4932517,2.1601722,-3.967822,-5.5996237,-11.686291,-10.827499,-9.804228,-6.8372235,-6.5511837,-7.535114,-11.974535,-9.5553875,-7.3440866,-11.422741,-8.96274,-10.78882,-13.839569,-11.031201,-12.068232,-10.091625,-8.656916,-4.625684,-3.242121,-8.551836,-9.923904,-6.273818,-7.9311934,-6.434385,-3.7646716,-5.7854257,-3.948592,-6.3810377,-9.607765,-9.234536,-9.808655,-6.134184,-7.9326115,-6.8766313,-5.412775,-5.9989223,-8.689199,-0.59782314,-2.5567603,-3.3165517,-6.95012,-8.357217,-5.265558,-5.075823,-5.750305,-7.7026334,0.40621442,-2.4040184,-4.5711026,-6.272644,-11.091266,-8.682276,-5.271074,-7.9246492,-4.2917104,4.702755,6.180161,5.306247,1.2525936,5.5331745,10.109157,6.6498184,5.4477286,2.6649141,-1.2991943,-0.5241101,0.6725707,2.4458225,6.2962213,7.012901,4.456768,-0.68171316,-0.29669666,6.530588,5.4004955,1.4375261,-1.0860085,3.3348486,6.733988,5.7077713,3.821835,5.792637,5.586812,-1.1167711,0.13093269,4.774287,4.285453,3.795481,2.674624,5.4626727,3.6673086,3.9860685,3.1250632,0.4663489,7.063714,8.394236,6.786859,3.3456278,0.3577245,4.2783856,2.0297084,-0.91508365,-4.8217115,-9.003254,-6.7730894,-7.873533,-7.92376,-8.806658,-6.347677,-7.211588,-2.7696981,-3.2496626,-2.254991,-6.048533,-4.807417,-7.8727674,-13.207212,-9.297743,-5.2740545,-12.717415,-11.691484,-7.6554623,-8.450346,-6.9801817,-2.1335926,-9.255082,-14.6347,-11.021782,-7.1949034,-11.779362,-10.879158,-8.933107,-15.486725,-14.636885,-11.900447,-9.337631,-7.4446707,-5.02167,-7.7951765,-10.372427,-12.701595,-11.140072,-12.267593,-14.6447115,-12.897506,-11.843271,-15.578003,-15.27413,-11.662569,-9.532358,-11.065163,-8.853297,-8.959698,-9.721969,-6.4877377,-4.8874454,-3.821123,-1.9476178,-3.162919,-6.4832273,-4.034639,-4.233512,-5.3755608,-4.6548467,-0.07683113,-5.6191025,-6.652922,-4.8827534,-9.003128,-7.925366,-4.6284285,-0.44599977,0.04044783,-8.088658,-5.855048,-5.3071256,-2.853035,-0.038546965,-4.158496,-5.1445007,0.5225832,-1.135956,-2.245168,0.6243068,4.3420773,2.2472405,-3.0085824,-4.384261,-0.83237207,-5.472968,-10.394499,-9.032177,-1.2820588,-0.40826422,-0.27831668,2.295077,-3.3040433,-3.9690776,5.392955,7.254597,3.961063,8.755177,9.474838,5.5438905,3.0347917,-1.3377236,-5.8232994,-9.244738,-8.877872,-4.774475,-5.9822536,-12.249611,-15.532144,-13.832844,-13.293137,-6.3821983,-11.976425,-16.05258,-16.059902,-19.288786,-23.024584,-19.004786,-15.0658045,-14.259754,-12.517279,-10.495211,-11.2962,-17.539867,-14.603029,-12.9817295,-11.961494,-8.78336,-15.145929,-14.847857,-12.452427,-15.280302,-15.435204,-17.650425,-19.664654,-19.220951,-18.599628,-17.59564,-15.945711,-15.981203,-22.68238,-22.011204,-17.84254,-15.0236,-16.027035,-14.414855,-16.11656,-16.50449,-7.181011,-13.913473,-16.580626,-10.900581,-12.344095,-17.980309,-13.410052,-15.971627,-16.887232,-15.403658,-17.032469,-15.002283,-17.213478,-14.746376,-12.7510605,-16.828936,-16.106297,-19.31711,-21.25419,-14.563436,-14.873672,-20.38751,-17.921345,-15.673205,-20.558043,-15.4413185,-13.0367,-17.684475,-22.416561,-15.66082,-11.953747,-6.869837,-9.276482,-12.849375,-5.9281387,-8.644513,-10.264225,2.703862,1.8294203,-0.21572697,7.373627,11.362305,16.781635,14.320049,17.879456,17.198463,19.648216,27.234852,24.07664,25.179344,29.89337,32.164238,32.926567,30.414738,28.678196,30.773506,36.901363,31.458668,29.247353,29.58369,30.236826,26.09173,20.308899,14.048623,2.425916,-3.3726602,-10.262589,-13.796246,-13.771986,-18.901974,-19.6447,-14.826544,-15.487247,-12.436158,-4.3389773,-4.3650904,-1.9095654,2.6672897,7.409857,6.169014,1.6928864,1.2058743,-1.6006268,2.1058657,0.7889099,0.13061333,1.5431597,-2.6769462,-0.8918007,-2.7507644,-0.8456141,2.9985595,4.244584,-1.81311,-0.6736708,0.26119423,0.08767128,3.4655638,6.3902845,5.8431664,3.0775256,5.501626,4.0088224,1.6525097,1.6249797,1.2976683,0.860151,-1.016757,2.361631,6.5406394,4.196802,3.6395772,6.2202044,4.5818005,-0.4868913,-0.7807078,-0.7803239,1.9984175,3.6979003,7.98646,6.617877,5.328445,6.8923264,0.69958043,0.7186934,4.9163194,3.7605133,-0.023104608,0.14265537,7.091898,8.697765,4.800685,8.064541,7.044268,4.161314,3.320789,5.285983,12.9550495,12.252975,5.952034,11.881056,11.707894,7.704651,8.558139,12.652892,12.399979,10.368139,8.234899,6.950109,5.297229,4.6484256,5.99592,1.7708956,2.252895,4.582231,5.9500437,7.212333,0.43292516,0.85618085,-2.285617,-11.8299675,-9.580948,-7.665141,-7.2485676,-13.101947,-12.902098,-9.588873,-9.15145,-4.5658545,-5.492259,-4.0935273,-4.106092,-3.6129875,-2.1785462,1.4850913,-1.3245255,-2.2972136,-1.4545991,-0.53837144,-0.3808396,-3.849638,-6.27211,-6.241869,-7.373591,-5.2507696,-2.0832603,-6.5863724,-8.385736,-15.61352,-19.535809,-18.780186,-16.392767,-21.7812,-20.003334,-18.743134,-13.114355,-9.882938,-8.387498,-8.083809,-10.294862,-10.925445,-14.183604,-17.335754,-10.908431,-10.552055,-13.298838,-12.783084,-14.824245,-17.637856,-20.467459,-16.951706,-14.007918,-15.683797,-12.122389,-9.379528,-10.223081,-6.621727,-4.767495,-2.7846024,-8.229666,-9.49782,-9.842281,-10.75378,-6.9905996,-2.0381918,-6.3610005,-8.909317,-14.482869,-17.277239,-17.357994,-13.2454605,-16.74104,-16.384958,-7.965066,-6.182199,-1.8289852,-6.776235,-12.846202,-9.844587,-6.4187746,-8.21623,-15.35134,-16.358139,-14.684899,-10.671797,-8.707636,-9.223778,-9.707514,-8.925581,-5.649514,-8.04957,-8.414687,-16.861712,-19.154287,-13.671327,-9.581173,-8.79826,-11.588602,-11.514218,-12.556984,-9.410773,-5.7796264,-10.356232,-8.1159935,-2.676999,0.24475801,-3.1438658,-1.8685684,-3.800364,-1.839335,-6.4091606,-4.861993,-4.7223454,-4.8758125,-2.3360047,-0.34441686,4.5879836,2.600153,0.23782325,-2.891633,-6.9036055,-5.7114944,-6.43738,-3.7863932,-8.051137,-5.6718125,-10.902975,-9.732117,-3.388867,3.834522,6.454784,3.1508234,-0.7820714,-0.07125485,3.6630821,5.41775,5.2438774,1.5826664,-0.6822072,1.4195049,3.458978,3.7810364,0.26807225,-0.580703,-3.2320764,1.6808134,0.979054,-2.3958225,-5.5198593,-6.8611693,-4.9233475,-7.1013517,-6.977129,-9.311239,-10.166248,-8.621337,-5.171355,1.450105,-0.09439087,-4.170044,-5.330083,-5.3721933,-4.293619,-1.0432725,0.8825381,-1.9229958,-10.513939,-16.447334,-15.133968,-10.014963,-3.057865,-3.7182426,-1.6472349,-0.13981497,-2.2546978,-1.8854432,-8.557465,-12.213207,-10.109663,-4.4220076,-5.307084,-8.475906,-3.439137,-4.7846775,-7.7213926,-9.828068,-8.984079,-6.424089,-9.758773,-11.230851,-8.957424,-9.603507,-14.214957,-12.624456,-10.339188,-9.917965,-17.128366,-16.880495,-16.45538,-15.170869,-14.821534,-12.283708,-11.01405,-6.9680653,-5.3671794,-9.115751,-13.862234,-11.979769,-9.215642,-11.547998,-10.383653,-12.635609,-12.091463,-13.570411,-9.582123,-7.774488,-8.827639,-6.1119328,-5.4288425,-5.441763,-5.3355885,-9.143431,-8.6952,-7.1420627,-6.972802,-3.0492191,-1.0111661,-3.8186114,-3.381256,-3.2013369,-3.2113128,-10.844715,-12.802798,-11.940521,-9.555663,-7.663292,-9.478802,-9.768061,-7.4014482,-7.7048965,-5.9226665,-6.887559,-7.2094584,-10.967173,-13.293476,-12.321272,-11.416918,-11.943672,-13.556637,-13.789147,-12.594379,-13.939749,-12.045679,-12.418716,-11.83572,-16.096407,-14.539645,-9.6357765,-6.4399276,-7.5278597,-5.507222,0.5194322,2.5832553,0.3275249,-3.3090272,-5.277305,-5.2343903,-3.5084834,-9.70654,-13.49705,-12.943942,-11.442041,-13.582522,-9.993047,-10.608297,-10.617464,-9.313633,-7.824317,-3.8159251,-1.9437284,-5.545298,-6.9044323,-14.018582,-17.843727,-16.224113,-12.583509,-9.726369,-12.388354,-12.612188,-11.921544,-14.125645,-15.243844,-15.152327,-16.52467,-11.267628,-10.390039,-7.4688864,-13.946208,-12.788273,-9.579437,-10.991167,-8.016096,-4.0446415,-1.1591743,-4.114556,-4.309874,2.688614,-0.95692223,-7.9101696,-4.1908264,-3.6365275,-10.541969,-13.119925,-14.110056,-10.170018,-9.3011055,-8.220283,-7.4023147,-5.534691,-4.622178,-3.6797824,-2.7384398,2.7961524,3.465164,3.5316556,2.1266093,7.393697,9.671246,7.90106,9.094014,12.05206,7.951017,7.865836,9.824862,11.828371,9.615577,6.7647686,5.0180416,1.5283475,3.9435816,4.2330256,3.7510262,5.9081287,5.3351297,-0.7030901,-4.0906906,-0.46452093,1.8963379,-2.498254,-3.0109243,3.9657533,0.41189957,-8.10063,-6.9230804,-8.039698,-8.044167,-4.4146147,-3.834378,-2.2974901,2.504003,5.029429,-6.8504725,-14.609297,-9.734164,-2.7602055,7.5189886,1.4761288,-6.9726157,-5.4872274,-4.919286,-4.7579827,-2.4607801,-2.4190168,-2.242233,0.8154379,0.52811867,0.43259776,0.8868699,-4.5933886,-6.80718,-4.3720117,-4.8978,-8.054905,-8.704722,-11.264572,-11.857096,-10.391731,-10.03289,-9.139756,-11.3058605,-5.944951,-10.53373,-10.854963,-10.964707,-12.031111,-10.922816,-8.632172,-12.780703,-11.243797,-9.865028,-17.336578,-17.677868,-14.660496,-18.99775,-16.901154,-16.35995,-15.659073,-15.176155,-5.8116918,-6.2804565,-2.4545815,-6.4810424,-10.18128,-12.327402,-14.058931,-17.491556,-14.927826,-10.453569,-8.279099,-0.5234411,1.6094009,-6.460974,-13.114649,-13.539072,-11.352733,-12.9709635,-13.650877,-13.368339,-11.8834,-13.414902,-12.07518,-11.890572,-12.9467945,-15.353144,-16.64413,-17.381105,-15.918507,-11.635667,-12.6491375,-15.467236,-12.8876,-7.047841,-9.881886,-9.304544,-6.3213425,-2.5761545,-5.0854473,-4.8785543,-3.4469326,-1.741583,2.4916685,4.782277,6.032645,4.337076,6.0809355,10.211493,7.9283795,6.113122,-1.6284943,-2.3549929,-0.31129217,-1.8774321,-4.5793524,-4.045843,-7.6319427,-7.669931,-7.8856406,-4.330927,-6.26946,-2.7473855,-9.409843,-8.773951,-8.981359,-6.8377867,-9.603352,-13.042555,-17.849575,-17.895432,-19.16455,-18.33783,-17.184357,-16.216269,-9.6933,-5.7453957,-3.7872858,-9.002533,-8.011089,-5.1308413,-7.312022,-6.4211993,-4.1682577,-2.4685493,1.5735296,-0.81900036,-1.2984319,-2.1230452,-5.6479907,-5.524919,-10.855385,-10.623908,-6.492214,-2.4582632,1.2341218,-3.7070158,-4.596228,-6.852861,-10.929021,-13.431393,-14.604603,-17.085201,-16.912598,-15.686274,-16.623993,-15.541964,-3.5317876,-0.88545585,2.3338242,0.8441011,-4.8999763,-8.160418,-16.73032,-17.983814,-14.987761,-14.49497,-9.049069,-5.544017,-7.327947,-13.30686,-18.913761,-15.757689,-13.145847,-13.508196,-9.217791,-9.863582,-9.905384,-12.168304,-9.571805,-12.735325,-16.841763,-17.277786,-11.447991,-9.67786,-12.180186,-11.248696,-11.280022,-11.142537,-10.982561,-8.347608,-6.339904,-4.291677,0.3176961,5.7466273,5.478917,4.021023,4.5678964,5.333249,2.0629368,0.44055796,3.8861737,1.9453781,6.3481545,11.1988735,8.329966,5.259074,1.964973,0.22820115,-15.794704,-15.053503,-9.864252,-7.5603085,-10.730308,-14.868831,-10.864941,-2.8294744,-1.975264,2.0316086,3.7252405,1.0338671,-5.257327,-6.583411,-4.341999,-3.5772498,-3.1127043,-1.2052661,-7.596335,-6.353965,-6.2136765,-8.144005,-4.2520685,-2.5877964,-1.0750728,-2.9368935,-5.1287,-3.7120304,-6.2879934,-7.333695,-2.495797,-2.2144713,-2.1191115,-2.6460645,-2.045012,0.070987284,1.3568891,-7.3686547,-11.389837,-11.82741,-1.5186778,-1.398553,-5.7364173,-7.938787,-11.327265,-15.40406,-17.457466,-19.239744,-13.9318695,-10.226242,-10.923092,-15.069235,-14.0196295,-10.75319,-10.045586,-7.819213,-8.501654,-8.822438,-13.204813,-12.709671,-12.187994,-13.812311,-8.166158,-1.1471015,-7.7262006,-15.7652645,-17.076572,-17.119911,-8.931667,-1.0718629,-6.668687,-8.715992,-3.9730582,0.24739718,-1.7676158,-5.8978205,-6.3138924,-6.101313,-3.1583927,-3.8105626,-6.426445,-1.4742064,2.3428082,-0.93525636,-3.473726,-8.353905,-10.895784,-3.2498047,0.8940089,-6.7885566,-11.7408085,-12.036273,-16.587036,-20.426815,-22.534485,-16.583237,-13.851309,-9.704558,-10.233902,-12.374983,-15.70762,-13.613344,-9.306474,-7.641411,-10.530426,-10.41788,1.7655358,-2.516717,-7.168534,-7.915826,-11.145943,-13.871864,-14.835519,-12.13949,-14.177164,-13.518198,-13.360607,-11.114198,-11.357389,-11.021425,-14.526606,-11.981674,-5.3951435,-7.5936923,-5.185243,-4.3967323,-6.0669255,-7.0576057,-8.494757,-8.892082,-8.782316,-10.643441,-9.202666,-9.073376,-5.949782,-5.096747,-6.76891,-11.001871,-4.605687,-3.0311148,-7.9878235,-11.534292,-16.186373,-17.485546,-14.203679,-15.702925,-14.867413,-11.938445,-8.482472,-10.0937195,-13.451132,-10.333309,-8.884125,-5.887043,-13.440699,-13.524065,-8.361493,-8.406822,-12.7885475,-14.998112,-16.181225,-17.517832,-14.762434,-11.041812,-6.4676933,-5.3334274,-3.965033,-4.25744,-3.1876657,-9.084097,-9.887224,-7.3843784,-8.163262,-11.583359,-13.173177,-15.516888,-8.859586,-9.473962,-9.8375025,-7.6604443,-8.8578825,-5.527336,-5.165751,-10.2414875,-3.0777755,-0.8327458,-4.766544,-4.7491283,-8.86956,-7.136001,-3.5054793,-7.008103,-12.23724,-19.889168,-21.479988,-19.688087,-19.415695,-20.18105,-15.574761,-11.397225,-8.003454,-9.675281,-8.8008175,-9.882673,-17.022846,-13.808432,-8.631464,-9.257353,-9.477051,-13.616194,-11.459064,-7.3237367,-7.9580183,-8.115718,-8.818365,-7.7425647,-1.8654227,0.79756975,3.8319955,4.967117,7.1228185,3.2366452,-2.9366286,-9.133281,-7.7228556,2.6368313,6.492201,2.3766453,3.0083387,-1.8001276,-2.4544158,-1.1340184,-5.151061,-5.3235316,-3.8600485,-3.3699062,-8.093885,-8.4789295,-4.983566,-11.9975395,-9.456404,-14.098816,-12.604132,-13.240835,-14.922775,-10.978816,-13.0433235,-13.273914,-10.506788,-8.818211,-8.674975,-6.969673,-11.928281,-6.5319376,-6.5696907,-10.716692,-13.010237,-15.475326,-20.087204,-18.362846,-11.230398,-10.070775,-14.531555,-10.287237,-3.9073546,0.037879765,2.5809283,1.9954596,3.2152958,4.4247417,5.873723,5.745767,4.6259036,-0.35829598,-0.03904593,5.267694,11.110052,11.259174,10.830084,8.545643,9.69786,1.8054456,-4.8522854,0.9261079,9.170179,6.939516,5.6395903,6.4855623,2.383473,4.3755465,-1.8643806,-0.3021391,0.6456276,3.1860976,12.151077,18.661827,20.229868,22.762852,16.83732,5.1174383,-2.0925333,-1.6062367,-5.02218,-7.8266435,-4.794994,-5.254453,-9.8470745,-7.0846996,-7.256912,-1.002239,-0.90466535,-9.412859,-3.0414207,3.64223,8.49885,10.001587,3.2158754,1.9271622,2.119611,-2.2550938,-2.5155902,5.674928,9.228999,7.4774733,5.065796,3.2662065,-5.182074,0.49076864,-3.1845067,-5.255156,0.09651017,-0.012447476,-6.068639,-11.313473,-7.4536133,-8.229994,-7.656585,-8.327194,-12.839808,-10.184919,-8.986553,-9.009528,-7.737145,-17.307278,-16.65894,-15.609786,-20.923214,-26.746675,-23.487377,-20.955864,-17.231564,-15.075973,-17.553835,-14.657772,-17.308529,-16.406559,-16.609037,-18.570057,-15.160654,-17.266983,-14.421099,-9.538244,-10.161951,-12.264296,-18.6025,-22.263435,-14.132637,-9.515364,-10.591736,-13.743898,-13.367992,-8.085581,-10.710798,-10.593703,-4.7663193,-4.109181,-9.747326,-9.543875,-9.005594,-11.066874,-10.380738,-9.858686,-6.637367,-7.8990197,-11.100414,-10.4304695,-5.4443846,-5.2825537,-7.2694807,-10.128445,-10.134335,-12.43371,-16.154715,-18.651028,-15.135049,-13.681164,-18.98191,-19.478298,-13.248976,-16.321308,-14.378058,-11.085396,-16.736595,-21.136208,-12.96363,-9.966287,-10.9484825,-16.672794,-13.146379,-6.7306695,-7.208172,-9.082442,-8.957352,-8.890426,-5.521718,-1.7095165,-1.5528393,-3.2493548,-1.2945268,-5.421403,-3.8312736,-0.18873444,-0.32471797,-2.3932307,-0.26322776,-2.8378944,-6.3863015,-2.5956368,-6.7315073,-1.389603,3.8121452,1.244008,-4.806607,-3.2315907,2.1315894,0.93343216,0.47400862,4.0011535,1.8621929,-3.6227758,-6.1554565,-10.619146,-13.329335,-16.873001,-14.830523,-9.719505,-2.8081741,-0.26193625,-3.9221258,-6.6979494,-5.4430995,-4.222822,-1.9156274,-2.6690638,1.2192059,-0.76049614,-4.6966443,-13.016689,-15.771082,-20.14434,-17.66452,-11.254089,-7.4197664,4.396238,3.0171514,5.525217,-2.1373298,-3.967895,-4.314325,-11.227381,-3.474046,0.9489316,-1.7263393,-3.5516348,-3.2822552,1.4726071,-1.9793088,-4.6765037,-5.352524,-9.469972,-13.989718,-10.444859,-7.48797,-5.585336,-8.517274,-11.733601,-14.447704,-13.319986,-9.951976,-9.285294,-17.949083,-17.250292,-18.459036,-16.929098,-15.986226,-13.554651,-15.93269,-12.035236,-8.071865,-11.605671,-18.40142,-16.699587,-14.9537735,-15.692879,-14.090559,-13.45996,-7.039841,-9.074492,-9.354641,-11.768968,-12.998741,-13.142317,-10.876009,-7.451664,-3.6602187,-9.607033,-8.232119,-6.4377446,-8.512825,-7.462391,-2.6519923,-4.622112,-4.946643,-4.7666483,-6.8560457,-10.511026,-11.284189,-12.645929,-10.528221,-6.958187,-7.0400343,-8.476697,-6.2459946,-4.4936547,-9.266056,-9.008999,-12.569374,-12.3132925,-11.139537,-10.280647,-14.385035,-15.93568,-11.668976,-15.960024,-15.872405,-14.190487,-12.711891,-10.70485,-13.322584,-16.487438,-13.064743,-10.180271,-13.508255,-14.027063,-16.311855,-15.208772,-18.948256,-16.477938,-15.849532,-20.288246,-20.607914,-18.1431,-19.622524,-20.99373,-19.590149,-15.933313,-13.679308,-18.418407,-15.980516,-11.782864,-12.526998,-14.81111,-18.035164,-16.52486,-14.110655,-11.975216,-11.940961,-10.875596,-6.1136827,-5.1707997,-9.090177,-11.696234,-9.985933,-11.83688,-9.947196,-7.457284,-3.571072,-3.437715,-4.4815645,-8.18532,-15.857493,-16.666384,-18.432474,-14.789547,-7.225889,-5.6270638,-12.107371,-8.002643,-4.1281157,-2.7283406,-8.226146,-2.4261303,3.9985032,9.484009,-4.6229544,-16.104965,-17.096497,-11.714355,-7.7683077,-8.4586115,-6.110762,-1.852709,-1.1487098,-0.5071655,-0.15669107,-3.3980887,-5.1935534,1.591586,-0.27826166,-2.2530057,-2.8728423,-4.522136,-2.08198,1.2142361,4.6271706,-5.316309,-10.603725,-4.7233467,-5.5188484,-2.416079,-3.7868855,-8.894082,-10.981636,-7.477373,-1.5622197,-0.053093255,-1.1083958,-0.89619064,-8.229993,-14.023914,-9.041996,-3.0934374,-5.3386955,-12.805268,-9.814098,-8.097822,-9.236126,-6.207012,-9.566458,-7.3876953,-8.361903,-9.289576,-5.608327,-6.895605,-9.87919,-16.198723,-10.241522,-6.7686224,-7.6845145,-12.116259,-14.578035,-3.808805,-0.67303056,8.144876,11.342829,0.9486196,-11.297716,-11.401203,-15.004583,-16.375526,-11.619708,-6.555476,-3.9048235,-3.604234,-8.264703,-10.581957,-5.012112,-6.6800056,-10.761528,-13.50524,-14.787823,-13.942912,-11.6033535,-6.1736274,-6.338955,-10.332417,-9.910633,-8.140666,-14.327466,-22.71735,-19.13422,-15.299712,-15.187989,-11.3913765,-5.3767204,-9.712752,-9.859201,-5.140421,-11.087696,-13.632131,-13.43029,-14.188953,-13.300363,-8.709834,-7.9682093,-6.4153028,-1.1035526,-2.5200918,-3.0389144,-0.5405071,-2.5838163,-4.1518593,-1.5714597,-0.63794446,-4.0672164,-7.4766903,-7.9123673,-3.760944,-8.519944,-10.723957,-13.972726,-14.587633,-10.915255,-11.186412,-10.812851,-13.875625,-13.310679,-6.826421,-5.1546555,-3.576418,-4.8413067,-6.65802,-5.418232,-3.463664,-10.41401,-12.436535,-7.250531,-8.818531,-15.812624,-17.23693,-11.231058,-9.668806,-9.722172,-16.02202,-16.012384,-18.039011,-18.474274,-22.131153,-17.813007,-17.687185,-19.83548,-19.684242,-17.421265,-21.998493,-19.543356,-13.704299,-14.815685,-8.432795,1.343355,2.332429,2.9799638,3.4074464,-5.4320526,-14.097452,-7.817152,-6.8047,-7.7179856,-5.1672707,-12.824133,-20.225803,-17.00916,-10.4080715,-14.349815,-13.482863,-9.329403,-9.370186,-5.32605,-6.497087,-12.796278,-12.850658,-13.414161,-13.828172,-15.358692,-18.211918,-10.332275,-7.323378,-7.127964,-11.221961,-17.394655,-17.462868,-11.796642,-8.805416,-9.140736,-10.099489,-10.068708,-9.850716,-5.906494,-11.842759,-10.067873,-9.219144,-20.092997,-22.266502,-18.428293,-3.000473,-6.885095,-5.4365096,-5.309027,-6.3943095,-8.690324,-10.69507,-11.879145,-8.713282,-7.5875745,0.37021133,2.168837,-0.07171816,0.1066792,1.6944593,-1.8458364,0.26752037,3.1339953,3.388134,7.001983,6.2777176,6.26276,8.107881,8.750022,6.6552396,6.1371727,0.13691121,-8.124035,-13.332679,-14.494345,-11.408016,-6.120043,-1.7961596,2.3707457,1.2786807,1.8230721,3.928071,-0.084062904,0.9494679,3.6741612,5.7798476,-1.7017161,-7.1623716,-3.5984697,-3.2178726,-5.774098,-11.569651,-10.0323105,-9.466694,-12.055839,-10.871459,-10.97096,-7.336582,-8.038101,-8.476088,-4.451451,-1.4469305,-3.592617,-0.8536954,2.0483024,-3.1122866,-5.2780395,-2.0068793,-0.19051948,-3.0097506,-6.68457,-9.779915,-5.722488,-6.1639614,-6.9869976,-9.348866,-2.628185,-2.8120527,-6.8406425,-9.490226,-6.130328,0.13793641,-0.5037827,-3.8742156,-0.7161463,-1.6477113,-2.3540902,-5.521095,-2.906488,-4.389065,-8.098214,-12.348438,-20.387722,-22.076054,-9.9319935,-11.330255,-15.56178,-17.006006,-15.061874,-11.226272,-18.458782,-24.74128,-18.143562,-9.914322,-8.985785,-11.76772,-10.813534,-4.4872513,-8.484497,-17.440128,-15.456377,-9.0647335,-10.4737215,-16.044136,-17.95204,-13.558632,-12.796411,-10.66555,-9.335453,-5.685503,-8.544359,-10.776379,-10.736343,-8.062541,-5.7057548,-5.383824,-5.1977086,-11.733782,-11.052891,-7.5483294,-11.458374,-10.393438,-7.766642,-8.183758,-9.292994,-9.845869,-11.605178,-13.011023,-16.681961,-15.937389,-15.252038,-11.966324,-14.257174,-11.484257,-4.8206267,-4.2454844,-9.634053,-11.064764,-10.058754,-6.5873184,-6.281602,-10.080029,-11.604673,-8.508722,-15.09967,-17.027124,-11.63399,-11.676836,-8.85417,-6.971184,-10.939314,-12.558275,-8.440153,-11.290028,-13.121977,-16.141865,-15.226076,-13.635523,-13.346479,-9.232031,-15.597562,-18.491749,-10.197614,-4.372042,-3.9380496,-5.7736883,-9.200979,-13.2737465,-12.195921,-10.684788,-11.68927,-11.799957,-9.749487,-7.435667,-6.963476,-7.876994,-5.6225367,-3.3906727,-4.893582,-11.930215,-9.826849,-15.386726,-14.834927,-15.464483,-11.518261,-9.877462,-13.948477,-16.424633,-12.792202,-9.822056,-3.8669882,0.15733713,-0.24509701,-6.4286947,-11.741593,-12.491134,-20.105747,-25.543198,-23.001747,-17.048508,-13.427808,-11.13443,-14.001427,-12.092236,-0.77432084,9.488314,8.88192,6.1484714,2.7953844,0.038038373,-1.7401534,-1.6358361,-1.9759308,0.83351284,5.6887894,7.5523944,2.7912142,-1.559443,-4.0334086,-2.4286613,-3.4083245,-14.785766,-17.407497,-13.857452,-10.494258,-12.554301,-10.295645,-7.4015775,-13.818422,-10.838293,-8.978101,-10.3741255,-8.24856,-3.9072783,1.2688812,1.4611788,-4.6622744,-10.678486,-9.757547,-12.585821,-13.716158,-12.714487,-6.769705,-2.8457909,-3.2119932,-10.62162,-17.22258,-11.638508,-5.69302,-9.662462,-9.530135,-7.5223913,-4.917041,-2.5301259,-4.562456,-0.04913509,2.8644814,0.022186413,1.0547471,-1.125186,-1.63316,-2.9972298,-0.15576574,3.1538076,2.943561,5.399435,5.14695,7.533409,8.303602,5.790516,3.7673507,2.209232,-1.1662188,0.16632342,2.3593106,1.7999768,0.43297803,4.173636,7.501067,2.9202938,-1.1369373,-2.5936263,1.471052,2.889319,1.0654236,3.3004167,10.701971,11.930521,7.572848,-0.90965295,2.3913717,-5.107498,-6.8678136,-4.472477,-5.6510577,-9.624401,-7.5425987,-10.583864,-11.3970175,-9.425336,-12.772038,-6.735794,-1.7404308,-0.72186446,-1.2965171,0.54538125,1.8411944,-2.627405,-4.070319,-2.4473915,3.7812152,10.0540085,9.888986,4.14736,-4.001609,-5.7120886,-3.117659,-3.605566,-7.069496,-12.4213505,-14.3654785,-9.911152,-9.46167,-14.61372,-16.98901,-14.402325,-14.018529,-11.166603,-7.915038,-13.622921,-12.132868,-9.616053,-8.509539,-8.861432,-13.077693,-14.554676,-20.59106,-15.2079315,-11.869738,-11.505198,-9.986553,-10.794777,-15.046548,-18.691326,-19.769562,-17.617874,-15.821222,-13.357948,-14.320944,-17.504936,-18.423435,-16.381092,-9.961315,-8.669484,-9.670412,-10.640793,-11.039559,-13.888779,-12.696804,-12.404176,-9.903288,-6.8961253,-7.443695,-11.6850605,-12.55901,-12.630654,-11.602106,-11.076218,-11.379914,-7.2375464,-5.8636813,-5.118723,-12.327139,-9.825632,-1.8980856,-6.9055886,-8.510077,-2.099419,-6.3277493,-15.1436405,-8.006477,-8.373125,-12.272335,-12.824291,-13.678104,-17.030458,-19.315483,-16.372803,-3.7113717,-3.9034708,-8.409018,-3.559663,-2.3856373,-3.7761393,-8.706764,-14.392851,-8.478952,-7.886782,-9.153013,-6.0145617,-4.1689324,0.43081373,4.651183,-0.035063744,-6.338169,-7.6336493,-3.3449168,0.97044647,-3.6877308,-6.748349,-10.411094,-12.532231,-8.326232,-3.643108,-4.032403,-3.5124269,-1.8504978,9.060448,8.206149,1.426078,0.65349835,0.5036124,6.028926,2.0625043,3.3923697,5.5685883,0.8480978,-10.201869,-20.072515,-21.590229,-9.082172,-6.0396075,-10.8836155,-5.117975,-10.190815,-9.905898,-7.6114206,-7.1274505,-4.714632,-3.7159963,-8.337458,-11.225832,-10.524525,-4.6739407,-9.420222,-12.413649,-11.34548,-8.347191,-4.818934,-5.1735973,-5.2684774,-6.4006352,-0.72295773,-3.1948767,-7.0686893,-11.239639,-7.2677984,0.35000193,-0.22202644,-3.2634625,-6.255421,-9.4516735,-12.656742,-16.831562,-18.658974,-19.458916,-15.963869,-10.174189,-11.922863,-12.978382,-13.142923,-15.355776,-16.759924,-11.878151,-6.2305202,-6.089292,-11.67858,-16.05898,-14.036587,-13.10947,-11.963709,-16.161217,-14.669911,-7.7393,-4.7634573,-7.191577,-11.013201,-13.638608,-11.388377,-10.146324,-7.048423,-9.161382,-11.610797,-12.9124565,-5.836398,-4.4570155,-8.830578,-13.522911,-15.898924,-14.839422,-8.281572,-8.089506,-13.495163,-16.790434,-12.578619,-12.232679,-9.390489,-8.078775,-5.3828416,-7.9942794,-8.248416,-5.945469,-6.3132486,-6.7597504,-0.92364424,-0.10820955,-4.3206353,-3.2590876,-3.1733773,-5.316736,-5.455765,-4.649105,-2.3235903,-2.867258,-5.814188,-12.339338,-14.254017,-14.851665,-14.935021,-13.626862,-13.116772,-5.547721,-4.1308303,-7.4088755,-8.62673,-7.7872725,-4.953591,-1.7915776,-1.5085223,-3.5848405,-0.12274563,-2.434186,-7.632201,-11.907291,-7.835482,-7.232259,-11.884974,-8.726783,-1.5835773,-3.5699933,-8.684298,-4.611353,-4.8857856,-12.242019,-9.135804,-6.7729874,-0.75176954,1.773103,-4.759078,-10.6039295,-7.7249374,-2.451105,4.011986,3.5501006,1.5827007,-1.7962713,-4.7927265,-5.2516875,-4.0450377,-1.6701802,2.198258,0.17352965,0.87543803,1.4567193,-2.0517654,-15.345275,-21.966652,-18.70404,-12.437244,-17.544413,-15.938516,-13.580338,-10.875872,-10.89332,-8.773325,0.24331108,-1.7161415,-9.699522,-12.469521,-12.965633,-3.34731,-6.406223,-5.936124,-4.5989714,-2.2248833,-5.2591696,-0.34597015,-1.5636361,-2.9423947,-2.5578403,3.8821592,5.994571,-0.0281595,0.7684876,4.534088,6.4532933,5.4376755,3.8577936,-2.7283306,2.7770767,9.313103,4.100314,7.2994432,9.303215,3.400698,6.0332108,6.8762684,6.086868,9.809814,6.4634504,3.2447176,-2.4046917,-6.3845563,-12.38249,-7.645323,-3.0733094,0.52904826,-1.7176499,-1.0845467,-0.02649039,1.6059119,9.710747,6.90994,3.7917414,4.2312083,-5.017361,-3.324963,-0.81289846,4.3123584,5.5513277,3.7547855,4.08011,4.5894103,8.462507,11.644423,12.889636,1.8284745,-3.128513,-6.2468624,-2.7720642,4.983358,5.0218973,-1.7327988,-8.050673,-7.366893,-8.693931,-9.685318,-6.0545497,1.7078172,6.4565287,4.660095,1.2274134,3.5652802,-1.0217155,-4.875426,-1.6107035,-5.948575,-10.958315,-6.5008717,-5.2220163,-6.3177214,-6.256324,-11.813832,-10.132222,-5.693679,2.236111,2.4196303,1.5975196,0.14092278,-0.27690774,-0.021669269,-0.29752994,0.35544562,0.16084862,-5.6290417,-3.6396081,-4.1408587,-8.084031,1.1847053,14.181804,26.13971,33.888996,27.875608,19.362026,18.610655,25.530422,33.645058,27.64074,17.302132,15.265066,3.156425,-4.4108105,-11.190295,-9.693331,-2.4516551,-0.35693598,-4.7666883,-0.074809074,3.7297251,5.481119,4.4042387,2.3993132,0.19020498,-1.2696663,5.2622747,7.7309327,6.0831556,6.238308,5.9127555,9.853376,7.6826105,2.2759643,-2.4095194,0.1263051,4.8357067,5.2357917,2.7156253,3.7115839,6.6127977,9.772444,10.867006,7.924381,9.87916,12.724182,12.571223,4.266945,-1.9984822,4.6161556,13.107195,13.256919,15.656968,21.843025,13.734554,8.520954,8.692768,11.828813,11.749433,14.95429,10.254858,5.975088,1.9734125,2.2990458,5.810757,0.6762397,1.5424552,3.5583057,6.249814,7.930703,9.2607155,6.1483994,5.8407927,2.1126075,2.8744848,0.69107556,0.13963747,1.9647998,-0.5662327,-10.261935,-8.66498,-5.4491005,-3.0151162,-3.4357722,0.43206847,6.2525673,12.58326,10.060076,4.3470845,2.760511,6.742534,7.2399845,4.344329,3.0550284,1.398725,3.259324,1.1580703,-0.909546,5.8185854,10.805002,8.301382,8.658217,1.3194083,-0.01635778,-0.40969357,5.935975,8.899008,17.184135,24.745174,23.836838,20.999958,10.307701,-1.9466465,-15.627723,-15.25192,-15.386869,-21.540413,-22.131557,-17.580952,-19.840374,-25.885794,-25.234013,-21.143738,-16.403053,-18.739796,-19.236015,-15.826883,-14.821468,-14.808889,-21.195072,-18.660343,-16.882744,-13.4996805,-16.49669,-19.013588,-19.939587,-18.687428,-15.010551,-18.680637,-18.820158,-19.543827,-17.05191,-12.946911,-15.555146,-11.142202,-13.132026,-15.617914,-12.286475,-8.654644,-4.0467978,2.158948,5.414983,15.8237505,23.334457,22.950562,15.675642,1.7172666,-8.436103,-7.971179,-11.4759445,-9.988081,-6.764856,-9.801164,-13.605036,-20.77784,-19.130554,-18.41686,-13.498748,-11.572401,-8.904717,-9.3031435,-6.0955667,-6.7281227,-8.897049,-14.108836,-18.859444,-22.988516,-18.657648,-12.493025,-10.945787,-6.3003664,-9.970722,-9.643932,-12.934942,-14.365242,-14.129553,-17.710316,-21.446259,-23.005283,-20.4679,-11.573647,-12.000618,-13.448259,-10.525026,-13.992858,-15.187197,-12.055266,-2.3823247,6.09583,17.740004,25.516558,24.465359,17.145355,8.346145,6.1680326,2.830078,-0.54716134,-1.1604362,-0.5115465,-4.279686,-4.0405345,-4.6486416,-8.3349905,-7.426878,-6.6281056,-2.6383486,-0.34962523,1.7380126,2.4150481,4.014475,-7.432153,-5.4036713,1.038089,6.7343254,5.06893,-2.2500033,-3.3095775,-7.310104,-10.118969,-6.824419,-10.084087,-18.802645,-26.251156,-21.259586,-18.441021,-10.051096,-3.0578094,-5.7168045,-8.107347,-5.5286593,-7.1337023,-2.4159753,4.4521856,8.769435,14.010906,11.2383,10.593178,3.386623,-1.628961,-7.5129933,-11.932953,-16.551498,-8.558208,3.0841753,-0.7907898,-6.1348214,-5.650896,-8.656422,-10.204588,-8.708845,-6.735974,-7.401238,-6.5962057,0.20446628,0.13712966,-0.948563,-5.855054,-6.947576,-11.4987335,-13.261099,-7.5777855,-4.8646107,-12.405226,-11.898005,-9.453321,-10.760472,-6.9919357,-5.5015965,-5.0440435,-6.488574,-12.1179085,-11.075998,-11.745916,-5.3153906,-7.0303664,-7.656733,-10.957254,-19.637314,-18.144882,-17.496098,-14.008484,-13.814929,-13.789794,-15.545664,-13.20938,-11.3371315,-13.788867,-10.636588,-12.040783,-11.894185,-9.174697,-15.423901,-13.0660715,-10.063778,-3.6645675,-6.7337046,-7.861167,-7.6273355,-9.429836,-6.596446,-5.52189,-12.448449,-11.042673,-5.869134,-3.0165482,-8.675709,-9.540733,-5.546262,-5.1666203,-5.3287754,-8.119915,-8.126603,-4.891889,-4.140609,-3.2522287,-2.8768976,-8.0997,-8.338829,-11.376501,-5.3094616,-0.18280321,1.7981466,8.46627,3.5898862,1.1869681,3.543851,-1.7994869,-1.0207976,3.5950868,-4.098271,-8.193109,-3.4674957,-2.8666987,1.4784515,4.829295,7.9216046,4.857125,1.7968991,3.9369936,-5.533473,-3.8475177,-7.9186425,-5.1140943,-5.36887,-4.9353237,-1.6964697,-3.562052,-6.8993955,-8.913032,-8.571651,-6.519362,-7.330481,-11.694502,-10.158338,-10.916824,-14.514009,-10.395186,-6.7720394,-6.4819365,-4.4641905,-4.4727325,-2.2974446,-4.344124,-9.149505,-7.2367344,-10.623152,-11.234615,-13.470314,-12.272331,-12.687668,-12.136654,-17.521523,-14.574064,-12.430222,-6.1430564,-6.645508,-12.557983,-17.959385,-14.724972,-14.1267395,-10.922423,-3.3040972,1.097792,6.990399,21.25293,22.210499,19.750195,12.161099,6.7061505,5.909898,13.237045,12.896763,4.841712,-8.103521,-15.118832,-14.518503,-14.439661,-13.839996,-10.119717,-11.789785,-13.241229,-9.533426,-2.372369,-6.104507,-13.982599,-15.553011,-13.793436,-9.444679,-4.982085,-1.5100125,0.012997389,-1.2475586,-4.514384,-11.91375,-11.22961,-11.545536,-7.079339,-8.687424,-14.75647,-17.271864,-9.77553,-2.7523675,-2.3047695,0.91119075,-4.175085,-11.1313715,-10.345145,-11.907156,-13.302947,-13.81671,-11.06939,-6.4775553,1.1623266,14.0706005,14.017685,7.654651,2.561343,5.5425673,17.63055,25.175613,17.761105,6.0615735,-10.196812,-16.940784,-15.376617,-15.215122,-16.387062,-15.440399,-13.210346,-9.882881,-6.6431007,-4.0448356,-0.72860277,-9.05912,-7.292349,-5.1387715,-4.8998733,-5.2734933,-3.1543899,-6.9075665,-6.390455,-4.1608605,-5.200304,-7.528009,-13.680813,-15.150924,-13.724638,-11.442835,-11.9661665,-14.020873,-11.964531,-12.183697,-4.1929708,-3.376832,-0.43333513,-1.9225758,-5.003949,-7.54764,-5.473904,-8.802893,-11.902287,-8.211272,-3.0725374,1.1198007,-1.7622216,-4.601715,0.12332213,8.282417,22.564606,22.219652,13.150544,3.6390314,-2.7788644,-4.0877643,-7.4335885,-8.556601,-12.206718,-15.397623,-9.03265,-7.7472124,-6.9057426,-10.554989,-13.535306,-8.848534,-6.613474,-2.9939742,-0.29127073,-0.7754326,0.3033178,-5.7054644,-5.074458,-9.146334,-6.429595,-1.7238953,-5.3974304,-8.600684,-8.096964,-10.540531,-5.662737,-2.297186,-6.2840977,-7.395401,-1.3370649,0.6835918,1.3895061,4.773696,8.577555,7.13168,8.140106,15.241753,23.037912,32.591537,32.410065,25.914658,10.696386,-0.69596803,-1.5432041,-0.35062706,1.1859522,-1.1826656,-3.4186535,-2.0088806,5.828676,3.6125941,5.0111265,4.37764,4.018797,0.27123573,-0.9003704,-3.0746052,-0.91746736,-2.6193864,-1.868773,-3.1605465,-7.3602996,-7.8931456,-11.173676,-13.8915615,-13.190958,-12.09145,-13.290839,-10.659559,-9.257607,-7.347663,-5.4349923,-4.070369,-8.20966,-12.042132,-5.7830687,-0.95619726,-0.09333509,0.14899755,-9.178871,-10.838209,-3.0697606,1.3755915,7.0930815,17.330809,18.475372,16.981989,7.8151417,11.674971,20.431534,13.872247,10.947626,8.916304,10.36006,6.020723,1.5042024,-5.8880835,-4.564701,-3.1715045,-6.5836277,-9.230646,-6.3091755,-3.9714522,3.4750671,4.1519184,-4.131546,-1.5364552,1.7460666,6.3567443,4.846464,3.090736,0.66004723,6.8162317,4.2068768,-2.2464232,-2.482898,-2.7484474,-2.4495692,2.0905185,5.587562,5.749483,5.4667215,6.005418,8.490523,8.832001,9.278839,12.33939,17.831297,10.437785,-3.2815084,-15.046324,-22.66227,-20.64648,-11.999944,-9.644879,-9.104967,-7.1354637,-6.918672,-5.9653482,-1.2040288,-1.2292202,0.27348846,8.762634,10.066655,14.452843,15.915558,16.667036,11.21908,11.616578,9.91515,5.1541777,12.182594,15.135026,9.867395,9.306299,11.835271,11.858158,9.002426,3.8552089,7.1085906,5.3818345,5.7133927,9.750715,-0.016786814,-8.800945,-3.9351048,9.991574,14.362791,16.661411,13.720072,13.726845,8.562807,0.7937282,0.6928824,4.251833,5.9529953,7.2146807,0.06730032,1.4490008,3.7452223,4.272626,8.426092,5.889749,1.2893311,1.48484,3.0309815,-1.8534052,-0.2483365,1.2424548,0.77471745,-0.91742456,0.004944861,-3.5883918,-2.7866387,-1.5767177,-2.9081001,-3.9033027,-1.2204511,-4.5684347,0.8109437,-2.1348042,-3.0250597,-1.9377592,-6.067247,-7.457119,-4.898668,-1.7491682,-1.4408555,-2.0501716,-1.8916528,-4.48648,-7.079596,-6.782633,-4.0113354,-6.4436555,-5.209025,-5.3228006,-0.86910725,0.3291071,2.9943142,3.7899013,-7.0997014,-5.0918627,3.0960526,2.369206,-6.459012,-10.808429,-6.266664,-6.6373835,-4.475558,0.1546689,1.8290359,-2.0702662,-1.6752105,-1.6698325,-0.16853194,-1.1978781,-5.391903,-1.0654972,3.3937454,7.9411335,11.395187,11.069221,6.1835327,6.205255,6.0799575,3.7131052,2.2464073,3.771389,4.7155986,5.871831,4.6864796,2.8944035,3.7203279,7.8591213,9.351896,5.097024,6.4515705,4.8256063,-2.6036863,-5.852581,-5.129633,-4.1760015,-3.772821,-2.9216623,0.79765415,-4.4136105,-3.1178677,-3.3463326,-0.52952206,-7.652972,-14.86964,-8.81732,-4.6905856,-3.533574,-1.6299348,1.140861,6.4587574,18.292053,23.94299,24.014511,14.474745,13.650015,5.3831825,-0.15526342,3.9318259,9.576643,11.58461,16.183853,17.604218,13.222136,15.479802,12.734932,11.915457,7.3845387,2.8331583,2.4099903,-0.13186407,2.171298,7.5242,4.8005834,4.3576946,13.95785,20.98639,23.262505,18.550655,15.306873,11.048663,3.360342,7.373242,5.9198623,-4.177802,-1.1014259,4.895977,5.4195294,-2.0199544,3.9641438,10.957672,11.645201,14.34258,22.448708,20.186024,15.092384,14.694979,10.015073,16.739597,20.886196,20.397781,19.938988,19.855394,24.257835,18.493282,11.87364,18.73017,21.874401,18.914944,12.049868,10.131536,9.289354,4.676651,0.10564852,-0.5511657,1.6312805,5.2262235,9.948831,9.349114,10.319607,7.4564614,5.2974625,0.5702538,-3.859952,-3.0475752,3.7315078,4.2221966,7.994504,11.288004,4.2860036,5.515324,-3.6565442,-4.1176147,3.427277,8.840697,4.9134073,5.2091627,-7.00278,-9.869072,-16.490593,-20.879644,-16.09369,-11.972334,-14.629688,-18.851988,-16.711905,-12.527338,-13.125676,-2.585597,1.3225904,0.5053677,1.4119046,1.2735394,2.2806363,3.5943727,-1.715755,-12.711554,-12.988096,-11.5098295,-11.597534,-18.22065,-18.496656,-9.118126,1.9693797,1.6531,1.274125,3.1178603,3.2271905,-4.827497,-15.561794,-15.067123,-19.876331,-22.99614,-17.387474,-21.682816,-15.923969,-3.7086635,2.8879757,3.59172,-7.330063,-15.160581,-8.170816,-2.9629354,0.30622542,4.098745,9.274129,13.335154,15.858648,19.490738,17.408253,14.645218,16.568928,5.725325,6.8171797,10.538286,4.491458,-1.5436441,-7.141444,-4.88722,-1.9579303,-5.55859,-7.91034,-5.12088,-6.738302,-6.0652676,-4.8993287,-9.958223,-5.224418,-1.3453308,-4.23503,2.3697257,-1.5635396,-6.769856,-4.2324214,-5.6350617,-5.420989,-4.471513,-6.5711727,-9.39851,-7.884452,-8.134381,-8.642666,-7.594218,-4.993451,-2.6039302,-2.9091454,-6.0460463,-13.716058,-20.118654,-13.758469,-2.2222757,10.112924,11.972063,4.3329506,-0.92611444,-11.116336,-13.82988,-9.589253,-6.676684,-2.4230366,-14.407132,-17.377884,-7.696849,0.20440747,15.155117,26.239178,24.436035,17.895935,15.539055,21.287811,24.40754,25.281841,26.046917,18.90142,8.772863,9.643785,4.6100626,-0.12541728,-7.4263983,-13.080141,-12.637886,-10.41825,-4.540832,-0.7300596,4.1376824,-1.198653,-2.3797555,-2.5747552,0.9791579,5.644868,-0.8320891,-3.432427,-2.454389,-4.3190584,-8.40212,-8.857105,-11.8398285,-14.781211,-13.89736,-9.6953335,-15.991779,-19.049438,-6.293157,-4.83391,-14.351463,-17.558289,-16.623222,-5.9156733,0.18644941,-7.685866,-4.7410975,4.95829,10.043667,14.964928,12.286116,6.052866,4.7895393,4.66709,-0.47247076,5.005888,5.811553,1.3264085,-4.409684,-9.045398,-11.576832,-11.5341625,-16.32988,-19.337368,-15.500799,-13.024489,-13.498243,-8.681484,-4.07885,-6.7906704,-14.526888,-10.197339,-3.261347,-3.7660184,-8.285304,-11.951402,-14.936339,-16.753395,-14.162096,-11.8565855,-11.441092,-11.209492,-12.093311,-9.096972,-4.6239276,-6.0290127,-5.0771523,-4.402053,-8.521982,-10.948431,-11.668468,-6.8792696,-5.8970714,-6.7072687,-13.666178,-14.769231,-1.3849037,11.191913,20.207167,27.608696,17.90007,10.032963,7.3602123,-5.2428694,-9.487487,-12.90666,-13.407873,-11.953302,-8.850546,-10.568918,-9.567051,3.5162702,15.166002,22.694931,25.021086,21.946703,19.78484,10.423271,-1.3287653,0.19255209,0.46623072,-5.5934725,-10.395239,-8.131453,-7.433082,-5.620387,-5.089467,-8.894138,-8.236034,-9.322151,-9.054025,-10.045557,-8.060812,-8.446987,-3.3363194,-4.3927026,5.556177,5.005064,-0.4918592,-2.4094381,-3.0521562,-5.2351756,-1.4449809,-2.3888202,-11.554376,-10.114262,-11.50795,-13.55582,-9.8288,-6.0348163,-0.83270425,3.8103385,0.8959503,-2.1141994,-4.626071,-5.2688007,3.1137385,8.808341,17.102562,25.580257,19.897264,3.5223973,-7.258416,-8.926121,-13.896949,-21.420998,-20.311932,-15.959267,-11.130544,-6.9676766,-3.6365216,-0.6121828,-0.94156986,-0.5853993,-0.045457244,-1.3345561,-5.3129663,-5.715022,-7.604877,-4.166824,-6.590331,-7.9297056,-13.40852,-17.545443,-22.070265,-17.076384,-16.053028,-11.296002,-7.836699,-7.0276246,-6.835002,-7.5840683,-7.7408485,-9.587225,6.8422413,12.685144,12.523418,15.633091,18.229546,15.897824,12.711708,11.745691,3.4502656,-1.1881087,-6.606461,-7.9623446,-6.6932845,-9.095908,-10.732069,-6.575406,-14.196663,-12.998284,-13.6122,-10.813896,-9.328469,-8.667044,-5.7727795,0.06449652,-6.8228874,-6.6247435,-4.9932833,-9.714376,-13.25302,-11.141451,-7.5444527,-1.9816812,-6.750554,-15.332534,-12.593468,-10.0565605,-2.9469857,-2.3437486,-8.521106,-12.346416,-16.398666,-17.479742,-9.873394,-4.595915,-6.583157,-3.5306962,-3.7157574,-2.6772666,-9.638966,-11.524488,-2.248161,3.3147287,7.3987207,14.905571,19.201324,13.993536,14.0611,6.163926,4.063336,5.467229,7.8471117,3.8382192,-6.1066375,-16.387388,-14.703536,-7.504382,-4.7505364,-5.380101,-11.1884365,-9.886457,-7.580743,-2.3232694,-4.807236,-5.3904247,-1.7673941,-2.0864098,-5.7881923,-2.6255004,-2.0690782,1.0266316,-0.6954938,-0.9018766,-0.71076286,-1.8068635,4.570694,9.719753,4.910412,2.8170748,6.2745824,4.896595,-1.9233009,-11.092756,-12.799397,-6.0036755,-2.8643174,-8.168016,-10.238935,-5.7767143,-3.9510708,-7.5730586,-15.819413,-18.6907,-19.528404,-12.833421,-11.293257,-14.629024,-12.805412,-7.5996246,-10.334259,-13.602293,-10.525115,-3.7967646,-8.777137,-8.872467,-12.726141,-16.133495,-16.16609,-16.533215,-13.969957,-14.790756,-14.249055,-17.353178,-16.482803,-11.433805,-6.245547,-9.378135,-13.018328,-13.904906,-8.265772,-1.8314219,2.8707013,4.673491,5.5034704,5.7626066,9.270285,11.46656,10.255039,8.979816,15.469638,17.34591,11.838726,8.645721,7.9534173,7.467884,13.818008,10.425983,-0.44430792,-3.0075192,-1.9191719,0.4444751,0.8022403,-2.8027062,-1.8114998,1.7470763,-1.3061568,2.3681433,0.8381276,-3.756095,-6.8081427,-9.918007,-2.8929827,1.6165206,5.272876,5.7776365,4.129981,10.245634,11.24379,5.7534046,5.7311153,7.134074,2.509254,1.2507691,2.21091,1.9625903,3.347393,4.339321,13.23719,21.401878,19.742353,5.9396048,-3.5395105,2.2193131,6.9541893,2.6486454,-5.9384766,-1.4704556,-1.7410053,0.29871333,5.8888273,4.909244,-2.0120056,-5.0470066,-3.9783015,2.3003745,12.110734,18.01046,24.686705,21.55822,13.888788,16.986378,22.665213,29.394213,23.811989,14.79903,13.037085,7.972654,4.737547,10.756361,9.604852,7.8165746,7.098746,4.538593,0.7229267,-0.7309476,6.1653285,12.064093,7.6746635,8.065229,7.1717377,6.064694,14.011744,15.903986,16.56966,11.817364,11.7084255,10.137398,2.50605,-2.9366817,-7.2151814,-5.86076,-4.945116,-2.1365511,8.338516,6.606967,7.053299,3.9476275,5.190236,5.6212463,7.3531256,6.4158077,9.585915,7.388152,12.669449,16.261726,17.760052,19.870863,18.723896,18.224068,18.981905,17.777573,14.010752,16.229366,13.850452,5.245372,8.105072,20.110147,21.905426,19.499119,20.097626,25.292316,24.790562,22.114288,18.136307,13.629768,6.036333,1.9569749,7.380232,6.820342,-0.8649446,-1.5691757,3.483727,2.2937005,-0.9261633,-2.3059638,-7.613106,-5.6169724,-10.525594,-17.5836,-19.534101,-15.8677025,-10.852703,-14.345905,-14.341883,-9.542139,-9.161448,1.3395913,2.2312014,-4.7299547,-11.542884,-17.121105,-16.490849,-16.602985,-18.64378,-20.09747,-15.014786,-13.193919,-11.920901,-11.072062,-9.551929,-4.2776394,-3.912385,-7.207726,-5.4537706,-1.1300263,-3.3511531,-4.416457,0.99535775,-0.54562354,-0.9559096,-4.765938,-9.365857,-10.666134,-9.207982,-9.098383,-10.459,-7.703566,-2.0963655,-3.983726,-9.08982,-7.8451996,-3.6041408,-5.68876,-10.215403,-14.793628,-12.547762,-8.254131,-4.9862094,-8.725951,-10.987629,-7.9563766,-6.5858407,-1.1272986,3.6723092,11.163992,8.077891,-4.9659967,-5.815281,-3.5036056,-1.8731712,-4.7215223,-5.2268534,-2.9290178,3.0252948,0.054365713,-0.4863819,2.456997,1.1689619,-3.7830987,2.395815,6.971467,-5.6982956,-9.890499,-10.682257,-14.200537,-6.07734,3.9996521,1.1538856,1.1848909,-2.3560498,-4.0122643,-3.6288621,-6.8566904,-9.567276,-4.671301,-6.6677113,-3.9022622,0.37864256,-1.1748364,0.5205262,-5.6161656,-2.3568282,-0.42777097,-4.739606,-10.3279,-13.7296715,-15.228327,-13.646244,-14.093639,-11.903688,-11.267524,-6.9144025,-5.517522,-6.465243,-5.257668,-7.98606,-16.839815,-16.481827,-8.012932,-1.876385,-4.6682286,-12.827451,-13.174227,-7.2969904,-7.8423357,-6.8546944,-7.5221944,-8.212546,-8.793288,-5.4941244,-1.7727424,-3.7340267,-3.7916474,-3.7416816,-2.554711,-1.9273672,1.5004683,0.7160833,-0.49535227,-2.054824,1.3161252,-2.76342,-5.5102835,-0.14542659,-1.5164244,-3.6882918,-6.7744455,-1.8720887,2.4392016,0.69589573,-1.8906353,-8.36179,-14.081554,-16.09615,-3.6080458,-1.5325781,-8.291447,-8.738858,-7.7321377,-14.216069,-15.070038,-12.989283,-12.712432,-10.365006,-7.941787,-5.6253977,-5.794759,-6.1789656,-3.9247153,-8.765499,-11.948666,-7.2501373,-3.3216224,-3.3203158,2.437874,1.9485132,-0.57931566,0.8369779,1.0937278,-3.7425675,-7.763705,0.61638016,3.6785583,2.583735,2.89941,3.366741,2.5119278,2.2363863,0.9310979,0.18940166,-5.9845743,-4.495812,0.13860714,3.4279537,5.015421,3.2274547,5.48542,4.7273912,0.443295,-5.5526114,-7.2846255,-9.878498,-8.862475,-14.224265,-14.273304,-8.979192,-8.834188,-9.59674,-5.0298257,-5.975732,-7.723813,-7.017277,-11.867773,-13.947883,-16.581617,-20.450806,-21.598549,-12.15703,-5.0814095,-7.283662,-5.5607862,-7.644902,-8.347499,-5.7732687,-3.6078334,-4.9579096,-3.818472,-8.557217,-7.7942343,-1.8437606,6.0876126,5.494195,6.890241,10.261947,12.669886,13.625839,10.534924,12.321823,1.1577787,-3.7267842,2.3371534,-0.13227469,-4.0651536,-7.5168037,-12.03359,-14.389995,-11.36532,-5.596368,-7.255949,-13.652811,-16.464695,-14.809994,-10.522919,-4.692629,-3.1531904,-3.287595,-9.348906,-9.725519,-9.921558,-9.651457,-13.726891,-10.13963,-10.926964,-14.403532,-9.442885,-2.8957062,-5.3442945,-10.546194,-16.473787,-19.921707,-16.146065,-17.28641,-12.895721,-9.277232,-7.3689494,-7.2221622,-8.089021,-7.226347,-2.0262268,-2.9915519,-4.7832804,-2.2589986,-2.475911,-0.5847473,0.50177586,-0.64914197,-7.8870225,-10.960074,-8.992251,-8.751072,-11.72183,-10.374149,-4.435626,-8.126976,-6.268634,-4.4679813,-2.180017,0.109550476,-13.798486,-17.646927,-14.067503,-10.289822,-11.272779,-10.564413,-11.487293,-14.220654,-7.9142904,-0.97688776,-4.0052214,-3.0374184,-11.548149,-17.735962,-18.126297,-16.105728,-13.06584,-13.011792,-11.889979,-10.03755,-12.081897,-14.635341,-13.800163,-18.469688,-12.969681,-10.267537,-9.774757,-10.5360985,-17.395624,-11.897978,-4.3105984,-1.0006583,-7.536747,-5.076069,-3.6195407,-3.053705,-1.895143,-3.9499617,-7.951325,-5.6536293,-9.012341,-4.0075407,2.2053993,-2.640872,-6.9595556,-7.446479,-11.18257,-9.720236,-13.890515,-21.109428,-20.25856,-9.929895,-1.2339302,-5.296193,-5.5684514,-4.1318884,-2.8308468,-1.388491,-3.314969,2.2859204,3.0135512,-3.09737,-2.1626124,-5.2493324,-2.8479078,-5.893553,-11.168613,-11.869087,-4.7445784,-5.1170297,3.7207644,7.462298,-14.843073,-17.023956,-7.8563724,-10.556987,-9.517164,-6.319714,-2.373932,-4.1890035,-3.5714588,-4.7548523,-5.192071,1.6384667,-1.1047186,-5.7250338,-3.2883005,-2.3755894,0.3658911,3.8091965,3.3208072,1.426723,0.42706728,2.0764513,4.3359528,8.217509,4.765368,-8.00898,-9.981323,-12.481457,-9.071287,-5.964348,-0.71111584,0.25649628,0.49212024,-0.19113594,2.0029156,-0.9641284,-1.3292588,-4.034667,-5.5768614,-3.722365,-2.1182318,-0.019885778,-1.0754039,-1.7618016,-0.6133542,-1.5372808,-5.7163553,-3.3715997,1.1409384,-2.4949174,-5.180937,-2.0091848,4.3075256,5.4283166,5.844278,3.8517923,-0.50806093,0.19142741,2.675965,1.4528732,1.4984773,6.196667,4.9252315,-0.17396629,-5.776403,-8.039869,-4.8948336,-0.9003675,4.42458,7.6656647,7.6148777,5.9169073,1.6701571,-0.38286388,-0.12324482,-0.42281014,3.9192662,-0.5132438,1.9776907,4.2863536,7.35476,11.820955,8.104529,9.590761,11.445121,11.403,11.122854,12.390222,15.749194,13.619532,11.134762,7.662863,10.122034,11.352491,7.9436913,7.579151,12.644777,10.614527,8.235752,10.742395,12.871498,5.6655064,-4.4572496,-5.7839975,-6.930826,-2.635738,-5.624022,-7.4587884,-7.4544153,0.8566532,2.5904293,-2.018762,-5.842593,-13.145078,-6.724684,-6.067182,-7.0153556,-2.432026,-5.577898,-6.326565,-3.4655137,-8.206675,-11.513447,-10.827665,-10.738826,-6.8883705,-5.6860065,-6.1069336,-6.0120955,0.038881406,-0.3821833,3.2930946,1.6656361,7.8072433,8.96538,0.12156916,-2.0513725,-1.7101218,-0.08154461,4.9073133,4.431407,7.7730627,13.298729,20.790016,24.8377,21.75285,22.256832,23.65345,28.039341,16.870872,3.4341116,4.952765,5.9407277,1.9321814,-0.25163674,-3.1849167,-0.261688,4.096879,2.1273363,-0.2163012,6.6710997,15.604288,14.679523,14.894792,19.910725,22.850449,16.65901,14.335712,16.463505,21.939323,23.686169,15.520237,11.412983,13.807972,14.2620125,12.909267,15.0429,15.185732,16.267317,16.087984,16.750854,18.30465,20.860775,26.227173,26.791569,27.06408,26.60367,33.16421,27.625332,21.678543,22.418825,19.094055,15.393592,12.525064,12.32406,7.17442,4.7042336,4.7330866,0.87972474,2.7924664,10.642891,12.762121,14.173189,11.701408,10.027169,14.1043625,10.360293,7.11947,-6.3935432,-11.977178,-9.669878,-4.5655823,-8.658139,-7.6114836,-12.528329,-14.052434,-13.965329,-10.115702,-9.36055,-11.15671,-8.849005,-4.5148144,-2.7496367,1.3274996,-0.49930912,-5.998309,-5.3833485,0.6987176,8.605188,4.9249964,1.3032904,3.0992367,6.0152617,6.3711853,4.7871933,1.1578557,2.0635672,7.3083663,11.120716,15.949364,20.713266,18.537424,21.147001,23.394657,19.417744,0.10867095,-13.310581,-13.369215,-12.857367,-6.414947,2.1127398,-10.910667,-15.506037,-12.451866,-6.6094046,-4.7091107,-7.888398,-7.321849,-4.3053126,-8.794074,-10.991344,-1.680342,3.1856775,-0.25641644,-3.2846532,-6.8355503,-3.1842017,2.4526687,0.45444858,-5.433206,-7.093951,-12.016607,-6.7818565,-8.491457,-10.603022,-17.179018,-15.203496,-14.195845,-19.138235,-17.544872,-17.403263,-18.552057,-18.344635,-14.472494,-12.0114975,-14.691182,-20.337812,-20.582928,-13.570404,-8.077542,-3.2585688,1.4679229,-5.102151,-0.3775748,6.1864057,-1.2588263,-7.3047957,-9.445153,-13.543072,-13.003601,-10.77871,-14.197767,-14.518032,-10.251928,-8.334989,-6.1563096,-10.618921,-10.410595,-10.838293,-2.1746676,4.5859985,3.0368307,5.274011,16.03555,15.993488,10.224163,7.9952493,3.2709906,3.7172089,5.5045156,7.049433,5.1098175,4.5405555,1.810734,4.485686,5.3887615,6.818083,4.651081,1.1619968,-3.143927,5.7751436,10.45047,4.1410837,4.7202654,-2.1668997,-8.327435,-8.348908,-6.620761,-0.13634504,0.0774219,1.6435138,2.4750924,7.6561704,7.5075393,7.934532,0.6655419,-1.1395493,-7.268208,-9.288434,-12.20628,-9.008942,-2.8465343,10.075811,15.825093,16.026608,16.361961,9.488562,5.853906,0.18266308,0.1419251,-0.84801286,-7.349535,-15.29749,-13.850154,-9.738525,-2.422256,-1.0097121,-2.102518,2.4617157,3.3712158,-0.11240882,-6.8982244,-4.3261704,0.15053773,-2.1022096,-5.6311593,-7.7857046,-3.2616165,0.71310705,1.4183613,7.5999775,8.478623,8.283922,7.905075,-2.696972,-3.4493296,-2.6123002,-2.8864691,-6.6960893,-6.3894753,-5.9567423,-4.289701,-8.142715,-3.200994,1.6856896,3.838997,1.8489695,2.327817,1.2048358,1.1946106,-1.0873965,-2.7856994,-9.401131,-12.244837,-8.407955,-3.8181667,-2.9810774,-9.842542,-11.102103,-7.8384485,2.5541954,9.432356,8.064521,4.060302,4.895191,5.747651,8.593442,11.435299,4.1978655,1.9313887,-1.923359,-2.9202738,1.6482157,0.16308305,-1.1432651,0.83182883,-0.45228887,0.4315021,-3.0397785,-7.390273,-8.372892,-7.0846224,-8.506472,-11.833565,-17.295845,-15.629632,-8.670518,-7.213987,-7.5185738,-2.3174024,-1.9950674,0.9758909,-3.3922632,-8.692634,-6.047737,-4.581342,-7.1135087,-10.352038,-6.0457153,-1.1186172,-7.244918,-9.397732,-4.5287323,-7.8715706,-15.241208,-14.135785,-8.540844,-12.174288,-15.32274,-14.122753,-12.900534,-7.58121,-3.1447723,-3.2916346,-2.2997208,3.1001105,2.8440752,2.326233,-0.87633574,-3.1744778,0.9102762,-8.448566,-6.4907007,-4.8911185,-5.5524273,-8.871278,-10.819614,-6.1440897,-2.1072888,-9.202206,-13.795486,-13.218274,-8.872635,-7.788474,-9.25421,-6.3660555,-4.871631,-1.8541939,6.3763256,3.7542517,-6.610367,-1.4287672,-0.080385566,6.0133076,9.255644,-3.2543368,-11.259545,-9.3871155,-3.9089518,-6.118871,-3.3140233,-10.237997,-9.031488,-0.5465181,-2.3372638,-7.9124756,-7.3160996,-9.747795,-10.676374,-9.443127,-7.977646,-4.078419,-3.5810442,-3.3730478,1.6191576,2.109472,-4.2152214,-8.541227,-10.3283825,-9.128224,-10.194516,-13.944809,-10.777385,-2.4815154,-1.8241184,-1.2711807,3.0780916,10.10421,9.2728,7.107533,5.8447995,-0.2015652,-10.592308,-11.955144,-10.943922,-8.409073,-11.416002,-14.100765,-7.4569426,-3.018222,-3.9379444,-10.602312,-11.221554,-9.570821,-18.490507,-13.620195,-1.1723237,11.905016,11.169392,8.407595,11.785315,9.335558,2.2384732,0.07024468,4.1714125,-2.8961978,-0.41151723,4.0619073,7.843029,11.439194,14.549452,13.323141,7.852663,15.401631,21.035164,17.089386,15.723996,14.458181,6.285146,6.2502275,9.37994,9.908448,12.180901,9.628654,8.399435,5.5048356,11.402143,14.672186,9.338499,7.6883497,7.358678,8.752151,10.686927,13.893838,9.120003,9.72846,16.207117,16.781979,11.968515,6.0901446,0.109048426,-0.79260594,4.207302,5.776095,2.760304,-1.9096956,2.6974924,14.956189,17.102467,22.278261,26.842686,24.619919,19.563675,7.9571953,0.63522345,0.4350844,1.7948761,5.665722,4.7958636,-2.145789,0.052986264,1.2856265,-0.5139525,0.44211793,5.004133,4.1656375,1.3802599,5.735868,9.549852,3.812333,2.995343,5.7980103,4.8554206,1.1031681,1.560239,3.0132174,1.1208171,-11.651766,-13.998659,-10.710128,-10.877171,-5.61642,-0.22944254,6.925621,10.16811,10.739483,16.479372,16.971645,10.049319,-2.450563,-6.217663,-15.659855,-13.279818,-3.9437222,-0.114697576,-3.4232278,-6.1536794,-4.0481524,-5.7571564,-6.0318003,-5.4169693,-5.844162,0.7719598,4.7105637,5.401266,4.3032017,-0.8687639,-3.6370025,2.8952556,6.4581556,2.2866726,-1.541764,-2.1259894,-0.58762443,-1.16476,-5.328386,-7.691678,-5.826621,0.4854312,-3.889195,-7.6554747,-5.514304,-3.0585117,-6.9179726,-10.27483,-10.353626,-15.6694975,-16.907558,-12.516096,-9.007622,-7.6152363,-3.230898,2.6418204,8.217971,1.451597,2.480948,4.1448803,2.0658448,-0.42582363,-2.000128,-3.9119642,-6.219426,-12.744119,-16.967678,-10.503605,-9.410118,-3.1490455,-1.9734986,-0.475262,-2.4362621,-5.222881,-6.099022,-0.5270256,2.0352573,-0.16647562,-5.065357,-1.2859845,-0.9023848,-0.17796803,0.914875,-0.42638826,-2.3210354,-3.4752417,-8.975542,-15.77117,-8.487369,2.4807963,4.4775114,4.270294,2.4414034,2.2016768,6.4366136,-1.6563299,-12.523549,-10.363247,-15.029846,-17.492271,-15.868377,-15.081085,-18.911692,-9.696226,-3.906261,2.6721778,3.2102237,6.5749664,7.5174303,8.700185,6.971721,-2.7527604,-3.5448964,-5.8062773,-5.4302497,-9.563964,-0.07286367,8.195718,15.291807,15.3156395,14.726118,12.700085,-4.087081,-9.396828,-5.7703266,-5.7452993,-13.328068,-12.010387,-6.0775003,-0.530717,-0.5437372,4.7849708,1.4573522,2.4134986,3.0731077,1.481337,-1.6835437,0.22253871,-2.9761465,-4.963505,-5.8727746,-4.9870453,-1.8887464,3.398721,8.533138,8.372092,8.486654,9.900053,-1.0150692,-6.784509,-8.307133,-7.8240194,-7.695054,-6.755017,-2.6614964,-0.8223368,-0.8992398,0.84980637,-2.6343799,-8.661556,-1.9285359,-3.0617294,-6.6920395,-6.922017,-4.7499676,-8.028288,-11.772479,-6.5084715,-4.9774446,-6.7369704,-10.15637,-14.061532,-5.650261,-2.1407273,3.1497412,-0.5186065,-1.1391536,-2.199842,-9.09654,-12.462461,-17.091347,-13.798758,-6.685025,-8.768452,-8.263719,-9.223336,-14.832237,-17.338676,-15.895114,-13.651909,-14.690596,-15.817865,-13.975477,-13.795322,-13.7563305,-10.815058,-11.3029585,-16.7681,-19.07343,-17.632248,-11.692072,-8.638269,-1.9941798,5.7830143,2.3447435,0.56034034,1.3853444,0.383992,-1.3341646,-1.3187649,-2.6447206,-5.223775,-10.336941,-14.825203,-8.457682,-9.067461,-12.490241,-14.107136,-15.0465145,-14.614645,-15.442816,-18.493671,-18.896465,-10.474009,1.2020466,0.7641853,0.05135873,0.5089283,1.1659371,7.41942,13.90851,10.019497,-2.151201,-5.024452,-6.111825,-4.5793066,-3.5449662,-0.14058542,-1.2798086,-9.41371,-6.194618,3.341694,8.623254,6.279648,-6.4476433,-11.208401,-10.048615,-8.965712,-8.342976,-8.802725,-3.3162112,3.5176015,2.702608,0.31388038,-0.29201737,6.3265667,4.8895035,-3.4506974,-4.2384973,-5.1995344,-4.2610216,-2.8892279,-2.3675022,2.4721167,-1.4054735,-6.8589964,-2.043588,2.625383,-3.3861103,-9.17917,-10.914789,-1.7263412,3.6684217,4.7936254,1.7602369,1.9701356,7.086347,2.85817,0.18731907,-5.6067705,-8.136774,-8.473887,-5.4613457,-7.038848,-12.421537,-11.176956,-6.995411,-1.2551936,-0.27908674,-1.9422072,-5.9143724,-4.7635956,-4.16706,-3.5802374,-4.9016666,-12.47113,-13.174976,-11.707883,-3.543131,-7.8637724,-9.091131,-5.0917454,-6.106053,-9.196369,-14.075672,-12.352319,-13.593748,-7.1602235,0.9627495,5.769966,8.953777,9.448156,14.6840315,15.034526,3.6340888,-5.333401,-8.687014,-8.194122,-1.3371794,-4.6539545,-8.297968,-10.819864,-6.4352875,-6.668254,0.9060461,12.259956,9.603882,10.750879,15.534585,21.10461,13.597781,9.607546,6.8475437,11.449251,9.339757,5.1712675,5.5675826,7.5862207,8.522352,7.6821113,10.979807,14.40078,10.258257,4.329722,-0.24357936,4.9432755,9.285717,8.948522,12.00432,22.647846,25.272709,20.525192,16.899282,9.947371,6.211957,3.964109,0.58695364,0.24100184,4.1053457,5.7878017,8.458574,13.6437645,14.647645,11.5673275,10.673214,11.166165,4.4751463,1.4323868,1.6408681,7.2816296,8.286133,-2.1807656,-2.5788898,-1.2779534,-2.4882436,-2.696296,-2.8449972,-0.009652376,3.6382155,3.8222551,5.7756696,3.9159565,2.4099667,8.742426,7.4812784,3.5502381,0.54916483,0.22033682,3.7572317,5.4964314,0.03530073,-9.7222185,-16.890797,-12.664502,-4.1272755,8.357511,14.929039,16.420574,19.972836,18.84134,13.530045,6.9768662,-1.3172523,-3.1661353,-7.775588,-4.083727,-3.0133505,-9.2648,-3.8248158,0.7092548,-0.22106631,-0.03601685,4.8402843,6.0756903,6.8298397,2.782992,-4.6655703,-0.87861544,4.341962,7.842951,7.0132685,-1.701587,0.03029932,-3.9923966,-1.5991594,1.898212,-2.0081863,-7.311318,-5.81777,-4.6503553,-11.426085,-19.277271,-16.843258,-15.713657,-14.330889,-9.547145,-16.20189,-14.899668,-20.627937,-18.58622,-15.609691,-12.59729,-5.8030562,-7.3411202,-9.642612,-6.96525,-11.567638,-12.157995,-13.8886795,-6.253335,-4.21377,2.963964,1.4913327,-2.2151723,-11.02142,-16.467125,-14.020183,-10.666909,-9.274725,-4.660306,0.08276738,3.234435,-1.8328179,-1.3343179,5.1583247,3.2153919,7.167146,6.044777,0.84366685,-2.039936,-2.2350445,0.39347228,-1.840322,-4.1741586,-3.9216628,-1.1922276,9.583962,16.719944,14.861607,4.6586356,-4.427494,-5.0714283,4.596225,9.778387,6.30972,3.140792,0.8572966,-3.1226988,-10.492392,-10.060272,-6.4815083,0.95318276,2.6395237,3.1080406,4.785904,0.3599888,-1.2052709,0.1404508,2.2333157,-4.5107427,-7.5709248,-7.3375883,-5.8505225,-1.1323541,-4.8511314,-1.2539923,7.8632708,11.264759,15.455285,22.989786,25.363087,15.608086,10.402365,7.961299,-1.8334085,-2.3643703,-7.592829,-12.567404,-7.4650464,-1.0862509,2.0457058,-0.9204078,-2.773032,-2.4062974,-1.1508458,6.532258,10.774837,5.1938715,2.869926,-1.3000262,-4.6280823,-3.186603,0.09702865,3.0548382,6.1596966,5.231281,3.1418114,3.5277953,3.922411,5.8185368,4.288578,-0.7261139,-6.0284357,-6.906299,-10.412846,-9.538681,0.6050763,6.6552277,6.405168,2.7655623,0.99118376,1.142595,1.0861137,4.4602165,-3.6010675,-9.416986,-8.603818,-8.125401,0.49596536,2.4303436,1.8504198,0.24593991,-1.3581469,-10.92573,-8.081388,-0.73419183,-10.58251,-16.49322,-13.238264,-9.059828,-10.415577,-10.776474,-9.517548,-12.836006,-15.33102,-13.33608,-5.9041414,-2.5792103,-12.796403,-12.916316,-11.564635,-10.251223,-9.68143,-10.224921,-12.036535,-4.9145117,-5.434782,-11.059687,-12.856163,-6.358377,-4.0316606,-5.8725505,-4.880558,1.6847869,6.6003265,4.0830555,-0.17380947,-6.617687,-10.157121,-6.327584,-3.7203228,-7.6875987,-13.005348,-13.153885,-10.885155,-8.124319,-9.295937,-7.0754285,-10.523099,-20.130808,-21.656616,-17.315159,-13.475847,-4.595113,-3.7465062,-2.1184862,3.3768754,3.9421647,6.3144217,3.903516,1.2977641,-2.7079885,0.11484349,7.4279203,-3.0676413,1.1493325,0.9026914,-7.6487713,-12.808652,-8.148894,-2.7060852,-3.373139,-3.6660538,-6.3742085,-7.9895487,-3.1359313,-4.012805,-5.7118635,-5.0746527,-5.0426383,0.78831863,-1.981419,0.036453843,1.5298338,1.4214576,5.935236,4.943486,3.3447506,-1.136783,-0.61314577,-4.8609133,-6.7014265,-4.2700763,-5.740037,-3.6810179,1.2800561,-1.779242,-5.482774,-2.1025424,-3.5238261,-4.418602,-5.1269417,-12.18623,-12.622631,-6.4323874,1.3012992,-5.0855665,-10.529781,-10.524144,-5.816551,-4.7127333,-9.785089,-7.916644,-4.9861164,-2.5281038,-3.9468918,2.7637854,0.9463621,-4.304629,-12.51583,-11.493884,1.7758878,-1.5219861,-4.4968395,-1.8495905,-3.3432107,-9.70993,-12.993295,-12.155649,-16.671902,-15.743246,-11.888441,-10.6897745,-16.08989,-11.526924,-7.318997,-6.4328375,-8.561519,-7.0647936,8.775186,7.954384,5.085617,7.687693,8.695212,9.271064,5.6541004,-0.36730766,3.7963057,5.6629214,5.559843,11.185237,15.444176,12.998059,10.023553,12.980581,15.61121,14.945502,10.688488,4.635418,-0.891705,2.8076963,4.553787,1.1524119,-1.0597134,0.6854654,8.1567,13.260108,10.362603,2.8874629,1.5485407,2.900854,1.6160132,3.6066,9.6077385,12.3672695,12.098976,11.523964,7.6975937,12.190867,13.299477,2.967215,0.78593826,-2.512391,-0.6667806,2.0045137,0.57155716,-0.4367607,3.309496,10.196229,9.155598,10.493252,17.335274,21.243954,14.609379,8.170723,3.6767607,1.69344,3.1620674,1.7181449,-4.108874,-1.7834703,-3.4800684,0.7068869,3.0872617,1.3295746,4.0882645,1.2116191,1.5523429,2.056878,1.1344298,2.5205321,3.5714715,5.89205,5.2969623,3.8289127,7.9000354,9.850845,2.4576354,-5.3325286,-10.786699,-17.985464,-17.41117,-1.8426776,8.281477,11.490441,10.561131,9.619288,11.353556,7.847909,-3.310413,-12.421718,-5.1203375,2.0394688,-3.366129,-2.9396663,-8.425951,-10.927877,-8.352177,-6.0523195,-9.200151,-14.267284,-13.634491,-6.625878,0.5109365,3.359938,3.443706,7.4468536,-2.179329,-0.87575805,0.11689538,0.62327254,-1.8900673,-2.784699,-2.8024278,-0.15327221,1.2520336,0.3323813,0.6436466,-2.60506,-9.015749,-11.135864,-8.240851,-6.8561707,-7.5309033,-3.135076,-7.3054333,-16.440313,-18.073746,-12.749548,-14.918003,-16.73257,-10.754462,-8.076788,-11.968592,-7.8981066,-6.3013954,-2.1611176,0.28367424,-3.021511,-4.010537,-8.093609,-13.831335,-14.669488,-18.562153,-18.93647,-6.383665,2.03973,1.007983,-1.7297287,-2.2599154,-6.0254335,-7.2965417,-7.9055905,0.51893234,1.6095977,-4.363394,-3.0523162,-7.397433,-2.6385736,-2.1460328,-5.844403,-0.45909584,1.7068833,-3.769107,-6.86976,-9.535478,-2.6362927,1.3705101,2.2913015,-2.2030382,3.581717,2.5047448,-1.5166701,-5.8095417,-11.682948,-13.481453,-12.043358,-6.8483686,-5.4130697,-6.4368653,-1.6203047,2.6000116,1.9718323,-1.57687,-1.9799216,-4.7230635,0.7782737,2.3056486,-2.2761767,-7.7253027,-9.158382,-8.1667595,-11.759323,-7.1504545,4.858131,5.045021,9.868184,15.518948,12.083044,-0.41494125,-6.4368024,-7.573552,-3.9414775,-8.466512,-1.937649,-1.6176938,-6.182669,-5.9477057,-1.5828719,4.52791,6.790016,5.9715657,3.1069705,2.4773946,0.3141883,0.8972805,4.467289,3.1772218,-1.0630887,2.1448116,6.6240826,6.8110085,4.626847,4.3659325,4.015838,-9.880747,-9.741189,-1.2454998,-0.85568345,-5.0409646,-5.24226,-13.529766,-15.464117,-15.10194,-9.32629,-4.7443275,-6.37347,-4.590705,-4.047004,-10.175909,-14.347508,-10.867392,-8.4706,-5.764597,-5.748213,3.4914894,-1.4935617,-4.8867106,-5.0140195,-2.947784,-2.3210073,-1.0221916,-1.6151515,-0.96693015,-3.240742,-8.321653,-7.3856783,-10.006291,-8.39971,-5.7687974,-6.114422,-1.2878927,0.27510214,-0.8721183,-0.3479181,-1.2650611,-2.4987803,-3.9884183,-1.1366013,0.1409707,1.5393339,1.6096946,-6.5229063,-17.17851,-22.153452,-20.225914,-15.73614,-10.412216,-6.9475994,-8.683577,-4.7832956,-8.890396,-9.545744,-5.2851543,-3.360075,-10.665045,-13.573095,-15.260349,-8.760169,-8.338226,-9.426672,-9.513243,-6.046744,-9.831833,-15.39491,-14.192928,-7.8067627,-8.67329,-7.0328493,-5.4691567,-4.232299,-2.6061535,-5.5714207,-8.748193,-10.020636,-16.586666,-18.43259,-15.211304,-10.57641,-9.937563,-8.770176,-9.333265,-11.336069,-8.145811,-2.963202,-0.13626945,2.7221146,0.91768074,-0.89993435,-10.124603,-13.094566,-4.803552,2.2078118,0.900514,-2.2107444,-4.2018256,-7.0633364,-8.076914,-8.51314,-9.416745,-10.126296,-8.980613,-12.507246,-16.43533,-16.484245,-15.571551,-20.238941,-15.410154,-12.867712,-13.7970295,-13.261431,-15.656432,-9.1810465,-0.49071038,-3.882895,-4.1373534,-6.0950265,-7.9369373,-8.501636,-8.822451,-3.8377914,-1.5622103,-4.0191097,-5.2756042,-8.336737,-12.952672,-14.259628,-11.489859,-15.350901,-13.092028,-7.7364907,-9.78047,-10.54317,-9.242214,-9.340649,-10.86707,-7.294688,-3.0646641,-10.084278,-16.94289,-12.327263,-5.0237904,-4.236396,-8.235149,-6.386389,-12.975561,-16.731287,-14.111298,-10.582323,-10.465443,-9.002099,-7.0768647,-4.331543,-10.512304,-13.756754,-13.624624,-17.371416,-19.461456,-14.517059,-10.771657,-8.424998,-8.962288,-8.651554,-4.991264,-4.6770115,-4.9605103,-8.537924,-7.4440594,-8.371281,-2.342371,-0.39288586,-4.3755746,-2.5929933,-5.249671,-8.801186,-12.27726,-10.141354,-9.034554,-5.9155903,-7.011966,-11.768108,-13.812149,-12.623524,-11.717206,-9.050587,-6.792392,-5.06731,-9.691057,-17.686064,-20.59143,-13.832472,-13.131999,-9.004379,-11.508635,-11.5834465,-13.361359,-12.093164,-13.058986,-14.062832,-9.897826,-13.733641,-15.30235,-20.579964,-17.943504,-16.78248,-12.452858,-12.204027,-16.366291,-18.798306,-11.953154,0.2840487,-8.67669,-3.705775,-5.5158443,-5.4969044,-2.8662946,-1.6429496,-2.4420028,-5.1633024,-9.268192,-5.272784,-4.824949,-6.240959,-4.8667803,-5.3692274,-12.660154,-10.743679,-8.642958,-6.5134087,-7.354886,-4.884388,-3.1826591,-0.6970795,-3.480918,-4.326328,-3.917541,-5.6878138,-7.112871,-12.612633,-18.144848,-20.578827,-15.391119,-4.6225505,-5.676552,-7.6194706,-7.1979103,-9.077602,-11.633394,-7.16864,0.9616332,-5.772976,-9.522032,-8.217175,-4.1814175,5.024314,1.4005339,-1.6132087,-1.9526913,-3.5601087,1.270086,-3.4114861,-8.458592,-9.037886,-8.155547,-8.580692,-5.4333158,0.55565953,3.3951685,-2.9739203,-6.7471476,-3.4740992,-2.9995582,-11.872152,-19.13727,-18.516983,-17.567533,-17.379425,-16.782228,-15.444984,-14.129705,-10.894667,-3.6156116,-0.29857463,-3.7978232,-1.7857748,5.8902607,1.6897545,-9.667451,-11.817478,-9.398472,-12.558874,-5.7680717,-5.2305765,-8.342188,-5.424744,-5.030654,-0.99820036,0.009935003,-1.0496626,-5.8744645,-8.504616,-12.6506405,-11.064136,-6.813283,-2.4889843,-2.8928344,-0.33784866,0.89237076,-3.67777,-7.5895534,-1.0360764,-8.275654,-10.965315,-6.519205,-8.906559,-5.484811,-3.242815,-3.8380423,-5.4672565,-6.555039,-5.072937,-10.139853,-9.92342,-5.992791,-3.162366,-6.7604437,-8.064308,-9.203629,-8.925362,-5.5508575,-2.0025954,-1.7092948,-4.183998,-11.580788,-11.45055,-11.176449,-10.99795,-9.174118,-13.642925,-10.659289,-7.71745,-5.78773,-6.815581,-4.8109145,-3.767375,-6.4006934,-5.570694,-5.1617584,-7.5348663,-8.757247,-7.2882466,-6.396765,-10.972874,-13.288176,-21.51942,-17.956917,-10.1621895,-2.3757164,-4.207258,-5.821396,-8.252753,-15.87249,-16.624123,-13.413502,-15.1209135,-18.28336,-15.259117,-11.371862,-8.7216015,-11.944351,-16.991644,-17.027304,-15.9691,-13.62868,-17.017742,-20.181805,-21.756227,-16.280916,-9.669622,-4.4026127,-2.1065044,0.16283575,-3.2648394,-4.7794065,-7.5490737,-10.82799,-15.320673,-16.36968,-13.757381,-11.727012,-14.305867,-13.877778,-15.987211,-21.419355,-11.214039,-11.999552,-15.771498,-13.594225,-13.979391,-18.041052,-17.54693,-16.02341,-17.357496,-17.90097,-17.463854,-19.03366,-19.71769,-15.574286,-13.901592,-9.138426,-12.0206785,-13.76277,-17.390732,-20.665628,-15.675986,-11.590261,-17.56508,-13.542909,-14.658094,-14.518072,-13.094243,-16.323637,-18.628374,-18.254684,-19.200064,-21.050442,-19.755053,-20.64302,-12.771019,-10.793532,-13.906395,-18.580048,-21.579327,-17.522697,-11.469987,-9.543794,-9.316353,-13.219446,-15.605143,-16.252653,-13.508152,-7.55201,-10.6638,-8.656218,-4.2428846,-12.773226,-14.281108,-9.310688,-8.620051,-9.042398,-7.766384,-7.9448357,-9.723248,-5.388484,-2.6621892,-7.144274,-0.29244614,4.2074723,3.8000357,-0.87705207,3.254861,1.8147657,-7.2381377,-7.5326405,-3.0111432,2.2606,1.2181139,-3.6497989,-0.041514993,4.7089696,5.546301,6.8180304,6.140365,6.3142433,5.5979867,0.037397757,-1.9252398,2.3139815,-5.863892,-12.34164,-18.555256,-13.499041,-14.857668,-15.442427,-12.424192,-11.920314,-6.808236,-3.676003,-8.982803,-12.240042,-11.591167,-10.301807,-11.781868,-13.906994,-13.652473,-12.684079,-5.555662,-8.72813,-8.556361,-12.385095,-11.537575,-6.8827677,-1.8779122,0.37486085,-1.8096439,-6.6501102,2.0598981,-0.2549432,1.5532607,-0.17364296,-2.2299647,-4.5516872,-2.6735082,-3.143322,-5.177157,-2.710177,-0.076186225,-1.2026074,-2.5498242,0.18589112,-0.1215795,-2.0104272,2.5957975,-1.8291516,-3.5986645,2.7711844,5.7521176,6.694643,0.61350906,-1.5476863,1.5616124,1.1145002,5.6273565,8.264288,5.7007723,8.1684475,11.808114,9.227148,5.2414618,3.564528,6.847315,4.3292623,-0.779351,-1.6084503,-7.7362037,-4.0876694,2.0646427,-0.18440163,-5.1184435,-1.2321699,0.7959175,2.3075776,3.2497644,-0.6987145,-0.94992274,3.7406158,2.116952,-7.610453,-9.838928,-10.628782,-8.14006,-7.074938,-2.8749723,-2.636084,-3.6817975,-8.330334,-10.148487,-11.799108,-17.990795,-16.754269,-14.038135,-13.883692,-15.637014,-18.871168,-21.529572,-22.481953,-20.863022,-19.977978,-19.191069,-18.042067,-19.25298,-19.238518,-16.82083,-18.263577,-21.719398,-19.654158,-17.881289,-18.395792,-14.597765,-10.964378,-9.75978,-11.790867,-14.080635,-16.197563,-16.988674,-13.959076,-12.525206,-10.224199,-17.663773,-18.753914,-16.913708,-15.38599,-13.750456,-18.949791,-18.655045,-10.201312,-4.790334,-7.8753653,-8.222922,-13.514666,-17.96593,-21.020525,-19.326847,-16.195038,-22.162018,-16.808657,-12.4567,-3.8495216,-4.890834,-8.783178,-13.5996,-15.248056,-13.151501,-6.611195,-2.6787086,-1.2033329,-3.5658479,-4.4150405,-5.0808916,-9.669737,-9.365198,-7.2655296,-4.834567,-3.1335552,-11.297968,-13.02907,-8.931656,-3.9887383,-5.7974234,-5.944721,-5.1204996,-3.4588308,-6.650343,-10.808586,-11.072676,-9.37269,-5.4198256,-3.9025626,-0.6649269,-2.9385946,-12.879421,-18.867939,-16.567146,-7.517048,-4.778719,-3.6759646,-10.370113,-6.4460044,-8.710978,-17.345308,-16.93924,-12.573196,-11.676508,-9.445364,-7.8670025,-7.7299786,-11.713497,-9.650909,-3.0346954,-8.044316,-6.981611,-0.32027817,-1.9633003,-1.1809299,-1.7716819,0.7709584,-0.87930274,-4.418438,-14.318941,-16.002556,-11.098534,-13.599202,-14.32741,-15.246176,-14.293068,-17.601841,-15.476909,-11.725527,-15.047453,-20.775534,-18.67176,-8.225437,-7.3051014,-10.840683,-9.964878,-13.895105,-12.888358,-10.968912,-10.3085375,-5.1916447,-9.084063,-10.689553,-11.5463085,-5.0284414,-4.198669,-3.3116095,-10.146803,-10.056694,-4.602574,-6.0611706,-4.827936,-1.305784,-3.5678043,-10.731209,-8.45443,-11.495733,-9.290473,-6.360855,-5.726944,-9.579499,-14.316194,-13.315401,-8.438816,-5.9408226,-4.583664,-5.161746,-7.8928156,-9.845306,-10.9656315,-13.308748,-16.469711,-20.656155,-15.540224,-12.007324,-13.60781,-13.592867,-14.729102,-16.652761,-14.510764,-14.5528755,-15.185916,-6.33905,-8.652634,-15.8186,-12.943388,-9.904287,-9.907472,-8.911946,-7.891059,-6.936601,-4.4030757,-5.080852,-6.8763046,-8.116476,-7.690531,-10.700533,-11.896342,-6.400494,-5.509781,-4.996236,-4.0255613,-4.378491,-2.7882528,-0.09776814,-4.602852,-6.008111,-6.4854565,-8.648355,-6.3757505,-6.5550528,-7.260282,-7.1053267,-6.715441,-8.167183,-5.361648,-7.9797735,-2.714839,-4.0549893,-18.1238,-16.363323,-9.264941,-7.2144775,-2.8278918,-6.411638,-8.1821785,-9.85702,-9.145632,-7.976986,-5.26113,-6.542203,-11.800706,-14.344185,-13.614784,-12.373604,-7.6440306,-7.7805834,-10.05797,-9.795122,-9.508583,-4.5326185,-5.192235,-8.25754,-12.223293,-11.942497,-7.3878064,-6.824996,-11.748713,-9.910478,-3.6892684,-5.3081336,-0.535708,-1.2389977,2.3769014,3.8812683,2.538391,-0.46409655,2.4124856,3.980743,0.98392844,4.3820777,2.3128405,3.241189,4.288344,0.47342348,-6.5289164,-2.639514,1.6782576,-12.675504,-20.030079,-13.517413,-8.454466,-14.335651,-10.335318,-8.105234,-9.22908,-6.9728956,-6.7737684,-6.809617,-4.6518183,-13.761528,-24.764381,-16.637262,-2.2994905,-0.4767182,-5.632413,-6.9663954,-7.410556,-7.6670256,-5.3300767,-3.006182,-7.834708,-1.201143,-0.95781463,-3.2718854,-4.051729,-1.9690922,-5.1568313,-3.626069,-0.6487439,-3.5482612,-0.98310655,-3.131897,-12.044977,-14.853991,-6.75546,-4.414584,-14.040632,-13.313366,-16.01014,-15.141048,-11.878265,-7.6526537,-6.1056533,-0.92836857,-7.8200135,-11.843549,-3.9212747,-1.4662735,-4.3241487,-6.545079,-9.408518,-10.258736,-9.014336,-12.090815,-16.174416,-13.847211,-9.197191,-6.377671,-9.528325,-8.727264,-5.771373,-7.4726124,-11.767834,-7.975281,-3.5641322,-0.91687524,-0.3561933,2.3480787,4.2564745,-3.141248,-2.8959503,-4.335969,-9.820614,-11.998082,-12.273579,-11.313988,-10.391994,-7.6485615,-1.381558,-2.1437716,-8.979373,-15.706545,-15.094749,-13.850601,-13.748528,-8.494146,-5.5850763,-6.8047514,-6.1169515,-9.171404,-9.448741,-10.254177,-6.733143,-9.318231,-8.918142,-10.684957,-13.181607,-15.823583,-14.87476,-12.585405,-12.123407,-13.003184,-7.495103,-10.447945,-10.006582,-6.0257974,-11.286383,-5.170928,-0.46450156,-2.525921,-4.7607527,-1.8838383,-2.972188,-4.1428466,-1.2373608,-0.55955935,-5.5719986,-6.4222193,-8.096062,-11.906492,-8.66331,-9.97651,-10.288332,-9.118996,-12.930097,-13.068087,-9.667436,-12.560068,-18.092243,-11.685297,-6.847541,2.7657528,0.48550928,-10.969276,-12.051966,-8.058634,-7.6146994,-7.513685,-7.833788,-6.6498814,-5.7030296,-6.1950674,-11.857929,-5.8121715,-0.6748951,-5.037402,-12.781961,-14.007142,-11.831663,-12.173431,-16.033964,-17.121468,-16.972122,-9.78844,-7.603618,-8.49718,-11.049828,-9.876972,-11.001219,-8.474171,-0.72550005,2.2630413,5.0201845,8.199028,3.623198,0.6783614,-0.19806182,2.682742,0.19009085,-3.5474358,3.338141,-3.2175596,-10.363903,-14.532076,-12.150301,-6.2664204,-8.543831,-12.184908,-21.396816,-13.888264,-9.176093,-12.405382,-14.860521,-11.182543,-7.820298,-7.0977864,-9.156195,-7.4085846,-8.993034,-4.530977,-7.276012,-21.113255,-19.267899,-12.335955,-11.980148,-15.104551,-17.768333,-18.41264,-14.4349785,-9.142849,-6.6216354,-10.670967,-7.034443,-12.096069,-11.377854,-9.763766,-6.715431,-3.5540104,-6.605008,-8.5911,-8.270777,-3.6690462,-1.046476,0.117242455,-0.30629706,-4.625696,-0.865412,-2.007577,-5.855126,-2.2982945,-3.0487046,-0.40156186,3.2018669,5.61048,10.126192,9.037344,7.6368723,4.260149,-3.331973,-4.465707,-3.757773,-7.444564,-8.843992,-4.710399,-0.76051307,3.6595364,4.438074,-1.5030547,-1.2793767,-1.7550601,2.8712835,2.2906823,-3.3016472,-9.326178,-14.658476,-11.532135,-12.942873,-9.791866,-3.3004842,-4.924368,-6.5073414,-5.1759815,-7.393071,-6.09133,-8.379498,-9.45118,-8.845769,-5.9885416,-6.455951,-0.042178392,0.673311,-0.50954914,2.7996242,7.2767124,-0.8211987,-5.1565504,-6.3768525,-3.4846137,-8.633999,-3.243113,-5.263961,-5.58783,-4.5967064,-6.0800514,-5.187163,-5.752527,-9.794994,-8.721584,-7.2099094,-11.734621,-11.708888,-9.108365,-6.878887,-6.3331175,-8.341307,-8.818998,-4.9568715,-9.247141,-12.756437,-13.620774,-9.073434,-12.415415,-14.893607,-14.30213,-18.073872,-17.716846,-12.432478,-10.93203,-4.717186,-6.4512877,-5.942251,-7.1305847,-9.362521,-11.047577,-12.296032,-14.332983,-15.638378,-16.465816,-7.558938,-7.075076,-12.895598,-17.511345,-18.09177,-13.614108,-16.400967,-19.632824,-20.172955,-17.623236,-14.9186535,-13.369339,-13.579266,-12.911868,-19.38579,-22.427132,-19.999723,-16.75347,-10.43772,-10.415199,-13.830847,-14.57184,-11.107721,-15.78116,-14.9205,-8.72106,-13.475147,-10.370405,-7.0917397,-7.835267,-7.1116247,-5.4020042,-2.671743,-3.3886235,-7.430419,-7.7480354,-6.6881456,-11.045346,-8.156793,-8.039082,-15.234564,-10.915081,-9.081837,-11.994646,-10.225197,-7.298928,-7.1576786,-1.5926201,0.09059098,-5.8752317,-10.588825,-8.478956,-7.579255,-7.661972,-7.1337996,-9.064146,-7.301986,-5.3776684,-9.681502,-6.187473,-0.9719659,-4.014138,-1.4805051,-3.1132684,-2.9502218,-5.4260573,-12.398109,-11.801723,-8.265822,-6.7469463,-7.924968,-13.800879,-12.997465,-11.731626,-8.220171,-4.830265,-11.627152,-21.944172,-20.23961,-14.06979,-11.467726,-8.464811,-6.3854322,-7.641039,-6.5247474,-7.041848,-6.6112194,-8.082941,-6.044054,-5.022753,-4.0562487,-7.105693,-7.4076796,-9.13619,-6.9227834,-2.579699,-4.05433,-7.9447727,-4.1273203,-3.53426,-4.2570744,-6.420538,-0.3999822,1.8283736,1.801098,6.475398,8.787903,3.838666,-9.041004,-9.244687,-1.1464673,6.3428106,8.000285,4.421767,-0.14051634,-0.60410464,1.4522519,-1.185932,-5.629758,-3.2799058,-1.8475405,-1.1670659,-0.80842096,-7.2180257,-12.837042,-14.301207,-14.702978,-16.587845,-15.155388,-13.676725,-13.914088,-10.416798,-11.993796,-13.7303095,-13.99445,-12.615614,-12.688233,-15.087084,-15.315424,-14.467208,-16.28048,-12.062929,-7.425743,-11.679768,-10.312047,-8.953944,-2.4342906,-3.6823692,-3.6787057,-7.7211876,-10.355403,-2.236549,4.9336634,8.130008,4.876548,-1.4199005,1.9233825,3.4220872,1.2076851,4.944881,2.4444954,2.4789581,3.317538,4.9607544,0.03930351,-2.3572183,-0.9989803,-0.5972323,-4.3662333,-5.3339977,-2.0584137,-4.4967194,-15.511663,-14.397037,-5.0131464,2.5879416,8.683473,12.434149,7.858076,10.487366,7.081248,7.5144844,14.163893,10.953249,8.488486,2.016623,0.48878902,-5.043545,-11.263495,-13.761091,-9.404292,-10.399677,-9.521413,-7.1118007,-4.0171924,0.26588535,4.9177346,9.027073,12.70294,6.425766,0.88787276,1.2667606,-1.2515905,-5.978777,-3.9064412,0.32230103,3.8423502,-2.2481425,-5.657236,-3.96809,-8.654955,-7.6282578,-13.503866,-11.522768,-9.215737,-11.696177,-7.235552,-8.724477,-12.995291,-12.118422,-10.728994,-13.602194,-15.771253,-14.94058,-8.463448,-3.529562,-7.862045,-14.31851,-23.646303,-19.993576,-15.306545,-12.7773075,-14.759764,-14.660427,-9.235691,-12.054293,-9.953863,-13.160421,-15.096752,-16.675512,-16.27494,-16.219378,-14.203234,-10.321671,-12.120619,-9.217724,-8.197299,-9.545059,-12.937581,-12.2978945,-11.67448,-9.686728,-9.001709,-5.2354,-3.2379868,-4.1087465,-3.6143079,-7.3752847,-12.633871,-8.474095,-7.3651657,-0.90742344,0.1441477,3.28097,-5.1701293,-6.846751,-4.4601727,-6.683086,-13.914911,-20.1874,-18.691074,-14.264285,-11.525623,-7.875184,-9.409084,-16.388107,-19.645878,-12.236177,-7.2975245,-8.851907,-8.450627,-10.684377,-14.685217,-14.090623,-16.354204,-18.025429,-20.091557,-16.597523,-11.681769,-7.9036436,-6.5326605,-6.677624,-1.7168899,-0.5531261,-0.37841368,-3.1697726,-1.8824611,-1.6545639,-3.9144313,-3.715076,-2.5304065,-0.6742574,-0.23513527,-7.954361,-7.033259,-2.070776,5.486843,6.5374928,-1.039401,-6.2348757,-0.9818181,-2.7554717,-1.7402517,-1.8795605,-5.8599224,-9.832461,-9.700046,-13.579187,-10.982647,-4.23668,-0.9948555,0.78909796,-0.6544272,-5.141166,-6.8737106,-7.10297,-8.787143,-8.83274,-7.5419197,-5.0474586,-7.4158306,-11.456853,-9.103064,-7.660323,-15.580247,-17.754463,-12.522919,-7.6650743,-4.246829,-6.6550226,-4.5103106,-7.1411777,-6.698177,-1.4010992,0.16503477,-7.3350606,-5.917456,-3.1479964,-5.1469965,-7.5697675,-5.9194546,-1.4510823,-4.5300493,-9.604809,-9.456284,-12.913431,-14.242958,-11.191097,-10.8231,-12.902433,-10.910529,-4.807788,-1.6373705,-4.289826,-10.474882,-14.071291,-13.854618,-9.936569,-9.482315,-11.314839,-14.158345,-12.119793,-13.662783,-14.940526,-14.87712,-15.007954,-12.750479,-10.082216,-9.792517,-6.613787,-3.1515918,-2.5011666,-3.0303016,-8.432613,-9.983492,-12.316177,-10.099859,-15.17411,-10.458145,-3.9893951,-3.8059964,-3.741747,-5.247733,-7.4851966,-5.293789,-5.087746,-4.6047745,-8.422297,-7.5555716,-3.3853786,-5.367628,-4.8089385,-6.992812,-8.882563,-14.921358,-16.843782,-15.192621,-8.668158,-6.3829193,-4.96916,-4.5641804,-3.8242726,-1.5439258,-15.790958,-18.327003,-14.8765335,-17.17324,-13.305,-5.847991,-3.3661008,-1.3420689,-4.2916512,-7.1266747,-4.6362014,-5.6421366,-6.101841,-4.3768377,-6.8166256,-5.8925285,-5.135232,-4.060337,-2.4884617,0.90507716,0.19661742,-3.5424685,-2.4811404,-9.598579,-16.23547,-11.50808,-8.105005,-7.693222,-5.014412,1.5525502,-7.57156,-7.2664204,-1.4030808,-2.1799157,2.380531,1.6859741,-2.7863588,-4.2483726,-2.9422395,-1.8010551,-8.338014,-5.2923,-6.0686255,-8.728502,-3.7768574,-0.53649014,4.910135,3.0171833,-10.252944,-18.955385,-14.496873,-8.039169,-4.8939095,-11.132087,-9.622143,-1.092861,-4.233641,-4.496553,-0.623229,-0.5707797,-9.6502285,-18.487705,-14.259331,-7.5119143,-5.3824377,-6.0827217,-8.631538,-7.537367,-5.943801,-10.06267,-11.25368,-3.564153,4.6747065,8.931143,6.8034945,6.925833,8.17203,8.716517,10.63027,10.863725,11.99891,12.094233,12.103765,4.8545227,9.116772,10.290474,1.9678023,-1.1909337,1.4685357,1.9403389,0.91844046,3.3336914,9.857012,3.04042,-1.8669072,-7.18489,-6.4142847,1.454232,-0.66028154,-2.7917688,3.169733,5.7565618,5.720019,7.1582637,4.7925787,4.301097,2.3024783,-1.6171174,-2.8697228,-3.9138818,-4.240081,-5.217308,-2.6360195,3.0271587,6.494301,2.8543978,6.3058677,6.9651074,3.5794263,6.116436,-0.5688333,-4.4865456,-2.3612106,-1.9518166,-3.2976694,-2.4116733,-2.3418198,-2.66216,-3.34506,1.892138,3.88168,1.4585857,1.9124067,-1.5000011,1.0789263,2.1085308,1.9882421,4.68713,4.113567,-2.8337712,-0.18444169,-0.8063483,5.358726,6.122115,1.9046202,-13.258053,-9.806183,-3.2999535,5.3142424,5.162294,1.6077206,6.114365,7.888767,6.9799232,4.545105,2.5519648,3.7726064,4.12464,1.8073702,2.630693,12.804065,26.081066,33.998837,38.094646,36.365086,27.591114,23.358826,18.475098,15.637552,14.632705,11.635886,2.1932619,-3.2571785,-9.543691,-10.567884,-3.4084873,-1.7351832,-0.6015349,-5.7990646,4.615863,7.415976,6.6691027,6.3790874,0.83245087,2.754737,13.508514,16.29997,13.811489,11.789087,7.580296,-0.8889363,-1.9771163,-5.79705,-9.094371,-7.2254734,-3.5217052,-2.496759,2.0461223,5.0996876,5.4467053,4.5220003,2.622048,1.428396,2.9555626,0.5757277,0.9901477,-0.11517316,-1.9458232,-0.61137503,8.813005,13.748226,17.695623,18.43681,13.797962,9.706684,13.39908,15.531713,12.451553,6.348427,1.5379281,2.0204072,-2.9302833,-3.1466293,-4.585464,-2.9876995,-6.046281,-4.124654,4.665151,6.230173,6.7473745,5.496975,0.16732836,-1.8208953,-0.6010161,1.838006,4.422389,5.044921,3.6786408,-1.1800675,-2.7015066,-4.8723874,-10.858547,-13.610502,-14.129375,-13.0728855,-3.9652581,-2.8951387,-5.1481185,-0.28152463,11.89776,13.477695,5.875539,8.374723,9.803095,-1.5749222,-4.7474785,6.270143,9.243618,6.4036856,-0.80272424,-1.5419267,-2.9528456,1.831929,3.1202295,10.39075,19.999304,21.06641,13.137106,6.002087,-9.3268585,-21.753437,-21.40691,-21.101322,-15.963419,-17.861296,-14.706148,-13.595566,-18.17316,-16.312786,-15.560488,-18.001358,-19.394783,-17.124294,-16.766973,-14.191023,-21.468273,-23.027002,-19.40939,-20.432657,-21.447311,-21.287745,-20.131277,-19.768837,-17.164196,-16.032476,-12.284635,-15.156549,-18.538784,-18.045895,-23.54049,-23.22008,-21.845818,-20.624212,-19.244217,-17.953377,-18.098103,-12.970341,-12.30377,-11.341148,-1.6790576,12.129786,17.256355,14.631428,10.756699,5.74127,5.2174225,4.2509394,1.1987722,-5.2843494,-12.308905,-12.051788,-11.591645,-10.560303,-9.50049,-8.57905,-6.282538,-2.8000693,-0.3669427,-5.6543074,-10.991713,-11.022903,-10.216896,-10.846884,-13.361727,-18.09851,-17.456463,-16.298294,-15.593236,-17.746464,-11.251241,-8.373555,-11.869337,-12.784664,-13.648429,-14.997193,-13.887599,-12.9791155,-11.197166,-8.669247,-2.3152416,-1.9247422,-8.137458,-9.359837,-13.896659,-14.253494,-14.033655,-9.580127,-0.77454424,10.23215,19.063843,20.436214,12.3536825,9.803909,12.428114,8.797525,3.8096135,-4.4853716,-12.578311,-20.69085,-24.811487,-17.261248,-16.502018,-16.347084,-19.170235,-22.045563,-19.08346,-13.345749,-9.095208,-8.735214,-9.815625,-17.08089,-16.58859,-7.441106,-1.9280955,-4.7022653,-17.541378,-17.272598,-7.164196,-8.502502,-14.029316,-14.124958,-13.695513,-13.115351,-10.686527,-7.9228373,-7.985399,-4.4487715,-1.6719577,3.5349,0.71260285,-3.270781,-2.2562947,3.1481237,12.21507,16.97398,6.454377,-8.556423,-7.9419274,-6.763709,-3.6340494,1.0045345,3.0121477,-6.615221,-9.566892,-14.85051,-17.684464,-11.825084,-11.813336,-10.324804,-11.66234,-4.9470263,-1.9075881,-4.1724567,-4.656479,-5.63408,-12.739969,-12.052927,-9.3128805,-9.198666,-6.356329,-9.891342,-14.012041,-7.316802,-7.355753,-11.780001,-10.618286,-7.784102,-11.359652,-16.781631,-16.534218,-15.40707,-8.462963,-10.0211,-10.261246,-11.689726,-14.394561,-10.827221,-17.572243,-20.826351,-25.296188,-19.740885,-17.924265,-19.335485,-13.201376,-11.913998,-17.347597,-16.090206,-17.432053,-20.260954,-16.76706,-13.637052,-6.366961,-3.2773263,-2.4315245,-1.2850704,-0.6394186,-5.0043316,-1.2835566,0.8137739,-3.6215706,-2.283068,-4.1816807,-10.106661,-8.975567,-8.259298,-9.996691,-4.4516506,0.94520235,1.5333691,-0.7084247,-7.3410387,-6.286921,-7.632676,-9.872995,-9.041208,-12.519941,-9.240306,-11.5072365,-12.988197,-5.4937983,-1.5340139,-3.0815575,-5.292201,-1.1100892,0.064917564,-0.35814595,-4.7607384,-6.9103775,-5.5590963,-3.1342216,5.4565563,5.164628,5.1492443,5.601142,6.0718036,5.53503,-3.8699708,-4.286786,-3.3130016,-2.9149752,-0.49773836,1.2758276,5.5534344,6.809744,3.308528,0.19318122,-3.3774555,-8.693666,-9.540253,-11.449287,-12.432852,-15.628647,-13.35199,-9.747635,-10.016052,-7.296983,-5.4830036,-5.5287066,-7.5976696,-4.116147,-5.2660313,-10.159157,-5.4068394,-7.248974,-10.699903,-10.710255,-18.837456,-20.3712,-19.045391,-19.91006,-12.580034,-15.585038,-13.34731,-9.63299,-13.192618,-20.181854,-22.744694,-18.844486,-8.127228,4.027836,10.785053,14.919569,16.175625,16.35958,10.278538,5.235236,-0.5119381,1.2031313,-2.0527372,-10.768638,-11.290907,-14.786554,-15.418909,-18.395649,-17.52642,-13.714949,-15.277742,-16.427399,-16.517986,-16.398369,-11.240589,-7.3189588,-6.302496,-6.1772013,-6.0953474,-8.700971,-9.32482,-12.192535,-17.700268,-12.752459,-15.025036,-15.987108,-14.16679,-14.360921,-15.032927,-13.370834,-15.731047,-18.05281,-10.704496,-5.907454,-2.852754,-3.4716725,-4.0077567,-6.794478,-6.793393,-4.966827,-2.9956365,1.3896991,2.543631,6.622814,9.082326,12.108731,13.168005,2.267195,-8.008519,-9.1260395,-3.3506799,-7.530859,-13.19385,-13.224924,-7.897987,-12.502101,-12.336969,-7.480073,-9.999289,-3.844233,1.4118623,2.234002,-2.0057878,-7.239528,-8.35398,-9.1876955,-10.099106,-10.659233,-7.1658645,-0.5609054,-4.671965,-5.0445776,-1.6577208,-10.115446,-19.043509,-22.646212,-23.736534,-19.696909,-15.369963,-10.327882,-4.350352,-5.8191013,-8.603,-5.743558,-5.3804846,-8.073145,-8.703428,-12.748638,-16.9133,-17.339548,-13.8060055,-11.0104065,-13.447114,-11.081196,-12.08471,-12.48583,-8.004177,-3.9475632,-1.8833449,-0.97541636,8.673871,11.273329,4.61115,-3.57368,-9.56305,-9.554081,-6.3261576,-5.7531233,-3.9160502,-5.6460123,-9.372387,-8.563937,-6.54214,-7.8744745,-9.36174,-5.9019012,-6.004561,-8.833597,-4.518336,-5.108352,-7.745766,-9.809429,-6.312288,-2.4747548,-3.8833923,0.62350476,-3.225463,-5.4383364,-4.33527,-2.4479122,3.2373672,5.808513,3.0854807,-0.909661,-0.28132164,5.4568844,0.72184277,1.3812643,8.768604,16.542465,18.734928,19.395252,17.210041,6.94339,3.3881736,5.779175,4.6439924,4.1649256,4.5246043,2.4627779,-0.10769746,-1.8900807,-0.5289518,1.8647802,7.119317,8.9834795,5.597026,6.700043,3.5712783,-3.764052,-8.758736,-12.200956,-8.815048,-8.935144,-10.471687,-12.094107,-6.775547,-2.9882302,-9.170823,-9.540064,-4.120616,-5.9933186,-9.030706,-4.456648,-1.9734112,0.30772686,4.3085866,-0.09023833,-4.1265993,-2.0824535,-8.078874,-13.149336,-8.49402,-6.4239364,-3.0856318,5.4089746,16.614191,22.059372,18.84521,16.359068,10.037708,17.77803,19.918806,14.806088,9.685663,2.9540443,-3.6680837,1.5799806,-2.9212213,-5.29755,-6.201726,-10.136603,-12.883013,-10.945113,-5.4641056,-5.2856455,-3.8066223,-3.0769482,-6.3459272,-5.067699,0.30671275,-0.54640126,-0.024351172,2.7127278,-2.1263597,-4.6288943,-2.0536773,3.658333,-4.0893583,-6.217392,-6.6183157,-4.876569,0.9970267,4.0285106,7.8535347,7.094345,2.454445,4.768836,5.701233,6.231535,8.396399,11.591212,9.806244,0.18695259,-8.193473,-13.272212,-12.049126,-9.451534,-5.1621447,-2.8185997,-6.65981,-6.0451646,-5.2257686,-6.46819,-6.0140924,0.12682128,8.096302,18.447199,21.319386,19.382393,15.611705,17.607185,20.608313,18.406033,14.033474,8.128174,2.3415127,4.1772985,6.8734922,8.539587,1.461254,2.68539,6.381585,14.01729,8.914885,8.354328,8.099064,4.8938065,2.8051991,4.9916363,2.836461,1.2562661,-0.341134,-3.9211602,3.4694178,10.928324,14.030859,3.0847735,-1.1344571,0.08421397,5.730426,7.8922005,5.720885,2.2678444,0.77217567,1.5045195,6.4149346,12.081158,7.541257,3.1877837,2.2759972,4.68009,6.281561,0.54504526,1.9498295,2.2809505,4.6685534,5.176112,4.296886,2.3769526,1.5273111,-4.4488125,-5.6738043,3.2384665,2.732003,1.9768769,5.913252,3.151256,-1.6109798,3.8724217,11.955201,3.7592912,-3.9192502,-4.8848743,-3.969601,-5.231732,-1.5457387,1.4110303,5.9801617,0.036275744,0.71983147,7.6674385,2.6161246,-1.9886835,-3.1367145,-4.9161587,-6.1823406,-10.281037,-11.625647,-10.190987,-2.8130906,-5.1309447,-2.5346465,-1.1632868,-0.07285294,-2.1476898,-8.981604,-2.9578512,-5.8794546,0.2355563,4.8221645,4.059182,2.2385938,-0.8047155,0.7019864,5.733901,11.645538,8.3184395,4.3486376,-0.7273072,2.059497,2.1991715,5.268072,5.5093174,3.3145308,4.7853174,4.199269,2.1230693,3.34858,3.565387,4.5300283,2.2933025,-1.2110236,-1.8531802,0.31986547,1.768651,-6.6937456,-5.3947124,-1.3847404,-1.3518093,-0.86052704,-0.13298258,0.049894243,1.3314815,4.458795,2.5182319,1.7627769,1.3625492,7.684732,15.139833,23.24428,18.126648,13.923529,13.110822,10.985058,4.395582,2.2852614,3.5641236,5.469352,4.92611,-0.019770592,4.184766,9.240919,4.777426,1.0349014,12.656218,10.448023,2.46362,1.3780702,0.7636562,3.8377414,5.1845303,10.305006,11.013212,11.926664,11.294355,2.3628669,-2.3039289,-0.34479108,2.4083078,8.215832,8.235477,5.664671,2.885872,3.8815932,7.858504,7.570389,13.485009,10.230659,2.8463151,3.7477298,3.0881312,6.930433,5.4921594,10.176593,15.250752,20.366991,14.162908,16.177143,23.513073,21.22218,16.329592,14.825369,13.064641,12.448383,5.8953943,6.144242,1.166209,-7.3369102,-14.158047,-17.268513,-14.740566,-10.817088,-7.7868595,-5.01653,0.28529787,0.13193619,-2.1936524,-6.7776394,1.0589803,1.6856046,2.594479,4.7536707,4.456003,3.0200958,4.2971263,3.8015516,3.6792247,6.0381293,3.0715764,2.0154266,2.9212437,6.806382,8.050165,10.222913,2.5824084,-9.830149,-13.984066,-17.017601,-15.651129,-17.582062,-17.66378,-18.266418,-19.51519,-17.29067,-16.200296,-15.305092,-16.16834,-8.754185,-3.8492255,-2.1185033,-11.816177,-22.257364,-22.578468,-21.030674,-24.438507,-22.359901,-19.02895,-14.180431,-18.259901,-18.22474,-17.25121,-20.777481,-22.321503,-16.924381,-6.8774877,-2.3578534,-6.723667,-14.156235,-18.128649,-14.995271,-6.6694345,-0.7072773,-1.6966441,-4.933934,-6.8748207,-6.705072,-1.5531967,4.518024,9.329086,9.196224,10.727321,10.795998,13.311758,10.666272,11.126201,16.562483,13.198527,0.3193623,-0.23497674,0.58126926,-4.2203164,-8.947122,-5.8506193,7.3839617,14.013257,13.251078,14.239258,9.903236,2.2465384,-3.449069,-4.032498,-6.9559593,-4.682961,-6.554114,-9.878389,-15.120943,-14.469316,-10.137573,-5.2134895,-4.1677494,-7.4174256,-8.987096,-4.248191,2.3440073,7.690258,5.8637066,2.1683934,0.27686787,-4.201417,-4.4774117,-2.4932313,-1.5719417,-9.873215,-19.37971,-12.620909,-8.028494,-9.860592,-13.9747505,-11.305443,-9.220431,-8.156422,-5.497237,-0.07578969,-0.98428124,-2.9584408,0.55412346,1.9213636,5.912421,7.819977,10.874304,16.028624,21.223154,28.190243,28.32262,20.279146,15.9747505,9.688126,-0.23271912,-4.319225,-5.742068,-10.952738,-14.010719,-6.9644547,-1.9789644,4.1046166,4.7601547,-0.85962784,1.9800626,-4.5357037,-8.22263,-6.7795115,-4.2560196,-2.4508896,-9.0302105,-5.552839,1.7801492,7.594744,10.570566,7.1153913,6.1662054,8.063478,13.011549,8.942631,-3.5916624,-12.538059,-18.299751,-17.058495,-14.592774,-12.423504,-9.127634,0.53199685,6.7993994,5.268388,-1.1785607,-6.5027447,-2.6236348,0.26851302,3.928124,13.290297,17.196463,11.225964,12.454031,18.703186,12.936309,1.1388017,1.8926846,-1.0473236,-5.3556495,-7.2143536,-4.104334,-6.9260616,-4.658955,-7.583584,-11.74748,-12.312576,-8.413755,-5.7084455,-1.4689361,-6.2196107,-5.07936,-7.3958354,-10.372255,-10.711473,-15.213967,-11.105769,-12.79878,-14.792214,-9.782819,-9.916673,-14.134448,-14.8964615,-13.863008,-22.064396,-25.830212,-20.571701,-18.404037,-18.314177,-17.26084,-16.59918,-16.407784,-16.056015,-20.481329,-16.32159,-14.975203,-13.400198,-13.932764,-17.195772,-18.009579,-11.641737,-3.7313616,1.0070401,-3.6056046,0.87041533,2.6660035,6.8588715,-1.3810769,-12.876379,-13.531069,-6.7229586,-3.7546072,-7.183666,-5.775901,-5.0644813,-1.1586382,3.9179168,6.109757,2.3597684,-2.5558484,-0.2343381,-4.5367665,-7.399764,-4.601896,-2.3413403,3.4142022,2.1395931,-0.7732959,-0.6636913,-4.677067,-7.0750465,-4.0452447,1.7394636,10.4278755,15.550188,20.067616,24.942326,21.294422,7.001173,8.194769,9.687944,3.1213655,1.7272785,0.14475328,-2.755333,1.3946466,7.707945,16.513771,19.99546,21.991058,22.664288,16.748024,7.9520197,3.272365,2.6010814,-1.6293201,-5.008421,-5.614197,-0.9738237,1.2196859,-1.3530922,-5.799534,-9.61924,-14.198547,-15.056311,-15.370749,-13.320702,-2.2403939,2.3810828,-5.0594444,-1.192249,-0.25763154,-3.6997793,-4.1895685,-9.237137,-14.341949,-12.909962,-12.956651,-15.607939,-20.994728,-18.98011,-11.620951,-11.765098,-14.839004,-15.792225,-11.719492,-10.78824,-10.683357,-8.266442,-9.471367,-11.029149,-6.690281,-4.346048,-4.9768972,-1.5842947,6.6333003,11.255245,20.274805,28.654465,23.896568,24.72998,27.17744,15.021942,1.7951504,-2.9563375,-2.275105,-5.156976,-8.577961,-6.935195,-11.772673,-18.224312,-20.073462,-17.76598,-10.604652,-6.6540728,-13.059235,-0.13479912,0.71739805,-0.72969604,0.7631789,-0.4031996,0.6886258,-3.72837,-5.2304873,-3.3956337,0.6288587,5.362069,-0.74236476,0.2460143,-5.4158487,-9.041142,-14.259739,-13.024938,-11.047111,-15.608293,-10.272108,-5.205831,-11.329256,-16.552443,-6.4323144,-0.3352582,-0.5894269,-3.7885985,-8.686552,1.6655049,7.547894,8.920189,7.3441505,7.3409343,9.882856,13.653947,12.042664,3.573957,-0.9701664,1.8554575,2.985269,-4.725517,-10.670584,-17.68848,-16.19266,-9.610547,-11.455128,-11.567512,-12.101072,-9.558531,-8.797211,-10.879372,-12.391271,-17.47665,-7.135925,-3.5463433,-5.509121,-8.625976,-7.3571844,-5.3698525,-4.00969,-4.945954,-8.911265,-8.347487,-3.936615,1.2214571,11.18848,15.544737,18.548246,20.48941,12.906346,11.679792,8.896827,7.3971553,-4.063141,-14.370884,-4.8396235,2.2368357,8.18138,1.9555886,-2.783933,-3.5598128,-8.17632,-5.76653,-5.471487,-5.318419,-7.496375,-5.353197,-4.938184,-3.801236,-2.9426808,-6.4845843,-9.899738,-9.3452425,-10.292994,-9.586328,-10.281749,-6.8696637,-5.417388,-7.313616,-8.725714,-7.7450285,-8.3593445,-5.8405533,-5.823887,0.17183268,-0.71304196,0.6586102,6.8845134,8.424494,11.440676,8.485687,3.0470405,9.947612,17.797207,21.23543,24.526112,23.709408,17.772911,17.861599,12.1533165,17.245518,13.787929,9.241968,8.841927,5.237971,6.0853825,8.451015,9.51614,5.5376463,2.96427,-0.36842328,-3.2843146,-5.106573,-8.818563,-5.3662715,-2.4332032,0.8543316,-2.169024,-12.305489,-7.276704,-1.9739989,5.614068,8.511439,9.094816,17.266054,13.433767,10.495124,10.458134,7.3750563,7.413756,-0.33636275,-0.21367532,1.4348857,4.643611,3.0367856,7.1859627,1.8454542,-10.832238,-10.973125,-13.385937,-8.014335,-11.6448555,-14.950775,-8.6887455,-1.3862058,-4.766512,-13.795193,-13.28872,-1.4111217,5.1034374,0.8724276,-0.21396962,5.7422905,14.280893,23.802574,24.508099,19.1726,14.228112,10.71356,9.270161,4.66739,11.164314,12.023811,9.830332,10.475244,6.901864,2.7723055,-0.0549407,-0.043654203,-1.3043706,-0.98467803,6.278861,6.4684815,6.6787663,9.825707,14.843872,18.541702,22.515469,22.924488,22.89348,18.098833,19.216637,16.623058,12.428512,10.005863,5.1323557,-0.8358544,2.5334513,1.4661243,2.5200343,3.2414565,10.859577,12.232379,11.127988,15.05955,15.687316,16.92109,15.706993,10.626265,3.8226426,-6.9663267,-11.893804,-6.2593784,-1.1256021,0.44128013,2.6842556,3.8956506,6.704025,2.5609543,-4.36281,-5.7763543,-7.7716928,-0.73245287,6.7181706,15.811447,16.711895,14.286027,9.850298,7.2927713,14.928545,19.495167,10.523767,10.417549,10.7715,5.5655823,5.1016665,3.3337357,-1.2738204,1.3319635,2.099938,6.377407,12.041517,9.05739,-0.15555394,-3.596158,-1.535222,0.9148922,3.244001,-1.6760397,1.8661633,13.743555,13.194723,15.806793,15.512883,9.676256,8.397416,0.20311415,-3.3865771,1.4919035,2.0626116,6.2898617,8.003874,2.5176423,0.22424614,-4.0038137,-8.989324,-9.266296,-11.93082,-8.170639,-4.1279645,-0.2668376,1.1808084,-3.779769,-11.267133,-12.889444,-6.4574156,-5.8221097,-5.0523953,1.3348947,-7.983324,-11.203924,-7.1479897,-1.6970866,-0.2008478,-3.3390388,-1.5745531,1.2803507,-4.421995,-7.2668324,-8.178004,-6.075094,3.0572076,6.7659216,2.2061315,-3.9153795,-5.360649,2.4032516,3.581207,4.6923122,-3.168116,-4.5465136,-7.89954,-5.2994394,-1.6987607,-0.4908456,2.8983724,-4.5928917,-12.668182,-10.648402,-9.471163,-4.804224,-3.293882,-8.108528,-11.840104,-10.63171,-6.1121054,-6.9371815,-7.3828335,-1.7109451,0.707136,-3.045755,-0.77170706,2.464301,-2.3500795,1.4071867,1.8728387,-7.180505,-11.006332,-7.6742353,-3.6228638,-5.529821,-0.039820313,3.0653214,-0.2246648,-1.5450112,-3.1439965,-7.940271,-9.088673,-8.053643,-10.774063,-9.884657,-8.089613,-5.3616624,-3.4483216,-4.15529,-11.155103,-10.251022,-8.399464,-5.5154366,-2.1253555,1.1110933,-9.150013,-19.312275,-19.294277,-14.82258,-8.434725,-10.619883,-8.897623,-13.786669,-16.227942,-16.87402,-12.008109,-12.853632,-10.223508,-2.3617003,-2.1480992,-0.7654807,-2.7298522,-3.8365192,-3.6957345,-6.7834263,-4.0346236,2.9168189,3.777639,0.72279704,-2.1722856,-1.7476429,-2.1572843,-4.053761,-7.820838,-12.595131,-10.113697,-8.075757,-10.502335,-16.132698,-11.226221,-12.994808,-14.069225,-12.517651,-10.193872,-2.8406825,-2.7913504,-2.4811852,-3.8237054,-5.613451,-6.207866,-5.1972613,-9.724567,-14.718404,-13.558306,-6.494198,-1.1831919,-8.560926,-16.340576,-14.928515,-11.037253,-12.201483,-10.805808,-7.786151,-6.57489,-2.0695157,-5.35267,-3.2114007,-1.5662035,0.41990137,-4.976846,-3.2568724,1.7903934,0.40162492,-3.9247308,-0.25058007,2.7394385,5.6709013,1.6239716,-2.5651531,-4.9787045,-3.7887633,-0.91211677,-0.9955152,-5.642276,-5.0850987,-0.2517407,-1.8571101,-4.509114,-6.5335875,-2.6505804,-2.5982008,-8.87624,-10.432141,-10.641832,-8.4631195,-8.093566,-2.720151,-9.135104,-17.173532,-17.198868,-22.332817,-18.625317,-5.8501496,-6.501981,-9.907243,-9.861141,-9.291782,-12.627521,-12.173014,-12.894189,-15.601934,-12.393778,-10.920232,-10.475283,-12.164812,-6.2656302,-7.54965,-13.480055,-12.554864,-4.7598734,-5.3179855,-5.3377266,0.033711076,1.1217346,5.8238087,3.7858305,0.9962511,-4.111306,-4.734316,-0.12506321,-2.3535602,-8.035614,-2.4646628,-3.9290953,-7.439227,-8.701333,-3.3836303,0.118045084,-7.4530582,-12.193782,-9.26335,-6.4189267,-7.2798367,-6.037421,-7.475916,-7.3435526,-7.939598,-8.5842905,-2.4737916,-2.1760964,-5.4351144,-8.931265,-5.848307,-6.0904,-14.414291,-13.197113,-9.448315,-3.723956,-6.342841,-5.865146,-4.128834,-2.017504,-6.156501,-9.24877,-4.389623,0.2642764,0.6388755,0.007490039,-1.0291731,3.0960631,6.508525,5.3225713,3.4415393,6.043653,-1.1638274,-3.8010373,-3.9194703,-4.0855794,-4.8824897,-6.504108,-5.95389,-0.4363562,0.446545,3.1614518,-0.17221975,-5.437416,-11.451488,-14.029384,-11.389006,-10.924795,-9.793461,-12.069986,-12.445242,-13.4540415,-16.996668,-12.402138,-8.281054,-8.589817,-7.4333277,-12.824394,-16.13226,-12.642927,-11.584324,-11.277675,-12.357926,-20.277664,-24.005814,-18.022108,-12.761351,-12.646571,-13.4550085,-10.664295,-8.563015,-10.342501,-7.156787,-7.3169804,-5.2195435,-6.0371685,-4.326627,-2.63187,0.78231746,-2.2190611,-0.8603064,-0.18458343,1.546427,-4.4354906,-7.8436365,-12.15745,-13.7873,-8.531713,-4.494374,-4.6657143,-6.6220474,-6.093974,-1.1118469,-4.079501,-8.903088,-10.801421,-8.267025,-8.096455,-8.129565,-7.254185,-10.862003,-7.7340145,0.29067826,0.959654,-2.486681,-1.8903936,-0.7230722,-0.19668788,-9.373785,-12.982971,-10.3999,-8.623351,-5.4241376,-1.1134436,-1.9733677,-2.7893598,-4.285181,-4.453309,0.49781442,-8.392281,-17.061588,-13.409534,-7.5242863,-8.199959,-7.6651125,-8.534534,-8.304562,-5.556281,-8.696681,-7.948645,-3.4398572,-2.6803014,-4.4066315,-2.435752,-4.0217667,1.1535113,6.1347866,6.153917,5.820116,8.041183,0.598138,-4.6471233,-6.918302,-10.276787,-10.061756,-13.4025,-12.153519,-11.3346195,-11.713943,-14.523011,-14.15662,-10.815184,-9.209469,-10.484402,-5.450025,-4.9153743,-2.6564448,-3.0370455,-7.2836623,-4.2890315,1.9621346,1.7393365,0.28507543,1.436583,-3.9321609,-8.57609,-2.4652078,-3.8038607,-3.9821072,-0.95766896,-3.4238608,-6.276593,-8.703679,-5.648021,-3.6469831,-2.724752,1.470007,-3.201684,-0.7125597,0.17213452,-4.006699,-4.22855,0.4806949,-1.7771332,-3.5879774,-1.7641087,2.8044658,6.2260733,8.590657,11.358282,7.8819013,8.988854,6.3451557,5.322796,9.639171,12.286686,12.162311,13.778042,14.269072,12.737053,5.3748693,4.884075,8.835564,7.8187404,7.290961,7.6392465,4.9014664,3.842687,6.306246,3.5851226,5.3670483,4.6836915,11.5866375,12.807727,1.8213342,-0.23604304,-1.5823059,-5.6188707,-4.175259,-8.680815,-11.488108,-9.500645,-7.9280233,-6.5955553,-4.9770985,-4.1757703,-4.4519215,-0.73950803,2.1376264,1.6625986,6.60835,12.462425,12.096879,11.00519,13.19103,13.683947,12.177134,10.567611,8.567819,4.502582,3.5846202,1.6982486,5.855591,5.810625,1.4690676,-4.9834785,-10.575769,-6.9692693,1.6604373,-0.255885,-0.714871,1.5271432,3.8131604,-0.91740143,-3.8470275,4.872675,18.45728,26.015484,25.759254,17.309517,17.838947,16.035576,12.707024,14.318957,16.225254,14.283623,10.0387535,13.599233,12.380202,7.3231716,8.832077,8.058147,9.416482,16.357166,20.86346,23.263062,21.514736,20.20754,19.43457,16.32914,11.655417,17.612503,16.78952,15.020065,19.925617,18.301926,19.360638,17.716938,13.815096,12.050264,14.556984,15.644557,20.816202,22.689268,23.09591,22.842812,21.268757,20.921879,16.806824,14.535007,16.445395,15.721794,11.715943,10.273388,6.722683,8.42161,6.9943175,4.700142,7.0569887,9.22802,5.5322204,10.974739,18.077576,20.789806,20.052517,17.536318,13.585985,8.5767355,0.5170963,-9.365681,-9.129635,-1.9780178,6.2941623,3.9704242,-0.45029688,-4.5251684,-3.8760448,0.5480751,1.4764632,-1.103746,-9.819907,-9.445984,-5.887556,-0.51034325,-2.6167302,-7.734425,-8.610239,-8.337029,-9.588604,-8.80537,-11.034083,-9.600088,-8.719916,-8.290371,-8.064928,-1.1342995,-2.4490392,-5.80282,-1.1096694,6.9026766,13.708056,18.524902,21.493782,17.745428,0.44881725,-11.499561,-11.159989,-13.255132,-9.002146,-9.393597,-14.238237,-15.280693,-7.5573444,-9.161263,-14.26124,-14.4142275,-12.318865,-8.222491,-5.7265873,0.42036337,-7.710473,-13.265003,-3.7128153,0.12111443,-6.490894,-7.946757,-11.175217,-14.268909,-7.7210503,-8.753939,-9.083073,-7.546141,-5.7250977,-9.692537,-13.927518,-14.545397,-7.953624,-10.104232,-9.137268,-6.7367916,-9.1817875,-6.927356,-12.12549,-16.453222,-14.4273815,-12.706881,-9.5364,-12.010828,-13.986559,-8.492117,-9.853297,-5.169435,-7.7963877,-9.904678,-9.465929,-4.8325634,-13.016126,-10.92157,-8.523327,-6.62996,-6.02174,-10.15214,-15.622638,-14.962624,-13.460112,-11.891528,-11.453502,-13.344666,-21.81252,-19.353935,-11.666502,0.5737492,5.763604,5.68042,5.5279493,4.085072,5.4439955,2.9046316,2.7824345,0.9947232,0.60469365,-4.2795987,-5.8451047,-3.6634877,-7.959882,-12.530834,-16.269203,-9.719923,-6.4425516,-5.1067867,-7.794649,-3.0856864,-4.9472685,-5.2388773,-5.554374,-7.4991794,-11.05447,-18.187927,-12.917926,-5.193796,-9.359394,-12.326786,-12.439576,-8.903182,-9.022051,-8.721205,-6.589585,-1.3769795,0.43348557,0.9395373,2.3199213,-0.61091554,2.3255618,-3.0348356,-3.306314,-3.6137376,-4.012725,0.3780448,-4.94356,-4.249414,-7.782185,-6.0998836,-1.3887877,9.158793,8.816429,2.7547436,5.984637,3.64804,4.3519335,8.582195,8.586429,4.6158895,2.0854523,-1.4913911,-3.2753756,3.0243397,11.137058,15.080415,15.071865,13.149286,10.4875145,14.885104,13.023396,10.697268,1.7005382,-6.004122,-1.9561038,1.0602,-0.32863027,3.0151122,1.0133382,-2.2234557,1.1279454,4.687004,1.1923859,-5.81536,-8.954849,-7.0304413,-7.175668,-10.516994,-14.470276,-14.741737,-9.139098,-6.1830206,-2.8394284,-3.6762996,0.9313064,9.883834,7.822295,-3.5979462,-1.5025325,2.273503,2.323726,4.786235,5.7268314,-3.0779734,-4.4838233,-1.1495392,-4.89979,-3.6809587,-4.514381,-5.6596193,-5.4528213,-2.2350576,2.1671324,1.1813953,2.586403,3.9845252,0.91175234,-2.0886805,-3.2795584,-2.4131315,0.30861372,-9.120256,-10.246395,-7.6564198,-8.384426,-8.92,-6.134377,-0.48859483,-1.0152258,-0.71283126,1.3461013,-0.71460706,-4.2591715,-6.690712,-11.165325,-8.558713,-1.5696474,-2.6427503,-10.052394,-8.279152,-6.849409,-6.788476,-6.147563,-7.5370274,-8.004683,-6.836787,-4.2409225,-0.5406954,3.471499,4.4880896,-1.4070559,-2.2765384,3.1403065,5.3117414,3.1777053,1.0273983,-1.5292728,-7.8924236,-4.7644835,-6.2097726,-4.071388,-11.287647,-17.791523,-14.676163,-11.216892,-7.0506134,-4.7163925,-6.169995,-7.373884,-5.6210313,-5.9249916,-6.723567,-4.5598025,-0.4750228,-1.2604498,-8.104767,-6.9636545,-0.5611783,0.24095722,-11.02869,-9.34408,0.16422644,2.4082599,-0.13592765,-0.29444137,-4.546159,-14.836866,-10.901048,-10.053226,-5.9580736,-4.3327546,0.507545,1.5965924,-3.0011275,-2.5692058,-4.4771976,-13.310747,-8.156374,-2.5091772,4.667347,7.58584,1.7794832,1.0048627,-2.01894,-4.2674084,-7.5400486,-1.9959592,-0.75954306,-2.6598272,-5.772012,-5.419055,2.441949,0.8687372,-4.3609934,-0.51870817,4.336646,0.98623097,0.30106044,-1.8705108,-5.4881897,-12.487631,-10.478878,-2.8781273,-2.2478619,1.5444868,1.9880571,5.342942,1.1392372,2.6705332,3.7628822,-0.5580088,5.467063,3.4241848,3.5038884,0.19060326,-1.2297113,8.1549,13.801671,13.91988,9.370588,6.5134506,4.4360385,7.387524,7.375212,5.2247515,3.7173724,9.279722,11.036386,11.075821,13.427029,18.093418,19.635641,21.464653,18.74123,17.837002,16.862446,15.50307,13.117889,8.046658,1.773469,1.37363,5.592564,10.214212,11.715235,14.890623,13.09,12.964102,7.7728653,8.912013,13.394805,13.984768,16.82135,17.211723,24.344536,23.61232,14.578716,13.599053,11.284942,7.784787,1.3167046,-2.8024137,-0.21901608,9.78437,7.5606666,1.8610739,0.55534893,8.528202,16.678465,17.50548,21.57753,27.55914,13.591497,5.8134503,4.7430086,1.5270398,-1.2383645,-1.6266716,0.31118667,0.59812605,2.711208,3.6843224,1.8278633,1.1236354,7.4785023,7.5533204,5.1631193,2.8817906,2.3824596,3.3842456,2.8010592,5.645193,5.945123,3.6552768,1.4148154,2.7062392,1.5119958,-13.735552,-13.422066,-5.721633,-4.0351877,-7.542809,-8.751287,-0.24202925,2.6160102,9.018939,6.1940355,-0.12699103,1.8089833,0.17212927,-0.6688734,2.723886,8.698612,4.502381,-3.9499412,-2.376225,-2.956756,-4.4068184,-4.9811554,-3.1072795,-2.3838947,-6.4030304,-3.917789,-4.0057697,-2.8445225,-1.8993651,-3.705764,0.7463963,-1.3949205,0.35220563,1.4346004,0.92609,-3.708601,-5.051194,-7.1074677,-4.567046,-5.803393,-5.673505,-9.466213,-12.776236,-1.3041756,-1.5787069,-1.5071366,0.5973693,-6.4099355,-4.3529544,-7.6456547,-9.98782,-13.211785,-7.890503,-4.921406,-1.83073,-2.193269,-1.3103242,1.2427914,0.056779146,4.6363454,7.316283,1.3106487,-5.935262,-7.901046,-8.97039,-9.461753,-10.754808,-8.469067,-14.489339,-8.660734,-4.3291664,-4.0363603,-1.0415022,-3.509903,-3.4217062,-5.2741566,-7.034852,-6.0533657,1.6076379,3.9031217,1.4507957,0.8762106,1.1367979,4.260513,-4.855626,-13.419346,-10.355088,-2.4333255,6.5201483,5.7746005,-1.3735859,-3.9484007,-1.9658878,2.9207559,2.0323853,-6.5519485,-7.9244447,-9.748816,-19.001888,-12.716345,-7.5643106,-8.913655,-1.9523122,1.1553209,-1.3800435,-5.2750206,-3.883709,0.4648579,6.4120593,2.0756025,-6.417203,-6.577191,-4.9237394,-6.606637,-9.724516,-5.7574368,-2.0521464,3.4957821,7.650606,13.344119,11.333352,13.012228,9.494091,1.6830082,0.5859312,0.19113272,-3.013112,-3.4208417,-1.0858073,-2.8129008,4.059201,1.6396694,1.0444951,-5.2645016,-1.3477018,3.8548613,-1.7984617,-1.9370956,3.281754,11.964651,18.508387,17.517359,12.620756,14.724098,18.258854,11.9347725,9.79733,-3.9779005,-12.897617,-15.167057,-10.614057,-15.702391,-13.316416,-9.596417,-6.6520805,-2.8481836,-4.75978,-6.1453676,-1.585418,-4.182244,-8.873059,-10.334019,-9.593357,-6.8651676,-4.6846156,-1.7806411,6.0744133,11.074637,6.568615,-2.0068214,-7.6325855,-10.075796,-13.842965,-10.84437,1.850575,10.404414,12.210153,10.426139,6.9569974,1.9569275,4.143914,5.7737827,8.615818,6.2255282,5.0790076,3.1547422,3.9782815,7.299705,3.0321152,-2.331657,-2.0516787,-1.650755,-6.385869,-4.7451773,-10.604904,-18.822935,-12.612237,-5.330803,-2.9459403,-3.8995144,-1.8036938,-3.3780813,-6.452507,-3.5522335,-1.2087514,-2.535786,-4.4411387,-9.958529,-11.769739,-7.6202655,-8.369362,-6.2215805,-8.935829,-9.42351,-8.453335,-9.464987,-4.500753,-3.4103444,-1.9496489,-2.325386,-2.5469284,-2.55463,-3.6532195,-5.1400356,1.507893,2.793322,8.148201,3.979233,-0.1494764,-0.91933256,-5.0898523,-4.983566,-6.8448744,-8.567517,-6.5465946,-4.1039896,-6.9484377,-9.084157,-8.828985,1.3004156,3.6134198,5.033081,6.161229,0.43923044,-4.583452,-6.965563,2.0181353,4.36677,1.1088998,-0.5494414,-0.40680718,2.0225558,2.1920025,1.2318277,3.0076456,1.0448189,2.1220398,2.087171,-2.4946065,-6.473584,-7.7031364,-1.7686112,-2.305809,-3.5564861,-6.2475605,-7.327718,-2.4116473,0.8547402,1.6840428,-0.66223145,-3.6403482,-3.668006,-3.449905,3.1273,6.0753956,3.4781718,5.345477,6.492668,4.0127244,2.906781,-3.9258223,-5.709073,-1.5363339,2.0669053,3.3932755,6.5385404,5.8441763,5.653387,0.5214223,-6.08759,-4.1094604,4.773432,1.192907,-5.657225,-9.602901,-2.1837022,1.2275923,2.0921738,-2.7461748,-5.478843,-0.17602724,-4.406207,-4.557096,-2.1455026,-0.0744977,7.1510935,12.420811,15.912769,10.250863,10.162454,4.4417524,3.5744207,0.38166088,0.7011448,0.33921492,1.2300962,2.1738734,4.7866583,-0.044674158,-1.3776727,6.3528795,11.339985,15.424174,18.526703,18.499691,26.999474,26.136513,18.384506,20.276218,17.770477,8.377726,8.935194,8.6094675,8.415342,12.266054,16.922443,16.507528,13.359958,14.219172,21.000187,21.012356,10.386532,5.4681206,5.6558876,15.011751,20.976034,18.240616,14.430021,13.502872,14.52627,9.789933,5.2880416,9.026777,9.115202,0.89604485,0.7371992,0.12916465,1.5414221,1.734606,9.763475,20.792154,21.013569,21.557968,16.987501,3.6796274,0.7649369,-3.5987062,1.617827,4.0592694,-1.7819407,0.92939323,0.5865731,5.1004496,5.3210697,0.6037284,-1.9413503,-0.69634736,1.0566548,2.7590973,-1.0976795,-5.1606207,-6.0727863,-1.4163183,1.4655682,-1.2674083,-1.8750517,-3.5196793,-1.5945439,1.0895613,-1.7745562,-12.80715,-17.743116,-11.379609,-8.030903,-2.1672602,-1.1738877,1.4298087,8.535254,14.223446,18.874706,13.069683,6.546091,-1.3175898,-5.728903,-7.6825695,-10.564316,-7.40831,-7.6535225,-8.098085,-6.03338,-1.7985492,-3.8701177,-1.4164925,-1.0548435,0.2933571,2.0867124,0.3376801,3.487203,12.730749,14.379421,12.940994,2.203148,2.1895745,0.9744757,-0.28343254,1.2699226,-0.33383608,1.0979639,-3.55026,-7.0098753,-8.216101,-10.292395,-13.7252655,-8.094365,-6.2246385,-6.2813616,-5.435875,-4.799164,-4.206915,-2.45858,1.6835628,-0.5106853,-3.7271736,-1.5843627,-0.9018788,-0.9005101,2.2917445,3.2848728,-1.039087,-1.2061555,-1.6052806,-5.16132,-1.4801122,0.08103001,1.8869433,-0.7189429,-4.527908,-5.6675844,-6.099925,-1.1902027,1.8386339,-1.3109443,-5.521472,-6.6237574,-1.9694283,-0.31255877,-1.6924826,0.030130712,2.2224174,3.224236,8.555903,7.7421694,1.7193959,-1.2246876,0.6436848,0.16163385,0.4869887,2.6408343,-5.6185007,-8.752716,-10.103933,-4.3929267,-0.65981704,0.0379014,0.9682057,-6.868078,-15.426775,-17.45836,-10.794218,-6.626623,-8.64374,-7.451706,-7.8418055,-3.7667122,-4.3949895,-3.8629403,-4.2809925,-5.094286,-7.673542,-3.9831817,5.2035394,4.2769175,-1.5165359,-4.6923323,-6.6805778,-5.142418,-3.8850808,-0.37769222,1.2313588,2.1241794,-3.1026583,-2.1583786,0.038278893,3.5710583,1.2758892,-1.9693712,-0.6311985,0.11456454,6.269341,3.3288417,-0.48151684,-4.9298677,-3.7676632,-3.8000855,-5.46774,-5.6057825,-6.382553,-1.312647,5.9663153,10.477602,9.2818,6.5522566,7.644624,5.3802624,-0.71095574,-8.0683155,-3.1289122,-0.30679834,-2.226272,0.7772404,-2.7191782,-3.1121993,-2.7474837,-8.482462,-5.3326964,0.7557123,-0.86336684,-0.14888263,0.19107151,-0.38557535,-6.764751,-9.857232,-7.821707,-9.29513,-8.588295,-1.3829108,2.0730875,0.67884547,0.7707904,-2.3053021,-6.9618235,-5.6433907,3.19633,4.0059266,-0.21099377,1.6461087,2.867165,1.9245574,2.0138004,-1.8895514,-4.602777,-5.0526614,-4.494458,-2.054075,-2.0631416,-3.4893677,-5.4288287,-6.115158,-9.84557,-8.660824,-9.701662,-13.544102,-9.040789,-11.128038,-9.8187275,-11.838381,-9.006425,-3.2812552,0.7961643,-5.447493,-12.307833,-10.1038685,-3.556253,0.45924306,-5.0753627,-12.837925,-2.9345338,5.4759884,1.483409,-1.0106697,-3.9945908,-5.50047,-8.596144,-10.151535,-6.332889,-1.996169,-4.710039,-2.417771,-0.29237196,-2.2164261,-0.09128389,4.434801,2.4159331,2.1173608,2.7220988,1.2636919,3.527861,11.543313,9.658835,2.4856317,-1.7503557,-2.6033187,-8.446775,-5.777275,-8.58919,-12.164184,-11.94726,-13.814663,-7.7951956,-2.8444228,-1.9248784,-9.086637,-11.5027485,-6.718015,-6.116228,-5.094078,-2.9397779,-2.6650834,-5.002258,-4.674259,-4.59883,-2.6848235,-7.6993713,-3.6053076,2.8689442,1.1004277,-6.994856,-7.5839844,-12.736595,-7.3078947,-4.695612,-2.9161906,-3.4133663,-2.3395786,-4.082323,-7.11494,-4.895468,-5.211438,-1.0119518,11.425916,17.033747,10.28911,5.0912676,1.069033,4.644676,10.229099,7.6266627,4.120782,0.26010293,-2.4778206,0.72058475,6.066024,9.203771,12.525113,15.462423,17.953129,17.465775,22.974533,23.93982,15.426857,1.327143,-7.825801,-10.363663,-7.4193745,-7.413277,-6.6798315,-3.431891,-7.1406727,-10.724666,-4.3314066,-4.24347,0.5378684,4.26908,2.0459456,-0.44348073,-4.770965,0.8990519,10.164964,14.90065,17.803986,11.350121,5.037675,6.0437546,4.859291,8.825248,14.1036,11.1312275,13.767313,17.337378,10.537872,13.296662,19.418407,18.180576,23.882256,24.287159,20.406929,18.315586,10.130846,11.714185,14.665185,13.621384,9.274744,12.022112,14.044142,13.970139,17.071444,13.199547,13.7138195,11.621841,6.3189034,7.167418,7.06599,8.152042,11.01412,11.525612,13.298314,10.479434,5.515255,4.1214075,3.1354942,5.1776857,4.5458546,3.0365474,0.07916844,6.167368,5.996147,7.1654086,12.16472,18.420414,19.417768,19.699776,12.26946,-0.04056728,-6.419133,-6.1687837,4.0859547,3.1543865,1.2629464,3.4788094,3.2096128,4.822889,-0.032582883,3.245717,7.0607657,3.6741939,-1.9948835,-6.0861645,0.23894575,3.0701509,-4.0587378,-9.161401,-9.884888,-5.7422504,-4.196042,-4.565627,-6.6307316,-22.162151,-20.5479,-16.146381,-4.7256126,1.8741101,8.7647085,8.709854,3.886252,7.363841,8.84973,7.6995783,1.2232356,-3.8052535,7.01194,7.2793884,-2.4581337,-1.9577374,-8.594009,-12.124092,-12.529654,-12.777653,-15.069233,-7.9810696,-4.73062,2.4837008,-0.13018203,2.1949086,5.6743917,6.8049574,5.90739,5.3028884,7.6927233,10.50256,8.133003,5.835473,5.4633336,0.5250435,-6.8487773,-1.8457537,0.5202473,0.35443133,-2.9416974,-2.14516,2.2761202,-4.325143,-8.072512,-8.774872,-8.269747,-5.158538,-2.0195312,-5.741021,-7.265464,-4.506904,-2.3553808,-5.087044,-2.5638492,1.5932474,5.1091194,3.1821377,-2.7605977,-2.5639994,-4.8699055,-7.3674927,-12.662098,-12.687916,-8.326387,-6.827672,-5.748396,-0.089240074,4.6074414,8.17852,-0.8611722,-4.476753,0.38054204,1.2349846,-3.5915034,-3.127582,-1.1598235,-4.708871,-4.6289854,-5.064475,-1.3849599,-0.8013494,-6.7019987,-5.9697285,-2.137849,-3.502542,-1.1049157,-7.367999,-6.7327704,-6.5482903,-4.004199,-3.4559612,-6.996796,-4.7428536,3.9220154,-4.9569554,-16.09074,-23.244387,-19.512115,-20.131268,-13.481355,-3.8336716,-0.43714464,1.8481042,1.9092875,7.421309,9.366323,1.8952396,-12.942018,-13.943076,-9.990461,-7.8471107,-2.6954136,0.65353143,2.7673407,7.180842,2.8077683,1.1745933,2.3428993,1.0672573,0.4737183,-2.5527976,-1.5442975,-0.055402756,2.11595,5.5295634,15.771942,17.886185,19.057774,15.816094,14.114733,14.373697,5.6251974,1.0762606,2.190691,4.939068,5.5432673,0.21035722,-1.6263444,5.7153387,6.1476107,3.9271402,-1.3249619,-6.841693,-5.818492,-0.9878445,3.0223107,-3.803566,-9.719291,-13.83927,-8.809673,-4.3260317,-6.775177,-9.2631,-9.310982,-11.839548,-6.793354,-6.682295,-13.996087,-8.261962,-0.68419737,5.578657,7.082859,6.379864,9.317621,6.8610554,-3.2125287,-8.003157,-4.358932,-4.4607735,-6.9466257,-0.90368134,-2.7706716,-4.6490107,-0.76630497,-2.191135,-2.216023,-3.4839277,-5.3321,-4.859375,-2.2753515,4.1739383,3.0491467,1.8655555,3.7555065,2.821157,-0.9943068,-5.977116,-5.601481,-5.8571377,-7.5611305,-12.3608465,-17.882483,-17.360563,-14.825899,-13.135224,-7.437867,-5.245364,-8.4547615,-10.2368765,-8.227377,-6.4795485,-4.3302326,-10.44371,-20.05447,-11.746847,-1.8992972,-6.7315702,-10.369564,-8.499518,-10.616959,-16.297585,-21.00165,-13.228672,-10.524902,-7.2139187,-4.640224,0.13734959,-0.8823238,-1.2673821,-1.4991819,-1.9678029,-5.149808,-11.404423,-8.245033,-10.3965645,-8.0757885,-6.9528537,-14.822394,-11.478022,-2.4488883,-1.8631603,-1.2341689,-0.31314278,-0.91610134,1.3396442,-4.035553,-6.503154,-7.4753094,-11.623419,-13.140569,-14.576304,-13.187006,-9.501705,-10.412017,-8.900854,-12.547134,-12.6507225,-9.402903,-9.399683,-14.098365,-8.845632,-7.515641,-12.472367,-13.220963,-12.854855,-12.28475,-8.737522,-9.446331,-15.009478,-19.112167,-11.985912,-7.4784746,-7.828808,-5.182787,-2.1228337,-4.666497,-8.831543,-6.280095,-6.2025723,-0.34570023,1.4408385,1.3195465,0.61034405,-4.4147487,-12.027609,-11.557207,-10.550585,-16.60566,-8.785523,-10.820137,-20.339,-18.569492,-11.373922,-13.355217,-9.781206,-10.539795,-15.01883,-21.953058,-20.734507,-18.75247,-14.524191,-13.139236,-15.84153,-13.5408745,-15.5237465,-13.78121,-14.302225,-14.231564,-13.044514,-13.624402,-15.50432,-12.276827,-8.79254,-13.116418,-12.21552,-12.247181,-6.046312,-2.2091908,-3.312809,-2.4190636,1.0928197,2.5845964,-3.871584,-5.558443,-5.7222795,-7.601163,-7.15894,-9.169775,-8.647892,-7.1996202,-5.844495,-4.3729825,-6.4854403,-10.68274,-14.160257,-17.430944,-7.959834,-8.730118,-14.902058,-14.106779,-9.87191,-8.502337,-12.698769,-14.059703,-6.2557797,-3.453618,-10.821934,-13.039097,-12.360075,-9.77614,-8.266109,-7.235099,-3.709873,-4.807368,-6.217164,-6.8252907,-1.3172222,-4.783079,-9.737477,-12.033798,-11.531911,-7.8299837,-5.964998,-5.8689528,-10.09491,-6.2750235,-6.4093056,-9.647284,-13.166559,-17.845274,-16.048506,-13.617827,-7.8266425,-6.931287,-8.3390045,-7.268548,-8.530945,-6.173003,-4.8553543,-5.8761215,-2.9412632,-3.4134212,-5.2656546,-7.7957244,-10.647697,-12.202054,-7.542143,-7.127987,-7.8801928,-4.404861,-1.1975185,-3.8653193,-2.709791,-1.375214,-4.527071,-10.561132,-16.74822,-17.304441,-12.035294,-8.488896,-10.577604,-7.2512574,-2.787883,-0.0033978596,4.519305,4.7597666,0.54223293,0.6032361,-2.2482624,-4.605041,-0.9824099,-1.7767271,1.1345897,-3.125885,-5.900816,-4.7306004,-2.9140074,1.344636,5.292044,-2.7671883,-8.7834015,-6.7684803,-1.2025373,-0.35990334,-5.2722435,-9.022387,-8.183341,-9.2253475,-3.2845192,-1.74004,-2.6774018,-2.737639,-5.69887,-12.599812,-10.162548,-5.7772317,-7.5162935,-3.196864,-1.9922007,-2.546449,-4.733341,-8.343712,-7.7338448,-8.892565,-12.798161,-6.2092085,0.22485328,-4.170209,-10.637386,-11.101114,-11.7825165,-6.317697,-7.363925,-7.932644,-8.710713,-9.71422,-7.0686855,-9.408856,-4.9802957,-3.8089285,-8.274088,-6.0245895,0.49114883,4.1766443,7.840989,2.5734472,-2.9638507,-2.1220179,0.030967712,-1.309256,-8.404017,-13.030954,-9.612921,-13.02117,-12.044389,-9.690009,-11.956148,-11.8551235,-12.056084,-9.799664,-12.164583,-10.719392,-12.418078,-15.696762,-9.928379,-11.868077,-13.618467,-10.521881,-3.7253418,-1.8817543,0.45664796,-2.8777523,-6.519748,-12.528629,-12.583573,-10.719141,-8.548258,-12.695195,-20.713116,-19.710766,-19.688461,-18.912443,-17.467781,-7.9670234,-4.9653997,-8.6735735,-11.6268635,-7.5390806,-10.613022,-12.332754,-11.983256,-14.878319,-18.49363,-19.515617,-18.081861,-11.005463,-10.695083,-4.943478,-3.1418834,-4.820147,-2.8090544,-16.029297,-18.60037,-12.406937,-9.615024,-16.193169,-17.88432,-18.57416,-22.113916,-17.122372,-18.05291,-13.776034,-11.921347,-14.038338,-9.927879,-12.012136,-11.272902,-5.946253,-3.1898975,-5.639344,-7.2602477,-11.049482,-11.000519,-9.751991,-12.288464,-15.803528,-19.5411,-14.586929,-14.14134,-13.761159,-14.374907,-13.916645,-10.482048,-7.194174,-17.86252,-19.709232,-20.248444,-15.944275,-13.921529,-13.056873,-6.6122756,-6.076248,-10.865421,-10.486427,-12.242161,-14.032879,-15.472745,-10.33748,-4.2913256,-7.6612425,-8.685263,-8.467486,-10.327099,-7.7709007,-8.741058,-16.357864,-19.667114,-14.926611,-11.325142,-13.234888,-17.184185,-20.474922,-19.648525,-24.284725,-13.62508,-11.304283,-15.597963,-18.35989,-16.66015,-18.757635,-14.49717,-14.379565,-17.257038,-16.53047,-13.315689,-16.805403,-15.301696,-10.037528,-10.549722,-17.081425,-14.486586,-11.40786,-13.003769,-10.950135,-9.014696,-8.494153,-9.770288,-9.821539,-9.722089,-7.048023,2.089127,-0.7802813,-2.8722148,2.5427954,4.324748,7.0246873,2.500988,6.022732,9.167965,-4.614151,-9.890388,-15.401214,-17.909124,-9.862773,-1.902884,4.298239,-3.3894076,-3.9799852,1.6457438,2.4664512,1.5177202,0.5577295,-7.4141493,-16.034214,-17.601467,-13.522215,-4.1396894,-5.4909887,-12.480669,-12.338459,-12.827447,-15.0861435,-15.412718,-14.581803,-14.233603,-9.035861,-11.413253,-10.105368,-15.282715,-12.067047,-9.8064575,-5.1926565,2.3746176,-4.700898,-2.559203,-3.2261357,-7.1125727,-7.6237173,-9.546121,-13.015434,-16.936127,-13.470386,0.34676468,7.1071806,7.150914,4.7743797,-5.9665585,-8.596966,0.4336112,-1.5096494,-0.95645887,-1.9584332,0.025621891,0.14126624,-3.2426562,-4.971947,0.5815824,-1.0673528,-3.2169914,1.5680946,-1.6742301,2.3452878,3.2105818,2.761176,-0.13831103,-3.4808216,-0.81075734,-4.3478193,-4.7906227,8.6156025,19.894539,22.936117,23.61787,19.00371,17.837101,17.582405,9.590928,0.9678852,1.5660696,1.7279272,-3.7267842,-5.1145906,-0.4450431,5.5689626,0.629985,-0.2382338,-0.8507396,1.0707887,5.8828993,17.276821,16.647171,7.694867,12.155832,5.2323103,-0.5537726,-5.360524,-8.818692,-6.6550446,-10.1904,-6.8440604,5.256489,0.34888172,-8.380257,-5.0839453,-7.6423426,-14.292795,-16.658041,-15.389368,-16.275745,-19.42511,-20.67502,-18.83434,-11.890928,-6.939555,-10.825207,-16.267244,-20.16211,-21.826103,-20.968235,-19.536724,-18.772635,-21.01421,-18.142183,-15.767174,-18.041935,-17.743332,-18.887516,-20.61485,-19.018929,-19.516735,-22.091599,-21.009624,-19.190414,-20.098856,-21.835651,-17.162643,-13.83124,-17.756556,-12.770227,-7.265826,-11.415728,-13.737425,-9.173063,-9.442102,-14.63536,-17.542355,-20.01825,-15.152209,-8.149551,4.747216,4.2570305,-1.4355383,-10.386301,-12.271301,-5.8739624,-2.7818987,0.926739,-1.7970426,-11.410885,-12.18796,-13.83115,-13.4376545,-11.446968,-11.846128,-10.182871,-10.929127,-0.6118616,2.9304724,-4.204069,-7.5556116,-4.322233,-1.5780969,-2.9807048,-5.0107164,-7.865377,-5.8415155,-0.6686926,3.568964,-6.713628,-15.355541,-9.564583,-10.217849,-17.229675,-19.52915,-15.301529,-19.21163,-18.648735,-12.19939,-9.634586,-8.132109,-8.792324,-8.148098,-9.196669,-17.20486,-13.21248,-8.020435,-4.806822,0.13913232,0.19728172,-1.1229128,-0.5306973,-1.4649785,-2.330071,-1.8929766,-2.8957658,-3.7573137,-0.08091426,3.05801,-2.5090919,-4.1928043,-7.8065834,-8.605241,-12.336203,-11.975477,-9.28969,-5.921873,-5.8304634,-8.926556,-16.59694,-16.33265,-13.650906,-15.981023,-18.252224,-7.2262225,-1.9881622,-5.9000807,-3.6581378,0.7074294,-3.9420388,-6.2357593,-8.9156065,-5.0040703,-4.840905,-8.863821,-13.025063,-17.07221,-6.831341,6.3401423,-0.21467853,-12.182108,-11.863096,-9.359577,-6.692511,-10.344471,-15.924164,-10.40192,-9.136557,-3.786215,-2.8264155,-5.506617,-9.599312,-13.133091,-10.035568,-5.8409986,-8.443193,-9.345625,-6.2027206,-6.763152,-5.1342807,-3.9373996,-2.3787916,-6.268503,-9.801857,-8.370328,-6.589779,-11.065006,-16.982838,-16.07032,-10.398905,-9.665035,-6.177324,-7.673304,-9.678335,-12.527266,-7.078536,-6.646403,-8.329609,-15.80634,-19.07729,-11.037416,-9.436918,-12.363001,-8.53429,-4.0963387,-8.293214,-16.633001,-16.912676,-12.842732,-11.629262,-14.466618,-17.929432,-12.736842,-9.460258,-9.300425,-6.5551534,-6.410658,-7.5548563,-4.89453,-9.565257,-13.305939,-17.141743,-15.461784,-12.945717,-8.9177,-15.579884,-16.423006,-14.929968,-17.273384,-15.655741,-10.603189,-11.610607,-11.300472,-5.95426,-14.517675,-21.39372,-16.740013,-12.429211,-16.412344,-18.130661,-12.163658,-9.550251,-12.736822,-13.059015,-11.268935,-8.650167,-8.843857,-15.619635,-16.939495,-12.429743,-15.923521,-18.544085,-18.24943,-17.429108,-14.586266,-13.347616,-12.6972275,-10.782598,-11.8725395,-13.476839,-13.123291,-15.872831,-13.408644,-14.965693,-13.35372,-8.247278,-7.779821,-9.547037,-12.226855,-7.422221,-8.2316,-9.563433,-4.8164606,-2.9180417,-5.1410494,-2.4285915,-2.9679418,0.9588648,0.19596887,0.6059549,1.3989254,-11.81172,-19.418503,-19.294182,-14.03863,-12.834477,-5.0268307,-3.2161555,-8.218445,-11.469414,-8.606907,-5.34335,-0.2571841,-0.64495105,-7.604789,-8.290913,1.6727173,1.9440466,-0.07254273,2.3663712,4.124019,2.468357,-0.5467527,-3.667704,-6.8546143,2.790984,4.018797,-3.413743,-4.253417,-2.974274,-6.4964004,-7.22616,-7.0769196,-7.5121984,-3.9316573,-1.5160079,0.68846655,-3.2249339,-4.915476,-5.4529247,-4.5578394,-7.7288246,-11.097902,-11.865206,-13.655407,-16.593521,-13.549367,-13.000056,-16.170128,-15.848921,-14.237543,-12.305307,-11.644137,-11.469456,-10.0618515,-9.90949,-6.909496,-9.984974,-11.248182,-8.446282,-10.530572,-7.461317,-3.8087957,-6.986299,-12.6927395,-7.73709,-2.5518825,-4.243101,-6.962858,-5.2125134,-6.3738184,-9.823003,-3.8731208,1.4147036,-3.6036558,-8.550409,-5.296099,-3.5039427,-14.801093,-15.375502,-8.027639,-11.434433,-6.48411,-3.7836514,-3.9421608,-9.31718,-13.620834,-13.518044,-14.453212,-15.562292,-12.675718,-10.660552,-10.173323,-10.06971,-11.164871,-9.950609,-9.28337,-11.373129,-14.934307,-11.641254,-8.277146,-0.6902398,-4.7571726,-6.063193,-7.606444,-10.108987,-10.872778,-13.356556,-11.122688,-10.375536,-6.84187,-0.0513829,-5.056384,-4.0800123,-7.3778467,-7.629026,-10.0452585,-10.907263,-11.03559,-10.628006,-8.747795,-4.046129,-3.869649,-3.3310328,-3.3262877,-1.8253496,0.031391084,-3.057963,-5.9556856,-7.1781855,-9.247584,-10.4746,-9.47381,-10.864939,-11.6469,-13.182922,-7.0151014,-9.581569,-10.191156,-10.801866,-10.984684,-6.403735,-7.6466513,-4.5964537,-6.474225,-4.6741285,-3.421331,-3.6516466,-0.7007263,-0.85827047,-8.596845,-4.5159397,-6.431049,-2.5526218,-1.9931805,-5.3612866,-9.5037985,-10.444735,-12.920919,-9.061635,-6.0212946,-13.243953,-15.204648,-7.973983,-8.284998,-7.841972,-1.545364,0.060707927,1.6120113,2.0251336,-1.2075934,-0.39992973,1.8219681,-5.9701743,-7.227043,-4.2547426,3.5909595,3.146309,0.06308308,-0.92979693,-4.1737905,-4.720838,-1.0059025,-8.850758,-8.642475,-4.373984,-3.6903389,-6.618949,-7.6420946,-9.476988,-10.690573,-13.8236885,-7.798435,-6.6826344,-9.975046,-12.557959,-20.692225,-15.083193,-10.26848,-11.458658,-12.868528,-9.78207,-8.55847,-6.039667,-10.181898,-8.548065,-11.516872,-14.797067,-11.631648,-13.021349,-17.655693,-12.807648,-3.8226435,-2.3028684,-2.2872844,-4.5991344,-4.97748,-4.844856,-4.426206,-4.530879,-4.499836,-2.4779088,0.20988679,-6.1992126,-4.186078,1.3454974,-3.6392484,-6.148714,-6.4800463,-9.480856,-6.8006635,-9.593523,-5.39783,-0.94144917,-3.190044,-4.0786037,-5.054872,-5.1974964,-6.382716,-4.583543,-0.39233065,0.2392419,-1.1194451,-6.940477,-7.8611317,-4.763869,-8.766331,-3.184326,4.3238144,5.7977595,-3.753291,-7.9150267,-14.682909,-13.340684,-8.899186,-6.493427,-4.4648266,-4.161977,-9.159097,-9.350231,-7.552664,-5.810007,-6.1262994,-2.3892958,-1.7595901,-3.4659386,-4.853762,4.112442,4.5107465,-4.2214375,-8.224621,-2.1461704,-7.8618197,-3.970559,-4.2458773,-11.577709,-13.296333,-11.518017,-14.827686,-13.474526,-9.865587,-10.403164,-2.7970772,-4.307114,-12.291143,-9.906262,-6.2508664,-11.155537,-13.866859,-7.32611,-4.490491,-3.3372455,-2.7020125,-2.773889,-7.230036,-10.460412,-11.032791,-10.68338,-13.236147,-16.997215,-13.751791,-9.5778,-16.963467,-23.606043,-22.550568,-12.565146,-9.980024,-14.765643,-19.621605,-20.975843,-21.663597,-14.7959,-14.785826,-17.883083,-18.227459,-13.455173,-10.861127,-10.326023,-12.04022,-15.10676,-12.012411,-9.445078,-8.929288,-8.138235,-9.526346,-10.786676,-13.187454,-11.661579,-9.659996,-7.3511276,-7.156954,-8.099855,-13.711949,-17.127071,-13.622047,-16.648228,-15.547531,-13.5731945,-14.632107,-16.070969,-12.90484,-12.309965,-16.122318,-10.60223,-3.0889199,-4.9348006,-1.2161686,-4.2696214,-9.96245,-14.005397,-19.614368,-17.262478,-14.257999,-21.23133,-27.348053,-28.139088,-24.320152,-16.240028,-12.834608,-15.893194,-14.652867,-13.878054,-13.835772,-10.461824,-10.583279,-11.259604,-6.8432474,-7.5122857,-10.419769,-6.0863695,-4.4099293,-5.8777027,-5.3758507,-8.2903595,-12.295357,-8.508951,-7.9797096,-5.448633,-7.165446,-5.029947,-3.4520688,-2.335266,-4.9595704,-7.1765766,-7.489816,-5.783413,-3.126201,-3.6846075,-3.5779073,0.025360823,-5.330669,-9.053631,-4.8699074,-6.8015785,-10.935347,-8.700657,-3.3987846,-0.24356407,1.1299921,2.579646,6.628296,8.792611,1.4438114,-6.8766155,-7.0901833,-6.484486,-5.7618074,-6.330386,-8.051979,-8.20068,-12.227582,-8.681203,-10.051294,-11.274426,-0.13946974,2.5815396,-0.49347186,3.0503092,3.2856612,-4.089188,-9.91098,-0.12739052,4.042885,-1.1016839,3.6256814,5.134497,-2.8118033,-7.0749173,-5.8569245,-10.323381,-13.882265,-10.218254,-8.832951,-7.357361,-5.0699596,-9.016125,-10.640102,-12.529751,-11.522827,-7.7488804,-13.24428,-14.908937,-10.252545,-8.622149,-14.963287,-16.46564,-11.757912,-9.436372,-11.416107,-20.815918,-19.191689,-16.56793,-9.421295,-6.5759583,-5.1648927,-5.944552,-4.009434,0.2333045,3.1651154,-1.0271966,-6.1934867,-6.693749,-5.7537365,-2.5160499,-1.4578191,-0.055565957,1.9532824,5.088478,3.9777446,-1.8882248,-1.9662017,0.20391142,-1.45869,-0.93651855,-0.47417,-1.1664308,-0.028446555,-2.649334,-0.97226435,5.429556,3.9212303,-2.305376,-1.1005306,-3.5400572,-4.5757146,-6.527616,-7.5914497,-1.1854584,9.196085,13.957449,5.5021677,5.3693633,11.865545,22.473087,20.053942,10.050383,3.3897176,-4.7607865,-7.4896564,-6.928936,-4.622507,-6.231057,-13.264666,-15.558973,-14.661295,-9.740992,-6.9979424,-4.0333076,-2.288909,-5.4465237,-3.8125026,-3.8977668,0.6575956,2.819068,3.326386,1.5094087,-1.2520878,2.7805355,7.8392363,8.866082,0.4853531,-5.131487,-7.816273,-6.7846107,-14.522125,-17.9039,-14.477821,-7.9665165,-10.513274,-12.1942425,-8.569099,-12.425312,-15.138344,-14.373964,-19.514606,-19.86504,-17.209585,-16.28964,-24.6056,-23.034184,-20.601421,-19.918678,-18.997105,-17.370094,-18.32573,-12.968489,-19.8041,-21.652678,-19.446674,-22.208794,-20.527157,-17.177444,-16.835812,-16.519161,-16.73891,-14.129536,-15.209574,-18.258444,-13.843092,-9.013721,-4.095106,-1.7032444,-0.7158209,-3.92861,-9.56564,-13.673016,-9.879705,-9.315681,-9.137365,-12.8335285,-10.6950655,-9.363543,-8.065916,-4.8370576,-4.8254046,-4.9944882,-8.211283,-4.582038,0.12099278,4.2597485,2.692528,-0.11966571,-1.9657731,-4.189571,-4.2171965,-4.061638,-8.864358,-7.4851484,-6.3872957,-3.027805,-1.8894104,-4.5796614,-7.8653917,-6.8551292,-7.6596146,-6.901956,-5.6333685,-4.8184776,-3.0691316,-0.6734238,-3.1874537,-3.627906,-2.1349971,-1.0596057,-5.984684,-8.69576,-5.806706,-3.8243928,-7.092887,-3.2137003,-0.45884907,-4.072614,-3.0890846,-1.2957172,2.3094249,0.58151317,2.2098954,3.098348,-1.3419961,-0.84858537,-4.7861166,0.27186516,3.9439416,3.389514,5.3355904,2.5037255,-1.1454556,1.6476222,3.7245998,2.580483,4.0136847,3.8911486,-0.7537677,4.2825303,8.847569,8.7909565,3.551628,1.4296446,3.706514,3.2097874,5.205113,6.718955,5.419142,1.8480463,4.2754316,3.8822837,2.3080053,1.5344989,1.9110355,0.63273096,1.202279,0.31912678,3.3912015,2.573616,0.47709918,1.3160491,2.5581908,-0.8227771,-5.0591908,4.4652867,2.230913,0.8141529,0.5716355,0.77556235,2.1112785,0.46525908,-0.88978666,-2.2668376,1.272906,3.5180378,1.3571819,1.9106295,5.2877083,2.1146986,-1.0481746,-6.945962,-8.716922,-9.311368,-8.209567,-5.595314,-8.354147,-10.10264,-5.9865227,0.6143619,3.8691576,2.3898091,-0.88601846,0.51773214,2.4399948,0.18275985,-0.46480626,1.2099054,1.0786154,0.678339,1.2257493,9.201333,10.241706,8.980604,-0.7027885,-9.938971,-6.7703333,-4.8017564,-9.037905,-7.2894344,-6.622363,-8.827345,-10.546652,-5.900717,-3.54924,-2.4918325,-3.9284835,-10.817438,-11.52737,-9.483385,-12.700264,-10.698308,-4.924338,-10.261881,-10.993015,-7.6456566,-13.089844,-12.744221,-9.642023,-12.578914,-14.186977,-8.4171505,-3.9128397,-6.1883793,-5.9700146,-6.1620326,-6.6403904,-4.5444465,-3.4286256,-4.375554,-10.945583,-9.890036,-2.035022,-0.3200075,2.1377175,-0.18589374,-5.784472,-8.590492,-9.451517,-7.636099,-4.337948,-9.590515,-14.444815,-14.466381,-14.702423,-14.885484,-11.961283,-15.462688,-14.347853,-9.753026,-14.351637,-14.614611,-14.99486,-14.967632,-16.607674,-18.247612,-14.900472,-12.706692,-13.330602,-11.843134,-11.000422,-7.7227316,-10.145477,-15.754081,-15.561088,-14.183096,-14.867052,-19.802624,-18.452438,-14.198431,-15.558933,-16.644732,-15.589052,-14.830268,-14.3911495,-8.500074,-10.744528,-12.902989,-11.94137,-12.854557,-12.580488,-12.736998,-12.583773,-9.848469,-8.489445,-10.957445,-9.289332,-14.680035,-16.830046,-11.296792,-8.299936,-12.29077,-13.995631,-12.4470215,-13.324437,-15.568686,-9.155935,-11.3094425,-12.692749,-14.592562,-19.043123,-14.296621,-13.6174755,-12.51635,-7.9341817,-9.562637,-9.051317,-10.45507,-12.054749,-15.150688,-6.3173676,-5.4893436,-10.227507,-10.370532,-11.847182,-19.249725,-18.856161,-17.895903,-16.087673,-10.822409,-10.27496,-7.5528665,-7.3777294,-10.845547,-12.552883,-13.262915,-11.959244,-5.411416,-7.746937,-8.073475,-6.0824203,-11.332302,-14.726177,-10.062482,-11.741963,-13.225422,-11.694178,-12.720024,-14.762341,-14.686445,-10.03709,-8.285526,-8.015776,-9.8283415,-11.552568,-10.6123085,-7.3555174,-6.941188,-7.5584564,-9.593537,-10.078827,-8.718595,-5.4207006,-0.090084404,0.7845225,0.49827528,0.56281257,2.2339973,-0.2361623,1.1365871,2.2143881,2.8214412,4.437517,5.2780476,6.5188007,9.084396,2.726313,1.649749,2.0606718,1.6834569,4.26994,1.3367993,-0.32016706,2.1612425,7.040393,5.332855,2.369052,4.039847,3.443521,0.86540747,0.25886983,1.9917212,5.677064,4.043762,1.9365282,2.0900164,3.3994584,3.2458658,2.9544387,1.1883925,-0.30409604,2.0180619,1.6511409,3.4371138,2.615647,2.5666015,2.332066,2.526299,2.2602735,3.692052,1.3713305,2.044166,2.4229097,3.0669012,3.1209898,3.4186082,3.0391614,2.9561396,2.4709275,2.3347213,3.2545414,3.465076,3.7802656,4.3377285,4.568309,3.8468451,4.1091423,4.994499,4.25469,4.492331,2.6971836,3.4303694,3.403893,2.7372646,2.1052063,2.735658,2.22439,0.08241473,0.7426331,0.74792707,2.9436154,3.4885545,4.575522,4.356739,3.5581594,3.224789,2.694583,3.8765,4.2408433,3.5916102,3.5097003,3.0291684,1.9822698,3.8655875,4.193946,3.5413928,3.1437182,2.1573098,3.058909,3.1523275,2.4650013,2.4047475,1.6666479,0.04514879,1.5729183,2.5994396,2.9474413,2.9663029,3.2288918,2.6713257,2.9367537,3.1743617,3.7096362,3.584711,3.3426273,3.3342807,2.788431,3.4976149,3.206501,2.940851,3.599274,3.5249734,2.834015,2.5538764,2.7571602,3.4906445,2.4827147,3.065443,2.9804747,2.6658838,2.574191,2.0341609,1.8453943,2.7776933,2.8078556,3.769742,2.8175228,2.560399,2.4940941,2.9192438,2.2543645,2.250654,2.3038297,1.4248892,1.7261821,2.671995,3.041001,2.649314,2.720559,2.4675858,2.40778,2.5542696,2.648558,2.5553887,2.4657376,2.4402094,2.4249458,2.4525013,2.5172749,2.4267054,2.3214068,2.2942884,2.3066485,2.2191339,2.2654886,2.1319485,2.096592,2.059536,2.01331,2.0233598,1.851733,1.9600971,1.846012,1.7873601,1.7612503,1.6119812,1.6850544,1.4846473,1.530582,1.4317178,1.2775333,1.3680916,1.0728976,1.0392324,0.7912386,0.7674618,0.6392819,0.24102673,0.101545796,0.0,0.0,0.0,0.0,0.0,0.0,0.0,0.0,0.0,0.0,0.0,0.0,0.0,0.0,0.0,0.0,0.0,0.0,0.0,0.0,0.0,0.0,0.0,0.0,0.0,0.0,0.0,0.0,0.0,0.0,0.0,0.0,0.0,0.0,0.0,0.0,0.0024160533,0.0,0.0,0.0,0.0,0.0,0.0,0.0,0.0,0.0,0.0,0.0,0.0,0.0,0.0,0.0,0.0,0.0,0.0,0.0,0.0,0.0,0.0,0.0,0.0,0.0,0.0,0.0,0.0,0.0,0.0,0.0,0.0,0.0,0.0,0.0,0.0,0.0,0.0,0.0,0.0,0.0,0.0,0.0
0.0,0.0,0.0,0.0,0.0,3.4125586,4.1378317,2.4388673,0.43605894,1.8824922,2.203983,1.5812443,0.7750266,2.412045,3.046822,3.2591133,2.0342665,1.3163419,1.7715728,3.4729538,3.6634135,2.8007722,-0.06699157,0.93957067,2.7990613,3.047196,2.5386887,4.1605225,3.3786793,3.6360724,3.021173,2.9551232,4.632141,3.1754048,0.5520339,1.1885382,-0.20240095,3.8233173,8.813854,7.847133,4.418922,2.935289,-2.7365043,-9.743928,-8.596701,-9.369833,-9.226248,-10.658439,-6.148842,-6.5025063,-9.40041,-13.468517,-8.904156,-8.43286,-7.9324317,-11.063967,-5.769642,-6.7869253,-6.4535127,-4.711475,-4.5905433,-1.1352193,-2.5923653,-6.561641,-7.949972,-8.743048,-4.5787797,-2.4091501,1.8936651,0.053477466,-4.5792236,-3.9954638,-1.3263434,-0.683695,-1.1708281,-4.9327335,-6.750905,-2.2284708,-4.2625446,-7.8948994,-5.2322063,-4.010869,-3.910963,-2.9064057,-4.7520742,-2.8729825,-1.1615536,-1.2350415,5.286668,0.65267813,-4.1928024,-2.342579,-0.13778472,-0.7437842,-2.300816,-1.3859804,-3.5592306,5.0400896,-1.2224727,-3.3767195,1.0794971,-8.807689,-9.890723,-5.428918,-7.29568,-1.4966189,6.12195,8.803079,6.8865223,3.465229,9.88395,9.608318,2.9397988,3.0093956,1.973632,-3.2374063,-6.9951677,-2.61338,3.3920763,10.215834,6.650112,4.5487013,5.6264987,6.486823,6.8576994,6.3055305,4.1670494,2.2160854,7.395318,9.100744,6.325847,6.5698934,5.485201,5.6301155,2.6354446,-0.4949956,-0.16336101,3.673067,6.1983075,1.0335032,1.393953,2.707437,6.499234,6.42801,2.7883217,9.957108,6.751847,0.120416045,-6.598228,-4.913378,-2.242233,-3.0224261,-7.32671,-6.300624,-1.6851197,0.25655562,-1.5591533,0.14013457,-0.9509729,4.80974,6.5626144,9.75568,7.6714954,3.900979,-2.435903,-4.4747677,-1.3878018,2.707439,7.7129536,4.1260424,-4.537837,-1.036419,0.6818073,-1.3424923,-1.9891701,-3.3930957,-5.693449,-7.3034906,-6.0094433,-9.856319,-12.829229,-11.19439,-9.505305,-15.458819,-12.902517,-4.664569,-6.26429,-8.1882105,-0.037140593,2.0309472,-0.26031563,-0.3271336,5.127817,5.039469,2.0255303,2.0127854,-0.09698433,-2.2456002,-6.261304,-4.3027787,-3.5481174,-2.2523978,-0.737019,-7.147817,-5.6778364,-4.9013405,-2.1158423,0.47708112,0.8040716,0.59190613,-4.140056,-2.3447056,-1.0675337,-5.3243046,-5.0658464,0.7326205,-3.0117674,-2.7730198,0.33686316,-2.4376233,-0.1698751,0.95885116,0.50519943,1.7363985,0.6650338,8.667731,3.8696115,4.645531,10.786035,6.756835,8.859499,8.892319,7.2992263,8.234497,7.461972,9.741085,8.729502,4.18307,1.2195965,5.3229,1.2304136,-1.8049843,-4.011739,0.08305514,-0.52766794,0.92609733,2.9468608,-0.42638916,-1.8264358,2.7126002,1.751501,-1.9197885,-1.3033761,-8.723312,-14.1141815,-8.692389,-5.6014104,-2.25039,-2.4652884,-3.675518,-3.612677,-6.578518,-6.637089,-5.7581024,-4.616166,-6.030718,2.1605084,-6.390277,-5.936714,-3.1763577,-9.490953,-9.937986,-6.106074,-5.9692593,-6.445302,-6.3319645,-3.9996617,-4.978869,-7.1556616,-2.5441165,-5.173422,-7.0915513,-6.319094,-8.28232,-7.7800684,-9.711201,-8.210329,-8.803358,-7.196765,-5.828414,-4.7361083,-6.610579,-7.4031296,-7.0061255,-5.7710657,-11.230043,-9.99971,-2.7304227,1.5834451,3.2376025,1.7324631,-1.1022408,-0.20407319,4.1001625,3.3478804,2.4541306,1.406112,-0.6399802,-1.9894494,-0.22507066,1.3650144,0.7478651,0.11868262,3.4466424,0.64018726,-7.049595,-5.8537602,-2.6925402,-10.484121,-6.5852957,-4.3094025,-14.222166,-11.23745,-8.481735,-12.530385,-11.175064,-5.8642817,-7.533537,-5.6426897,-2.4985867,-3.4083557,-3.4339306,1.6316553,1.8318069,3.8009973,2.2849855,4.771715,12.811052,9.63844,11.532234,22.369038,19.71868,18.435852,22.321705,17.578602,25.01389,29.149097,27.902008,26.204212,34.403732,36.65133,36.947266,34.988884,34.480675,38.941498,40.540962,36.671066,32.816692,26.297844,29.39595,27.675114,24.753265,18.552876,7.0276175,-2.3032792,-8.342916,-12.742249,-16.056572,-20.953028,-18.465755,-12.389803,-18.0569,-23.576859,-11.932543,-5.237485,-4.602083,-2.5744507,1.4092938,-1.9948238,-2.2815433,2.270928,7.866179,6.319659,-0.71938145,1.7149501,2.1966238,2.105929,3.7993052,-1.2989342,5.40627,3.0997636,0.4271431,1.6405376,2.9975765,-1.0621483,7.246293,7.173654,1.9607651,-1.5891838,-1.2687672,6.929137,11.35769,6.890794,4.7478795,5.9471054,1.9048729,3.9207897,4.715316,1.9330449,0.973258,0.45236468,2.4119072,7.7099743,7.7008123,5.759318,9.854896,7.610778,4.2365174,2.4011242,1.5543461,3.0273314,4.416384,10.105398,7.6083775,8.368368,7.539075,1.6646705,-0.9152771,5.9932313,9.134072,2.717362,2.9751163,7.431336,7.8250904,9.42737,14.64805,8.180145,3.172688,1.1319934,5.145792,13.77536,12.045969,2.5420346,6.261072,10.020494,10.458363,11.609354,10.049606,7.5755525,4.904193,1.1805598,0.9558917,4.2834926,3.8608112,4.419165,1.9388225,2.881659,4.086712,6.7934184,9.2565,3.4833097,5.0803614,7.763227,1.4160297,4.168417,5.5132656,3.770678,-8.544662,-12.468197,-8.262262,-5.529931,-0.56496024,-2.5929873,-4.6537313,-5.926414,-7.24512,-8.914106,-5.5289464,-6.1752934,-5.0630827,-5.331316,-5.9914374,-3.6408434,-5.879778,-9.293946,-9.267024,-6.555087,-1.6535995,-3.6799998,-2.8754728,1.0596755,-0.82245123,-6.030531,-9.993217,-7.475556,-11.406227,-9.3473625,-11.78625,-14.514251,-12.752003,-12.772748,-9.897436,-0.65728796,2.4052153,1.2163942,-3.0547533,-3.2325656,1.2198812,0.22559714,-3.6082907,-1.3886752,-4.51458,-4.257309,-5.108383,-7.035314,-9.77482,-8.734762,-11.09071,-11.163497,-8.6950035,-10.023509,-8.539274,-8.937658,-8.306579,-12.134251,-14.648457,-12.4174,-4.6691327,2.950426,5.324517,1.0191813,-8.15966,-12.078466,-8.465739,-12.612551,-9.10317,-4.340873,-6.6970253,-9.626827,-10.036156,-7.114273,2.0940168,2.6223476,1.1432123,0.069845915,3.4891038,-1.6482936,-4.3066983,0.9437336,6.3309345,6.085298,3.0683193,5.3525114,7.7752085,4.517722,-0.6971561,-4.2491503,-6.489268,-10.12476,-8.971312,-10.329643,-8.28418,-9.224058,-8.973639,-3.5747402,-7.489334,-7.5185432,-11.035934,-9.564709,-1.3342035,0.054513074,-3.843793,0.35443878,1.3015237,6.2683377,6.8725986,2.2691076,2.097022,-0.24015583,-4.2007,-2.4756474,6.905942,9.036016,9.027023,10.614219,7.010907,3.3875272,-4.4298396,-1.5782506,-3.470111,-2.6253574,0.8676049,1.6046834,6.4768157,5.880641,-2.1269922,-0.07308774,3.2130637,4.6069546,5.986377,0.7443428,0.12377602,6.2148204,13.156752,10.303243,-1.0555145,-4.144854,-3.9825485,2.3242478,3.6943822,3.2998242,1.7167764,-3.0563312,-2.814061,1.4960318,-1.0273224,-2.9846678,-3.2478065,-4.7148623,-4.5821157,-2.1479874,-1.8362892,-2.7433848,-5.2388496,-6.9556656,-1.7625781,0.18328086,-1.4980366,2.8156543,2.4686203,0.40824986,-0.2951715,0.17281547,2.0228357,1.0804385,-1.0266614,-2.2364185,-5.813326,-3.5144706,-4.512366,-4.6760864,0.31565866,4.474221,6.5915694,12.137432,9.218171,8.856039,13.164794,14.268318,11.594063,11.491987,8.849588,10.493278,9.400866,4.768456,-1.4393901,-0.5245236,2.375584,1.6293013,-9.131122,-7.6390924,-9.545042,-8.252107,-10.648262,-3.5143433,3.8104382,8.1986475,7.3117013,4.668489,0.18973029,0.93531287,0.59963375,-0.8293346,2.5752478,2.2216442,1.4704332,-0.5688015,-0.6772791,-1.2424228,-2.011633,0.85937023,0.2107467,1.2921165,-0.4904125,-0.58111924,-3.5859976,-5.4622455,-5.945574,-5.764463,-1.636968,6.304098,6.549139,4.5519342,1.5606854,-4.418841,-8.711272,-10.591275,-5.9260316,-0.73432225,-1.7985635,-4.5002155,-4.8540297,-4.712396,-2.807108,0.39033145,2.175005,2.0995922,-2.5588875,-4.3103895,-5.637588,-9.132771,-7.9488335,-5.925974,-2.2105908,-2.2333207,-4.407613,-7.649881,-5.286558,-8.864252,-9.691412,-8.525381,-7.4942713,-8.057716,-9.279161,-8.697039,-9.181316,-11.892572,-12.848575,-10.419278,2.4752903,6.7557106,-2.7876067,-2.7464583,-4.495434,-7.320881,-10.485108,-8.322042,-13.038997,-6.1534,-5.992231,-4.4085746,1.0429548,2.6424978,-3.191433,-2.7229226,-0.1908871,3.76692,5.7304854,1.1951569,-0.8965674,-2.0747929,-5.4278374,-7.299698,-10.875675,-12.21438,-7.204651,-5.901393,-1.4705755,-3.9018223,-1.2043506,-3.1401892,-3.5676255,-2.3850744,-2.7615297,-6.654236,-5.7949414,0.95429516,2.2729352,-3.0099401,1.7983791,9.624707,3.3005507,1.012725,0.8340371,-0.5394857,3.7703614,6.990056,7.1073856,4.2900205,4.674568,5.337449,6.7724323,10.619332,11.936489,10.311577,10.940971,9.173628,12.6685705,14.222353,15.400387,10.854843,5.0253353,6.80524,8.144049,6.3717804,6.7598925,8.740089,8.405083,2.4285522,4.2892027,7.3418584,2.9014711,3.9395394,3.2260468,-0.23016328,1.6252737,-1.4004855,-5.3530264,-7.659505,-6.1094456,-6.887808,-7.409816,-3.9354439,4.045796,2.9066825,-5.212931,-6.6171465,-7.1634173,-6.6784883,-8.501383,-8.015246,-7.1626663,-8.326848,-8.603344,-10.563103,-11.6490555,-9.569349,-8.150757,-5.5073695,-10.474612,-10.331764,-7.0572824,-4.0925274,-7.0026293,-5.4202223,-3.7021477,-3.030181,-1.7768021,-4.3887796,-9.33967,-9.19261,-7.733657,-4.2543855,-7.809783,-5.718192,-4.941371,-7.1396017,-9.5363655,-9.967963,-11.726423,-9.518757,-1.4094563,4.0322466,1.5029492,-3.9312546,-1.9861996,1.8426063,-3.1321573,-7.7821903,-9.812336,-9.744896,-7.700939,-9.0296545,-15.55474,-15.376059,-5.3543396,-2.7633028,-7.6523046,-9.920745,-11.727075,-11.31598,-5.298991,-4.828579,2.0691602,-2.399472,-8.481478,-0.11816564,3.0119946,0.322197,-0.26069897,0.09009361,-0.27119976,2.887782,5.3326244,6.9313083,12.427514,14.052166,10.775898,7.02384,9.566411,6.939204,3.8628643,1.4272926,1.6354179,2.1127205,1.1904434,-1.9031794,-1.5777831,0.040778548,-1.7884672,-5.093034,-8.6457,-10.830204,-7.8816833,-5.5714426,-8.82338,-8.873585,-9.241585,-9.530537,-7.6377134,-5.51004,-7.22532,-5.356881,0.68258214,2.1621847,-0.16239396,-1.6782321,0.4193006,5.281058,3.5410337,3.1431847,-0.54666764,0.48797044,-2.6739173,-0.58346045,-5.512126,-3.4803953,-3.5396004,-3.8100076,-7.4672494,-6.884589,-1.6395602,-5.538495,-10.565743,-11.025461,-7.1794786,-3.12285,-5.532936,-4.135763,-3.578213,4.409559,7.930361,9.304261,-0.0109272,-7.2337117,-5.3915005,-10.83313,-12.733291,-13.075174,-3.299522,-2.1230845,-2.0977626,-2.437337,-2.311893,-5.132201,-3.639239,-7.134658,-8.325805,-14.151463,-14.817293,-8.1557455,-1.0306029,3.0111985,0.5024215,-2.4194717,0.6620729,-2.5695221,-3.9854012,-10.320827,-10.404163,-5.773032,-7.4087524,-14.518137,-17.612091,-16.76704,-19.334625,-17.910006,-12.285154,-6.8451223,-1.223691,3.0745816,2.601433,0.9435767,0.22873446,0.8981229,3.919148,3.4309337,3.7030058,5.0518084,0.8964703,-1.6169273,-1.8985685,-0.79755974,3.3143167,-0.8326639,-2.4563167,-2.6016614,0.48646343,-1.0972375,-3.161395,-1.3227363,-0.65418506,-3.4139287,4.295065,2.6533306,0.5890858,1.0754324,-0.4535082,-3.0426512,-4.072505,-3.162744,-2.7654052,0.08084275,1.8409024,-0.9379674,-1.3295077,0.1611279,3.9465675,6.5465612,5.4001217,6.4512033,7.3662796,5.018798,7.307262,6.876507,6.1950464,6.7419662,2.4985948,3.88138,-12.952909,-16.340103,-13.138328,-11.068543,-18.295519,-16.981548,-12.1722145,0.57459414,2.571766,-0.55603266,3.332766,-3.9866598,-9.405634,-10.547119,-6.0261955,-1.2381492,-3.4630575,-9.862707,-15.66615,-16.823984,-16.212679,-18.268682,-12.778356,-13.575939,-12.355253,-7.2571673,-3.2791915,-0.30893633,-2.0189376,-3.836376,-2.1106462,-1.751581,-1.5821338,-3.8921614,-7.0335913,-4.2101526,-2.191217,-8.825883,-13.05747,-15.58952,-9.386902,-4.8348613,0.21571356,-1.2719811,0.95184827,-5.9059534,-10.415894,-14.37862,-14.779779,-10.7524185,-9.063509,-11.7508,-10.07494,-6.7756643,-10.018785,-9.779337,-13.130805,-10.012128,-14.762435,-15.575474,-14.921036,-14.554954,-12.759342,-7.126633,-8.571657,-7.621916,-1.8856202,2.508926,0.8293749,4.7036138,2.824409,-5.8793273,-1.6179082,1.7020357,0.98164105,0.5341882,-6.1655397,-5.134056,-5.1922064,-7.5970592,-7.1540546,-2.129347,2.500826,1.6278751,-1.33916,-1.2280436,4.155817,4.7962985,3.285936,7.8513103,4.9412823,2.6542344,-1.5453192,-4.89229,-5.6258054,0.13023889,7.2380743,7.782596,-1.9019488,-9.577831,-15.947832,-13.213274,-9.302687,-6.366358,-7.3065615,-0.44506678,3.4068303,-3.7342587,-5.2236624,-10.48345,-8.389988,-2.0780835,-3.8995068,0.041126966,-3.7037234,-6.9897513,-7.52444,-4.8643136,-1.6910013,0.29505002,-4.195136,-2.637051,1.8087745,2.6038835,1.671878,-1.6203105,-5.1626287,-6.89437,-5.9584417,-8.004438,-2.7347827,0.600225,-1.9978924,-4.7901525,-4.495671,-7.262343,-8.255336,-8.561429,-0.41186535,0.5648135,-10.273197,-11.221107,-5.680228,-1.5916216,6.095401,5.980744,7.4543858,2.463449,-0.6379975,-0.91443646,-0.76926446,0.842168,-2.1343162,0.46085048,2.3902328,-3.4608378,-1.7016507,8.2557125,7.711023,6.1191373,8.98266,12.826707,8.038315,4.73048,2.5948608,1.1678697,-3.3567924,-5.950051,-4.738964,-1.593784,-1.174625,-1.4842943,0.25558454,2.5292726,0.6651595,-5.527137,-3.3906102,-0.88120496,-0.7087889,-0.8859291,-0.5312321,-0.6859951,-0.987412,-3.0007694,-1.9444551,4.1703362,3.8695579,0.15672857,-5.011073,0.67869073,-2.2871847,-1.2894106,1.2940031,2.368731,-0.033709586,-2.336888,-0.88881135,0.9728843,4.5212564,5.038912,4.0799584,4.9230013,4.5399604,-2.056928,-8.7420635,-8.213505,0.8724445,3.7373652,6.829771,4.276221,2.9814224,2.2274327,-4.6107354,-8.011724,-6.7866516,-1.2417346,-2.0228872,-3.8822036,-3.307033,1.8113673,7.715583,6.731887,0.40757066,-3.327468,-5.8793354,-4.5725346,-6.541533,-5.1135044,0.22599018,3.1241007,-3.326116,-10.160348,-11.696917,-5.40405,-6.8869057,-1.5852549,5.2472467,4.225028,0.18309432,-8.410238,-6.246769,-3.5034583,-3.4319448,-4.542055,-3.1943824,-2.65015,-3.8253937,1.7607048,4.160516,7.9384627,13.904978,9.989855,9.583469,10.492758,2.7870173,1.0427742,-1.3430507,-2.7793684,-5.320035,-6.1326237,-6.6165533,-8.160587,-9.398915,-7.553298,-3.0554352,7.148218,14.395216,13.79717,17.74561,21.499516,24.769869,24.736301,29.719948,24.147213,20.975582,17.354738,19.156878,17.458893,16.51057,14.050105,12.752598,13.310877,15.956408,15.020991,16.423811,17.459543,17.518114,16.526566,9.188295,14.9917965,16.58771,11.435982,4.8444786,4.4203286,12.821857,20.62293,21.74987,26.736973,26.54484,24.56101,28.758972,30.816391,23.53949,13.926885,14.844753,11.810089,1.0280603,2.6637764,-2.0527954,-1.877737,2.0656078,1.6811836,2.6573043,3.7384286,3.0748649,8.367052,6.0428734,4.145732,7.7771544,9.584517,5.736455,7.812761,7.943043,10.553093,11.388028,8.599534,0.21113336,-0.3746469,-2.2985835,-3.5104127,-1.9124594,-0.67021954,0.7193489,-0.49824274,1.0205691,0.4505837,4.3369627,4.812197,5.6637306,7.144338,11.095597,15.037343,13.091452,15.414587,14.758772,5.5688076,2.7200196,-2.4504228,-3.3252182,-7.1716156,-4.8751864,-3.046049,-7.8064594,-6.3405046,-8.379654,-9.895962,-9.930349,-8.780252,-7.063242,-11.928035,-4.770814,-0.88393444,-5.719859,-8.847135,-7.3953285,-11.410336,-5.5306635,-4.0016136,-3.224534,-5.0716734,-0.8718262,3.3907552,1.6515045,1.6889894,0.25217807,-1.9351336,-1.9983153,-1.6542249,-2.3657353,-3.6600628,-5.30194,-6.2909946,-3.2335646,-3.8782744,2.0220833,2.5650492,-1.5718611,-0.57813334,-0.09394431,-2.7652493,3.4584036,1.4154605,-0.82057714,-1.7261944,3.9778025,-0.6163291,-4.472239,-3.6986365,0.6359823,0.4624009,-1.7226214,-0.81483305,-6.046173,-9.986578,-3.0876212,-4.0361414,-2.468392,-7.2177687,-1.9491954,2.7886896,0.10151696,-3.8710063,-7.5605927,-3.6693792,-0.17198986,-3.332707,-7.4867215,-1.223808,-4.4727993,-9.179963,1.8450037,4.763272,5.3957357,3.0277047,7.003179,4.0093575,2.5408623,3.9214456,1.7264068,-3.4561138,-3.5588553,-8.325867,-9.664668,-4.8416095,-0.7846986,-4.6303043,-3.319859,-0.26547217,-1.5095713,-4.6806655,-9.425688,2.3040202,-0.39954892,-4.218081,2.5614505,0.90091926,-0.65302175,2.6173573,1.7099519,-2.404288,-4.1228323,-2.6483028,0.5156111,2.0477846,4.659054,2.2164721,-0.14970887,-5.9191837,-5.257883,-3.4820528,-3.9136477,-0.568354,-3.8825276,-1.2691351,-0.80669945,-3.2437918,-6.5743313,-6.889567,-4.3335934,-3.2650633,0.86450446,4.7792606,4.1291757,2.9635892,0.8774048,-1.6191639,-3.0128827,-2.7252526,-2.0478907,-2.8960714,-2.293794,-1.1653279,-7.115722,-7.9292345,-5.1304636,-1.2108576,-1.2623742,-2.1349587,-1.653291,-2.44224,-6.5375366,-5.59484,-10.259346,-5.662407,-0.7565288,-2.2107198,-5.9417663,0.15926597,-0.7323085,-4.6879225,-7.3439064,-6.986505,-9.926741,-10.3488455,-11.064621,-12.359381,-5.0320134,-3.5761085,-4.8820286,-4.0413065,-5.122655,-8.180557,-7.9986,-8.280441,-6.67622,-11.777229,-12.444517,-7.6019936,-3.9551327,-2.6660442,-0.5196987,-1.514283,-2.3729599,-3.030688,-2.04715,-4.200367,-4.5127964,-6.9585485,-4.716302,-2.073029,-1.5736673,-3.50448,-1.3221793,2.24789,-2.0220761,-1.3664513,-0.078614056,1.7506018,0.33881056,-1.0124948,-4.082497,-1.5677941,0.22968006,-1.7317915,-1.4571408,-1.4661871,-3.7614722,-1.0345689,-1.3611186,-0.43227753,1.8894918,3.8473783,5.6916113,1.892346,-2.9795585,-1.0979238,-6.3978643,-5.3878727,-4.9716916,-7.2857056,-10.059198,-7.5031676,-7.1203136,-9.798092,-9.526266,-2.2172766,-0.0014776886,-5.3846903,-5.6734076,-0.5532403,0.6228783,1.1487129,-4.9682045,-8.203943,-9.261189,-8.990931,-5.7011447,-7.0703983,-7.6525307,-5.7434864,-5.292572,-5.4564734,-4.646712,-6.4868765,-7.90256,-6.57147,-4.249525,2.6586516,0.24380158,-4.8069324,-12.587174,-12.153291,-10.829821,-4.819503,-0.15155214,-1.4897505,-7.8329487,-2.4473581,-1.699293,-2.2013392,-2.6641638,-4.0004616,-3.1602201,6.7227488,-1.0308328,-9.1105795,-11.436621,-4.3632755,-5.4425507,-7.6281214,-2.9424996,-3.918867,-5.0739837,-6.7040997,-6.318527,-10.481455,-8.531695,-2.0611339,-3.0261664,-2.6764514,-4.9855537,-6.1093082,0.6566609,-2.1291282,-5.8222713,-13.552063,-15.762297,-10.912985,-12.013855,-11.789415,-11.137629,-11.598934,-4.3366985,-7.7593923,-10.184328,-8.804299,-9.176845,-6.904147,-10.644848,-2.8916671,2.1447294,3.7262383,7.0295677,4.308125,8.374004,4.729566,2.2637668,-1.0992736,-2.2999203,3.0690694,-0.105023235,-3.025928,0.72795206,-0.44792712,-2.9342308,-6.386981,2.0037982,3.0269682,-1.3304012,-6.653999,-10.033257,-11.123327,-0.86682487,3.0162275,3.2459385,2.0133069,0.6910629,1.9840724,3.9855814,8.332022,7.548001,6.37212,5.668185,7.054332,7.225961,6.5662594,9.102266,7.447449,4.7122583,-1.8657818,-0.30494508,-2.3195708,-3.4213705,-5.3888826,-9.673582,-13.042413,-10.857133,-8.233707,-8.869727,-11.8339615,-8.6812525,-0.784176,0.79874706,1.6301107,0.09982692,-8.758129,-8.750952,-0.44556966,-3.7856503,-8.16535,-10.292632,-11.044488,-10.258804,-2.996865,-2.5602467,-5.1091733,-4.87221,-2.9998865,-1.6102233,-3.1510153,-3.2324655,-2.330188,-1.5847421,0.45787644,-9.186243,-8.965785,-3.917146,-3.665477,-2.2491713,-3.3659499,-6.006525,-2.4792495,1.504519,2.940418,7.674653,5.7013083,4.2198853,-0.30819064,-4.31604,-5.0744696,-7.193118,-5.4088974,-9.775528,-8.269813,-6.2020283,-8.871885,-9.2182045,-9.367874,-8.239367,-10.25157,-2.767768,5.431961,4.780402,5.817839,2.9694195,-3.3301067,-3.6742342,-1.2889168,-0.6108472,-5.091433,-6.3109975,-4.936077,-6.8836308,-13.613873,-14.388931,-8.801622,-6.469756,-7.173537,-2.9407005,-1.9082403,-0.96386,-0.66481745,-0.8371903,-7.8253736,-3.848798,-0.21954644,-0.2560898,3.1524696,-4.2475104,-14.732714,-12.363117,-5.7150526,-6.48601,-8.636015,-5.45665,-3.994514,-1.838,-2.4651775,0.47639835,2.5309598,3.7695334,3.050261,3.1900356,-0.069830954,2.529829,0.17819601,-8.695993,-7.372738,-13.212001,-10.651381,-9.421413,-9.226456,-3.2901742,-0.45165706,4.4553947,6.1654873,7.2712755,0.700168,0.6149895,2.8453996,-5.029838,-11.070981,-9.680803,7.8275037,9.322183,8.133133,3.764687,3.0937095,2.3844323,-3.1325939,-2.8034477,4.0912776,4.150684,6.6097956,9.3114395,6.1866875,4.967716,3.218205,1.0962402,0.6739614,-2.6354358,-2.7993083,-3.3624701,-8.340998,-8.086161,-5.5696917,-8.121386,-5.155432,-1.0645908,-2.101892,-3.5027122,-8.818851,-6.3590736,-3.822165,0.33400905,1.9368442,-0.7678908,-3.2457993,-0.76447,0.3771919,-0.4810388,5.2688665,14.416534,9.844957,7.481227,4.976963,1.0898287,-3.207922,-6.3815484,-5.496087,-4.223127,-2.7599638,-4.24358,-7.483615,-5.824508,-3.4406369,-6.3124466,-3.894168,-7.625366,-9.536608,-8.572192,-5.5278263,-0.090857714,-0.6078083,-5.0733027,-2.4379857,1.5597692,2.9468217,-2.1375234,-7.576536,-8.604095,-10.004025,-10.293222,-7.726092,1.964809,4.7268176,-0.888649,-8.9537115,-10.681048,-9.565306,-10.5714245,-6.262356,-3.4283273,-2.9659405,-0.6249067,-5.161154,-8.006867,-4.3836503,-0.9823272,1.420574,-3.1974258,-1.785752,3.9613223,-1.3946319,-9.610813,-8.334081,-5.6321487,-4.8281693,-2.3017507,-3.406715,-2.6496649,-0.48583215,3.5567775,4.3891044,1.894099,2.5348196,1.248617,-3.934552,-9.815352,-8.558455,-8.651138,-13.774796,-14.15806,-13.590868,-14.257,-13.837872,-9.748749,-8.209895,-12.12145,-14.847839,-11.117498,-10.112419,-5.059619,-1.2230585,-2.3595734,-12.218082,-14.505642,-7.2896204,-4.286703,-5.036331,-7.1957726,-5.871196,-0.9328047,-3.8922963,-7.2769156,-6.98623,-9.233635,-0.3720348,0.3735357,0.75359786,-2.3452191,0.02725482,5.487986,8.146906,4.4942737,2.6410546,3.0138745,1.1876323,-2.0953612,0.42895567,6.872478,6.793764,3.036504,1.5657201,1.474143,2.8095589,3.747586,-1.7031264,-2.124078,2.3349156,8.500062,8.250014,3.8838377,6.036978,5.8767567,-2.341431,-6.062437,1.4678928,-4.372767,-8.540401,2.9348805,4.022254,-2.6208594,-3.5760026,-2.2149236,-6.7839937,-8.914386,-9.26729,-5.752509,-1.0126626,-0.5650834,-0.23253107,-2.5893652,-2.1417623,-2.3928366,-2.3980963,-0.16511762,-3.3779306,0.9415773,-6.1985755,-7.957377,-1.1358144,1.6942859,1.8184242,-1.7237117,1.1151998,3.2704897,-0.985157,1.3504152,-2.07586,-6.851605,-8.862297,-9.297598,-8.344317,-9.255877,-6.9305224,-7.903945,-7.349509,-6.539055,-7.8782754,-2.9113972,-0.56556183,2.1957083,5.281352,1.0144398,-0.9790192,-2.4215178,-3.4255338,-7.694941,-5.6510754,-2.576779,-1.5124993,-5.5660486,-0.98543686,4.7582026,4.2604966,-0.92064005,-3.3484554,-3.8006396,-6.927621,-6.8132124,-0.99863,2.113721,-0.5185408,1.0655982,-3.0876238,-9.705095,-10.500242,-11.3551235,-10.651744,-5.748742,-2.5923562,1.8813366,-0.22642696,-2.3626266,-4.597689,1.4245249,3.7616363,10.104621,14.3255625,4.6620855,-1.8829468,-1.0281837,-1.977514,-6.591808,-4.7610655,-4.9840198,-13.348779,-11.744668,-6.236141,-2.7555757,2.7281346,2.0858512,8.93684,14.287203,12.489538,18.519138,18.834694,15.7549515,20.522408,21.1277,26.378489,29.570684,31.608961,21.265118,15.716083,13.194826,12.076309,15.230412,14.250301,19.527908,25.628944,25.626842,26.716549,22.449944,24.77687,22.176956,11.486892,4.8748484,5.2138777,20.377821,25.409607,22.842987,20.481926,20.332188,25.679647,20.54784,12.219618,14.000048,12.928646,14.488049,12.516911,6.820602,-0.7805253,-2.3531654,0.6593064,0.7484833,-1.0685582,-2.1981041,-0.2394101,1.3870198,1.4955717,5.24837,5.9105206,17.618107,20.644768,20.781446,19.44651,19.376902,21.891249,28.748703,35.44388,31.160372,24.68095,18.675632,14.846918,11.369265,12.926309,9.374759,6.6568494,6.7270255,4.777479,1.9967117,6.0131917,6.296579,11.078905,14.439247,3.8761008,3.2576778,6.1762815,7.5398016,6.296564,1.3893975,1.6153797,-1.9346174,-3.0893855,-2.9365857,-4.407371,-4.6847534,-0.568372,-2.5994444,-8.129168,-9.470348,-6.1969566,-5.3299756,-5.5680013,-4.613443,-4.1925936,-10.40522,-10.798113,-2.9208617,1.4316897,-4.0252943,-6.518539,-5.534259,-1.7742705,-0.964552,-6.75581,-2.96931,0.20326993,-1.6033558,-7.76172,-9.041973,-6.2116604,-4.946341,-6.85847,-6.18248,-8.522184,-6.456011,0.73180294,-5.3368616,-7.670741,-5.3822155,-7.480592,-6.8638906,1.4560597,-1.0691943,-8.392122,-7.2257032,-7.7104006,-8.236229,-5.5930214,-2.8006308,-7.852475,-7.9623723,-4.5514736,2.3158405,-0.409348,-2.9535205,4.0213394,3.215705,-1.2886099,-1.8338611,-3.812973,2.2457793,-0.10625458,1.180404,2.9999394,0.8623436,-1.0283253,1.1047118,0.6497644,-2.2605782,0.10569936,5.5675216,3.0966265,-2.5035813,-2.8993716,-9.829756,-11.459527,-6.127302,-3.4859877,-2.603931,-0.40499416,0.49995095,7.6873746,6.3197594,-2.3663294,-1.925684,3.5690136,7.9833517,1.5940876,-2.899613,-3.6557927,-2.0577388,-7.2191925,-4.6000023,-3.1874104,0.5140723,4.709302,3.458355,3.9598062,0.13681418,2.5477538,3.0756118,3.0203757,2.57689,-0.52324635,-1.4186854,-0.14400846,-3.1487515,-5.9986386,-8.882589,-6.4656353,-4.0448093,-1.8052514,1.6946523,-6.878341,-9.887535,-8.280125,-7.137183,-0.86886114,-0.63723266,-1.0557334,2.980358,8.648375,6.593341,2.352285,4.6377974,5.9030294,4.300394,-3.8457832,-2.7355652,-2.82056,-5.0538244,-2.0009046,-2.8672378,-2.403491,-0.7795127,2.4850483,6.8660307,6.8412743,7.860566,6.451177,4.458033,-5.4078245,-7.1184883,-5.6949863,-6.203226,-9.952915,-7.328186,-3.4713073,-2.309897,-1.8549236,-0.44495356,-5.4449286,-3.068294,0.91019887,-0.23970592,-5.0000505,-7.7907166,-4.977844,3.875273,3.63973,-0.66902524,-0.39100593,0.3060792,-3.504105,-3.6834807,-0.13195074,-2.0917811,-6.912385,-6.283656,-5.335962,-1.4228764,-2.255701,4.071949,5.150023,3.5112047,-1.0358207,-0.5810582,-0.7058698,1.8746185,2.505155,-1.0749463,4.1234894,4.0007215,-2.7039585,0.3793925,0.48843297,3.933836,1.8567796,-2.8600364,-9.329051,-7.439135,-2.420601,0.73988515,1.9833462,2.669941,6.7326584,1.4114898,-5.2775974,-8.068185,-4.0001645,-2.1658807,-2.896626,-2.4121494,-0.36183763,3.870625,-2.3527136,-3.400126,-2.636297,-0.93534124,-1.6905843,-6.640624,-3.0423653,-3.635292,-10.440132,-12.514551,-1.9704784,0.5099224,-5.171856,-4.5442524,-5.0771685,-4.2686505,1.7026238,-2.085208,-8.727507,-6.404649,-6.0072355,3.9976509,1.7699683,-4.7308908,-7.261096,-7.693574,-7.3429766,0.3971585,5.260922,7.188939,3.5080996,-1.7368803,-1.4561355,4.558653,-1.0698086,-9.809811,-10.280133,-0.4443785,1.461045,-1.2487068,-5.3038993,-6.7394104,-9.845184,-8.349666,1.2656916,2.8295405,-6.548254,-9.775209,-3.9447618,-1.1049924,0.035270214,0.64133024,5.0263453,7.3534174,4.7328143,5.4245243,3.8338687,0.037697747,-4.474597,4.0788856,3.2675388,-0.1671055,3.994966,1.8653884,4.3203497,5.974702,4.649847,-0.16399121,2.775163,1.5709455,-1.1173154,8.532343,13.004042,10.650134,11.49295,9.470967,11.017628,12.766514,11.215355,6.8630886,8.68857,6.0561438,2.3282804,6.483347,8.812437,6.4489822,4.3177166,4.500021,2.7746868,4.6897287,8.587383,9.717222,9.034449,12.394087,9.481625,17.188076,17.301125,21.844421,19.728807,11.730061,9.172284,8.050498,9.471778,11.8012085,7.302396,-0.8613682,2.6756725,3.8356743,9.396154,9.821915,3.8574378,0.4507329,-3.8057706,-3.910364,-2.1885815,4.2905617,7.112424,14.243929,9.560741,6.8825655,12.17865,18.088188,10.100332,7.239686,7.4700413,4.689438,11.2644,7.7791386,10.990438,13.888007,10.908232,3.3548,4.465163,9.034136,20.603888,22.097939,20.6086,19.001125,12.137606,6.387293,5.1210327,6.5556154,-2.1113691,-8.490456,-10.476219,-8.380103,0.29173303,16.50064,28.393734,31.492935,24.132547,7.2165594,0.66900086,8.791372,16.882172,27.541851,26.874718,21.129158,20.280354,15.107992,7.4099674,0.36139655,1.4852664,-1.9641533,-0.32837605,4.6537795,9.599755,14.985231,13.161528,12.53478,10.865451,12.972961,15.754175,16.611732,15.745012,12.602718,11.3419075,11.280088,12.134834,14.645615,12.575467,12.868719,17.204548,18.949015,23.315084,22.02877,20.89265,21.081953,27.964159,20.872421,14.221069,17.181774,14.754496,12.043511,11.783201,18.12007,16.36006,25.176933,26.646221,19.52612,10.693448,2.4056358,-5.6246276,-2.3739715,5.0446334,14.236609,20.905455,24.490295,21.77511,14.574051,9.753038,9.9146385,8.958345,8.37631,9.224438,10.279868,12.367537,13.701344,3.5242162,2.5466132,3.3279543,4.141918,7.4426794,9.925434,7.3136873,7.8410487,9.969282,10.263336,5.5284705,5.006919,2.622462,9.95058,18.78363,22.207962,26.004223,19.555529,15.971516,10.708473,7.4594064,6.204464,9.486164,8.22431,0.840803,-2.0259688,3.7672641,4.261807,5.794057,3.2570636,4.2403646,3.6688447,3.6081803,5.0266085,14.443924,23.645761,25.868614,27.220177,22.072449,9.350332,-8.258591,-21.392292,-27.719452,-20.532639,-12.807288,-15.42587,-10.5338745,-15.622818,-24.039785,-26.98347,-24.275536,-24.521772,-22.426144,-19.534267,-19.728443,-18.55554,-17.875278,-17.821064,-21.245125,-22.69878,-19.057518,-15.2203045,-16.462595,-17.269451,-17.05729,-15.358825,-17.573143,-19.943216,-23.630142,-23.324915,-16.40168,-19.192354,-23.367466,-23.353403,-25.106396,-27.935038,-24.796276,-25.941769,-29.233381,-29.06399,-18.331104,-2.9134598,8.083293,19.028366,23.654957,10.592997,-1.947932,-0.5334936,-3.193682,-2.7678561,-2.47024,-3.4304414,-3.6293504,-8.315838,-7.2266245,-3.2217937,-2.4474456,-5.8873205,-3.8173883,2.3088512,4.8022633,1.8139457,-0.52793956,4.1245756,4.1546745,-0.5813927,0.64165014,2.7540536,2.0891433,0.6254184,-10.3453865,-9.023713,-5.410679,-2.2595093,-0.9893187,-3.2257285,-1.5187525,-3.0689673,-5.1715875,-0.049008563,0.5779707,-3.1944,3.795782,5.846606,8.810248,8.184585,10.445564,24.826372,33.86803,29.691393,14.423993,7.503018,1.3702282,9.228809,15.859397,17.026028,19.342516,15.333701,11.791524,4.656878,1.9260185,-1.4100888,-5.7745976,-4.7802215,-0.6771049,-1.0524863,4.845297,7.781335,8.073514,-0.72062284,1.1528672,4.639153,11.1387005,4.1809626,-1.2025099,-0.3463825,-7.167863,-1.3922436,-1.9828911,-7.846223,-4.689239,-5.523432,-3.0966253,-0.6553158,-0.006463914,4.9918613,9.957965,2.573501,-2.3580375,2.727942,7.840405,12.463188,23.835316,26.805973,15.2456255,0.18292248,-9.0659075,-10.739223,-15.1995735,-15.033617,-16.461407,-6.8784084,7.9251833,10.233173,2.662668,1.6007657,-1.1897204,-1.6093094,-4.858761,-3.7885485,0.9730782,7.345289,10.347795,5.3825064,2.0831342,-1.1404618,1.9384769,1.2325087,-0.447505,1.0584476,2.138363,-4.469261,-1.320194,2.1923623,-3.3191395,-1.5442591,2.4578707,-2.1342468,-6.1971154,-7.4618816,-2.2696357,-1.4595178,-0.5135387,-4.138406,-6.121403,-7.1461363,-10.863882,-8.550183,-7.9377537,-3.964031,-8.121083,-11.545382,-11.755712,-7.9571495,-6.8800898,-7.6812344,-6.038164,-7.5828876,-7.401598,0.07999486,-3.562011,-5.6439943,-4.1693273,-0.7839916,-2.1744585,-3.63299,-0.060159087,-0.32329404,1.4669644,2.37341,-3.3261514,-6.631359,-1.2864721,-0.4867922,-2.5427527,-0.94250596,2.7082756,7.2723675,6.1052175,-1.4168825,-3.4386358,-4.281144,0.92703784,1.1175569,0.63101727,5.640884,7.2951994,3.3680286,5.45239,6.334874,-0.71857625,1.6335318,4.418494,3.8367314,6.774578,6.525627,0.74308777,0.383892,-1.4885358,-2.8444512,0.27300322,2.6296296,5.3748236,2.0173693,0.48296076,2.7905788,6.9959884,2.8068519,-1.6380545,1.7129203,-3.69739,1.630672,0.46083087,-0.78945595,-4.097213,-7.0968294,-8.410763,-4.6970763,-2.672144,-0.2568617,-3.8207526,-10.963074,-11.140266,-2.5200768,-4.069605,0.34383562,2.5957143,1.1259731,3.9589448,2.8043656,-0.9146476,-4.2615585,-6.126117,2.7739608,-3.2802756,-7.918991,-4.6168575,-2.2503529,-3.3331609,-4.59711,-12.13341,-9.790655,-5.364851,-3.5449042,-2.091921,-0.0017883182,-5.0915976,-3.9208488,1.5443382,7.3329515,13.059673,18.628675,28.159199,32.501175,22.166162,16.900002,16.528502,9.808659,9.443203,21.146994,28.157597,22.824919,12.20886,-0.10588169,-5.861724,-8.560577,-4.50558,-0.0464139,-0.42602432,-1.4339801,5.478362,12.24551,3.9424465,-1.8036704,-3.1675422,-8.042895,1.0631945,8.057842,7.8799505,9.0991955,5.807481,2.2966492,-2.794969,4.003233,4.9822645,-0.025666356,-2.4985836,-6.208371,-8.1189165,-1.7954733,1.1344264,2.273065,12.377552,11.220843,2.1215816,0.50935614,-1.166328,-0.6763537,3.7785068,6.2034802,15.283396,21.167988,17.379845,5.974674,-0.68883187,-3.1729665,2.5429664,10.633804,26.870625,28.581972,27.382475,19.48064,9.853334,-3.140454,-4.3248577,-3.4555037,-3.5988898,-5.2439947,-2.3565433,-0.2383658,-1.5868781,0.79070884,-2.9737368,0.009930514,3.4173512,5.0826693,6.704121,0.20070785,0.80516076,1.103717,2.5102403,6.669653,3.3937726,2.54206,2.8784673,-1.6126541,1.2112795,6.81501,10.422975,10.541771,12.656027,7.7119293,3.412305,10.756032,12.6527195,7.0840936,4.887735,6.7703495,3.8847675,0.17010719,3.2031662,3.5330846,3.4680853,5.4915056,9.46221,17.26367,25.82209,32.171616,27.146595,8.385923,-5.663967,-11.216478,-9.22525,-12.447584,-19.623959,-20.201412,-15.162399,-12.229206,-14.675305,-13.942182,-13.140577,-12.88235,-10.694576,-12.897785,-8.048227,-7.3630023,-9.781963,-10.0530405,-13.32719,-10.476356,-11.642493,-11.381079,-10.768701,-12.931396,-12.630007,-17.924047,-18.80383,-14.661696,-16.485567,-17.879202,-17.980995,-17.05562,-11.241342,-10.625296,-7.453108,-6.9147935,-5.3380103,-4.3775177,1.9584613,7.9997325,20.11523,27.602386,29.388739,23.66364,17.949944,16.66949,15.140448,9.038144,13.292742,10.269377,5.5155077,7.8936954,10.4727545,6.8809023,2.5593152,0.0286659,3.249102,-0.2387715,-0.8820704,6.574851,12.55603,14.5479355,11.945178,7.7910633,7.199915,2.4633672,-0.05625558,2.3942862,2.3479242,0.4422636,-0.37013572,2.3093696,8.447266,12.972113,20.252111,22.704521,15.116914,17.562435,18.573864,18.302835,20.71925,13.305404,10.519112,22.041763,30.051374,34.591476,38.777954,23.419735,6.187462,-3.4405375,-1.8263823,10.9093075,18.689213,19.683538,21.285187,19.206924,9.537509,8.718414,8.722654,9.032604,9.31757,13.505514,11.374495,8.350374,8.278444,10.401899,4.8952284,1.0953722,4.3987103,7.041601,17.042572,21.574413,19.594494,14.19821,13.680854,12.928302,10.392505,10.996681,12.445444,11.767595,15.785013,22.32927,25.683393,28.887413,30.0916,27.275078,28.60034,32.01615,35.249123,34.67697,14.603214,-4.1019597,-8.651707,-10.743621,-12.992277,-6.8920226,-1.8447025,0.11618841,1.1766491,0.005981356,3.5478952,5.316786,-1.5436997,-4.3039804,-2.0259995,-2.771563,1.4044673,0.65627456,-2.18539,-5.888,-4.7016964,-5.211158,-7.2066875,0.9463042,8.629608,3.5590725,-2.727174,-3.714345,-2.786734,-1.6099632,-1.1677378,-2.7688618,-8.402811,-5.007732,-0.59530413,-5.861201,-16.400688,-11.170675,-0.6995106,4.341971,2.5754836,0.15888318,-3.0277708,-7.2090836,-8.262526,-8.7904005,-8.063999,-4.2458296,-1.6956224,-1.8942914,1.3466327,2.1254034,-1.3745508,0.25446087,-3.6650188,-5.319504,-2.437274,0.17223859,-2.3905253,-0.039310366,0.55632055,4.497014,2.8785872,1.9359791,-2.278677,-4.847865,-4.856476,-1.2148993,0.66713226,0.8113905,-4.142982,-1.8171023,-3.3471794,-6.9564557,-2.407339,-5.2564244,-4.4628973,4.129653,8.173667,4.334035,1.2669611,0.96553683,-0.41986215,1.8515744,0.9365351,2.104014,2.0568383,2.5396428,4.0756874,3.0253103,5.2302985,7.9746304,9.970902,7.116576,6.4001245,9.31912,9.570297,2.5942774,-1.6951995,1.5267763,5.341213,7.5312724,8.451195,12.018696,5.138132,5.8925934,6.8739214,1.9759569,-1.6386895,-1.9909649,8.786833,18.821018,20.135977,19.086945,18.694569,17.77288,20.496601,19.754822,15.529165,13.814016,18.508846,17.705433,15.879313,12.504098,8.844015,11.180847,13.758615,18.89581,14.566279,17.707603,18.482498,13.019565,13.292256,9.89841,4.8946514,7.8812623,9.323843,3.72871,-0.17638345,-1.0583649,-3.4384594,-2.3790994,-3.3711762,3.7138972,5.31542,7.713275,10.45047,12.795373,14.081537,19.337715,26.803484,26.900936,28.95475,27.694511,25.735207,17.821552,14.081041,16.049751,17.9526,17.832243,23.550201,25.89645,20.897982,22.988869,17.2134,17.829828,15.982451,11.228432,15.806865,19.945873,15.946544,15.241908,15.244717,18.079906,22.96998,24.408213,20.63873,17.962397,17.490772,17.100334,9.397973,10.592186,17.187191,17.03675,17.033447,19.275406,19.581455,15.45549,14.450646,17.122345,18.445839,25.068073,31.83945,22.581362,18.344036,20.488615,23.871181,27.02387,28.687172,23.083338,23.829784,15.009884,9.398875,8.932457,13.871936,21.985397,26.284939,29.808361,26.615807,22.31534,25.226273,23.367062,22.239964,20.551662,17.770298,25.266518,27.972569,28.489313,26.591732,19.197166,16.906729,15.88023,10.317451,13.0483265,19.356165,16.90953,14.568515,16.224922,12.279257,12.562995,7.320553,5.39788,12.716066,13.209027,0.72465897,-5.4994946,-8.216505,-2.268847,-2.8643098,-10.056268,-9.449869,-13.9091625,-10.470895,-9.824536,-16.38636,-15.87681,-16.334166,-1.8898088,7.260022,3.0622392,0.90394306,-6.181633,-2.8202279,3.3051782,-3.539151,-11.874243,-14.553535,-16.778046,-19.319624,-22.003603,-24.987278,-13.763758,-9.253494,-14.410412,-17.220245,-8.017632,3.4532752,3.6700072,-9.69702,-13.665251,-20.135641,-18.740944,-11.698129,-17.664965,-8.651215,-0.9305632,5.580366,6.511409,2.5305314,-3.9834507,-14.552166,-18.658169,-14.619919,-9.20475,-3.4428627,6.234079,11.532093,15.243543,17.309753,16.208103,15.843691,18.480835,21.705711,25.618637,20.373508,12.396118,5.1209574,2.5544605,-1.0849804,-4.0931406,-3.2094464,6.1841125,6.396137,3.2765472,1.6041508,-3.4675722,-0.29636556,5.5531616,7.4511967,2.3777266,-2.730391,-6.7565913,-7.501478,-5.883376,-1.9556156,3.2953305,2.6088293,1.3146359,1.6996183,-0.5386406,-1.2057092,3.1465561,1.6954036,0.9070883,-2.3797557,1.2078459,5.4072905,-1.3863237,-3.6731915,6.0163994,16.842592,19.563768,13.7399845,15.5331335,9.184632,1.5858085,6.2594995,9.105508,6.3661027,-7.808951,-12.9584,-1.6123561,14.72303,25.79608,26.23519,23.270842,22.861708,15.927905,17.48346,24.3962,25.249523,24.86267,20.66243,16.632488,22.135475,16.808203,7.161729,0.5105361,-1.61425,4.4763536,3.4184432,7.0979614,10.920816,13.852848,7.9267945,4.999705,5.768523,4.026807,8.598481,8.612617,7.5688543,11.297283,8.964051,3.5943716,8.9282675,5.531248,-1.1625496,-1.4176722,5.5529957,2.2045288,6.372942,3.8886795,-0.8477056,-3.3900518,-2.7545052,0.42420208,5.031822,9.191107,8.63973,13.486624,19.811193,21.15335,19.363794,10.04642,-0.47217536,1.0323428,0.46224424,3.476562,11.930077,12.7204895,12.755468,9.472998,-0.9995306,-3.6496568,0.12459779,-3.4133215,-3.2051067,-6.459926,-6.799408,-6.816759,-3.2413008,-0.42964077,-3.9034615,-10.851164,-8.507435,-5.544979,-1.1184298,-1.8852615,-3.1612377,-3.067042,-4.2307463,-6.1782303,1.9971137,4.575391,3.975901,2.3933754,7.006302,3.3312476,-2.9188366,1.9287028,3.5790095,0.33774155,-4.2895,-11.046876,-10.336607,-9.268895,-1.1652422,7.7198095,8.985241,12.397295,12.273207,7.4750576,12.108397,13.2680855,23.560902,27.569168,6.8312078,1.3789587,1.0655546,-0.19465661,-0.10883817,4.9280496,1.2174797,-0.7849202,7.118039,12.625673,13.38827,19.313038,19.218079,25.364319,22.375053,8.044552,9.964689,8.831628,3.0695052,-2.1406236,-1.1217914,-0.5076209,-0.15357316,-4.396555,1.6053971,6.441725,3.545616,0.63486993,1.568836,5.513871,4.287301,7.054325,4.677086,5.9557962,4.1788855,6.2721424,9.471251,6.0363464,6.742831,9.056761,5.676054,-2.9595337,-3.9776,-2.0363162,-0.8813573,5.5053196,9.655881,8.286221,4.892149,1.8698858,5.0942225,6.8156314,9.2452545,12.410061,14.846202,16.714214,25.148073,29.61861,21.041336,12.072827,9.1563835,3.5600414,-2.3970175,-4.2149863,-0.7935307,3.4109378,5.7212954,4.4084516,6.8717647,10.080072,10.565481,10.962339,9.51238,10.18269,9.398344,7.618968,1.9330151,-5.1207395,-5.199109,-6.052453,-5.48079,-11.088992,-6.111665,-7.4872355,-0.84289443,9.498462,11.667882,8.541396,7.4034886,8.773494,5.801049,20.911201,25.67087,27.577726,26.52264,29.223087,26.191536,24.154985,24.129696,15.433432,1.9028515,-2.5976603,-2.3031955,2.9779992,5.9883766,2.2855093,-0.8677366,-3.325937,0.16171694,1.8358929,3.850954,4.9809446,1.9424514,2.8890615,9.972055,9.769815,10.044443,7.9033394,6.996867,6.2947025,8.517951,6.1723394,4.2219872,-0.3818431,-1.8941636,3.1833084,-3.410474,-1.7806766,1.7216574,3.7634337,3.4355388,1.4086733,-6.4516306,-4.1901813,1.6721666,-0.22146869,-4.4794054,-2.7268755,-0.761556,-3.0289688,1.0937452,1.4622254,10.055531,13.972136,13.29287,10.008201,11.134678,18.495378,17.700825,15.586106,11.412993,12.964979,14.4899435,2.639771,-4.5365458,-7.429799,-6.1625166,-6.5176377,-6.911728,-6.5178275,-6.746627,-9.493219,-0.76535976,3.933727,6.577114,8.594253,6.222164,2.4269152,3.1409922,5.604178,6.5730314,0.78041327,1.9553275,6.862625,5.7892456,11.517335,18.946526,15.889015,7.8974595,4.8762264,2.117365,-7.0540876,-16.780956,-14.314644,-6.4250755,1.0727202,-3.206378,-9.3998575,-1.8282213,-6.9200196,-12.113373,-12.740656,-15.652605,-14.022794,-12.29535,-13.010088,-16.573435,-19.68713,-18.273504,-19.631638,-19.289717,-22.209354,-12.137173,-5.0231266,-1.9360981,-10.57243,-22.37033,-22.960697,-20.1747,-17.850014,-17.077415,-17.89824,-17.89281,-18.699871,-16.011423,-8.055938,-9.673909,-16.88506,-21.064102,-19.341373,-13.250584,-14.620108,-14.565361,-10.322334,-3.2615232,4.9391317,7.4084396,11.349388,13.07739,19.750212,22.833925,20.425512,18.867,25.756275,27.736704,31.15194,28.147636,20.249817,15.947856,11.172092,6.1276064,3.9457526,-0.0054113865,-0.01376164,4.8234715,5.4912453,8.464905,13.963627,19.06675,18.224876,18.031618,22.686836,20.967714,22.54668,23.67888,14.109078,17.149597,22.706192,21.095982,19.8372,19.809237,11.723642,12.467403,16.080658,11.355244,9.163555,15.7222595,23.316425,25.097273,13.404379,1.4559054,1.7533846,2.7809277,13.241955,20.155256,15.677717,18.418556,21.598728,24.74628,23.00214,21.622284,21.386703,18.179539,14.498144,13.212931,22.349266,29.282646,30.792282,34.914513,26.296469,17.95716,12.244711,22.112364,26.024265,26.64123,29.76067,24.149637,22.008316,23.283585,17.371382,13.494023,16.071291,20.76065,12.532822,7.9957895,14.171739,20.977749,17.486168,18.116497,18.328793,18.718931,24.495789,25.731754,26.666664,25.3263,25.351837,23.84946,18.87185,15.265756,11.417884,14.96439,18.48824,17.697578,20.4385,19.439568,22.10347,22.436222,20.363474,17.5878,17.134575,20.164251,22.389637,16.534185,15.970107,14.689283,9.341766,2.431706,-2.5898044,5.6876993,6.0532007,3.4381173,0.8514461,12.459244,18.37004,13.368149,14.125326,21.980328,20.509003,22.853436,32.86924,30.427479,28.114328,30.587875,35.5146,31.374403,17.085522,7.343026,11.82218,14.606443,6.7559905,3.5352507,9.135117,5.939951,4.749144,3.2221808,0.8145262,1.1956241,-1.9922371,-2.4972634,-0.72725564,3.3389678,10.738452,7.311179,5.1226883,4.164213,0.19298387,5.4181943,9.309439,1.8073856,-5.987544,-5.5506253,-2.776438,-3.907693,-3.3978157,-7.062043,-4.107756,-4.8434935,-2.1216145,1.0051696,0.8412168,3.206432,3.749009,-2.759155,1.4732747,7.1111913,4.8956413,4.0695753,7.5425253,3.0918732,3.0398324,-0.83184755,0.8105958,-0.28431726,-2.5831814,0.89462453,1.0915797,-1.8793367,-3.314238,-8.22237,-10.097528,-8.271069,-5.6901855,-8.353242,-9.938595,-6.3559875,-2.8268497,-0.93083423,-2.365049,-6.4473305,-7.9920635,-6.432351,-4.6275225,4.0980883,7.686839,12.59712,11.734093,5.478378,2.704461,8.722807,10.52266,6.2665873,3.0159416,6.231538,4.737498,7.9937773,10.476816,9.04358,9.386017,-1.8849915,-0.60726583,7.537204,8.006666,7.8877068,12.694464,9.42156,5.367056,8.487712,4.224391,3.9139457,3.104778,1.0980706,1.7826371,-1.417571,-6.646229,0.24498051,-1.6693606,-2.1754253,-5.573478,-7.3371816,-6.4958296,-6.1571145,-3.5153441,2.6985707,2.7333639,-9.082119,-10.347639,-7.478326,-7.1516504,-12.289423,-9.996197,-8.255743,-4.5539207,-2.7723572,-6.457301,-7.8805504,-7.34467,-7.109296,-2.8251116,4.843151,6.18873,-0.35095656,-3.6737857,-1.9034963,-4.6389546,-6.1246815,-3.542414,-5.432789,-7.085913,-3.4918442,-4.9676266,-7.4458013,-8.206269,-6.785419,-0.6915205,-1.410548,-4.5751414,-2.2404099,-2.1434135,-1.4443339,-0.087982595,-1.2652037,-6.7327585,-8.13867,-1.1884521,4.2495446,6.756572,4.88051,6.094144,5.1757455,3.678924,3.1399064,6.541438,4.0005527,0.9450197,0.3960622,-0.07203156,-0.2766505,2.864492,3.8480244,-0.7941263,-0.20214921,3.1009269,-5.0176363,-7.628254,-3.5866706,-2.9661686,-1.5809604,-1.6721431,0.9499788,-4.6742325,-9.190659,-4.936058,-0.37065881,-1.0585704,5.9118357,3.5613356,-1.7896322,-2.8092532,7.0921345,8.01867,5.2787485,8.248629,14.389876,12.966526,6.612296,3.6762705,6.3924756,8.058502,7.5127187,11.797567,7.897109,5.8600845,3.8775241,7.8960533,9.398729,9.287943,6.0682526,6.821719,4.3777485,-1.0792019,1.8202778,0.25702417,-3.2577143,-5.2188134,-3.941556,5.171278,11.501133,8.402168,4.1222467,-0.44659317,-0.7835782,-0.00760334,-0.59043974,-1.0148368,-1.9012659,-4.462131,-3.3258762,1.2643365,6.3783484,3.9704804,6.688078,7.134965,5.990884,5.3450685,1.0413343,-3.6002927,1.0195293,-0.17889845,1.9642402,4.3576775,8.219973,9.588083,11.381252,7.973152,6.622505,10.906797,11.772787,13.571991,4.44936,-1.0185544,3.3791602,1.5629345,3.726422,0.992867,-3.2296667,-7.571019,-3.8207874,6.7302575,9.670042,7.707135,-3.8798041,-7.270406,-3.9474063,1.5524862,6.421186,9.526949,3.140555,5.779572,6.7155046,3.939205,-6.4447837,-3.5249593,-1.0342152,-3.1302528,1.0591515,1.6060838,-1.9339037,1.4115067,0.016779542,-6.360774,-10.967153,-11.685959,-5.740616,-4.0833097,-4.2446904,-3.7964206,-4.922413,-3.360989,4.6625223,-1.166316,-4.4710073,-3.3858745,-2.260998,-0.6736361,1.7032199,1.3477336,-2.2074707,-3.5595193,-3.5567164,-6.1022263,-8.167286,-10.000849,-1.6777233,-2.3711348,-1.3718396,-0.9241944,1.3598217,4.1904545,-8.321956,-12.939911,-12.974315,-10.156937,-8.271839,-2.9897304,-1.0950484,-5.77755,-3.242175,0.16990143,-2.4525132,-6.689248,-8.088822,-6.3513293,-2.970422,1.5354462,1.3427424,0.7186874,-2.4550934,-3.2321157,-4.420614,-6.940303,-5.609068,-8.072878,-4.0571113,-0.89660597,4.3809314,8.360135,4.632105,3.928802,4.703068,3.1554604,3.835997,4.636308,1.6179764,-1.8840348,0.5729737,-2.6382515,-2.009336,8.135489,1.0512253,-2.2168167,-3.4094055,-7.107797,-5.1544785,-3.892296,-5.7276053,-4.8083944,-6.9642916,-13.975594,-10.993305,-1.5953288,2.852394,6.1081467,9.516835,6.86539,1.9528031,-5.5029936,-8.125967,1.1161664,0.6676719,-5.654667,-7.213084,-9.20861,-3.919403,-2.8034186,-6.8227425,-2.2792523,1.2945635,-2.9192467,3.0106385,4.8738985,-5.757619,-4.195036,3.4999352,6.280755,10.821752,10.492861,8.422874,5.0366397,-0.5164547,-0.96186155,-3.9511595,0.75130874,3.3813481,3.9766412,5.3110933,4.8526216,4.623298,8.223301,5.5176363,2.0766861,-1.4566013,-0.26122975,-0.7840098,3.6201322,1.2750832,4.081146,-3.1352134,-9.382035,-6.359871,-0.38565552,4.653297,4.292223,10.496962,7.8219814,6.518404,4.6453056,4.18363,-0.4438757,-5.9494677,-5.9680204,-3.1750362,-0.17439438,1.6449751,-4.84054,-6.464045,-3.4297862,-3.4683836,-8.215544,-9.821885,-13.006674,-5.693338,-3.6121306,-6.730259,-3.4147892,-2.2581809,-2.6632802,-1.8929398,-2.7555287,0.29332286,3.835898,4.4286575,2.6803174,0.89054585,0.07102862,4.6636176,1.4527905,-0.30132133,3.97144,4.467237,2.0503016,2.0379834,4.680974,5.207505,5.6166086,6.722537,5.782862,6.631377,3.7722895,5.0160503,6.0962934,8.46206,11.214035,6.45009,7.7944546,10.364643,10.426973,12.110546,14.637511,19.611963,17.344624,15.013418,15.920388,15.847092,12.600517,6.791941,5.2889853,12.953621,7.9576945,8.92713,10.534949,8.119183,5.454908,5.293065,4.1330156,-1.1642942,0.044703424,0.75810087,5.301611,8.562567,16.37421,14.595221,4.667106,5.427163,2.6398892,4.7522755,5.649309,4.7685184,8.010161,3.712431,-2.3862033,-1.1864003,-5.2950726,-6.6465397,-0.7409061,4.7757797,8.75695,10.399553,12.626857,11.748341,17.376574,16.765896,16.836563,12.332877,15.244298,12.659357,7.33167,4.109283,-4.5194025,-1.3666859,-0.8261237,-0.0655804,3.7508135,15.828797,18.100266,21.9719,15.406828,6.799242,11.999509,25.722721,25.673752,15.281696,8.885778,2.7274373,-0.9667921,-4.0134034,-7.61016,-2.1080244,0.72715634,-0.70300937,1.6749222,3.835031,4.3622866,10.49021,9.98688,9.505532,14.075451,13.262294,11.199793,5.0793133,8.305518,10.329447,6.764743,3.58111,0.9245045,-0.6741235,-0.16720647,3.466002,1.4138486,6.7571073,12.14869,14.884554,14.393831,14.6688595,16.415405,19.383852,23.132729,23.653732,33.389153,43.111748,44.757133,42.00795,37.453262,32.904564,28.221312,24.59095,16.852066,9.806271,11.568836,10.782643,12.3842125,20.921715,25.1357,26.64034,32.595795,34.73351,29.032972,24.090816,22.540524,-0.07902995,-3.3628535,4.493348,6.4720645,2.2657595,2.5968065,1.8947636,2.134396,4.836851,2.3917274,-1.3656498,-5.3558836,1.0816085,6.9003057,5.4127874,8.430643,10.421097,11.980608,12.443384,13.195964,13.897341,13.257586,11.991698,11.286399,13.670446,11.488161,14.145971,12.936541,14.419424,18.193283,22.00238,27.566978,28.983067,32.081703,31.85876,26.76867,25.059586,15.434149,10.515081,2.652925,-5.5017815,0.17398316,15.745131,1.9325405,-12.781334,-12.088182,-5.82518,-4.792733,-6.61543,-5.7122803,-2.223159,-1.039263,-3.739032,1.1500688,8.723514,14.624557,22.618774,18.151854,18.67085,16.971483,18.156235,20.043022,16.504433,10.181364,11.692205,10.121435,6.0026007,4.997916,11.000295,9.376197,5.098983,2.0719442,-2.810256,-7.3548946,-5.6021647,1.326491,3.705108,4.854938,4.967572,4.995315,8.03066,14.225361,12.582044,5.9670734,-2.8789914,-0.22740698,4.6916404,4.64618,4.7735662,5.795538,2.6629953,3.8739386,-0.31715077,-4.7646165,-5.7300014,-1.7189687,-2.6716068,-2.6431346,2.0027082,4.8403893,1.6237986,2.7872355,9.563765,9.344687,11.409105,18.915041,20.724384,17.297672,17.58107,12.338176,13.220345,16.214466,13.035385,13.440943,16.859844,18.99237,18.207226,20.14091,20.1813,21.999153,20.157318,16.958115,24.540987,18.443066,18.595226,20.933216,10.177923,3.6333437,0.6548445,1.0726565,9.453009,8.503981,11.595135,18.508266,20.424381,16.772997,17.018915,12.9419,11.124247,-1.0667746,-3.307901,-0.25805926,6.106349,18.385681,22.792023,27.180748,25.693897,28.291859,25.642479,17.057156,10.391252,6.3516817,3.9244046,2.090818,3.196941,6.198223,11.7138605,21.947487,23.491474,22.150444,24.169188,25.579113,26.420998,21.4761,23.354942,19.046558,17.000984,15.780294,10.95977,16.679113,19.013935,20.18306,24.198792,25.636616,21.070095,18.85207,14.042627,15.002426,9.954781,11.617168,13.032101,12.085657,5.396697,4.200097,2.9983816,4.822273,5.4872446,4.4958982,6.67259,9.999294,6.902391,4.003832,-0.76501954,4.1370616,2.0273747,2.9656029,4.417343,4.0736365,1.9009304,0.95576745,1.7339965,-3.2447457,5.9087753,13.327078,7.6571054,3.4788997,1.8683472,7.7071233,18.297638,18.885094,12.916037,13.253023,14.25198,17.643942,21.173885,18.79426,17.13657,15.724311,12.624565,13.379627,11.4881525,12.652658,11.26166,7.314067,3.1902578,1.2807431,-0.66575927,-6.9766054,-3.7032557,0.6873682,2.1977506,-0.7440848,1.6319156,-0.95282865,-3.269451,-6.8072777,-5.426565,-5.42342,-7.3059216,-17.749489,-10.056587,10.414597,7.139188,-0.41757244,-4.0495243,-6.505955,-7.1262093,-7.7354755,-6.058314,-2.5722678,-5.0359163,-4.0288343,-5.8959293,-1.2628794,-2.7635036,-3.5549288,0.55319643,5.7592716,11.940664,11.313351,5.6341453,3.386496,3.7372344,-1.2559954,-8.61183,-12.438284,-10.714626,-11.925844,-11.076159,-5.9615703,-6.2500916,-11.35468,-9.003395,-2.5422227,3.722148,-1.3588191,-4.5321693,1.3647393,10.993309,12.0361,9.488714,13.021423,14.901304,19.63654,23.842676,26.564041,24.9305,17.525768,5.8453083,7.0027976,11.927002,13.416754,16.940548,17.532238,19.09312,19.255013,13.770344,8.465057,-1.2976067,-15.268795,-13.270583,-1.813295,3.3046854,3.362139,5.153144,6.535676,12.153793,15.70933,12.775349,6.322379,3.3234332,2.737752,7.6641126,11.930393,19.246368,27.31669,20.375511,12.151828,6.542324,5.7716837,10.264865,19.17355,22.541552,17.542135,5.598385,3.054353,5.58559,7.4816017,3.1574085,1.3133717,2.8121197,1.3852358,-2.2561355,0.52992296,3.0343707,-0.05750933,-2.3912818,0.19498634,7.6185513,14.938068,17.210386,12.564241,8.015516,5.3821955,0.24254912,-5.5475807,-3.7781894,-3.502691,-2.4101443,-4.053549,-1.7133574,-1.6085933,-6.9165487,-10.748756,-9.360489,-1.6894145,4.1908445,6.0725384,6.119037,4.1732464,0.33943787,2.281818,0.89439285,-1.9747325,-0.6131585,0.41698122,1.6395713,0.10550928,2.666878,8.086833,12.037409,16.46112,16.668911,15.238827,16.916336,23.435871,25.031578,28.513453,35.347206,32.3311,27.697369,18.67603,21.366638,22.062023,20.646076,16.89948,12.413303,15.703635,17.771605,23.004627,24.512852,33.569336,38.276787,38.286194,33.45744,21.2525,8.765847,4.351954,7.0882616,7.8000364,14.252283,14.724291,16.542553,14.0838,7.5978475,5.2343907,6.5490036,6.5637436,10.7256155,14.878979,12.483082,10.637022,10.917927,12.012421,14.129772,10.497974,11.014227,14.3447275,11.697378,2.0180144,-3.2771807,-0.1000171,4.485668,9.021389,13.260048,20.409378,19.146294,20.450092,20.5004,17.059254,14.916773,5.171814,4.6948757,-3.6842718,0.79728675,6.216608,10.494562,6.0114837,0.16770542,2.1402187,-1.8437523,-5.599246,-1.0398812,2.116967,5.116787,6.425757,5.107924,9.382018,9.417148,7.934684,17.329441,19.408646,23.131245,25.982063,26.216248,18.153679,13.142609,11.918613,10.2299,8.958068,6.3357534,-0.021392122,-0.87713325,2.7295275,7.1308656,5.844033,2.3554835,8.132617,0.8872512,-2.8335297,-0.86752295,3.8647103,1.2836367,-0.15474676,3.8943365,15.055402,15.967827,12.146203,14.663889,15.33015,14.421242,10.049442,8.0967,9.893471,7.12986,3.8012254,1.9766538,-3.201086,0.17764586,-0.78653127,0.4330273,6.4318027,3.7222424,-2.3738265,4.233705,2.3250418,1.3842499,4.0419407,7.991089,12.010372,16.37341,12.822995,14.596161,16.742504,15.504359,15.183251,12.103872,12.479081,20.13879,24.291962,26.077576,31.268124,25.204464,19.344439,8.711273,0.11589843,6.233797,1.5251933,-2.3440585,-4.4379554,-1.6473037,7.7568674,17.630688,20.31771,16.610645,13.86495,14.47624,22.432766,31.809639,30.978477,20.929152,7.101879,0.027816892,2.306311,9.681729,18.272453,23.881042,24.397396,28.769184,25.636038,23.861097,12.171937,10.7101,7.3253846,6.8965483,3.3503346,3.2569726,6.381402,10.811541,13.884717,22.480951,18.14198,20.349895,20.19233,13.800734,8.422005,10.497316,13.41272,12.779757,10.5928135,12.620831,16.094654,16.339855,20.494766,21.057888,19.590359,24.494812,19.654064,10.219283,3.9685428,5.924814,8.610682,9.724322,7.8863688,6.9679747,9.213595,12.746309,14.899028,11.703442,10.064543,10.544494,7.7550554,8.063948,10.824896,7.412191,4.0571523,-0.2371479,-6.23847,-6.0847697,-0.4260261,-1.3304374,5.6613493,0.9216022,8.223551,11.712474,16.112564,20.373726,20.82359,18.770672,15.704531,9.492547,10.776121,10.609076,15.2883415,13.501511,11.194983,7.694439,10.610993,11.401758,6.81822,8.614616,8.535556,6.2857084,9.925606,16.976776,14.120013,4.946421,0.49358895,-0.73804146,-7.439676,-6.610371,1.0515857,2.9065456,0.37499595,-1.1745753,0.09402299,-0.8955729,-5.5119085,-4.7598987,-2.3614216,-1.5428953,0.25810087,-1.3269111,2.582236,0.98034894,2.324442,-5.6370487,-9.316921,-9.905375,-10.012304,-7.797417,-13.059773,-5.344637,5.6730423,1.4516697,-0.9774143,-0.95226264,-5.0546064,-1.3366337,2.69622,3.880814,0.9820077,1.033187,3.4746022,-0.32021707,-8.7614355,-13.788344,-9.3803215,-15.2220955,-14.463474,-9.805172,-5.0567527,0.38348907,-1.2629175,0.9723083,1.7766426,2.719777,6.955922,6.1515965,8.969494,14.962452,17.15988,21.885767,22.904152,24.95512,28.177975,17.450817,15.095974,9.851896,11.464301,12.847855,10.704328,18.06362,18.039467,14.906424,21.411257,26.402697,19.991604,4.5466256,-10.314104,-3.080572,8.921928,17.846802,23.081142,19.990582,18.531836,15.321591,13.259346,13.722214,16.23455,14.263042,12.572855,5.2316575,6.6358795,8.745161,12.333517,12.964931,13.063584,14.650875,14.2975235,15.854435,13.391414,9.133641,8.260571,6.948786,10.937769,13.109588,16.054777,7.4573526,4.8290496,7.0220094,3.6783776,1.4718564,-2.3791997,-6.7440743,-6.6108165,2.9891663,3.7352405,2.5828173,0.16074604,0.38755584,9.776313,18.681858,8.958263,-0.33885685,-4.1396503,-7.341956,-4.2940874,-0.24991393,-0.26663053,-2.8437195,-3.5743122,-5.6710925,-5.025632,10.015409,10.820079,10.577047,7.47795,7.243477,-0.8200053,-1.8970965,-2.4161043,0.93564284,3.829713,5.442499,-0.94379187,2.2362452,0.9211318,-0.8608067,5.1185308,12.498301,8.965112,6.809929,6.565755,16.384077,22.889418,22.991024,19.99964,24.344704,28.82968,23.099297,23.306808,13.637526,7.53786,8.1768875,8.397403,7.33811,13.264168,20.948225,30.465158,31.227007,31.027445,28.535557,23.874977,24.549805,13.737997,5.967683,4.4855704,8.669329,15.0168705,10.833582,11.421965,13.156827,9.180019,8.90019,8.516069,8.876428,11.791226,18.127087,18.106401,11.675262,10.758652,15.825861,13.472088,10.147212,4.40738,2.5329494,12.587513,16.175674,13.924574,2.4686856,-2.4257178,1.740437,4.5198307,7.376257,16.189821,20.429062,23.909843,23.770306,21.441372,14.448631,6.7143636,1.074768,7.6128216,15.413655,16.364252,11.517473,11.529665,13.951224,10.415436,4.1463056,7.819479,10.958026,16.638014,14.469547,11.823364,6.912604,1.1645015,2.7686102,6.8030415,9.897415,16.30132,14.105908,14.490402,18.729454,16.42199,10.352499,1.7368066,2.70966,-1.1347766,-1.7638938,2.7265072,5.323341,7.403517,4.560745,-3.16254,3.216853,-1.0209296,1.2008054,2.451003,-2.4304223,2.4266117,4.9837484,9.25009,18.745663,12.692389,9.332338,15.047247,20.87706,17.989117,17.09946,16.40192,12.549942,2.217389,-1.5336267,-1.3630453,-0.3772182,6.60571,6.270289,11.215797,10.995734,2.857376,7.989703,6.7664866,4.2574506,12.636292,18.898657,16.971212,17.223812,20.217575,26.861958,30.095572,27.23803,21.828648,18.983307,18.719538,21.88176,19.76625,15.126612,18.140633,12.473451,16.1996,22.145304,28.286797,20.289162,13.35841,7.9770164,-1.0510707,-1.469848,4.665126,9.624493,8.188814,1.773361,3.968217,7.1918035,8.976277,6.9965744,11.879409,12.611601,7.6886983,3.9175644,4.784048,6.3549166,6.7414927,18.616558,29.436193,28.783417,25.359482,28.491564,32.5681,19.667423,12.049622,13.193025,6.782715,3.0790067,5.8113785,5.8008704,7.9492855,11.814634,14.777557,15.515634,15.679903,18.63726,16.58537,19.80093,26.35174,17.226189,11.12306,12.015904,14.499239,13.600325,16.720955,19.514809,25.10947,25.22541,23.631184,18.974213,15.208195,15.148819,11.573831,10.509274,9.580662,11.110733,5.393455,7.5269933,8.51082,6.7764554,5.143443,4.5335507,-0.59772927,-1.0849476,-4.5342255,1.1297488,-0.35652843,-2.248445,5.363307,4.5467024,2.7731247,4.3532352,4.211838,3.0224934,5.784604,3.2622094,7.594739,13.244286,4.7267456,-0.38412815,4.6399364,4.425028,0.3924204,-0.39371526,4.0280533,5.3311977,7.510048,6.1330156,0.57743734,1.9115851,5.0219355,6.742215,10.184481,9.372053,12.003969,12.3881855,12.497005,12.133507,4.048112,-3.110461,-2.2404137,5.912387,9.301788,7.113375,1.516023,-1.3963407,-3.2307436,-2.0132356,-5.2575703,-5.2683077,-0.5049757,-2.0528843,-2.0902078,-3.1202888,0.016318709,1.0025153,-0.559993,-3.6499991,-6.7001534,-4.66208,-4.5224876,-8.532172,-7.4941864,-7.6865425,-4.272485,-1.7142383,-3.1203692,-3.6228683,-1.36887,-0.37307703,-1.9539487,-6.6106725,0.38318694,4.8262844,3.0242145,7.762417,2.2521,1.9329007,-3.8696318,-8.145562,-11.64459,-9.069506,-3.4801075,-4.931306,-5.159589,-0.7017771,4.043705,4.910839,-2.42043,-0.48463187,6.7420645,13.843348,18.485764,15.3728285,17.104725,20.893255,18.399109,19.320822,19.867502,22.152283,22.93649,17.232958,13.748255,12.914761,16.279703,17.791214,15.611571,17.386353,13.572486,6.8562446,6.643837,9.549372,10.543561,2.6760979,-3.577095,-2.490812,5.69226,11.751781,9.609679,6.678483,3.7756743,6.444547,10.28013,11.173515,16.138777,15.6150875,4.1511555,4.378006,11.905865,18.23845,25.51587,20.850231,11.61439,7.657424,2.95301,3.3759866,8.400341,8.536019,3.9084969,-6.163028,-4.8434877,-5.773329,-6.6685333,-1.5564737,-0.2460748,-7.1210546,-8.029804,-3.6441126,-2.5132124,-2.0204554,3.4981194,10.530272,6.534972,1.3274252,3.7648141,7.730401,6.312956,-1.9191668,-8.508179,-9.408362,-5.6961775,-3.8639445,-6.1446514,-4.7146206,-7.1992836,-7.373448,-4.154586,-7.2516155,-9.080056,-3.1254616,-1.7345569,-1.132669,-0.96515554,-2.26572,-3.3168066,-1.5062631,-2.35127,2.4482303,8.171941,6.2675796,0.7625686,5.5258484,9.364449,7.2759914,12.678837,16.513216,15.020693,20.884674,28.26432,26.3533,23.056892,20.018398,12.547583,13.632147,10.062885,13.805979,11.917564,9.3041315,11.268264,15.814031,21.380127,20.66497,24.543097,30.063946,31.980442,24.680809,21.272453,11.311334,7.944579,8.088644,5.016219,6.2552853,13.317191,14.472818,18.442575,17.49305,10.983162,9.804781,11.672669,14.106128,11.2544365,6.6305103,9.331642,17.865444,14.930422,10.570485,11.145391,15.947316,15.598803,12.3411455,11.773909,5.7909465,-2.48521,-3.7212539,7.6563606,13.515745,18.483053,17.29932,15.46285,15.596968,12.653004,8.942446,7.444283,16.367987,17.758959,12.25489,11.442696,2.1774535,-3.9939399,-4.4462075,0.411003,2.1113315,-3.0914216,-2.146676,8.361942,11.371662,13.14987,16.512068,23.128584,14.072065,10.610117,14.119892,17.764965,15.770359,13.876616,12.261062,13.213911,13.115206,15.341817,9.050753,3.900268,-1.0524027,-2.1885328,5.5269146,9.67263,6.0633082,1.9902618,2.367897,0.6066393,-2.4673705,1.6013398,6.385104,3.346366,4.4014826,4.9652376,9.273378,9.893666,1.6993765,1.246427,5.6167603,5.0860353,8.46727,12.820894,8.240418,5.155142,2.9894934,-1.7714591,1.9476291,7.0951242,9.717083,4.481102,2.5863874,-2.3057127,-5.839261,-3.817758,4.6150503,3.986981,2.5616927,8.794317,11.739523,11.638001,11.701579,19.738045,22.995472,22.979023,14.408388,11.75994,8.340172,8.547581,19.312572,22.318558,14.979549,9.845418,8.074194,6.151942,1.0276443,-0.45802867,2.7079406,0.4462753,4.6284995,10.453127,12.917027,11.4201145,10.970844,14.760544,13.963291,15.492905,17.501446,20.330593,21.727459,16.144724,9.743498,11.098406,13.651621,13.873066,14.077094,20.361244,23.074081,22.650341,31.342163,32.938614,23.8027,10.062072,6.333078,6.550479,-0.24048899,3.8104646,4.826816,4.168068,9.049353,9.278015,10.650141,15.204504,16.093786,14.204746,16.064445,10.320868,11.766108,15.170837,16.543407,18.19041,18.170568,15.376099,13.339199,16.885674,18.758873,20.330101,8.52425,6.80781,10.307671,8.953182,7.2832804,8.177713,1.7474365,-0.79599905,-3.2404604,1.075268,3.1969674,2.1853933,8.783192,9.401074,-0.4940421,-3.0774598,2.7134638,5.446451,-1.2664037,-4.987651,1.7258799,-0.54564714,-1.302514,1.8553416,1.316271,0.8351865,5.100322,7.0016165,7.543221,9.229614,10.893263,14.541555,16.89547,15.546263,14.779806,12.312729,7.497651,0.14470056,-3.2858737,-0.4569767,-1.0026934,-2.0234845,-2.359325,-3.1125355,-0.81724477,1.6178263,1.2206385,-4.385439,-11.254117,-12.789368,-10.458233,-4.76906,-0.2971629,3.2562408,5.9737406,12.643421,8.716688,9.530892,12.676421,12.588523,7.9693727,1.8427953,-4.4194813,-3.6191053,-2.9804392,-5.455049,-11.281275,-11.21653,-11.320507,-13.683041,-15.2519865,-10.770958,-6.4543576,-3.576444,-0.5548767,-3.9702954,-7.5324993,-6.4150114,-7.9506435,-8.084737,-3.0290198,-4.4615374,-5.1268735,-1.5329536,-5.6119375,-10.195301,-10.169502,-8.886276,-4.0668354,-0.29035184,-5.064889,-5.986832,-1.8336766,1.9327892,0.10768348,-3.0704608,-3.303342,0.20783263,-4.9411526,-6.3308353,-2.972079,-5.123355,-1.204993,2.9694645,0.6682832,-2.1344168,-2.45222,0.016564935,-1.7379678,-1.4626848,-3.3158083,-7.7509155,-3.609233,1.1154398,-0.0025333166,-3.5204844,-2.2710176,3.0060709,-4.104533,-17.661959,-13.692202,-9.878952,-4.767137,0.64823604,2.9480598,3.3150167,5.9323034,4.6246614,4.0033627,-0.031939268,-2.066207,0.7743031,3.6369925,1.202307,-7.4434843,-6.7762094,-7.9997215,-9.608929,-10.28595,-11.02969,-12.65457,-14.285735,-9.403929,-6.6981974,-7.750576,0.7731501,3.7813892,2.9988456,-1.7390189,-4.6924314,-5.4173036,-6.7135143,-8.681159,-7.3744254,-8.373032,-7.108312,-3.097939,4.147146,-4.358135,-7.355222,-4.371688,-8.759355,-8.990097,-6.506157,-8.482855,-3.8854709,0.7055094,-7.086437,-11.531457,-7.7269225,-3.8085356,-7.913934,-10.943884,-12.721949,-5.5487795,-1.3297001,-1.1384983,4.8578877,6.1060724,6.8433166,5.965871,5.4605064,4.109603,5.42447,3.3250794,2.1230009,4.720111,1.7869043,1.3684912,1.5962791,-2.9356754,-7.478256,-11.262734,-7.7201443,-5.8804054,-3.3591924,-2.1469824,2.614043,1.0314488,-0.0010373294,3.8122866,2.6848435,1.0733898,2.04595,3.9426384,-0.069517374,-1.5891042,-4.1415696,-2.4393592,-2.5520134,-1.8852187,0.4167695,-0.07060772,-2.9967833,-2.4409456,-4.889429,-0.5666094,5.633404,4.412015,4.412932,0.4580425,-0.83822924,2.51022,2.7018862,3.0714295,3.598027,5.5249953,5.963874,5.908354,5.0955276,-1.1377639,5.583324,8.269624,9.216075,4.1764946,5.109016,5.2696,6.0000086,1.2125216,-0.40258956,4.62271,3.5071568,3.8792672,-3.2444558,-9.486557,-8.290178,-1.303773,1.3650169,-2.267545,-2.3170955,0.96742195,-2.7094126,-5.1949706,-1.2228932,1.0922403,0.40454412,1.1159141,4.1437488,8.268568,11.29718,4.4302244,-0.14199895,1.7839469,1.1612762,1.2178675,-3.6334286,-8.704413,-6.0050335,-1.7834463,-11.089201,-10.532305,-5.68686,-5.9325447,-3.8294296,-0.33640856,1.5335109,3.1607375,-1.7705771,-8.86092,-4.148761,-0.45886075,0.8003473,-0.40215188,1.2256169,1.2904654,1.176513,-2.6334622,-0.64940107,-2.342342,-0.63155806,1.1775177,1.9565136,-1.3735667,-3.5401785,-0.59811306,0.51331407,3.6329956,5.800707,8.32183,5.602107,-2.1532888,2.1529837,4.883923,4.1291122,-3.5691845,-4.9678254,-6.8673306,-7.172743,-2.886888,-6.1544433,-8.329919,-5.8658257,-3.9777675,-5.479831,-3.2929907,-0.5938535,-6.4884806,-10.294934,-4.589508,-2.2676919,-1.6866893,2.4141488,0.87415504,-4.219619,-1.7801368,2.8831244,1.7507696,3.227632,5.8041296,6.8258796,5.5646534,5.1314692,1.9840002,-6.7837133,-8.276241,-7.3600006,-2.719471,3.1394396,2.0456262,-2.1558409,-0.3033371,-3.4005482,0.28972694,1.1090912,-1.0217522,0.6218059,3.5871181,-1.0356948,0.81570864,0.239174,1.3066146,0.2168135,1.0232376,-2.4208746,-3.1691082,-1.5956098,-0.47771853,-0.3234341,1.4880195,2.1566503,8.919771,7.5644283,12.7746525,8.122145,13.685583,17.176607,4.7409205,-2.2276893,-1.1085734,-0.26375094,-4.2740107,0.39686966,-0.5248927,4.8363056,0.10562956,-7.099869,-3.8660395,-5.924135,-3.9519727,0.32140073,-0.22095293,-0.7010386,6.4714246,11.029396,13.81317,20.600426,24.612022,22.395483,19.724728,9.686942,4.9536724,0.80001366,-3.4778736,-8.310223,-5.4132433,-1.8327916,2.2117882,-2.1597457,-8.174194,-0.95620036,-0.70616937,-1.762277,-6.6410117,-3.649325,-7.964669,-5.3812733,0.29212022,-0.9985765,-0.26283067,3.249628,3.9330454,-0.4618103,-7.018112,-7.250094,1.5156915,5.7259398,2.7403984,0.5067928,-0.34469032,-1.2840776,-1.8807122,-4.9682627,2.2321172,1.293129,-4.6424947,-4.820575,-0.64156663,-4.2474747,-7.195727,-8.637774,-7.5512395,-5.371463,-12.080591,-11.126382,-11.392133,-12.857002,-9.706886,-10.491447,-7.1255083,0.18538547,1.7361147,0.78454745,-1.8926766,-2.3933544,-3.8437576,-4.3891997,-6.1037664,-4.5399847,-0.3097846,-2.1551712,-6.4659266,-3.042396,-0.825494,-2.8102896,-4.3260717,-7.3085217,-8.447195,-3.7437334,-0.554084,-0.91877687,-0.6629007,3.9482727,0.30662018,-0.5606673,-0.9169706,-1.3831714,-1.5445921,-7.418848,-9.972699,-6.9618096,-0.99581015,-4.8858614,-10.740643,-4.911442,-6.3894,-2.332092,6.7593765,9.314774,7.702547,4.209381,0.93001676,3.0357263,5.227129,4.5810676,-0.17909479,-3.7014112,1.1195967,2.169815,1.9638376,1.7917141,2.1033738,-2.265937,-4.900159,3.5515869,7.1467457,4.3037696,4.375912,4.429001,5.36486,3.457828,-0.59075856,7.7573204,6.5554314,0.07311955,-7.1608257,-7.9297433,1.828244,3.4611306,2.423676,0.7053879,-1.3811699,6.2422924,14.209315,13.590433,14.665462,16.503834,13.777718,17.585772,14.2840605,8.107298,12.423004,16.521122,12.663441,10.077393,11.014303,15.144709,12.019577,11.519488,12.394376,13.419674,13.471304,16.559868,17.927826,20.071766,20.929785,20.584562,19.999702,22.604053,24.20813,25.192154,26.412186,26.10346,28.087767,24.594475,23.178337,27.861515,27.823017,31.218035,28.713045,16.01617,7.8168144,8.893942,7.664477,7.0215282,7.824742,7.423909,10.794342,14.105766,12.999611,11.925985,11.782304,17.275913,23.474453,20.632957,14.433735,15.51918,22.085606,23.797295,18.869629,16.142466,11.730916,9.49015,0.7812834,-3.3570035,3.5705442,6.347789,2.8437343,-1.3075624,-0.9692447,3.1991649,5.8595314,10.7278595,13.568016,22.819942,22.900978,15.176351,9.761018,6.268804,4.832412,0.7084384,-4.2261543,-5.406152,-4.3133535,-5.044696,-6.152895,-7.4118524,-9.466612,-9.880771,-10.824284,-9.089966,-8.24786,-7.781168,-3.1159198,-7.1762285,-9.025299,-6.7545176,-6.9443913,-6.5478163,-11.198469,-14.485008,-15.329917,-9.547139,-5.883384,-1.8640397,-9.152182,-14.56754,-18.522335,-17.665462,-12.554686,-14.122116,-13.263934,-5.021311,1.0423416,-4.136551,-6.981477,-12.971534,-12.746454,-9.318201,-2.8688192,-5.974762,-3.9589958,-5.2218256,-6.937937,-5.7564764,-11.621618,-10.64576,-6.934916,-3.991014,-2.604086,-7.1899347,-6.3912373,-8.112463,-5.212064,-4.3796597,-5.7503595,-9.209802,-8.789782,-8.319331,-0.7101798,4.3342943,3.4643345,-1.9575983,-0.25998747,5.2142367,4.4132543,-3.0766478,-10.897626,-8.93102,0.3622712,-2.8587565,-5.241681,-10.5752945,-11.448814,-8.603864,-8.750124,-6.5887356,-5.847269,-3.2128043,-1.4180596,-5.852174,-5.5672464,-0.090385586,-2.6905756,-3.8880427,-3.9210558,-1.2572212,-0.34418768,-3.3111851,-4.6706247,-0.8086242,-0.4978549,-5.3391085,-7.285404,-6.2331133,-1.1843581,-2.773538,-6.993436,-10.510757,-8.496729,-2.11684,-3.5508811,-8.893991,-11.897202,-8.362683,-7.758763,-7.622676,-3.846957,-4.8673277,-5.4108095,-2.667935,-0.3341481,-3.9533587,-9.150459,-6.9524546,-6.2688284,-10.383083,-9.327507,-9.553143,-9.208044,-7.314902,-4.679067,-2.896529,-2.9046786,-5.4965286,-4.181602,-1.4810003,-2.1411781,-1.5353305,-3.848,-2.275156,-1.9628974,-1.9446658,-3.9210029,-3.1037734,-0.66582197,0.039821506,-2.3244262,-1.2715725,-6.8449206,-9.903336,-6.76247,-8.730188,-9.323077,-8.860447,-8.842407,-10.798293,-11.922264,-6.350851,-2.2971933,-8.149382,-7.9553175,-3.6538792,0.4234166,2.6866064,0.0992255,-4.3310523,-1.3047409,-2.9675753,-5.4194946,-2.2025988,-0.48200017,0.5286349,-0.76124704,-2.9282196,-1.3290697,-2.1269052,-6.3010144,-7.663143,-10.065786,-7.85376,-6.0059156,-2.9704738,2.8757434,-1.2723587,-3.7872448,-3.2362478,0.22953194,-0.031196237,-0.17747498,-3.930625,-6.303893,-8.375853,-10.891624,-7.4332743,-4.824115,-1.5275943,0.5806855,2.7004,3.7566533,5.29456,-2.7583823,-7.7784204,-4.1101294,-5.240026,-3.6113348,-4.0774035,0.4535995,1.8972414,-2.3708837,-2.1457934,-1.3439689,1.6032681,3.3174233,3.681403,1.445936,-3.2861032,-3.7355647,-6.0860977,-4.7127004,-0.18972698,-1.9274894,-5.530751,-7.029509,-6.8930464,-2.4417102,0.009515271,-0.420645,3.919641,3.1000676,3.2449098,4.2387567,-2.6889243,-9.9088955,-8.731937,-10.312906,-12.243829,-8.525295,-0.8849346,3.8066535,-1.4498231,-1.571388,-0.5634796,-2.969252,-2.288349,1.1626358,1.0402035,-0.65968156,-2.28343,-0.13173974,-0.98186153,-2.7702882,2.6234353,-8.039738,-12.1429825,-9.023728,-1.4491315,-4.3271565,-4.80803,-4.003195,-10.34676,-10.318731,-13.587762,-11.29468,-4.59717,-4.4750557,-9.361491,-1.6683924,7.5875907,8.326904,6.2985754,5.118781,4.220938,-1.4412787,-5.435175,-3.7673445,-5.438839,-2.9057736,-0.74138105,-1.2818087,0.28017277,-0.63675016,-6.4512634,-12.792299,-15.556294,-13.137165,-10.1163025,-13.467143,-19.074497,-18.692497,-12.047052,-8.461574,-13.019139,-7.5178747,-9.63241,-13.877532,-11.389622,-5.647348,-6.574208,-5.8667073,-8.229774,-4.956839,3.0072,6.016632,3.2681067,2.407221,1.7152908,1.1772013,2.4702148,-6.7802353,-10.439418,-8.167639,-2.6555533,-3.7941093,-7.5510135,-2.4755259,1.3252656,0.30740643,-4.210313,-5.908327,-4.441098,-1.2423326,-1.6001658,1.5020349,-2.6607716,-8.968459,1.2976536,2.2461228,-2.8864489,-2.6840916,3.4093437,1.9139056,3.4375613,7.553007,3.992259,1.1344082,3.970964,-1.8608937,-1.3611515,0.16666591,-0.15063798,2.0941217,-1.6172011,-8.6049795,-9.488762,-12.672257,-17.239294,-18.702917,-15.467031,-8.527708,-5.669839,-8.247962,-8.036234,-5.4020176,-1.6271408,-1.1321887,-3.9544327,-6.8922887,-8.150846,-13.111882,-13.646669,-9.362217,-15.201391,-3.5199351,10.765843,6.116308,-2.0567954,2.8420093,7.0565643,6.1482153,3.036391,1.356334,0.849391,-2.153731,-6.9550104,-12.1607685,-13.869118,-9.547382,-8.428092,-7.075881,-4.5611696,1.6144277,2.6271486,-3.0447698,-8.184067,-9.206877,-6.9063945,-2.9946418,-2.8308942,-3.9680405,-2.2495754,-4.0550857,-8.0333805,-9.541242,-9.427177,-11.0776615,-11.482029,-10.623945,-9.418114,-1.113683,-1.4512172,-2.1299233,-0.07037485,-4.7317877,-4.217579,-12.642236,-17.80239,-11.018291,-9.724871,-10.286356,-8.260111,-10.45645,-12.862086,-7.4760036,-4.478802,-1.6530254,-0.59236026,0.6011001,2.4186943,4.114644,-0.0741874,-3.7393153,-1.6560824,3.1638443,0.8319905,-6.749637,-6.6874475,-6.4154673,-5.5850067,-8.16479,-4.784043,0.98914456,-1.4287419,-4.1779613,-6.44318,-0.31594038,0.74984765,2.8458948,6.3909855,4.9459944,6.1061897,5.9021463,1.933423,-1.6291643,-4.8918047,0.17647949,-1.5693383,-6.974373,-8.379063,-3.162858,0.7652895,0.0018928051,-0.6576045,-3.4887428,-5.320965,-3.7093644,-0.8924106,-1.1984304,-4.551778,-10.011839,-7.043771,-0.78351754,4.332099,9.755508,8.759647,7.704503,7.9912524,3.1073413,0.67080057,1.4213827,-0.70121163,-2.4277337,-1.4355718,-5.2885437,-8.279062,-10.026703,-6.6761236,-0.31469125,0.58166987,-5.9693923,-9.628965,-11.091946,-8.611452,-5.817716,-7.436473,-8.324489,-5.62803,-0.523712,-1.2854325,-0.45801026,1.8638053,1.9780705,4.69665,1.7798812,1.9797621,0.34030378,2.3820164,2.6538105,5.2193623,0.72893476,-5.102786,-5.385794,-8.061168,-5.1773047,-2.8592474,-4.879037,-2.6535573,-1.4447982,-5.212119,-5.183472,-3.6881652,-2.962331,-5.829445,-5.8740435,-2.5521357,-1.4841774,-3.638045,-7.7208824,-7.3988,0.83734906,-2.5246127,-6.2224045,-8.362752,-5.598044,-3.9995203,-3.2284856,-2.1430688,-2.010692,-2.4132607,-7.6515007,-7.8656597,-4.7294188,-5.743527,-6.0682507,-6.482171,-4.304905,-3.353422,1.9006419,0.3550248,-0.15932342,-1.6142596,-3.86881,-4.503214,-4.0695925,-6.263793,-8.247949,-0.62513685,0.32682312,-1.0930545,-5.2776146,-6.019925,-4.06489,1.113161,-3.71497,-2.5484722,-3.3468146,-4.716121,-6.3952923,-4.2613125,-0.5765629,-3.20428,-11.385283,-6.6909966,-2.3695896,-5.432503,-10.357954,-8.501979,-5.429445,-4.311084,-0.3199706,-7.672901,-14.192817,-15.652727,-8.45126,-3.3651204,-3.4470181,-8.739271,-8.86314,-8.942904,-11.641382,-15.715271,-10.370407,-6.357318,-9.903253,-17.086176,-18.181223,-13.401411,-12.710619,-13.966566,-10.60096,-10.233457,-5.2765646,-6.9484053,-10.358358,-4.6811733,-6.516445,-6.52962,-2.1581573,-4.297158,-2.9419394,-4.1771216,-8.440554,-9.962756,-11.262972,-9.85393,-6.6224337,0.9438233,3.8083055,1.3668532,-0.1790525,-1.1076924,0.7302077,1.2774338,-2.1026092,-0.9071708,-0.90087485,-4.0379806,-5.80503,-5.94703,-5.6689386,-8.271593,-9.805435,-15.321259,-10.89023,-7.981667,-6.6643133,-6.8960047,-10.741093,-10.834005,-10.769943,-11.492928,-11.610476,-8.346277,-10.757302,-7.376273,-7.7564406,-7.3409424,-5.513515,-5.1737165,-4.5060263,-4.6077394,-7.056745,-13.320005,-7.927236,1.8323963,2.8349826,-0.42790377,-3.072116,1.5161219,0.3543148,2.1355896,-1.8633906,1.6195465,4.337328,4.315003,0.664689,-0.26917195,1.508965,7.30939,15.5678,11.964876,7.2982807,8.303575,4.571328,0.76862,-0.6489103,4.800568,3.5640469,-0.42691135,3.514937,3.8986702,1.1119338,-1.8274826,-5.206103,-2.188119,-7.2330027,-6.04329,-5.590617,-2.910276,-4.032551,-4.7155,-9.080534,-8.872112,-2.5149672,-0.26571876,0.29883227,-2.6616416,-3.3924901,-2.4352832,-2.6350653,-6.1622725,-6.6998396,-3.3250399,-3.341303,-1.121937,4.31118,8.524254,9.840437,6.353402,8.145655,8.8834305,5.5698667,9.733438,8.268885,2.8762653,4.3512344,2.057055,-2.898489,-3.7741435,-3.542413,-0.46636885,-2.4223666,-6.4414096,-8.406279,-0.0072962046,2.6887789,15.113871,19.10331,17.312897,17.213757,18.685795,20.581762,17.140644,17.570972,17.391945,18.183609,16.062225,13.982258,13.581591,15.584881,16.60662,14.508982,13.104745,15.32274,15.014639,13.755937,2.8089108,5.111055,16.531109,27.754166,29.970814,24.366276,17.607275,23.455551,23.40829,22.716835,23.410902,16.647682,18.644802,18.755243,17.220745,19.349613,12.897739,3.0488849,2.7457142,1.0421273,3.8248672,7.938114,10.874825,9.578379,8.90568,4.5124116,6.0512996,15.541615,17.570862,25.067339,25.19432,20.469723,21.442646,24.447678,16.327314,8.951172,10.790518,11.668591,6.1164784,6.6563644,2.078912,-1.0862756,0.8969106,2.846051,2.7962043,5.617365,3.176311,3.3342533,10.270613,6.780706,4.238433,9.45326,16.249823,17.723978,16.109306,12.088042,5.85696,-1.6841745,-5.3686123,-4.6051617,-0.2814933,1.1086705,2.8692935,-2.7602293,-5.005406,-8.411141,-8.516994,-10.741392,-6.39167,-5.5155334,-1.3585862,0.2636994,-0.16127288,1.7108347,0.13825557,-3.5156014,-6.7524257,-8.24079,-7.5146923,-7.86307,-9.324852,-4.313586,-3.307374,-3.3425913,-1.0378232,3.4977484,-3.2700958,-3.5598803,-0.0630551,1.7741326,1.9097421,6.099962,-0.34514713,-3.6751943,-1.468216,-6.1389713,-7.3256307,-10.373339,-4.8727465,1.135177,1.2807488,0.34795332,-4.107594,-9.433897,-8.239365,-3.4562783,-5.358965,-6.12167,-5.489498,-8.993465,-10.18439,-7.151911,-1.2716104,-3.0764909,-6.376748,-4.6471653,2.0069351,5.6971474,3.5920584,-2.8641434,-1.9644997,-2.4686375,-5.5073595,-2.4928522,-1.9913865,1.8079101,-0.36054868,-4.896281,-5.5170994,-2.8839583,0.1800946,-2.0581293,-0.34260964,0.26206136,2.07899,-1.3239546,-2.7675514,-3.7039723,-4.235279,-7.0527544,0.23859344,3.1321483,2.3137012,-0.77880853,-0.9390856,-0.20113266,3.5705438,5.830491,8.861454,10.199301,4.922125,-0.9157688,1.2128757,-0.81820565,-0.72198117,-0.9308903,-1.8023535,3.707056,0.52734745,-3.1250343,4.6703787,6.8058534,3.8308861,2.2502358,-0.51586473,-3.4577699,-6.6152754,-6.882805,-1.6429899,2.6863503,0.5559988,1.1036513,2.3454478,-0.041310385,-1.7840768,1.0610521,2.230875,-0.5116625,5.361235,9.869501,7.2623653,0.5206703,-1.9690679,-4.1652308,-3.0248806,0.018277079,-0.1605355,-1.8865616,-1.1738095,-0.8713494,1.5781847,0.8490653,-2.840026,-8.929789,-8.58778,-7.267722,-8.871999,-8.575348,-10.691164,-6.342123,-3.7431393,-3.8978336,-2.5179796,-3.5294535,-6.343951,-7.9627113,-5.859947,3.2978954,6.2135735,6.968916,2.6992023,-1.2718751,-5.461371,-10.780554,-9.456824,-10.899667,-9.832918,-4.5023174,-0.8281398,1.7976787,-0.9172838,-3.6482027,0.5278191,-3.100288,-2.9590962,-4.4344215,-1.3925117,-1.0959218,-5.9713974,-3.1515021,-5.6732993,0.4247944,-0.7102174,-5.7336216,-2.0971239,2.6358526,2.3471913,-0.13523299,-3.6493282,-3.366951,0.48191765,-6.5888367,-2.700456,1.4092947,2.0738907,3.9938393,6.523592,5.921731,2.8137264,-0.43148017,-2.9959202,-1.133826,-0.8395326,-1.2377293,1.0478315,-0.39758426,-7.617496,-7.496298,-3.4028323,-1.7474163,-2.5951526,-2.2744727,-2.5971968,-3.4316792,1.7585568,2.897553,3.1500392,2.906495,-0.536825,2.5404816,7.0861187,-2.4610353,-1.9711881,0.10633564,-2.3950932,-1.1810573,3.1655746,0.4622357,-4.4215546,-6.2564983,-5.3635783,-3.0361466,1.8946651,-0.4222406,-5.127989,-2.9405017,0.702368,5.823589,3.7385936,-5.492328,-12.202255,-7.6964607,-2.4839127,1.3519098,-2.4285302,-6.083264,-3.853355,-4.162939,-7.2065597,-13.116144,-8.46245,-9.955006,-11.564842,-4.239151,-0.3617617,-1.2674897,-3.7337718,-4.2824073,-3.357316,-1.1536278,-5.0146513,-8.673376,-6.7702236,0.75286824,1.1815298,2.5914333,-0.12236185,3.2155821,5.382367,7.0488853,5.6031623,6.6630945,8.197191,6.227985,-0.29897046,0.78915924,3.9554782,8.212519,5.114368,3.8046212,0.9461032,-2.198813,-2.0590024,6.219246,5.275202,2.3445675,4.0292234,6.114916,13.417742,11.407524,10.731351,9.601298,7.668209,10.294453,11.43969,8.1691065,13.039511,17.339706,11.002396,5.866047,5.301958,6.294552,3.089489,1.3951112,-1.5509858,4.867945,2.3973193,3.3943253,6.8975835,12.431828,21.487482,14.007248,7.7991867,6.8080373,9.835705,13.267319,16.271051,17.221779,18.946638,14.133406,18.220907,20.479565,17.082525,15.983322,15.022112,19.01104,21.575527,16.856812,17.992867,15.741486,11.6371,16.412281,10.615665,10.876839,6.855826,4.5635843,0.41798064,7.7016144,16.428604,21.170012,14.286104,13.598026,8.765219,5.2775345,5.274196,3.426382,6.4615803,8.198319,2.0473664,6.6492834,15.697799,23.834503,34.182617,29.092873,23.773424,18.01828,13.473721,8.975895,11.566359,17.316437,23.725471,24.823702,14.723412,13.71365,8.399477,6.615963,14.2231045,16.901604,12.737438,12.777998,19.71011,21.036102,19.8306,20.130314,18.043238,13.894957,21.001343,22.420757,18.59462,18.607277,16.870457,15.902333,10.647539,9.596851,2.6052022,5.9837217,10.09985,6.9718018,12.066462,25.024536,27.272453,24.541409,21.703627,16.419617,19.456533,18.481243,12.575142,10.10582,13.614786,17.197046,23.579876,22.802822,20.641018,13.573849,5.176054,4.712528,12.710614,23.453653,26.75901,23.230879,20.258133,15.943295,8.930599,10.2873535,7.375709,10.15867,11.010454,12.340707,16.197395,18.940035,21.642937,13.519394,7.4781127,9.9968815,13.3867855,19.141403,19.8929,11.304829,5.5482054,4.3494625,6.204377,3.059772,-4.9848795,-9.523605,-7.128146,-1.5287855,3.8163295,19.052155,27.182964,26.491257,24.981672,17.053892,7.905566,10.927171,9.99419,5.551707,-0.82994473,-3.863532,-3.2750893,2.92831,6.44061,9.4878025,9.771892,14.036247,17.568481,27.041393,34.643913,30.236847,12.467718,-1.7110445,-23.734573,-29.318542,-23.261045,-23.423222,-18.59653,-17.686642,-16.799013,-15.294776,-17.295563,-12.530322,-14.301942,-16.14002,-17.315945,-14.04511,-17.938984,-21.274975,-22.285576,-26.610268,-28.39659,-21.552809,-17.49956,-17.046638,-16.292324,-21.502556,-23.362469,-17.335121,-11.44079,-14.982251,-16.885746,-17.471037,-18.525005,-19.698502,-22.272804,-16.604483,-18.610062,-25.771355,-27.747738,-22.307209,-24.479225,-24.331676,-22.422222,-9.675575,1.8408313,9.073914,10.245173,11.318251,10.342537,12.365684,8.998556,5.5806026,4.566637,3.9849484,-0.41907725,-1.6692903,-1.2896072,-2.9635825,-4.0717754,1.493937,6.486123,0.99393857,-1.8209836,-2.708256,-0.5805237,3.0651433,1.324656,-1.7913946,0.72984743,-7.043186,-10.807676,-10.244339,-7.0643096,-3.600295,-3.5017953,-5.9267273,-11.23148,-8.873811,-4.412118,-2.0199296,0.30880815,0.41961503,0.7054859,-0.55030394,-4.05244,-0.9580785,-1.5813258,5.0376616,5.718961,8.663793,17.471745,22.858332,19.793781,10.532154,1.2472631,3.366609,3.5555537,9.170452,21.110165,19.808607,12.76708,4.4892197,-12.041978,-1.9565204,-0.6491236,-0.7202061,0.58104664,-0.18591982,-3.060641,2.1547813,1.2566165,-5.2269526,-4.0865593,-1.9781535,4.8163595,7.0010366,8.102638,4.7579947,-2.157973,-1.5136702,-0.26902044,-4.958014,-3.3286967,1.5756521,2.5316863,5.444583,8.175777,5.3615828,0.73659706,2.0068178,4.344869,9.953579,12.203999,5.645153,5.9664955,14.361194,11.119066,1.6925912,-6.682992,-13.156042,-14.580877,-13.945026,-15.028236,-1.1870573,10.726355,9.577047,-0.8347614,-4.3570843,-8.130934,-3.396066,-1.7865874,-0.7379825,0.09983528,3.9791996,5.722711,2.1081917,0.7580061,1.8080754,-4.5060987,-5.6695166,-6.072018,-4.3910704,-1.0862589,-2.2720373,-3.2417078,-0.92277694,-3.1163719,-2.8344736,-8.500132,-5.045882,-5.1102486,-6.372368,-6.0531683,-11.613971,-8.381945,-2.7403736,-2.6334627,-4.813445,-8.449398,-3.543315,-7.616069,-12.077376,-14.1481,-13.255165,-17.662895,-19.584133,-13.704027,-6.536109,-8.301414,-13.796198,-11.657667,-7.8763523,-5.640449,-5.250783,0.7413616,2.8920999,-4.810069,-8.017319,-7.141859,-3.5601983,2.8035424,-0.95451665,-4.950704,-6.9783754,-6.2199364,-4.0359545,1.3298796,3.5553017,-5.225031,-7.8591967,-6.424204,-9.591983,-6.6873846,-2.5870483,-2.5098867,2.403009,-0.4658734,-9.102058,-9.923037,-9.628698,-14.583308,-12.361959,-9.06085,-4.788844,-4.3380394,-1.576811,0.81163704,-0.3505211,0.46410728,0.025474131,1.297412,0.19631413,-2.770919,5.8500624,3.010378,0.9177195,-0.31930202,2.7274384,5.3993545,1.2705477,3.0329344,2.9776313,0.35042274,1.8636718,-1.6904896,-1.7484641,1.057379,5.871217,3.9367714,0.6346483,0.6042969,0.5067803,-5.5950036,-10.391163,-13.273444,-4.5271063,-2.1985214,-3.247887,-1.6807892,-1.0129445,-0.04723388,0.96226346,0.9745023,1.1909562,-6.049349,-4.360628,-2.8242407,-3.3668818,-1.4881516,-2.975967,-6.4459324,-9.831939,-10.088562,-1.5774255,-4.5550656,-7.664977,-5.0305953,-3.9278564,-9.005157,-5.151978,1.1733497,11.79856,20.697182,24.71493,21.385471,15.092612,15.262267,7.493852,7.34918,19.693909,23.565533,17.857208,7.005956,6.8604183,2.5922441,2.0526888,4.1827464,3.3791804,1.5918851,3.0361385,1.8921292,-1.1102984,-0.6821493,-6.0274515,-1.7666379,1.3535054,-2.724322,1.1645422,1.8411818,3.1239877,-1.3621522,-7.7637806,-4.4137526,-8.227171,-6.81215,0.6211403,3.1558475,4.662625,5.5881042,5.402998,5.424756,3.7500434,-1.912509,-3.0703797,1.0217897,4.487009,-2.890544,-3.526033,2.802751,2.4545522,6.658703,13.918444,17.070114,11.62859,8.808781,12.145769,14.841032,15.864246,12.670275,13.755102,4.587067,-1.8700817,-2.5958366,1.2619256,-4.056136,-2.7553563,2.708884,1.1739033,6.8640327,10.197647,8.773791,8.244971,7.3018665,8.000603,5.6664295,6.042572,6.9976463,9.221865,11.940858,4.137845,2.9252968,0.44508436,-7.56837,-11.226331,-9.063808,-12.079173,-8.187559,-5.3542457,-5.874174,-0.36038363,3.1185575,-6.2798543,-4.451154,-1.4932503,-1.7773463,-5.906982,-2.048766,-1.5050553,0.5184654,5.3564863,4.7978654,1.0187799,0.04877028,-0.8913263,-4.115672,-2.8261917,5.179509,16.778559,21.435692,20.191309,9.64184,-5.367335,-14.764572,-19.345478,-16.76096,-14.172878,-15.334374,-18.877583,-17.354412,-17.769634,-10.801341,-12.559994,-15.854017,-17.779766,-14.173883,-11.187719,-12.528502,-13.228943,-15.072469,-20.802328,-18.843185,-17.0525,-18.350132,-14.062012,-13.145516,-14.922371,-15.682694,-13.913471,-13.535593,-14.471691,-15.222857,-15.396726,-13.017157,-10.348631,-3.859308,-5.1688776,-7.271786,-4.671154,0.07094622,3.0467472,10.075253,16.204432,12.231253,7.9593105,3.6152377,2.9003475,2.9829264,8.719944,9.979292,6.4991465,5.1636667,10.168282,18.577366,22.3379,25.189194,18.776215,11.419803,8.74015,8.235594,6.2860694,4.113597,6.7071,5.074051,3.9235208,0.7219443,-0.38635266,0.72197056,-4.7430477,-5.2401443,2.201426,4.6533923,6.0662713,14.211941,18.67606,19.890686,22.118793,14.063461,10.690004,8.16259,2.6328228,-0.58067566,1.3680438,6.433818,16.596485,29.976467,36.004967,29.027351,11.001133,9.3398905,3.6380725,7.252543,18.545021,22.427147,20.726915,16.27914,12.935585,15.860037,15.705977,11.850663,14.182753,13.305837,13.685276,14.9545555,13.13839,8.010872,8.563105,12.660971,10.490726,14.046601,16.62502,15.205465,18.759373,21.986649,16.313477,9.054693,7.4552746,6.6454086,2.5515723,10.158266,14.398947,16.250841,22.883326,25.95966,24.588161,19.854328,14.170912,16.729807,21.072548,27.9062,20.940958,18.365408,13.637134,-7.0244756,-12.6002445,-9.975357,-7.769309,-5.974081,-7.8437395,-5.0619097,-2.9544396,2.0693173,3.296187,3.913228,6.525878,7.604392,7.1825175,14.6499815,18.726137,17.20069,11.464798,9.454637,12.000788,12.838632,4.8531246,1.9256611,-1.9741218,-5.867463,-7.577056,-5.0417128,-9.25968,-10.759676,-10.643129,-7.2985363,-6.846774,-4.3749456,-2.6123266,-2.7514777,0.0855899,-3.2969894,-12.995567,-10.140849,-6.2072854,-11.949955,-11.644444,-6.0060644,-0.4906181,-5.168947,-4.526657,-0.7207466,-1.2462006,-0.5341904,-2.8768933,-4.980075,-5.6809316,-5.617098,0.30946523,6.4785023,4.816268,-0.24829668,-5.785058,-0.46706957,3.520394,-3.202425,-1.8434327,3.654592,8.311253,5.9802394,7.865816,6.016018,1.2119851,0.4277943,3.8124766,5.8223825,-0.72365046,-0.86863667,1.7417184,0.32295436,1.6031528,3.530003,10.617041,5.410592,3.9730587,3.4386492,4.6213217,1.9321179,1.1304088,2.3042674,5.7242603,7.8431563,10.365854,12.787236,11.101857,11.828087,9.619881,6.7681155,2.8257473,-1.8751397,-0.9174489,1.7159872,5.196104,4.0019073,9.034679,10.292721,8.650493,8.828198,-1.8753319,-4.45556,-2.5790215,0.7269017,1.338105,2.2245054,5.488256,7.701658,13.950653,20.785007,23.215868,22.933023,21.916592,13.75796,11.324572,14.25458,16.652752,14.755551,14.511383,14.617408,14.188097,9.06776,10.132431,14.066899,14.318623,15.551805,5.1157923,-1.7663103,-1.2790542,4.3785534,10.505256,10.500305,12.728161,14.438085,16.546177,20.366753,20.332834,17.811852,21.399334,18.782398,11.062138,7.69801,15.137867,18.261595,15.874996,11.357976,6.634448,5.0518465,9.869744,13.434054,15.6127405,14.67383,11.913993,14.873108,15.900553,21.551678,29.39988,27.78924,22.933323,22.952726,17.997139,10.835773,9.935872,4.545022,7.2997,15.874144,23.257973,24.812397,25.511524,22.811878,18.60823,16.200918,14.601814,16.74212,11.98347,3.880638,3.6643958,7.87712,14.218392,18.907885,17.810171,20.262379,21.355331,18.556185,16.33722,18.00476,23.578482,14.792768,10.681955,20.81221,24.526703,18.205948,23.649784,23.083885,18.891514,16.569965,18.719868,20.304325,25.032864,20.688824,21.546963,21.654636,14.286961,11.0699215,7.729956,6.874006,5.7295055,10.0710945,19.386263,20.439331,15.132482,12.633379,4.915713,1.9522415,3.550806,10.246112,12.501462,13.847103,14.775326,14.144701,14.617582,12.494381,14.021317,13.824814,13.382796,13.979023,17.56186,14.37799,7.108489,-7.991538,-14.842914,-8.032632,-7.1974125,-12.956132,-13.646114,-13.552956,-17.59813,-20.07647,-14.835985,-14.13644,-12.154293,-10.53657,-8.349213,-8.508765,-9.926152,-18.182425,-20.428143,-20.881899,-20.899332,-23.092342,-17.844961,-11.763749,-9.24098,-15.9001045,-19.021584,-16.44274,-15.825012,-13.089352,-10.781048,-8.781048,-13.290042,-19.536648,-27.809135,-21.945835,-26.120506,-20.23706,-10.532384,-9.518671,-9.702262,-4.117008,3.2045784,7.777918,12.46457,14.374109,3.4876351,-2.015221,-2.7859054,-3.0514536,0.6708218,2.1269002,13.735028,22.54311,17.719791,15.88509,15.204439,11.163237,6.970231,4.601832,17.603243,25.12764,16.19196,20.356674,24.79619,16.424622,6.058073,2.5836678,1.0582048,6.461755,4.7269683,2.105584,-3.5686078,1.252497,8.434195,12.5341015,15.763796,12.318068,10.2085,6.2685637,7.2601175,9.356516,12.2435,9.2372875,9.804588,11.221737,10.731501,14.979958,15.55177,9.969939,7.1943035,10.124798,9.820181,7.197769,7.3598137,4.117942,0.24514225,4.6055355,8.517214,14.051424,14.388869,7.050804,8.673502,5.9300733,11.801808,19.113194,16.231964,16.922443,21.42894,28.472298,31.38073,25.372616,21.347908,24.269926,19.683449,11.370396,4.774615,4.1374955,7.017026,11.92158,18.135971,8.961781,-3.232088,-3.038605,6.53966,15.369866,13.023601,3.1252308,3.6594534,11.067376,11.325425,10.427853,10.099753,10.094241,8.928291,6.772914,7.391117,10.580315,16.780464,18.546947,5.480232,-6.4259653,-9.283494,1.4726895,7.4513454,3.1082754,4.3823795,14.027461,20.621498,25.274887,21.489357,16.983875,17.470554,18.665491,14.523451,14.69541,14.703376,13.538009,5.959939,6.753019,8.906141,13.764848,10.900041,5.744195,7.3117,4.724737,6.9262695,-1.7403315,0.72529817,0.6679381,-5.2315364,-7.235498,0.66295534,3.9409823,2.2546108,1.3153071,1.4629871,3.3399243,-2.8951893,-0.7965125,-1.3371421,-3.2948842,-2.9781837,-3.9469488,-1.4801991,-2.9085917,-0.5900665,0.6613543,-2.5508685,-9.081314,-11.031586,-5.49864,-4.5436764,-4.6973276,-4.833025,-1.432831,0.18048084,-0.97781885,-5.802105,-6.8422565,1.2351238,6.237287,3.1517797,-4.299784,-4.7043242,0.9517146,0.9157807,12.796516,11.742313,4.8945007,5.765112,14.794743,9.538317,-3.8105013,-7.748103,-6.291669,0.8581823,1.9008665,4.8594894,4.9821224,6.217413,3.7570205,-2.2537,-6.522155,-5.3186903,2.099516,9.361834,8.908924,-1.6331131,-1.5741112,3.312395,3.0331457,2.4510741,5.210518,10.703892,10.700136,10.965759,8.222544,11.733108,13.5989895,13.980442,21.193592,26.657587,15.578919,12.882684,16.965027,12.453552,6.6208353,5.1685,4.019665,8.9702215,15.06044,26.445824,31.134861,30.048548,29.619839,36.674763,31.210373,16.65643,8.593546,5.0175037,3.325917,2.6804242,7.7391825,16.4853,16.727257,10.857803,2.3971772,-0.6997009,0.27496472,0.5005487,1.8999434,6.0864315,9.310957,6.744469,6.453731,4.6645327,4.2635536,8.483473,5.062771,1.041068,4.607192,5.232525,2.5846672,3.5340366,-1.2096105,3.6098185,2.3132164,0.18404043,-1.4400357,-3.5393133,-0.7844542,-5.118786,-3.1330252,-0.35964566,-1.3846129,0.12002352,-0.4637531,-0.31959832,-0.15558434,7.0364714,12.013193,22.281193,30.455875,28.418793,25.46954,28.020359,25.832943,13.257975,8.050359,8.266593,1.9647698,-1.8824487,-1.7262368,-10.660656,-14.707836,-11.365462,-12.666448,-6.756548,4.5853624,3.1883142,8.987295,7.02108,10.161477,13.567542,10.878258,11.887451,5.148641,3.73246,-2.492844,-1.9799589,-0.36932886,-1.0670744,4.1525955,2.218503,-0.6653739,-0.7742416,-0.8185122,-4.020814,-3.7663827,0.15377069,4.921211,1.3293293,-1.9899164,3.5353522,9.101909,10.486292,7.5171103,3.9835382,12.916107,23.797226,28.187069,24.514042,17.82434,20.565327,24.732815,22.410017,14.249912,10.282589,15.715767,14.728017,12.0897255,7.001601,0.35698608,4.126383,11.474598,10.44679,12.395082,15.150406,20.03358,12.749728,7.02456,6.2809205,5.1892195,8.721487,2.4762073,-3.6996093,1.7583838,3.330271,4.630739,8.004082,8.710417,4.905306,3.244927,14.04063,19.942318,23.647196,22.62887,19.894466,16.95623,10.117201,6.0564528,6.6671076,8.419853,0.64722455,-1.3762739,-1.123049,-5.628196,-2.990647,-9.928589,-15.615208,-15.379507,-11.395863,-4.9203577,-3.9195826,-8.345604,-8.862808,-6.075203,-9.257815,-13.155745,-14.661737,-15.182923,-12.330078,-14.588825,-16.492683,-17.749027,-18.735363,-14.434395,-4.342985,-1.134889,-14.646322,-16.265638,-11.401985,-11.280739,-16.756868,-11.616576,-10.301727,-10.04661,-2.6956072,-1.4733548,-0.34335428,-1.020534,-1.3681151,0.85756737,2.8896132,7.4858193,14.093266,18.332436,17.29829,19.603205,19.287205,23.973816,18.266949,13.082865,13.161943,19.517015,24.463642,14.605722,7.0405912,-0.041215967,-4.421076,-3.9306324,0.2868526,7.102011,2.0738337,4.790904,9.974768,11.8799515,10.415295,1.524939,11.217763,21.172274,23.224194,23.438538,23.660164,20.229355,18.119091,15.83741,14.501631,11.295284,17.158634,17.469498,18.446762,17.871866,10.644068,13.605132,18.05584,8.835597,-3.963637,-2.852391,-1.707484,0.13970084,-2.43089,0.1903832,6.186169,10.8412895,14.864318,11.440157,11.58313,16.387066,17.67322,11.847769,6.2342396,6.7865086,19.083605,28.256985,27.082872,20.790516,14.321873,14.251162,16.108269,12.909588,16.37181,17.502556,13.202168,9.5634985,9.864836,9.900654,13.587132,14.043657,11.91123,13.993713,16.53938,17.290758,15.061262,13.330896,14.427919,13.91083,15.9097,11.967691,10.823429,9.978092,20.121643,24.639725,17.564655,9.938881,10.015905,4.374678,11.106237,18.780346,19.66023,18.806211,25.53947,28.80723,33.015526,35.4547,31.821136,28.415857,27.907001,21.471817,1.540424,-14.291977,-18.696735,-14.843943,-8.207609,4.4870243,17.24287,18.453575,19.347824,18.123886,13.862541,15.824981,10.426727,14.66305,9.098209,3.997196,-0.618881,-0.23903608,-1.9468672,-8.165586,1.7486966,6.4022512,0.8038103,1.2652849,-0.6389319,-7.099931,-11.129497,-6.5246315,-5.994955,-4.97959,-4.0560646,-0.08455217,7.6568155,10.791177,2.75315,-0.4416368,-1.4475113,-4.7181535,-7.5197525,-14.096084,-9.249001,6.379849,12.586224,21.208118,26.26955,18.258045,10.44532,2.5562558,0.26113498,0.41103026,-3.2189722,-0.50660926,0.5930023,-1.5719721,5.793645,3.2297444,-0.5094664,0.34768355,-2.6046596,-5.1501207,0.87648135,3.0296826,7.701522,8.631351,1.2197151,-3.946316,-0.7048905,-0.571105,-0.7754041,2.865766,-1.869707,0.6497849,3.034886,0.45365047,0.099669755,-5.0576773,-6.023947,-4.550664,-7.130534,-2.9264805,-0.45978886,1.3352115,1.1743095,2.6525276,2.8479915,-1.5031826,-4.0996046,0.81822157,2.3585973,-2.992365,-11.738204,-5.211865,-3.6503334,4.5918956,7.868697,5.512246,12.273918,8.179744,-2.3134575,-2.7694135,-1.0938175,5.1117697,7.6908946,6.437146,4.2145643,8.56908,8.687461,10.958818,10.026875,8.03512,10.995211,5.8571277,6.923905,7.4618645,-0.1901755,-0.6106396,1.3688066,-2.759746,-6.352872,-5.423215,-0.8724228,-1.433184,1.3323936,-1.0127814,-5.6771116,-7.092516,-4.6556554,-0.66916883,3.836526,2.577621,-5.195012,-7.2834897,-4.671571,3.4622784,9.207925,7.1806602,2.1722345,1.0596192,1.6201727,0.24773523,-0.3372488,-2.0773287,-0.7523321,-4.486888,-7.9012275,-4.1110744,-2.034516,-6.9322987,-4.788764,-6.1411123,-3.385456,-1.3058163,-3.6370764,-2.716374,1.9618913,7.106275,6.3253655,3.4016862,6.2522497,7.295396,1.7540834,-2.8202367,-6.8253117,-4.3719835,-2.6608553,-3.2692337,1.8118224,1.7975333,2.2330532,8.331188,5.4710693,3.8393319,2.869017,-5.408018,-4.501199,-4.9918594,-7.413616,-11.439892,-8.367505,-5.2293787,0.5674504,4.6014147,-0.7639873,2.2307215,-1.3507307,-1.6854501,-0.53304315,-4.3763676,-6.3851805,-10.57342,-8.480037,-1.164645,3.8159292,5.3950553,2.1485875,-0.14266455,-4.403164,-2.800549,-2.6562786,-2.5415478,-2.2704556,5.565712,9.668172,9.818138,6.1113396,2.622513,3.8317912,5.9932055,9.682671,7.9315166,2.1322396,6.3674564,8.674268,8.704369,6.6816783,2.535104,3.1142771,2.7224529,1.1494969,-0.0126081705,-2.5447035,-2.5322454,-0.48980427,-2.026951,-2.2762241,-1.6266292,-0.88395244,-7.8938284,-11.488911,-7.7911396,-5.2444277,-0.90448254,-1.8825127,3.7947884,-0.69367325,-3.6747735,0.2663133,-3.1719565,-4.933649,-2.9022312,-4.9797583,-10.173758,-6.2251434,-3.3544662,-9.616238,-7.3187876,-6.1981525,-11.113352,-5.9627237,-6.424038,-6.3620434,-7.254389,-4.504959,-3.2999854,-3.759447,-3.849293,2.974897,4.373204,1.2059833,4.692505,0.84612244,1.7933004,4.8501883,6.5790324,4.9907045,9.450197,13.014842,8.39955,1.5981317,6.6585503,8.877111,2.0257804,-1.7386435,6.4296575,8.193528,7.778339,0.74335265,3.1102667,1.3257306,4.991419,4.040004,4.7340775,4.4462643,-2.51377,-4.402793,2.1439674,-0.054886013,4.42013,6.126376,6.318009,0.46488386,-4.5902267,-0.7647284,-1.2251985,-4.017754,-4.9917493,-7.326848,-7.972891,-0.32251942,1.2611669,3.3874502,3.9449532,-1.1983223,0.86563927,2.5577474,3.614362,12.347272,11.075832,11.101061,7.4396048,4.907039,3.391503,3.9143748,4.842849,2.6863158,-4.679029,-5.54529,-3.8521695,0.41117024,-3.1912456,-7.0318356,-3.2577717,-1.6091561,-4.88939,-8.736746,-7.0291696,-1.8927037,-2.195343,0.986181,-0.8326724,-2.485588,-4.1768684,0.14070627,1.0114133,0.43364513,0.7528365,-2.777298,-4.1751947,6.230138,8.917656,4.899656,-0.4850775,-2.6166801,-3.0990956,-2.7580185,-3.8028584,-6.1557727,-12.267085,-12.520405,-6.669627,-2.089684,-2.5350478,-2.8009677,0.80550003,-4.3607926,-3.6102023,-4.935301,-3.832611,0.12986884,1.582175,2.4143393,4.210039,3.0516691,1.1015787,-1.3163378,-4.2096305,-4.095131,-4.810147,-2.6440763,-4.6206093,2.7444293,5.753214,2.290951,3.2891293,3.5073342,0.46064886,-2.9928598,1.4931762,3.1284776,-0.13931784,-5.1324315,-4.1375103,-2.2339063,-1.136898,2.708889,2.3408382,5.8400583,-3.241403,-4.944161,-1.4827771,2.198049,1.2375177,-3.5034466,-4.97971,-0.35124296,1.4845295,2.4118226,5.2395005,4.9796343,-0.3951471,-4.2109838,-6.0383625,-4.355032,-4.6543164,-4.9685173,-0.757138,-1.7116185,-2.8004184,-4.202185,-4.412756,-4.10306,-5.2860885,0.25899982,0.24530366,2.8885777,4.202177,2.527662,-3.4312491,-0.080362566,4.171396,5.4152837,3.3429532,1.9759212,-3.0767016,-7.471257,2.4784765,8.897803,2.8626983,1.4948251,2.2086494,0.27044502,2.3982506,2.0648062,2.9199364,-2.69664,-2.1919515,-2.0743532,-4.312242,-7.041731,-3.1351995,-0.15097165,-0.2233234,-4.0917726,-4.883523,4.9924564,6.205429,-5.6420345,-0.15506184,3.6165779,0.6710348,3.2576237,5.4086604,6.1511974,8.283301,6.571189,7.882212,8.712912,11.482105,12.755558,6.6670547,3.5351582,3.8755693,1.8970875,-2.0694993,-3.451188,4.0840397,6.7649817,6.620027,8.882879,4.3560853,2.2767286,-1.175109,-2.311112,2.7235587,5.549734,5.981333,9.910503,11.251854,7.7730575,5.979935,9.386114,10.022387,10.1835575,10.343462,9.042853,10.484178,12.248993,14.562202,8.271128,4.4747205,6.0413456,12.942672,14.811722,9.762354,9.126883,6.5554423,1.7113948,0.78713506,1.1088035,4.5864925,2.1528275,-1.0385547,1.2783248,5.32919,8.316412,11.379898,9.500637,9.424135,8.150564,2.9449663,4.1084867,3.677159,3.2189786,3.0946622,0.30874395,0.031253994,3.4182904,6.1245966,4.9426246,4.8913345,3.6430905,8.654955,8.614658,12.814209,14.513021,14.095266,17.930412,25.961308,23.416264,21.318794,15.825393,18.55821,18.660545,25.717579,39.61757,48.241863,49.003666,39.651886,21.699535,11.295371,7.2856884,6.6424375,8.9931135,11.951435,14.659092,9.857504,9.997698,4.3412185,-1.6644847,-0.84684956,-0.59647477,2.1210773,11.161385,11.818351,13.6369915,15.356493,10.517021,4.5926,4.613529,2.1811736,2.956097,3.7068377,6.087351,5.992816,4.971083,7.43821,10.896578,12.073034,12.108888,5.3750076,6.9385185,11.669577,11.675705,13.2660885,21.589766,24.603619,23.377378,23.598202,20.043995,17.376259,19.649101,20.156319,16.825958,10.874195,13.968247,17.593971,13.637248,12.175403,17.106915,18.084232,14.333923,18.00248,21.195889,20.71949,17.273977,12.277637,8.718054,0.99223197,-7.84422,-1.1581404,16.459679,24.158718,18.08542,2.8948965,-2.6877449,5.185075,4.634861,0.2859149,7.438462,4.6974382,-5.77339,-7.9819627,-5.1191006,-2.3405032,-2.772901,-5.7982044,-4.522951,-8.600913,-6.439496,-2.7518427,0.16452679,3.1538534,11.005424,12.547243,13.790262,11.000763,15.882771,24.679726,28.412733,24.837593,25.473751,23.727598,23.96587,22.25288,18.249372,26.385706,29.334476,26.196627,9.933367,-7.1362295,-12.908043,-10.7336445,-16.03283,-15.36231,-14.313488,-10.735634,-3.8857708,-4.237484,-0.3700893,1.7880079,-6.614119,0.59010994,10.112696,13.257584,15.880571,16.863863,11.824344,15.30234,14.051849,11.757066,8.768969,5.711508,2.793095,2.179778,6.1763525,12.444513,12.218502,11.4113865,10.381828,13.094021,16.756893,10.027302,7.3282557,3.033802,5.5187445,4.3652906,-4.142066,-2.032448,2.6704373,-1.9076775,4.3037357,3.7009692,5.6173563,4.283637,4.928466,0.26408967,-1.806973,2.574012,4.850791,-0.35513723,-7.190297,-7.798873,-8.275339,-12.424979,-12.137393,-13.404685,-16.370111,-10.026098,-0.7555631,-2.271441,4.5039043,4.69944,8.147043,14.638909,17.622631,21.762325,22.797485,18.694859,13.379965,10.301641,7.127857,5.538179,6.538269,4.107011,-0.06583339,-4.797405,-4.1052895,-1.4789195,-4.012269,-7.2693024,-2.618854,-0.38854486,2.6013188,6.3927517,7.2765393,-4.256869,-14.907034,-9.422124,-0.8751482,1.6774735,4.029831,7.9616866,12.94684,8.047388,4.6628284,6.7024336,14.022131,20.638445,18.724655,19.824944,17.862732,20.287132,13.82852,8.626415,8.72375,2.4557962,3.322626,5.574736,5.9997735,3.651228,4.1194696,7.9885163,20.235962,23.271845,18.572617,24.126186,30.606068,33.510765,27.589626,27.67392,30.288845,25.029663,15.5998745,14.254703,20.526646,27.51892,34.205982,32.657063,32.461662,20.39189,12.73984,13.133062,12.331932,5.249834,-0.4436902,3.3916736,3.59113,9.492315,11.716149,5.739688,-1.1749458,6.005784,6.554418,5.9167886,6.7775493,8.370164,7.196287,3.3624704,8.8768835,5.5548224,0.8047954,4.994652,5.1306343,7.06048,5.9799767,3.6800025,8.656163,9.82872,-4.759573,-4.5335903,9.616981,10.378488,16.893127,20.461258,20.554533,23.66129,23.924908,26.139004,23.609655,20.61154,21.959185,23.510178,21.563278,19.088774,19.983849,23.202118,21.41359,21.797882,22.564095,20.481756,20.049686,21.15218,8.536906,0.8290914,-1.8850727,1.8369023,5.988659,5.9030557,4.855032,4.313217,3.387529,4.5350447,3.2291627,3.3111613,4.1534624,0.3296361,-1.3725863,8.869038,13.64419,-0.3571087,-0.38849235,0.6753718,-0.084742844,0.5695921,-1.2572758,-2.1696532,-4.487611,-5.2298098,-4.0045166,-0.921407,3.1865194,1.9735308,-1.5044378,-1.6889899,1.3229458,2.635527,0.9015731,0.20048845,0.58793604,1.8053313,-6.0318003,-8.260385,-9.501502,-12.749653,-13.775007,-13.2735815,-8.184921,-1.5136777,-3.5069666,-6.897655,-0.9083779,-1.6376355,1.7544947,8.329828,3.3277051,1.6446714,0.9916337,8.618939,12.1557255,18.584072,19.041128,20.736795,26.250675,26.010342,21.575968,20.878342,16.533129,9.805892,12.70722,16.607737,19.033623,17.47782,22.989101,27.954037,13.672963,2.911954,0.52509856,-2.317686,6.691499,15.388701,21.165037,17.02029,5.3665533,7.4866257,16.097752,10.464983,4.028449,11.112312,13.951467,15.575145,18.511915,14.831476,17.002277,18.344656,12.849709,11.491407,11.531101,8.574439,6.8194847,6.01623,-0.66532063,-8.1733265,-3.2689734,-0.06349635,2.1365323,2.286304,3.7429366,10.170326,9.156707,6.3919144,5.042227,1.8393741,3.4742036,-3.6209502,-0.04887107,2.1054997,4.145651,9.826111,10.568783,11.77347,9.105492,5.2001724,1.576906,-0.18967438,-2.4056597,-2.3813045,-0.008494094,2.598671,1.0774332,-1.8693119,-1.0169752,-0.56458974,-1.1813488,5.7607517,9.895048,7.4303966,8.107592,10.341786,4.914653,6.5758753,5.4616528,0.59598124,-0.37832168,2.1586277,2.2567344,6.3897743,3.0349007,0.45243388,3.1993098,7.7557054,12.986031,11.474558,19.38132,22.89723,29.986586,35.87588,32.592735,34.286087,30.481625,27.311264,22.704212,19.513424,20.968544,26.541847,22.993103,16.421104,13.703392,12.097457,9.866099,9.671623,12.2861395,14.482094,7.172986,0.9874552,7.4298654,4.68112,3.786715,10.038603,6.781224,13.953342,20.96799,20.172897,16.39718,18.817188,24.127464,27.281487,24.70195,24.227798,27.432865,29.304697,24.752031,22.143047,27.179222,29.784607,29.451382,27.643227,24.402729,9.257557,3.4318619,2.5625348,2.385848,3.9838622,8.262213,15.924987,21.92895,29.004028,28.473652,27.14493,22.459972,16.909042,7.4965057,2.8993087,2.7976346,4.7331967,12.577784,14.952362,10.746944,4.19814,1.5928543,0.8716877,3.6297655,3.9008734,8.852243,9.242895,9.577575,13.147135,10.963182,10.682852,15.940067,19.398357,13.801555,9.448317,9.7159605,9.172905,5.0406427,0.86252177,-3.0757213,0.5168297,-3.383778,-4.9058757,1.0639371,-0.52960783,1.5473614,0.7505704,-3.6322432,3.189397,2.5862703,-0.3334673,-5.69365,-4.069068,-1.8851696,3.506866,3.3694665,8.733429,10.763411,12.382563,12.194273,10.827715,7.74184,3.5430567,5.37502,3.1517434,1.2449784,-3.7145865,-0.17590874,-4.944843,-2.1899345,-3.8537846,-9.654381,-8.162592,-7.5327034,-3.8191228,-3.102032,-4.0556264,-3.2953892,9.32197,12.352908,12.562204,11.854696,11.482336,13.614626,17.780392,20.150623,24.52272,22.60966,17.929306,16.193254,16.931255,16.69527,13.135361,12.90596,12.266452,9.868225,5.4814982,-2.479359,-6.5662584,-4.524595,1.4467456,6.578369,10.504181,15.46409,14.219181,12.083918,19.191036,22.374058,25.700134,28.065521,19.360706,14.788793,10.352737,14.909912,14.4938545,12.510036,17.282717,21.367313,22.692465,21.24791,20.154964,19.824814,16.746681,13.55241,10.948263,9.341935,4.7749996,2.8944473,8.889046,8.528851,13.933481,17.94471,21.729065,21.466967,23.637209,22.052006,13.480459,12.998524,13.854628,12.347946,15.81207,11.636856,11.370241,11.751746,12.976184,15.1782875,19.151611,10.358252,6.80884,7.1856112,13.441166,15.354009,11.648106,13.429512,13.554168,17.975847,19.142387,22.37879,21.444002,13.773076,12.052189,13.351423,11.810813,7.290515,4.532764,3.960457,6.377473,12.939495,7.5512424,12.241121,7.101507,1.379549,-1.2985604,3.8635123,21.044025,31.626846,29.153347,25.514687,25.898533,28.621264,30.699821,28.653675,29.104155,26.670944,26.181034,25.539211,26.774702,26.152746,21.522285,15.402742,13.534267,11.350851,15.915106,16.535927,7.7513943,0.6087152,-2.5427568,-1.4542853,1.2467579,5.325303,6.4543195,0.16822988,5.044403,13.371304,11.982218,6.2570124,5.2912054,-1.065887,-3.5801811,4.311315,6.4854383,7.277156,2.2930307,1.7965088,2.9354913,0.49979055,-0.8487854,-6.927987,-10.416619,-6.3752527,-1.6762896,-1.5546151,-5.148079,-8.054076,-1.0497777,9.326991,12.926348,9.467415,10.5824585,5.650182,-0.44286674,-1.8534935,-3.3368697,-2.0338302,-2.2024515,-4.3792152,-8.825817,-13.41591,-11.634522,-4.906158,-3.465351,1.8247827,11.327751,7.3487043,1.6226056,-5.65947,1.5735133,16.885025,19.172928,16.261889,16.018747,20.604893,22.168139,20.424137,21.531162,23.609097,21.98613,16.840816,13.572277,13.101124,16.712433,21.730959,19.82582,14.706026,8.3302355,11.425233,14.663753,13.356747,8.421805,0.7099849,-1.8389325,5.629203,11.367423,12.80699,18.505062,24.61177,29.962074,24.212856,21.529285,23.97334,16.916582,7.069808,-2.2620907,-2.8906543,-3.954286,-1.4455457,-5.8205147,-6.349026,-4.2063837,-2.473023,1.9111958,10.772778,1.1325563,-11.257198,-11.308389,8.2889385,19.553461,23.560041,19.035448,21.667652,24.374817,18.146517,14.962599,10.738403,18.831917,21.655994,22.966095,25.271791,18.359812,12.207138,8.322212,10.131567,4.6436625,4.9548025,5.755648,6.7985926,8.086548,10.010807,4.711053,3.6489286,5.544509,14.753371,14.66227,16.387522,12.295065,14.162709,13.1853,10.958075,13.238443,11.931377,6.2464724,7.70045,5.9476366,4.1731253,4.980939,3.8024585,6.4918795,5.1932945,10.718687,17.486576,17.950165,14.762436,11.322016,10.300936,14.639864,19.894861,20.678165,20.991362,19.71664,22.126568,23.471523,21.69791,20.507603,22.779911,14.491428,10.218259,6.13742,11.898146,8.771084,11.157942,17.174232,18.101177,18.188587,16.371414,5.6271334,-3.510043,-10.387072,-1.8281127,9.907009,15.914118,15.275834,13.415425,17.112574,17.51403,18.373066,21.353092,19.707191,18.051552,16.826578,11.198645,10.045658,5.456691,11.668274,13.955925,9.767736,6.651503,5.878307,10.681885,10.483147,3.6831574,-8.260276,-8.732634,0.9480007,0.7562814,5.6488094,18.573734,22.560371,21.827614,25.46805,32.89964,34.4288,31.53635,22.711924,11.828165,8.826486,16.089615,14.259342,5.434215,0.7550036,-0.76461804,0.49086988,2.5380747,3.340476,4.2410264,7.033189,9.062194,11.607126,13.450141,24.586857,28.016891,25.242216,15.675833,16.817478,19.434341,25.715305,25.30272,17.629969,13.376608,7.38033,3.6846738,1.6230602,2.9725938,7.0702486,11.130035,12.694859,13.17861,11.283595,7.619195,3.9713914,-2.2548347,-1.1633893,7.4191413,7.0608006,-2.2465575,-0.31872413,3.2735531,2.8046327,7.999552,11.110979,7.0217943,9.004347,8.911734,9.279561,9.984709,12.088769,9.255313,2.6969254,-1.6113422,-4.595582,-3.9792953,-2.3250384,0.60522056,-5.527133,-8.391266,-0.8108727,7.5774393,13.881955,19.406044,18.72033,22.320446,25.50124,23.789911,19.355873,14.922642,17.97862,21.86884,20.896324,18.361477,12.084065,6.420087,1.47107,4.081955,6.1800222,3.5619283,5.894766,5.7766323,0.34731495,-4.108813,-4.0718493,2.0691175,8.053255,13.258142,11.581911,11.001488,10.983424,15.759621,16.670347,19.309834,22.2298,22.388462,24.182901,21.364563,15.167583,11.745107,10.401039,9.185065,4.515374,6.015956,6.42048,7.006099,4.243863,5.3400087,7.80832,13.452205,14.062384,10.222643,16.897387,20.280012,24.943802,20.811317,19.071218,24.16249,25.704494,26.525963,21.781567,16.186886,17.91646,22.515728,23.432507,23.45587,18.190758,11.825279,13.330301,11.577633,7.7230864,-0.7902442,1.6625626,3.7954447,4.663787,6.95955,4.305551,0.78546697,1.9811125,2.4838083,8.650042,13.435769,13.938517,14.115583,16.281332,13.876345,2.9790075,2.865436,7.177656,6.506184,1.9980731,1.9019079,7.028613,7.042185,1.4367971,-4.028103,-3.3960776,9.546892,18.061543,20.457527,14.463318,18.059229,20.791855,20.58052,16.988022,13.359133,13.281902,15.491936,13.596806,16.445395,18.094913,19.803034,17.702726,14.478221,12.797244,10.958546,10.981447,8.13064,11.323509,10.783451,5.6043525,5.429326,7.9542255,4.90592,3.6540601,7.7140064,7.301472,0.34978437,2.9707015,9.291357,8.994389,2.8235326,2.7040317,2.8776412,4.8575077,5.583538,1.8767881,-0.43101317,-6.3529654,-6.1266375,-6.0356865,-2.224277,-1.7875085,0.3162985,3.3322582,3.953443,4.6281624,1.9697943,7.375655,8.134571,4.889247,3.5889347,-0.33712727,5.658246,9.891999,2.830875,-0.10394637,-5.5059977,-9.802134,-14.072187,-20.608261,-24.59073,-19.604984,-16.525095,-9.642021,-3.086503,3.298583,3.784151,3.002622,-0.8431958,1.5702924,3.5841093,5.2144136,7.530261,9.580706,11.779278,10.7797785,11.598034,15.635782,18.837114,17.050518,15.718228,7.0433645,11.18561,6.985297,9.103951,8.921297,12.12796,14.818729,16.339905,12.264397,2.0565603,6.792825,9.240126,8.448772,11.330643,13.456584,12.618789,10.76442,9.546331,10.504395,11.016674,11.206301,10.961245,6.162553,11.340313,15.741565,14.886157,16.77044,13.038744,9.706346,5.864044,4.424431,12.511642,16.572054,9.633799,4.596277,0.58872354,-3.6211715,2.0026789,12.187944,13.317503,5.6644855,0.75500095,4.8909397,7.8151627,13.046368,12.219806,15.45664,13.321382,10.513053,10.590878,12.675077,14.657831,11.885096,9.13487,5.4313374,-1.5667567,-5.7109866,-9.331548,-4.77392,-0.6127144,-2.259919,-0.6461251,10.16749,8.76961,11.948878,17.586933,18.558037,16.67472,13.753468,12.88626,11.421087,2.3917952,5.49882,6.9632816,8.5876875,3.1958685,6.2435865,7.119072,4.4368777,6.570219,10.321193,14.127726,14.691389,13.55809,16.930851,17.241661,20.152306,26.17944,20.095581,16.549532,13.452642,8.042841,4.9768033,6.0710754,11.265526,12.992091,8.652106,-2.2375655,5.359394,7.786009,3.7795603,7.724171,13.270498,12.575176,12.156933,2.6930737,-7.79482,-9.822777,-5.5227823,7.562616,9.055517,9.814715,20.572908,30.14629,28.488554,21.345383,20.96794,24.272655,26.530937,24.555477,19.744959,25.379517,30.781788,24.801756,19.482159,17.2207,20.849728,20.268944,17.52729,11.465993,-1.7979937,-1.5014079,5.753786,6.263091,9.223669,13.38685,17.307482,18.471018,25.09857,22.788391,20.223553,9.26138,6.146818,7.1165495,4.6551304,4.7193146,7.6511955,-1.2961184,-2.0562663,0.99803674,-1.4779243,-1.5719092,6.550539,4.406042,12.593888,11.067901,8.749308,9.971664,13.269768,14.329634,10.736023,10.8873415,15.446079,17.029736,19.1918,17.909046,17.212044,6.4022493,3.909876,3.3985796,-0.16287756,-1.9147153,-2.015166,1.222364,-0.07672328,-2.6847706,-4.340373,-5.5748444,-6.491712,-2.1143045,-3.7890363,0.8479047,4.5730333,2.3547316,-2.440252,0.27196723,5.49438,4.652972,4.247252,3.5955746,-0.07083377,-3.6217837,-2.3795705,-5.5255213,-3.8046784,1.4183336,2.1014144,0.29193097,0.12294084,4.4827604,3.9497604,-4.5576105,-9.181339,-6.4420156,-5.7291574,-6.766705,5.265341,9.525798,7.0406065,7.908248,5.669327,11.915106,11.659027,8.984913,11.532915,17.37999,19.229736,19.727802,20.368515,21.273743,27.011173,21.397251,15.222733,10.40877,2.1676931,7.067399,2.349041,-10.423256,-12.135416,-0.94209176,3.2582762,9.103562,13.610512,16.591082,20.373573,21.161886,25.475546,24.714645,22.400448,7.1381836,2.7525024,5.447683,5.0009346,7.0895605,12.47085,17.161917,22.202374,21.641521,16.887768,14.269682,15.383062,13.835381,7.482135,4.5314026,6.282403,13.386282,21.440836,30.469278,30.458904,32.29256,32.167084,26.206812,24.749918,22.214901,16.18653,16.524101,17.689766,20.201561,21.942879,15.460851,12.954073,11.834756,11.103923,7.5864367,2.1998024,5.5364184,13.73888,18.033829,6.0909643,7.6043186,8.208012,7.588937,6.471471,6.1772237,5.7766747,5.4866447,4.0203485,7.3388443,9.566366,2.5391922,1.9261407,5.903511,10.251078,11.592978,8.60295,8.367872,9.850103,3.382205,1.3600899,2.486,2.4693284,1.5069497,12.567894,18.0522,21.802689,23.018723,18.652702,17.898487,13.217997,9.39474,5.436181,1.5195531,9.747833,8.419949,1.0195416,-3.2097044,-8.678118,-9.571641,-9.613825,-11.227347,-6.3004007,-3.562239,-9.802279,-8.62973,1.6398206,1.470538,2.5519564,1.6080422,4.9143023,7.032671,5.8835196,7.0740967,9.00038,10.801563,-0.49750593,-12.663804,-6.0249505,5.881553,0.57371527,-9.576954,-12.222525,-9.266039,-11.398507,-15.863758,-12.608542,-8.773677,-5.7294655,-3.8708358,-6.263447,-8.335703,-6.506809,-8.643959,-1.3480097,1.9155847,-1.043077,-4.745028,-7.727125,-6.193298,-0.19440556,-3.269946,-5.868601,-5.38865,-4.503935,-0.9791399,-3.5104194,-7.239057,-4.297488,-6.5625505,-4.2601776,-5.359976,-5.3585,0.26756883,1.3002653,4.3234396,5.287386,0.6343079,-2.7973309,-1.1818603,-2.759811,-6.733414,-5.7630286,-8.556928,-6.3129854,-10.163879,-6.940422,-0.18535429,4.281125,-0.6505878,-2.5037098,-2.1281376,1.1049958,-4.1676884,-6.739581,-5.857294,-3.5480022,-3.9759455,-2.136086,4.3874035,0.6219543,2.538513,5.9658337,4.719521,5.620966,-3.2438834,1.130343,4.708004,-0.66695535,0.74689937,3.0901732,-2.4669309,3.2253187,2.4532523,-4.728463,-4.7236447,-0.5806353,-4.1971817,-6.0605736,-7.891859,-9.182141,-14.329041,-9.526469,-0.5943999,4.0577,-0.9573431,-4.58735,-2.404185,-4.8950453,-3.4635,-4.445959,-5.453697,-3.957505,-8.427884,-10.373016,-1.513253,1.8781173,4.583473,3.7506428,-4.12506,-3.3033779,-1.44993,-4.992089,-3.867537,0.98900473,-0.40937847,-5.7670574,-1.4673897,1.5728811,0.67326546,-0.64621603,-5.897584,-3.0538461,-2.416009,-1.6428944,-0.5537493,0.13298869,1.2482135,-0.44672558,-2.7032752,-3.0864682,-8.302689,-9.20697,-8.243734,-11.315343,-12.0241785,-16.816998,-16.544638,-12.020939,-9.48743,-10.060459,-6.2927046,-6.4605846,-3.9224784,-3.1645575,-4.071452,1.019111,-2.276835,-8.0849,-6.7261333,-6.066852,-11.083681,-12.407785,-10.9987755,-8.649045,-1.3949136,0.11279869,-4.227277,-9.28862,-7.3339443,-9.344327,-12.2414255,-12.2225,-12.271,-12.675904,-9.351137,-1.7622855,1.2983708,-2.5466886,-2.8760152,-3.8595362,-8.917347,-11.855131,-9.148924,-0.7542141,0.84990466,1.5983425,-4.0804844,-8.679644,-13.7229185,-14.397815,-13.982797,-12.153585,-12.398813,-4.8903627,-5.2278748,-4.669617,1.2002184,-4.173094,-10.619454,-11.966361,-11.969165,-8.988916,-5.1204233,-3.3742452,-0.041573226,-0.0045931935,1.764094,-0.50148034,-4.5262833,-5.4227796,-3.4202845,4.7736177,7.058409,7.8097925,1.9735228,-0.02052784,1.4769385,-2.5304766,-2.6742678,0.14523175,-0.23212424,-0.75111115,-11.809116,-14.945505,-14.908436,-14.410997,-6.7739735,-6.0500383,-6.287595,-2.8650153,-3.5104423,1.670634,5.8046036,0.3980981,-4.8448954,-8.065889,-14.07142,-12.091433,-6.7792883,-3.3622985,-2.8792486,-4.8181343,-6.7511835,-5.9554214,-6.7001963,-7.0566635,-9.667999,-12.14625,-8.858182,-6.285954,-3.5551848,-2.224393,-2.1431146,-9.822262,-5.4706435,1.4981921,0.7022333,-0.3976506,-3.010752,-3.52034,-8.3720665,-8.41358,-6.6746473,-8.162036,-6.0942936,-0.9685261,-0.94538194,5.9875417,2.7460809,-3.8381543,-5.950883,-3.5228958,-7.253381,-12.640163,-10.988459,-2.753928,2.1667128,-0.2188549,-7.678692,-2.2247486,6.747014,8.940234,7.2300587,5.5188484,5.269769,2.7576604,4.3733525,2.0294662,2.6428318,3.6275287,2.2809443,0.018234015,2.3868117,3.407578,0.31301004,-0.7123103,-3.8290913,-0.34939176,-2.7087238,-4.979098,-9.625046,-14.3177185,-7.8630114,0.31335786,3.630134,2.121438,5.0499654,4.1770296,2.302747,-2.160019,-2.6469684,-2.8704047,-2.4262824,-2.8487773,-0.9114211,-1.8569491,1.7656882,13.508137,22.464748,19.199688,20.64458,20.921017,26.234102,26.064335,12.958174,10.76345,10.881441,4.980548,-3.5407486,-7.814085,-5.138014,-2.9278564,-2.1768837,-9.369423,-9.7334585,-6.8388166,-3.5270524,4.6824946,4.455884,11.280013,22.833942,21.010494,17.853611,24.462982,25.751999,23.498955,22.530006,11.826684,8.314507,3.4474113,5.8952694,3.8652177,1.6873341,-5.231112,-8.862871,-6.641789,1.6155605,-4.432182,-3.9980073,0.4167174,-2.3875422,1.0191466,4.7873135,7.4763613,6.552629,-2.170133,2.4348626,1.5600058,-3.0280526,-3.5219312,3.7480946,2.3785276,-2.7683134,0.09028202,4.4797792,-2.1893017,-0.9790775,1.8683236,0.3274114,1.2225857,4.77425,8.383721,5.757984,2.4378462,0.8344859,-1.9546384,-7.5083838,-2.5875082,-1.2437583,-3.4172616,-5.1290517,-6.4829693,-9.249084,-0.5775306,6.2084665,4.4062347,3.0254748,5.159408,1.3867865,-3.581853,-7.664901,-5.5719633,-8.152651,1.0694418,5.426921,3.4480681,7.813002,13.391309,10.775623,7.6659355,6.2535796,-0.046978593,3.0078325,9.964762,6.1389003,6.1139107,9.052748,7.8980875,9.878195,7.516568,9.40065,6.2233543,-1.885291,-1.1056676,-1.281321,-2.2380805,0.99022365,-0.22556621,7.4217663,8.315126,7.2629185,5.8130503,8.601086,6.5126724,4.887158,0.6445365,-4.149113,-5.9465165,2.32025,6.359274,5.493251,0.17719722,-0.16790855,-1.3084285,-2.8700013,3.090619,7.338002,9.696569,12.651703,7.1649933,3.1842616,3.8570533,5.445007,2.1612377,0.6159769,2.6461737,-3.6939538,-2.3079517,0.67382777,5.774802,11.645174,6.68684,-3.3904004,-8.539904,-5.8778324,6.9429646,17.28115,15.890424,13.231803,11.526604,13.1813965,13.834915,15.246584,19.039661,15.737503,10.616459,7.263088,11.430987,11.324919,8.865187,3.5951552,4.2735357,8.587122,6.0761905,10.266397,12.658356,17.974277,19.592442,17.77253,15.335743,9.358444,9.002497,12.464686,22.490517,24.48877,28.428308,27.063316,24.726051,27.08284,30.448172,29.515614,29.146519,31.977951,29.595781,21.379725,12.883909,3.7411819,-2.1589298,1.2917364,4.0166554,9.465863,12.3707905,18.502186,15.007731,10.783922,10.962721,15.7682495,22.84839,26.078716,26.182995,19.996979,17.95718,18.005634,21.033617,9.241396,0.6245239,0.7274125,-3.0869112,-3.0990968,1.5844693,5.8384438,7.2872,5.643333,7.129534,13.559258,16.890217,18.702503,13.392849,7.2589936,0.3955614,0.95620435,-0.79096264,-0.32009375,-1.7330012,-7.376426,-9.578787,-9.873348,-11.830688,-11.495474,-14.486209,-15.364163,-10.173666,-6.5083895,-13.112267,-14.778498,-9.788686,-11.804327,-14.060217,-11.158434,-7.8678575,-10.247948,-10.678339,-11.62451,-9.540881,-7.8972216,-3.2051916,0.58150256,-5.0838423,-5.7042284,-5.242206,-1.1370056,5.287354,9.778656,3.0588362,3.2692456,-4.396444,-5.5726337,5.584881,5.79613,2.6585522,-1.800515,-9.168501,-8.612191,-8.89415,-2.3892243,-0.13513952,-2.3728151,-5.960661,-10.97019,-7.6207438,-2.0165513,-3.2249432,-7.234823,-9.568174,-12.692434,-9.404722,-7.596898,-9.93146,-2.4777212,-3.642154,-3.806178,-1.4769592,-3.334209,0.2630769,-2.4436207,-10.787249,-10.597228,-9.909626,-11.2686825,-3.3911786,-4.3273134,-4.9538345,-6.7567863,-4.8550634,-2.8196921,-3.3657618,-4.870556,-1.9866114,0.222933,-0.6798197,-0.25333667,-2.3856742,-1.4918824,-3.0573497,-1.610643,3.8182302,2.6875973,2.2536645,-1.5311598,-1.9562757,3.0898423,-2.3648353,-8.477457,-7.633448,-9.960411,-9.544462,-11.287566,-15.001642,-2.848073,3.0849154,-0.9929003,-4.639683,-2.9785705,0.15049493,0.49574554,-4.90777,-2.925641,0.055173993,-4.990676,-3.6472762,3.314188,0.90422255,-2.1706462,-7.287099,-6.2343626,-7.838513,-12.240217,-9.451857,-5.873678,-2.8079138,5.430981,-2.5474503,-7.4207344,-6.6169124,-9.156597,-4.1063232,-2.7114806,-4.7865567,-1.5081553,-2.4275565,0.55974007,2.7100835,1.9053972,1.7986219,-1.641978,-3.1364427,0.68924814,-6.6789765,-4.2453265,1.303874,0.45075977,1.4169588,1.0107087,4.6455603,0.2282058,-10.401375,-11.876902,-8.641087,-9.698552,-17.723427,-16.183983,-6.854003,-3.0282829,-2.6228118,-0.24142373,-5.2885337,-8.58424,-7.36304,-11.94849,-8.673073,-8.810341,-12.894851,-0.61795735,3.8423615,-0.47403327,1.6161565,4.8265333,2.8089623,-3.9497914,-7.10985,-4.4493804,-2.309145,-5.3351994,-8.994274,-8.760868,-8.096277,-7.65055,-5.1300354,-0.18820927,-1.4717139,-0.1459381,-6.658986,-7.2707577,-6.257308,-8.311042,-4.126066,-1.2615671,-2.2470722,-2.2738605,-3.0898204,-1.1149094,1.6994872,3.8202462,4.0029645,4.6630316,6.6599665,-1.6823611,-8.579013,-3.9872642,2.3629751,4.3843694,5.605626,5.054665,6.6595416,6.087756,3.8400803,5.3863745,6.656907,7.0011473,2.3714633,-2.1968558,3.1815248,-1.003828,-2.9714642,-4.503051,-7.6713524,-5.4445887,-2.4608128,0.5590827,4.598651,0.87799394,-0.70062065,4.015472,5.9057536,1.6304053,-7.012047,-4.0872455,1.3681272,0.95826435,-0.48167062,-2.0672512,-1.1186036,-6.797512,-6.9058695,-8.026033,-5.452396,-5.270996,-5.3044076,-1.7318009,3.6493306,1.0246562,1.448275,0.69771624,-6.907237,-7.0068865,-8.162496,-5.7254014,-6.3757033,-3.006318,-1.792,-4.3563995,-7.0772552,-3.2692611,-4.848272,-5.327368,-5.7820983,-8.614397,-4.420969,12.851322,16.11156,11.334568,7.186747,11.393173,13.483921,9.657377,8.774709,2.0882936,0.8746707,-1.6310706,-2.9842684,-7.2252293,-9.649007,-14.570169,-11.789696,-4.2273564,-7.8107843,-8.742575,-7.037447,-1.0383774,-4.5271273,-7.869239,-8.954618,-7.9770036,-12.865607,-5.7585344,2.1487243,1.7224021,-3.511078,0.31628883,-3.8242185,-5.32596,-9.62343,-8.723614,-6.070856,-2.7716134,-4.526352,-7.1193,-11.648514,-8.624458,-4.013921,-4.4620037,-1.623827,-0.39435115,0.053721786,-2.0023491,-7.3794737,-10.323759,0.58143926,5.7701044,9.546571,5.624714,3.3905578,4.6606646,4.351016,4.3731213,3.4823766,-2.0841966,-3.562843,2.1383572,6.8358626,-3.231647,0.932186,7.606785,3.7315109,6.346538,6.017073,9.340557,10.894889,6.300997,0.503104,-4.1306176,-7.735982,-6.400365,-4.9937143,-6.656475,-7.275117,-10.352375,-14.664209,-15.490634,-11.692388,-10.320564,-6.731725,-5.2213645,-3.5740352,-6.5821047,-8.637611,-8.971315,-10.265411,-8.086218,-12.197927,-11.825428,-8.140577,-2.3295538,7.166582,5.29721,4.2801228,3.4588952,3.1911478,4.39167,1.8238707,-1.1808572,-1.0390366,-4.680549,-4.5708084,-5.4531527,-11.929882,-11.622308,-7.5141106,-9.644678,-1.8446974,-2.6304228,-4.458959,0.1736325,-1.4051124,-4.324095,-0.52910984,3.1372092,-6.0021954,-3.796259,-1.0918196,3.8092027,0.8570074,-6.1326804,-7.8589563,-12.703505,-9.835735,-5.5914044,-3.2172637,-3.7391958,4.1378927,2.2645602,0.4245479,-1.5680153,5.188719,1.7993429,6.3861485,5.3467298,3.0743308,0.49365157,-3.9247496,-7.727216,-6.3536587,-6.1413584,-12.128225,-12.1499,-6.8868027,-1.9152187,-5.547042,-6.5448656,-0.22309214,0.031846642,-1.2171917,-4.1814036,-4.9535284,-1.3196633,-0.013494015,-3.8163643,-6.1253514,-0.047644258,-3.0621371,-2.097828,4.414794,6.0184584,8.119704,12.214865,5.9220386,3.2408812,2.7496834,7.50421,5.5122986,8.105238,8.381406,4.37762,3.0303106,5.390827,2.925409,-1.591537,-3.5470028,-9.055153,-4.566914,-6.448252,-6.752163,-0.46108878,4.113497,3.4300833,0.0241884,-3.6684892,-2.1564538,-3.930295,-6.405577,-1.7856171,0.4077059,-2.72289,-1.8551639,3.3985784,3.547503,2.99867,4.4678154,3.779843,0.15157962,-0.18367124,-2.474073,-1.4645243,2.069368,0.17858598,-1.1475912,-0.28173745,-0.75264555,-4.522052,-3.114178,-8.149515,-10.580166,-6.734829,-10.265,-5.4572177,-5.513069,-5.6590443,-0.54961354,0.092671216,-3.652272,-6.070124,-0.9976283,4.0409822,8.533014,10.004158,0.92006254,0.60802007,5.3449163,4.8123245,6.130208,5.7558775,11.553093,10.203896,4.681328,-3.0213604,-3.141808,-6.8606544,-7.9655905,-3.8736205,-3.157108,-6.469763,-3.274238,-0.69401085,-0.44419122,-3.2436552,-2.975862,-1.7716978,-1.6663582,-1.6206434,6.5168386,4.245513,-3.439231,-7.145685,0.122560605,-4.39209,-0.58109075,-2.298058,-6.7928433,-4.706697,0.15945888,-3.7383168,-1.7599466,-5.121271,-9.14813,1.0071172,1.4658326,-0.7573023,-0.34908056,4.7837543,2.2482939,-6.2904205,-4.812167,-4.97941,1.1420552,2.7407045,1.9042815,-1.6834506,-4.717928,-8.111084,-6.819272,-6.7104797,-8.811445,-9.584475,-7.4761944,-13.580317,-12.195211,-3.8635333,-2.1566367,4.503185,5.639081,7.13013,3.4162169,-0.9906296,0.6562594,0.005527079,-2.5494323,-7.233774,-3.1859508,-3.9529877,-6.016764,-10.7302065,-13.17915,-9.139293,-8.448702,-5.8208637,-7.5158973,-7.3632774,-6.2600183,-3.7168212,-6.114391,-10.109885,-4.984686,-9.27596,-6.619667,-7.2050967,-10.606056,-1.9188029,-1.2234905,-4.296825,-4.187772,-7.0190067,-9.932846,-6.3113174,-5.8509955,-6.386698,-2.3231685,-4.9927397,-8.60095,-8.556894,-11.8139515,-10.908817,-3.3169622,3.0838585,8.848875,11.770981,7.180912,3.3376737,3.05274,-0.015560389,2.9648108,0.5523329,-7.994053,-9.316048,-6.3154955,-8.361641,-4.6774244,-10.80304,-12.749552,-7.227461,-10.919519,-15.284149,-10.614538,-5.589818,-4.0946856,0.76586014,2.5116932,-0.6221727,-5.5083857,-6.4059772,-4.0026913,-1.6765004,0.96560913,2.2865627,4.0940685,5.1013584,4.880104,-1.0497501,-2.9303966,3.2786531,6.7132425,11.074556,6.47892,-4.9976377,-6.0673842,4.3527517,5.2783217,0.8747552,4.938839,9.290212,6.70151,3.1012273,0.8007201,4.334237,5.194711,3.5096924,-1.5953308,1.7491792,3.0911674,5.466052,4.2934456,1.2291287,-3.5493395,-10.266533,-4.0912714,-4.1053753,-5.0270615,-0.48279324,-3.8649924,-4.208411,4.295376,6.5287027,2.3861856,-4.4065037,-3.8130054,-2.8998923,-3.1548986,-2.1331296,-3.1325123,-7.1546373,-10.591167,-8.532923,-6.81487,-5.6613803,-7.055855,-8.521225,-11.802668,-4.781035,-3.9334772,-8.251566,-11.260666,-9.603094,-1.697979,0.7214112,0.051612437,3.4271216,7.1221824,6.188531,4.6576424,3.2917023,4.2992144,6.399563,2.7181647,-3.1754522,-2.0382786,-0.8116064,-0.6049867,5.629136,5.6645484,1.6312153,-2.4671214,-2.1738176,-8.15847,-7.1289196,-5.7684875,2.2626781,15.373548,18.183817,19.61593,23.639336,23.41416,20.988749,19.16218,22.034521,24.178284,17.655815,20.00803,19.500744,19.780571,18.46493,17.738544,21.215414,18.438925,13.497288,11.786257,15.074805,10.719767,6.0416856,-0.0071108416,1.252356,6.223715,15.755375,27.322845,29.776003,28.094734,29.255348,29.754711,26.450867,21.092289,12.63713,6.651866,7.6490173,14.52668,10.776922,7.892615,9.838242,8.643034,2.1277857,6.032756,12.032351,11.257065,9.40665,7.1944485,12.080265,16.217133,16.2555,15.527856,8.130564,1.6891594,11.968821,17.193615,19.414085,19.220943,11.902519,10.434039,9.290825,0.9297818,-2.90117,-2.5910404,2.6482038,8.47706,3.7375178,1.5631922,0.88897264,-0.8602809,0.5333586,5.490109,12.581076,10.514181,7.1102247,5.3475122,4.310085,2.532036,0.7034607,2.5207205,-2.029786,-6.089973,-4.4359016,-2.215901,-8.001022,-11.862951,-10.425136,-14.419704,-11.522829,-7.0595083,-5.3003445,-4.2208357,-6.0391703,-10.300884,-10.821133,-13.946736,-7.5803766,-2.4847934,-2.9390583,-4.7755957,-1.4957125,-6.36535,-8.731363,-3.9060874,-2.135453,-2.1783361,-4.1959286,-9.3801365,-10.81918,-10.565301,-1.0097386,3.2692895,0.44027147,0.3166611,0.6225673,0.6668944,-2.3084373,-4.125938,0.81126034,-1.8787253,-2.6659057,-0.54132044,-0.23355079,-0.08734089,-2.6789951,-4.3058243,-2.2095408,-1.8918388,-4.0672092,-3.051693,-3.8074186,1.6562874,1.9245963,-1.0102262,-0.62151694,2.942048,1.676794,-0.7358023,-1.5761402,1.4889921,-1.6192064,0.32840997,-5.600862,-11.39813,-8.962013,-6.0112348,-6.9253473,-2.2188966,1.0766013,-2.3914254,-0.75070214,-2.0454154,0.6543159,1.0678717,-1.171279,-1.883261,0.00043541193,0.4471693,-2.6055717,4.325954,10.848864,7.963718,11.679162,13.038933,10.320607,11.836817,8.529533,8.219764,10.603471,6.8633165,2.473862,6.8056965,5.966343,4.9131966,3.24453,2.8406258,3.0042133,3.8763256,7.0821075,9.643463,4.915919,0.6878365,6.5847397,4.158819,4.2031803,1.667051,-1.3750924,1.5003138,4.18397,3.5152342,3.7086325,2.2139406,1.4999018,3.2691422,6.5148478,3.3486543,0.018766224,3.1451564,2.4888492,3.0827265,2.1007729,1.4418523,1.7026548,-1.421691,-2.0886245,-1.8251057,0.7029426,3.1872058,0.27370226,-1.1149548,-0.59934473,-1.4726069,-0.46587086,-7.662035,-7.6378536,-8.871295,-11.024791,-6.8249216,-3.917189,-4.448655,-1.7982731,1.9240544,6.5775537,5.729585,2.9846022,0.33280927,0.06605968,2.5782962,5.6550126,6.9349403,11.036142,9.416276,7.0234237,9.751402,6.509232,4.8192225,-3.156721,-6.8418126,-0.3592554,-2.7491603,-11.623686,-10.453077,-7.395352,-6.6708317,-4.2366266,-3.825635,-9.358637,-11.305656,-11.526136,-18.714928,-19.341322,-17.544117,-18.30767,-15.303595,-15.489435,-19.118988,-19.069706,-20.682419,-19.924461,-11.051212,-6.8200665,-9.242343,-12.763804,-9.664669,-7.5430145,-6.3384132,-7.1472683,-9.311979,-8.4151325,-2.8538795,-2.8248458,-2.8044255,-7.579701,-10.310974,-8.400107,-2.4346495,-0.3697243,-5.1493177,-10.5393095,-10.120367,-7.7779255,-5.1428947,-2.068214,-0.8183842,-1.3215866,-3.012642,-8.246175,-11.290922,-9.485411,-10.390038,-12.188496,-10.434237,-10.501907,-7.626687,-10.737993,-13.906398,-10.060625,-7.2856073,-0.9336114,0.20526934,1.3513899,3.7871609,-1.1408572,-5.414648,-7.8907146,-8.875647,-5.9915886,-7.798786,-8.669188,-9.782026,-6.0223246,-0.80892766,-3.4949622,-0.2694574,0.6175977,-1.5903424,-3.5290065,-0.31013817,-5.749878,-5.087159,-4.127081,-5.1358905,-8.067954,-8.831728,-7.170621,-5.456045,-6.005515,-6.3215113,-4.2050757,-5.6240377,-8.701954,-5.7117767,-1.9023403,-4.0756903,-5.918807,-1.0900285,-3.467765,-7.843232,-1.8931097,-3.422904,-7.34993,-7.472807,-6.7729526,-5.225674,-7.0420046,-5.336152,-1.8569721,-5.5731497,-9.11014,-6.3992257,-5.465467,-10.618394,-4.482128,-1.2370138,-5.7373486,-4.943901,-5.2711296,-11.696798,-14.995469,-16.623644,-10.558309,-11.376226,-11.697151,-3.351948,-3.292109,-6.48033,-8.93322,-9.526787,-8.803968,-3.8443642,-6.0705833,-5.1780396,-6.4516134,-9.982544,-12.059455,-7.766447,-11.560951,-10.052868,-6.138138,-10.378339,-11.256058,-8.471115,-4.8320026,-5.432034,-7.293725,-7.940818,-10.645916,-10.303236,-7.84175,-5.8774967,-9.649384,-9.775687,-7.246143,-6.7742825,-5.897972,-3.7712138,-0.63577855,-2.429272,-0.8076601,-0.70739996,-5.5748243,-4.8313646,-2.6032572,1.934823,4.5678296,3.9131765,6.029703,9.909532,2.5849147,0.6470505,2.5211847,1.1343752,1.3729513,-0.32446778,-1.7741671,0.09662366,5.154902,4.6392174,3.5206487,5.189906,3.7873974,0.14119065,-3.049474,1.3614485,5.6002026,4.6256084,3.0499964,3.2382169,4.3003616,4.221568,4.0594225,2.5784974,0.893651,3.08687,2.379129,4.076883,3.4622552,3.4063146,3.2020793,3.4340465,3.2063155,4.6540008,2.6984692,3.2082906,3.5222063,4.090621,4.14497,4.4041834,4.0461264,3.8695772,3.47236,3.5741694,4.391863,4.078457,4.2542086,4.6610966,4.433054,3.9629793,4.257951,4.929704,4.2969437,4.464905,2.9861639,3.689004,3.4871106,2.9177723,2.3301263,2.8740134,2.2283826,0.35657135,0.7411152,0.45341754,2.7751322,3.5295496,4.4900465,4.1023493,3.2084482,3.1286154,2.6094909,3.8898082,4.373432,3.792826,3.4629436,2.9886765,1.9626142,3.7797382,4.0803156,3.3939455,2.8383749,2.0495214,3.0195565,3.1598532,2.787228,3.0074868,2.135223,0.77666295,2.2958117,3.052336,3.2689574,3.0844576,3.302576,2.8478694,3.0575488,3.3307023,3.7605414,3.6208727,3.3729901,3.4269707,2.9626374,3.6287575,3.318294,3.0620935,3.5640674,3.5300741,2.918901,2.7080233,2.868688,3.5412583,2.7677379,3.255344,3.3041348,2.9828386,2.9105916,2.306542,2.1445956,2.9380884,3.1086917,3.926803,2.9155588,2.671116,2.7132382,3.003334,2.5424705,2.4870825,2.5119357,1.7561417,2.028135,2.8909924,3.1340604,2.828872,2.8081646,2.5505686,2.484285,2.5490334,2.6431284,2.5501506,2.4606833,2.4352071,2.4199748,2.447474,2.5091472,2.421731,2.3166487,2.2895856,2.30192,2.2145848,2.260845,2.1275785,2.0922942,2.056347,2.0091836,2.0192125,1.8479369,1.9560792,1.8422275,1.7836959,1.7576399,1.6086769,1.6816009,1.4816036,1.5274446,1.428783,1.2749141,1.3652873,1.0706979,1.0371022,0.7896167,0.76588815,0.637972,0.24053314,0.10133765,0.0,0.0,0.0,0.0,0.0,0.0,0.0,0.0,0.0,0.0,0.0,0.0,0.0,0.0,0.0,0.0,0.0,0.0,0.0,0.0,0.0,0.0,0.0,0.0,0.0,0.0,0.0,0.0,0.0,0.0,0.0,0.0,0.0,0.0,0.0,0.0,0.0024111008,0.0,0.0,0.0,0.0,0.0,0.0,0.0,0.0,0.0,0.0,0.0,0.0,0.0,0.0,0.0,0.0,0.0,0.0,0.0,0.0,0.0,0.0,0.0,0.0,0.0,0.0,0.0,0.0,0.0,0.0,0.0,0.0,0.0,0.0,0.0,0.0,0.0,0.0,0.0,0.0,0.0,0.0,0.0
0.0,0.0,0.0,0.0,0.0,3.310823,4.09832,2.2053008,0.44600004,1.840337,1.7670993,1.2281793,0.18058869,1.8059154,3.0545979,3.7778819,2.5163803,1.7444907,1.7832192,3.0940552,4.214567,3.5504963,0.14358899,1.1868489,2.8226576,2.886022,2.7264261,4.2374043,3.0945144,4.086215,3.4522786,3.6307168,5.4903307,3.760303,0.5903826,1.582592,-0.49184468,3.7971926,6.4147153,6.643499,0.71126336,-0.41664326,-8.349176,-13.782182,-15.568428,-18.740509,-13.505926,-16.918541,-12.357138,-11.47919,-15.676954,-12.343912,-10.966368,-13.973108,-12.911991,-13.758422,-11.549433,-11.959017,-8.410248,-7.5132504,-7.5983467,-1.8868858,-3.740706,-7.6680803,-6.962709,-7.38276,-6.0480566,-4.0938168,-3.5704718,-10.233417,-12.686487,-10.580984,-6.657479,-5.1520348,-5.3451366,-8.444069,-9.819784,-11.042688,-10.566956,-10.2330065,-4.3724346,-2.709835,-8.573626,-8.301838,-8.168314,-6.668686,-7.6797514,-6.0403934,-4.536731,-6.850798,-6.472865,-3.537167,-2.4738708,-3.494763,-3.7462325,-3.040263,-2.2036583,-2.5127354,-6.0719943,-2.1213863,0.6549555,-6.798088,-10.564243,-8.8712635,-9.455801,-3.3590598,1.066325,4.786118,5.7211194,5.9341993,10.49044,4.7264533,-2.8380132,-3.4355817,0.718586,-4.5939445,-9.381173,-2.5535414,2.240611,6.260707,1.0988221,1.193366,5.275675,8.198389,4.6631813,4.1702843,4.9801197,4.304865,4.7737722,2.9914842,2.6894627,5.58872,1.426959,-0.5748882,1.7630142,0.097283825,-3.2921844,3.4638946,6.9068203,-0.112152755,-0.11671996,4.1158805,6.9261,7.270979,4.7367644,8.137367,5.3757267,-4.223178,-11.795578,-12.472897,-17.371647,-17.819763,-16.164032,-16.505163,-11.198806,-9.774978,-5.244793,0.1755887,0.82332766,1.4667218,2.8461347,8.679562,8.513541,9.915961,8.856831,4.90524,10.106441,15.628159,7.6858206,6.0336,4.441675,0.24768025,-1.4467771,5.492234,-0.33630228,-6.313787,-1.1845462,0.12284297,-1.7840561,-7.5713406,-8.676284,-3.1487246,-4.3851748,-7.523546,-4.4181647,-2.2684488,-5.2062836,-10.964205,-3.8969378,0.05258459,0.8387954,1.8240235,3.529625,3.5007324,4.6228666,5.1504984,3.5425975,2.4652991,-1.5706954,-0.780435,-2.5871372,-0.75087374,2.6306996,-3.5032244,-3.2193747,-5.9339542,-5.216343,0.32815787,0.9114498,3.1539974,-2.2392416,-4.9389277,-4.149376,-8.382864,-8.514869,-3.8092484,-2.5767112,-0.8542641,1.4568881,-0.5356958,-2.7976594,-4.801944,-8.228992,-9.428589,-3.318295,5.335891,-3.0657797,-3.5697925,1.6554792,-0.91344714,0.72244644,-0.94457906,-1.1414678,1.114778,-0.8220825,-2.317939,-2.46268,-6.005558,-7.701791,-6.28876,-6.96948,-4.753572,-4.4031334,-0.91931564,-1.1663964,1.2387367,3.0598752,1.007743,-0.41780695,4.3553495,-4.232476,-15.142718,-10.834888,-10.389363,-13.82081,-17.265179,-17.651756,-13.680889,-9.466116,-8.229603,-7.3398576,-6.7150764,-7.716119,-6.302809,-5.3337145,-5.8679495,-3.7993164,-10.093736,-3.999218,-0.10672021,-5.502864,-0.52541196,0.34620547,-3.3338094,-1.8818868,-5.4852257,-1.0017542,-3.9992437,-5.575273,0.82594484,0.40774953,-3.8168583,-9.064478,-4.1252666,-0.13449073,-8.121166,-5.7039504,-3.721976,-3.289301,0.47082144,0.93105304,3.819195,6.9994345,-1.6183046,-1.3677984,2.032245,0.87446475,8.405438,6.3359346,7.493062,9.257586,4.9092712,3.300555,5.584845,8.922742,10.079319,5.191859,4.0391645,5.69137,7.0345917,4.4322343,3.8879266,3.1977046,4.995573,2.046803,-0.57613283,2.266594,2.857029,-3.7375488,-4.3116283,0.3315466,-1.7532306,-3.5917716,-0.7801648,3.1459136,0.8919726,4.7567673,10.847544,9.925876,9.711708,13.310089,14.234028,12.27416,15.562637,21.503584,14.442019,19.962952,26.746452,22.688652,30.116453,35.147438,27.269318,29.967085,33.895214,25.232925,27.58117,31.395546,27.283169,25.340523,31.798025,25.569334,27.61427,27.775146,25.630024,26.1181,20.403343,16.227379,13.203934,8.406169,9.37654,4.9784517,0.5031664,-6.1113997,-20.935411,-28.813887,-26.315668,-18.758911,-17.012638,-18.082996,-12.8060875,2.5837488,-0.12402105,1.5338802,16.259308,16.349285,9.776077,6.642803,9.281569,6.127201,6.0111985,8.203865,10.528227,6.0568485,2.3214667,11.165101,9.824221,9.578995,13.295601,11.878059,11.093983,10.015071,6.7793417,7.085165,8.425586,3.4868522,12.299989,12.565704,6.375099,4.860566,7.337389,15.0534725,14.440796,9.828722,10.156947,10.865271,7.7556205,13.304014,14.449829,10.327948,8.027492,7.7069316,8.756651,10.345112,11.637623,13.949108,19.458992,13.669264,12.038103,11.88693,10.289175,7.0797033,9.280664,12.317998,12.119524,14.905004,13.647806,7.832372,6.4145184,12.040869,15.387222,9.694578,5.541403,7.0508804,7.73264,11.510862,15.39086,11.718178,6.9055037,7.0532207,10.354153,13.226521,11.909765,5.1325216,6.522258,9.993959,15.405084,14.481797,8.90868,6.672126,2.5005803,2.2776995,3.7378998,9.727762,8.249592,5.509474,8.353463,12.192135,6.5093765,7.092933,13.247545,9.215184,-0.79809153,2.5148234,-1.809695,2.19807,3.0219142,3.512794,-2.643698,-8.916071,-10.6021595,-5.22548,-4.0401216,-3.9817944,-3.3819318,-3.8086176,-5.569783,-0.5430607,0.34729707,-1.7952747,-1.5174687,-5.555572,-5.4060135,-1.6830251,-2.6535368,-7.799707,-10.492703,-8.181633,-1.9220021,-3.496663,-1.2723743,-4.7688656,-5.582524,-2.300068,-8.052504,-7.8291464,-10.118502,-10.415367,-11.786785,-12.592016,-11.233997,-13.887535,-14.285989,-15.073892,-11.925419,-10.108363,-7.7057033,-5.490643,-7.1604757,-6.0945425,-9.802076,-7.792445,-4.914091,-1.8969353,-3.5454574,-5.1858606,-7.8618083,-5.986539,-7.811554,-7.204994,-5.5413685,-7.6643143,-9.646305,-10.088982,-10.174768,-11.5213995,-14.600105,-14.1318865,-10.220478,-10.55854,-8.194841,-6.788314,-11.997999,-14.187833,-11.081669,-7.2509966,-7.1214156,-10.21418,-11.932459,-12.361517,-12.709498,-6.839631,-1.1857764,-6.2721596,-5.792959,-3.285336,-3.7151632,-3.4182067,-8.947672,-5.236227,0.5763147,-2.195732,-2.45225,-2.1152449,-5.1887197,-5.6546903,-5.352867,-8.496797,-9.357351,-7.8989043,-5.815605,-6.527979,-7.8148794,-7.251759,-7.796284,-8.208168,-7.9772015,-3.2690213,-5.2921414,-7.6787896,-10.521914,-11.643728,-14.575952,-13.057267,-12.129447,-7.118716,-3.7841454,-5.449784,-7.7510586,-9.576759,-3.152893,-5.080553,-8.721339,-1.3228042,-0.18292451,1.7904072,-1.4894332,-2.525097,-3.5663598,-4.354389,-5.3481665,-8.963278,-7.739035,-4.987488,-7.9405317,-9.634139,-9.969626,-7.592472,-6.117367,-8.246432,-8.82423,-5.478392,-3.9932294,-4.656396,-5.6836433,-14.528614,-20.762428,-19.166313,-18.638363,-13.651843,-13.028418,-12.368386,-15.281135,-14.519682,-12.792549,-10.90521,-10.038796,-11.007732,-10.175789,-10.12743,-6.9287024,-5.571331,-5.699858,-5.9460516,-1.6877403,-5.491234,-3.2131755,-4.531328,-4.5226736,-3.200557,-5.2037916,-3.9596455,-7.8762655,-15.467415,-13.620873,-14.205968,-14.261595,-20.281609,-19.759068,-13.785629,-11.165665,-11.067152,-9.807151,-4.7751217,-0.8529107,3.2995129,-2.2194042,-3.4851744,-3.1348352,0.39789164,1.0739415,1.9167979,0.1940395,0.44836247,-4.5420365,-11.088583,-11.348859,-9.2436695,-10.772753,-9.046644,-9.725205,-6.00788,-9.243084,-6.638852,-6.4494314,-4.633992,-5.569466,-6.1911726,-5.0295734,-9.129747,-14.876556,-11.348139,-6.501437,-4.682267,-1.2604636,-3.52469,-4.113085,-6.697578,-10.244201,-11.681942,-11.890833,-9.661675,-10.91379,-10.378048,-10.462358,-5.80437,-5.091522,-8.897329,-7.136762,-9.476639,-8.481503,-5.2826357,-8.558634,-5.971189,-8.12265,-14.755022,-15.6786175,-10.969311,-7.3250084,-5.9756165,-6.472542,-6.485427,-7.432711,-4.7837553,-9.60968,-14.169941,-16.1304,-13.567766,-12.412326,-14.546213,-17.675282,-16.691795,-14.7567005,-12.229094,-9.561464,-10.212238,-12.166302,-12.58102,-6.487068,-1.6907473,0.12549856,-2.6222568,-5.359973,-8.63157,-12.371775,-17.09187,-16.319656,-18.967133,-17.409985,-10.542141,-6.9848137,-10.082592,-20.528412,-22.859509,-21.184086,-18.58306,-18.420027,-17.91401,-20.381424,-19.999466,-19.536205,-17.571625,-12.399672,-9.506508,-18.54319,-17.857656,-12.247695,-10.626846,-10.811318,-14.60573,-13.283064,-11.128946,-13.305285,-11.970775,-10.818325,-11.775234,-15.215092,-17.165932,-10.6803,-12.254318,-14.589527,-13.576319,-11.416809,-11.03421,-7.8469534,-7.800877,-8.446218,-8.194625,-4.6317945,-3.65583,-2.7453587,-4.007209,-8.567621,-9.605677,-5.1057262,-3.7251244,-3.5262127,-2.979763,-4.4278965,-5.565133,-4.3530416,-2.7830803,-1.5756328,-0.31536812,0.81667846,-0.35193622,-1.4530611,0.19518578,0.46567082,-1.2163074,-0.4725414,-4.9460144,-10.2469635,-12.325747,-11.2137375,-9.322645,-9.704399,-10.484419,-10.654552,-13.089691,-9.147709,-8.119661,-9.015947,-7.5917244,-7.7922163,-8.4274025,-10.11533,-9.671043,-8.119371,-7.695189,-8.010728,-13.162469,-14.250923,-10.7472515,-9.558628,-8.531065,-8.386486,-8.091221,-11.555182,-12.354904,-13.282174,-12.912537,-13.714712,-15.625622,-18.449978,-17.770588,-19.257416,-21.26458,-17.825283,-9.232779,-7.7066627,-11.062786,-11.476162,-9.010004,-8.156622,-8.382626,-7.2564726,-3.5102649,-3.6210625,-8.660257,-12.597435,-11.645578,-7.81566,-5.9240284,-12.341429,-13.498112,-15.812748,-13.43156,-12.050528,-13.540945,-14.371347,-4.627535,3.427517,-4.526811,-6.930786,-10.545078,-14.642994,-17.829958,-20.376883,-18.210833,-14.370513,-10.204096,-12.060461,-17.828766,-16.427822,-14.222674,-9.462313,-13.824955,-17.662289,-17.840698,-12.06774,-10.160019,-13.246008,-14.609694,-11.441496,-11.213783,-10.228052,-5.1455607,-3.3514354,-0.70453584,-0.5940825,-4.493345,-10.110668,-10.798807,-4.2503977,-3.3649943,-4.4538994,-5.338782,-7.0570307,-5.593899,-1.9649063,-6.5316577,-7.694234,-7.8566046,-12.173662,-14.306524,-14.27742,-13.741267,-15.138548,-8.823889,-7.147588,-13.487258,-15.010221,-10.827711,-9.689349,-10.248337,-7.4248395,-8.270277,-10.675261,-11.08593,-5.579589,-2.117734,-6.699603,-8.904612,-10.013891,-11.774217,-11.430275,-9.7695675,-9.762178,-8.6031685,-6.424173,-5.4888983,-5.12315,-5.23085,-9.690342,-3.919002,-2.18993,-0.56368124,1.29657,-1.1844217,-3.4178252,-6.1519027,-1.8526529,-4.65641,-12.468968,-18.392838,-18.44805,-17.686499,-21.682673,-20.861248,-21.413483,-14.259894,-13.201347,-10.261051,-12.609871,-9.054223,-7.81697,-11.961491,-11.656559,-12.073563,-8.903574,-5.3357015,-2.160493,0.9280175,1.7816195,-1.1247677,-3.7243302,-7.9341125,-6.7858906,-8.082493,-4.981189,-0.26891223,1.8726503,1.586853,-0.776721,-8.588877,-12.658197,-15.580825,-8.310757,-8.790096,-14.991148,-16.15911,-16.025684,-17.458553,-21.708279,-18.257088,-13.662646,-11.520788,-9.575033,-7.4133487,-4.954859,0.5474076,-1.4433142,-4.3161077,0.6456511,2.8675942,0.7274907,-7.679062,-8.885544,-9.4024935,-7.6893845,-7.969014,-11.460512,-13.234086,-16.370888,-16.71378,-13.849035,-11.032972,-12.955013,-17.173313,-15.109311,-10.450555,-10.062478,-12.563101,-10.579867,-10.4868355,-11.193496,-9.625368,-5.869321,-7.516386,-7.757724,-6.5461893,-8.189436,-5.435458,-7.635852,-9.892915,-12.4246025,-12.202861,-4.701644,-3.6613078,-2.2295072,-0.47765088,1.5917095,-0.48642838,-2.32628,-3.6593447,-1.6982665,-0.88117534,-4.0742874,1.0391617,-8.954488,-13.976261,-13.417345,-9.826448,-10.315519,-4.6002665,-2.9925065,-0.8484416,-3.102831,-8.073467,-5.2226253,-3.5611532,-3.4243524,-6.2550898,-2.5228033,-0.3933679,-5.59356,-11.759853,-11.264357,-8.941431,-12.333588,-15.522297,-12.736511,-13.40394,-12.343941,-12.04579,-14.214296,-12.649466,-14.497969,-17.13076,-17.139542,-11.711128,-7.861372,-4.3399715,-3.8622522,-3.3811874,-1.8233418,4.562399,5.0091534,-3.9913638,-9.197455,-6.505254,-1.2712162,-2.7640653,-2.025475,-4.71089,-11.255377,-10.416878,-10.459688,-7.9185114,-4.1438665,-7.606698,-7.9616694,-7.761784,-9.079942,-5.1920557,-6.922643,-9.307552,-11.818489,-12.649433,-12.793076,-9.098799,-13.320738,-14.71373,-13.982713,-6.2879143,-7.965127,-7.174077,-11.085456,-10.258144,-5.6162844,-4.61733,-6.590001,-14.809696,-17.165573,-15.120658,-15.719327,-12.936918,-7.814016,-9.20724,-9.497407,-10.279355,-9.183971,-10.762312,-12.444437,-9.689325,-2.7265542,0.045179844,-0.76949686,1.8229954,-0.89658856,-3.332097,-6.6011076,-8.406277,-15.007266,-11.984856,-5.491821,-7.359541,-15.562805,-16.073078,-18.166245,-15.634951,-6.407181,-3.7284446,-9.702374,-10.067602,-7.144287,-10.928347,-7.698324,-13.898781,-14.701725,-13.285118,-10.063742,-5.2728686,-4.6196837,-5.784052,-6.6381583,-8.877813,-3.1182034,1.5650184,-0.72965693,0.76397103,4.1690826,4.254022,3.7416592,6.10844,8.021559,5.0319333,2.7391412,0.108009875,-0.55485964,-3.7076902,-1.2224127,3.9159467,5.595473,-0.12834024,4.5391126,5.1647882,8.354864,5.9366183,-2.8719535,-5.5612135,-8.072092,-9.770783,-4.379695,-3.0755525,1.047599,-1.7359304,-3.490648,1.1611495,6.2729483,5.5617537,1.0156064,2.1559052,-2.7436218,-7.659193,-6.4649587,-0.929373,-2.6914577,-0.7701802,-2.0001755,1.0634245,8.8925705,9.978566,3.7585616,2.5732622,-2.3891888,-4.4674864,-5.76672,-4.361182,-7.142021,-8.682764,-8.1511135,-5.122639,-4.816416,-9.409771,-8.046886,-0.37150747,-0.5060711,-1.3999877,-2.621808,-4.2378283,-2.391025,-2.7725089,-1.2975748,3.525576,5.7616158,4.4656153,2.5030782,-4.514735,-5.745662,-0.5574504,-2.8165793,-2.530628,-0.8798555,-3.3700163,1.7194506,3.5897293,4.48086,3.084695,-0.17364752,4.5573406,3.8651433,-2.3374043,-9.089485,-7.4048557,0.3119938,-4.322542,-3.4412093,1.4080598,2.6406171,2.012434,-2.3006558,-3.139966,-5.018484,-9.367895,-8.340506,-14.0121,-22.251415,-16.368017,-12.157661,-16.63861,-16.53991,-15.883289,-12.07917,-11.64465,-11.420166,-6.6694283,-6.7723417,-1.3495861,-6.6229224,-12.26953,-12.759895,-9.548554,-8.649365,-3.4655442,-3.0329342,-12.993454,-10.450495,-9.392057,-8.498232,-4.5964293,-6.2549925,-8.592378,-5.741437,3.0660093,7.554554,2.8203678,6.347122,11.379337,5.7574964,5.0415764,7.230134,5.534232,-3.2288306,-6.102047,-2.277193,2.1178827,3.0831287,0.12866102,-7.8676014,-11.676132,-9.443075,-7.7532816,-9.323914,-0.8512745,5.099491,6.8699784,12.01786,19.23201,22.243935,25.820827,30.16029,26.377329,21.761906,13.676184,16.534515,18.242638,22.15667,20.325954,16.280558,15.424634,15.227612,11.632412,12.40078,13.16046,14.165208,14.946512,14.115359,13.207528,13.9315815,7.725891,-2.0924602,-5.175335,-0.52753854,8.057501,5.965987,7.003427,13.226673,11.593235,14.545622,16.621967,11.438233,6.4751234,9.554382,4.4228506,-4.4693975,-5.834368,-11.722775,-17.90107,-14.094232,-3.7332993,-3.5430465,-3.6117291,-3.7004683,-2.8073344,-6.158467,2.2649484,9.021448,6.790698,7.2563686,12.43402,13.616798,16.934618,19.475267,24.706913,23.158207,20.930552,14.5089245,11.970739,7.5350323,5.685217,4.031353,0.5462464,-2.0735812,-6.4869795,-4.879854,-1.7462119,-0.5527693,3.0287156,11.298722,14.480495,11.670622,15.106609,8.759207,2.0989525,-0.8870873,-2.1631203,-0.41157234,0.042728066,2.4291573,1.1131644,-3.590279,0.2866114,1.2062478,-1.2800012,-1.1860645,-5.926549,-3.6339667,-2.0202277,0.598735,1.0690749,-4.9258404,-6.778331,-4.8132296,-5.9994745,-5.4608765,-9.89567,-9.055712,-9.0424595,-3.5304332,3.840205,5.3695917,3.7074497,0.02736634,-4.977026,-1.1149392,1.1168936,1.6348898,1.2509524,-3.655972,-4.544451,-0.06720242,1.5170308,3.4456785,3.240649,1.2687522,-0.20419723,0.5827527,0.79364777,0.6094102,-6.356,-9.420494,-11.06905,-6.632568,-10.44603,-12.376728,-10.409201,-8.239864,1.6498756,0.39878684,1.2559437,-3.846386,-3.2132235,-0.12424976,-7.9849854,-7.580266,-8.633133,-6.8959255,-4.438386,-6.1032543,-4.779484,-3.9174619,-0.17317724,0.31976116,-0.7177753,-0.88651603,8.053579,3.761525,0.15743932,1.5640349,-4.7094693,-6.5316505,-6.030778,0.943844,-1.2948577,-1.439046,-2.3231378,-3.8178759,-5.49242,-6.2154474,-9.713176,-9.309547,-9.527672,-9.774046,-10.828764,-3.4759765,-0.75924385,-1.3072771,2.8048315,-2.5295665,-8.489321,-14.314325,-11.215427,-2.1164715,0.59272236,-3.8686943,-3.2327168,-6.608746,-10.176771,-9.377677,-9.291095,-6.9174814,-5.4689713,-6.1293907,-13.575569,-11.709461,-10.956455,-9.51273,-10.727249,-7.1409583,0.30075842,-6.3025794,-10.605866,-6.70191,-10.824425,-19.587814,-17.051046,-12.227448,-9.839511,-11.190561,-8.307528,-5.4027176,-6.024928,-9.616232,-12.034234,-10.163149,-5.066626,-1.5724407,-2.8920915,-0.23240244,-1.6732023,-7.8509526,-6.3697844,-1.8584336,-2.1470506,3.6939354,1.7156048,-0.77338386,-2.7051182,1.8767477,-1.504344,-20.22292,-20.3378,-11.499256,-12.540457,-13.44915,-7.0687838,-4.109262,-2.7456665,-0.98325187,-4.007725,-5.9016604,-9.649772,-11.378729,-9.949673,-4.1949034,-8.257527,-12.545668,-7.680036,-7.0309925,-9.080999,-7.890337,-13.815506,-15.42511,-13.761789,-14.930941,-10.056104,-8.427009,-6.971594,-3.953817,-6.2479362,-8.991631,-9.464369,-10.9417305,-12.824257,-7.0735993,-8.74839,-6.5860043,-5.550832,-9.357794,-5.990881,-7.839252,-7.3841944,-5.9783764,-2.0595436,-1.2058504,-1.8959743,-3.0299683,-1.3896292,-0.8521018,-4.550034,-5.2458224,-6.256735,-3.8031154,1.245644,0.8566263,0.06415546,-1.4792652,1.1168376,-0.80293787,-0.5576769,1.9127909,5.629506,2.122647,1.2951783,-1.5988963,0.12724876,-1.5882511,-0.5271945,0.93515974,2.7188458,1.3306808,1.2749233,0.19890621,-4.6710086,-3.9093297,-1.4327642,-1.8251173,-1.2605021,5.2026296,9.433416,6.736759,5.3471894,2.544205,-3.4930692,0.11761519,-3.4269457,-8.921334,-8.666947,-5.2578707,-3.7403758,-3.1459315,-3.4886982,-5.06026,-1.6167048,-1.99647,8.560023,7.474243,4.7286,-8.545544,-18.664951,-15.5191765,-7.0603547,-9.825836,-8.394542,-9.625275,-6.9661207,-7.602064,-6.8817253,-4.872942,-4.0545397,-7.0975256,0.5277158,-3.1495686,-5.8848367,-8.057993,-1.898909,-0.81212187,-1.2063572,-2.8098977,-5.704173,-1.8706437,-5.111659,-7.134715,-4.0932436,2.1170993,1.0821785,-3.6351404,-6.2058163,-5.9938087,-5.723754,-2.1496878,-8.037586,-10.800845,-8.140548,-8.002144,-7.8704996,-11.197523,-13.313313,-13.929609,-12.300108,-4.53936,-8.144129,-9.316123,-3.9590902,-10.212531,-13.504995,-3.0833688,3.6378844,-0.0022935271,-1.2575659,-1.4195919,-4.1893625,-4.2327867,-7.489259,-5.077204,-6.834074,-3.4182959,0.24373078,-4.2544966,-8.150957,-9.183458,-10.542784,-11.086937,-11.466467,-6.398839,-3.238968,-2.241324,-0.36806118,-1.5596111,-14.86258,-5.7803807,3.0233088,2.5435858,1.4730247,-0.06849295,-3.728414,0.6485108,0.963856,-2.8940446,-7.1526012,-10.999233,-10.341745,-8.56332,-9.656107,-9.604286,-10.925011,-10.785689,-11.057198,-5.269182,-8.145774,-9.040968,-8.758053,-6.1376295,-5.9527674,-5.4084835,0.6134938,4.755357,-1.728925,-7.4866695,-7.2497797,-8.782154,-8.537233,-8.039225,-12.839552,-13.272984,-6.7698374,-5.057424,-6.1177645,-6.4292264,-4.075509,1.4142295,-1.1209201,-6.1699247,-9.202013,-9.735487,-10.047558,-9.049475,-9.50094,-5.91809,-0.3216765,-0.22338247,0.85818636,-7.080655,-4.631902,-0.24654618,-6.1924257,-10.075979,-13.067717,-12.498367,-11.242733,-9.84749,-12.120633,-12.601612,-9.269152,-4.3374195,-2.706882,-5.8221292,-5.3107147,-4.9799495,-5.3486476,-7.6845875,-7.301414,-4.214109,-6.6470833,-9.441849,-8.230513,2.7961454,3.6186802,-0.9113034,-4.0074177,-4.723258,2.5824847,0.65985644,-6.8098354,-12.904118,-9.137683,-3.2763026,-4.281777,-6.6645203,-2.819569,-3.8072586,-9.438286,-11.850171,-13.476167,-11.491669,-7.696414,-4.084132,-5.444542,-6.8276377,-1.7770762,2.3385878,-3.2459261,-7.777665,-10.73922,-11.068174,-6.5120554,-10.915291,-5.760891,-2.609932,-1.7295264,-3.6358213,-3.8173466,-2.6192486,-3.4959154,-5.2761292,-6.0037584,-3.7999525,-7.168124,-4.777705,-4.61693,-3.5118077,-8.180432,-5.3059397,-3.1638718,-9.66047,-3.7723932,-6.7493396,-11.719117,-14.7262335,-17.633148,-18.510712,-15.077667,-8.634035,-5.5765486,-7.1191626,-5.9326677,-7.984728,-4.4499054,-0.49968827,-3.3534994,-8.410799,-0.67423433,2.2148364,-0.43136698,-3.8869267,-4.406123,-3.0706844,-4.1103125,-2.088893,-0.86844647,0.051515043,1.5691415,9.550945,14.373495,9.937992,6.476325,-4.3775663,-9.88169,-7.7390804,-11.625191,-15.083731,-18.019606,-13.705873,-13.951952,-17.61714,-12.312541,-17.124474,-17.934464,-11.857145,-6.571638,-9.260837,-5.826129,-2.9445333,-1.7843835,-5.9135575,-5.4182673,1.7591388,1.9913843,-2.8542018,-5.5977974,-0.07337612,-4.959937,-8.25946,-8.4856415,-8.558899,-10.39808,-11.88281,-8.132224,-4.508626,-2.544813,-5.088313,-7.1976147,-4.858075,-9.001374,-12.624966,-7.3995113,-9.837174,-14.17072,-11.407179,-10.319,-9.759385,-11.206506,-15.753666,-10.83526,-8.312569,-7.0639176,-8.123564,-9.9501,-4.9935904,-3.261182,-4.3585067,-3.8809614,-3.4262857,-4.5234547,-5.9661016,-4.8004074,-0.70796657,0.37662277,-0.2349202,-4.1002555,-12.505676,-19.48729,-15.750951,-8.660198,-9.261665,-3.4353013,0.18935362,0.08698177,-6.232137,-9.383695,-11.025229,-8.254738,-8.894724,-13.0921,-11.123915,-11.235228,-11.717353,-9.840656,-5.7632113,-0.723042,6.5795345,11.272688,7.8855944,5.780666,0.30595648,-0.34983277,-8.437597,-4.3230047,0.73630726,0.91579247,3.1871817,0.100096226,-5.763669,-11.261944,-10.41066,-11.590694,-10.551394,-9.280712,-1.252614,2.0334175,1.7198086,1.9216189,-2.05438,-8.47611,-8.317753,-5.427799,-5.7447095,-1.0924973,2.6354885,0.16458842,-1.9131268,-4.262747,-4.798197,-2.8226695,-2.973001,-0.73157585,-3.3352628,-5.2958765,-11.756279,-12.407101,-7.7894278,-1.7407858,1.7286007,-1.0891696,-1.0822386,0.5539532,-0.37449992,-1.8865917,4.112958,-2.2751806,-10.048027,-8.925339,-7.5552316,-4.184538,-6.410084,-8.810674,-4.9316034,-3.171239,-4.484655,-1.1874814,-7.4151607,-6.416691,-9.547794,-15.670171,-11.863342,-8.60249,-11.168924,-9.911856,-4.8914633,-2.5711381,-8.374609,-11.540037,-8.997278,-9.595869,-7.0384617,-7.1096144,-3.5437918,-1.5947373,-2.8447838,0.39316332,1.8033926,0.5498147,0.61419755,-3.1570032,-4.4125514,-2.0151095,-2.5264428,-7.001542,-9.914646,-9.623943,-10.085159,-10.418554,-13.268329,-8.822641,-3.2437043,-4.7675667,-5.2782526,-8.519449,-13.02239,-8.544627,-8.015332,-11.66285,-7.048376,-1.5517627,-2.7230592,0.64032435,-1.2444062,-3.2142727,0.27475536,-3.8494344,-1.5064855,-0.61657906,-2.677376,-3.9358284,-12.21368,-14.677006,-15.465626,-15.687666,-14.869524,-16.708214,-16.455086,-11.179403,-10.217281,-5.2109604,-7.2499228,-11.050751,-4.00839,-3.5566592,-4.354218,-7.1214256,-10.116468,-9.420729,-3.405906,-4.9392176,-8.485105,-12.760719,-9.869067,-7.333476,-3.7315288,-3.627026,0.07884543,0.3064381,-3.5747652,-11.088648,-7.9737577,-5.9349356,3.4723096,6.970662,-6.6723566,-10.066013,-5.269429,0.09427214,0.62727165,0.018358946,-3.512403,-10.149368,-5.3255754,-4.636499,-10.781609,-12.896389,-12.626832,0.34005934,12.265715,17.345001,19.744038,23.330967,24.182701,25.665627,25.246809,33.132187,30.093987,29.673862,22.532337,20.739159,18.949211,15.618603,17.360415,13.846249,14.932545,19.9803,17.080883,20.911377,16.236824,14.23068,14.297834,2.4830894,0.8554462,2.8349447,9.394331,9.925548,11.980896,12.019161,11.057977,10.23988,8.224513,9.383097,20.616947,24.760569,21.061243,13.539738,0.850743,-9.193151,-8.755787,-7.032869,-7.7805567,-4.955966,-4.666915,-6.28821,-0.45484948,2.6650317,1.4148057,1.4817035,6.152687,11.525659,12.112458,10.766672,17.530926,23.8562,27.5145,21.898514,23.47385,20.11068,16.024586,11.766063,3.480204,-0.89694667,1.8947263,2.8956175,3.3262389,1.7315173,-3.082756,1.3925287,2.659443,8.58316,9.651255,4.321196,6.35012,11.194191,12.815985,7.6310797,-0.2746728,1.5842351,-4.8235893,-9.082353,-8.1017685,-7.6563,-3.4128928,-1.342549,0.49340022,0.7018062,1.6076479,3.706719,0.21011567,-1.5635322,1.1884704,3.4170232,-4.6644387,-9.101719,-9.592801,-9.953158,-11.526403,-7.323062,-5.5479393,3.125055,2.5083182,-5.750701,-3.239005,-1.6476898,2.1614232,0.6180586,-3.7474952,0.19799939,0.36819434,0.5852504,3.5577984,-4.44954,-2.0696387,4.64973,2.6992555,-0.76699543,0.79126906,-1.5426735,-1.9643574,6.569564,0.12142743,-9.264549,-11.834192,-12.484604,-9.749754,-8.4335,-5.0938573,-4.220662,-4.760188,-8.563328,-4.2083054,-2.09281,-2.6340733,5.502923,4.8258805,0.27429974,0.13394175,-5.3368406,-7.111871,-10.816341,-5.7448997,-2.0950503,-5.363199,-7.3910456,-3.808038,-4.103816,0.97646636,2.5549707,1.4632341,-3.6504056,-8.668218,-8.548357,-8.600399,-11.100564,-9.540087,-7.6701612,-1.8616772,-2.7396586,-4.1881814,-5.041413,-8.829985,-13.263091,-8.373145,-7.0028944,-4.19964,-4.3918962,-9.265395,-4.9782553,-0.5229984,7.901822,7.721077,2.8778002,-3.0613198,2.4471705,1.51301,-6.193781,-9.881504,-7.57356,-3.3069751,-0.7775959,-1.3295169,-5.3769975,-10.892029,-14.030567,-16.979736,-14.7563715,-16.079708,-18.72865,-15.081593,-10.517499,-3.0098262,-8.632431,-9.072072,-10.042551,-17.172134,-10.882317,-8.04117,-5.6332984,-0.7804653,-3.3054957,-7.3311195,-10.531634,-3.4451942,1.7184975,-1.1624975,-5.0990467,-4.4093924,-2.4953465,-0.45457295,0.7260342,1.8281901,-0.48531753,-2.3810303,1.188412,5.3116026,1.0298413,-3.74606,-5.850845,-2.487729,-6.9423018,-10.948771,-9.549852,-11.718436,-14.391078,-15.0467205,-14.779219,-16.033922,-9.063498,-1.8492745,-1.7157118,-4.220818,-3.4786792,-3.0148692,-8.709442,-11.140196,-8.053166,-4.8239355,-3.2012186,-4.051773,-5.4395247,-4.801955,-8.088195,-11.342964,-5.81907,-0.17644702,-4.143099,-5.627242,-4.415184,-2.7891014,-3.3901658,-0.86790675,0.56310105,-1.392408,-3.2571273,-6.2808647,-7.7460823,-7.4731913,-7.958857,-5.8191223,1.8947823,2.0853953,-2.466699,-3.0020704,-4.170643,-3.7931948,-6.9320064,-9.391237,-8.363921,-2.031235,1.5484085,-3.8461075,-6.853027,-8.797971,-9.383943,-7.214772,-11.709377,-10.544971,-4.65505,-1.8556955,-2.395312,-5.6562567,-7.245145,-7.5797176,-9.210772,-5.6418767,1.7302827,3.0529482,0.8671179,-2.9180272,-4.3572383,-9.616007,-9.731787,-6.656407,3.530038,1.6522745,-0.91592795,3.622692,5.0669785,-0.07697469,-3.206509,-5.908605,-6.9890904,-3.1663663,-4.964652,-1.8912528,-4.3965597,-11.525716,-13.210187,-12.918606,-15.223547,-8.833248,-0.7848304,-1.048666,-1.7976706,-0.8563547,0.7427471,3.676477,-0.9173548,-5.9839926,-9.185393,-6.618823,-3.704329,-5.4235697,-6.4597774,-5.8639913,-5.5053883,-2.8109567,4.215822,5.648055,-0.47537947,-2.2292325,-5.445896,-13.818092,-9.451908,-7.4566097,-3.1243353,3.7113862,5.413166,3.515118,2.284968,0.9728453,3.1200104,8.450478,4.034658,0.22986972,-0.32650846,-1.1831844,-0.5518534,4.818789,6.874916,0.06838861,-3.745597,-5.9482203,-1.3605894,5.943076,1.3781528,-3.9022179,-3.055544,-5.873227,-2.088363,-3.6495192,-2.3438168,-1.1627234,12.564556,16.665796,8.777161,0.040058523,-4.0506105,0.027608188,-0.30052236,2.557211,2.1504679,6.51315,7.426132,8.993929,10.164864,12.552061,14.11995,19.423042,11.678118,14.3965,12.887245,8.739468,8.087196,6.8444767,4.352088,9.019722,4.3709826,-7.269578,-3.0664427,0.42633832,3.9328368,6.841419,2.423877,-0.48434544,0.5426445,3.9614072,7.9184666,12.380987,16.839571,20.299606,14.06814,17.237358,26.514818,26.754318,21.773773,23.480757,22.107182,17.227596,16.585724,14.058609,16.226233,14.148003,9.977364,6.962846,7.4233217,2.5287466,-0.35041046,-1.5191035,-1.2080309,-2.5759258,-1.861125,-0.54606175,-1.6870416,-1.5097508,7.402811,10.92943,3.533039,2.6101382,8.214159,13.171915,14.311112,9.082527,-5.3906994,-23.835836,-24.812195,-24.60512,-13.921853,6.8765483,19.243137,19.995033,18.334866,11.583124,13.294429,12.545853,10.621818,10.618887,12.248795,16.28807,16.311884,15.312441,8.978324,12.783459,16.504818,16.257248,21.644815,19.509142,16.072388,17.436,16.842613,16.243576,18.951805,14.014185,6.799491,8.904228,14.862592,14.464292,17.571566,12.853264,14.253795,9.919821,10.728848,13.203547,14.109242,14.098404,11.38631,15.425814,9.267312,3.97865,3.589992,7.814743,0.02160579,-5.6792374,-22.229504,-24.670555,-21.94933,-25.477982,-19.776608,-6.992096,4.259821,16.578978,25.022505,25.894676,22.547821,21.055859,23.050507,23.992527,24.77609,20.196411,15.971123,11.1909895,4.7192574,7.317171,8.632405,5.739489,6.003414,7.590501,13.460285,16.896658,18.000069,12.531561,8.309376,6.3295264,0.84437567,6.535471,5.3565764,2.6454234,12.958269,7.146776,2.2571347,-1.253871,-1.3513855,0.77833605,5.7548666,0.8587869,-4.3931723,-2.9657774,2.37669,-4.657639,-3.6265411,-2.4651132,1.4471538,3.4887073,-0.62146723,0.0473938,9.031525,19.188465,15.835041,9.757116,0.51328546,-17.253891,-28.932755,-29.086525,-26.326233,-15.241745,-7.715597,-5.601946,-6.3927917,-7.539305,-12.113119,-12.9338255,-10.41807,-14.598127,-14.164683,-12.588772,-12.265295,-11.69938,-9.988823,-12.27085,-16.688946,-19.972973,-13.188587,-11.157603,-13.795818,-14.110653,-10.977571,-7.754265,-10.171911,-12.824306,-12.349603,-15.175857,-9.419723,-11.093542,-12.511242,-19.390057,-19.374863,-17.785975,-23.801298,-29.419292,-34.7594,-37.039543,-33.64543,-24.338667,-15.500758,3.2607026,13.243414,8.7494545,-0.24344142,-3.9026594,-2.210124,4.9512296,5.259163,4.8086696,2.08407,-1.3066704,-1.8176827,1.3024807,-1.6068387,-1.9790232,-4.510128,-2.759695,-0.10827494,3.8556361,5.648981,13.468706,15.728982,9.01836,6.105351,7.0899734,7.6156397,2.4547849,-9.680561,-11.266914,-10.897614,-10.36686,-7.539775,1.2573636,6.009692,5.4867725,1.1774732,7.230523,11.431703,7.199525,8.188818,1.9813923,-3.8909855,-7.4549866,0.73891807,15.259913,15.605191,2.764334,-16.250439,-15.745708,-14.277662,-10.33183,-3.130346,4.62087,12.55637,14.119665,8.617611,0.27934533,0.05221714,0.7242644,-0.27319455,-5.144927,-0.17938,1.029376,5.3545055,5.522458,6.2691574,4.474242,0.79329044,-0.6547227,3.3718596,6.676304,9.195559,8.994619,-0.38134223,2.3885207,-1.631557,-3.8110068,3.110804,7.079997,6.2400084,1.8936727,-1.259722,1.2839603,0.18137395,-2.6874592,-1.0724196,-1.471589,-2.325989,7.0620136,18.021908,13.000806,-2.6082013,-18.794846,-23.149822,-17.568989,-15.087921,-13.99604,-9.0517845,-8.635136,0.046211362,9.690297,4.652805,3.2250059,4.7658515,8.537795,7.3000584,5.6403255,9.17185,15.553841,14.209136,8.442908,2.5912545,3.9405446,6.897967,3.064999,-1.6245453,-3.941993,-2.8470325,0.82258797,3.620514,8.229696,4.9008904,0.8633317,5.2623377,1.7821851,-0.7320225,-0.79513067,5.579232,8.989021,9.4120655,4.59876,-0.73756516,4.678568,4.519145,5.4685926,5.368832,-5.3979216,-12.555747,-14.044937,-11.302802,-4.3430877,-4.372283,-4.0336504,-1.1152356,-2.5044246,-10.183939,-0.96940863,0.1953589,-2.54217,-1.4019849,-4.375189,-5.852388,-7.3133545,-1.1150842,-2.0540674,-1.5331335,4.628927,3.913354,0.87783885,1.9188534,2.9418926,1.371381,-3.9502287,-5.2209177,-1.5535661,-0.3075706,-4.4946566,-0.35441238,-0.09025735,-9.262449,-11.519984,-7.142355,-3.7165606,-3.2383442,-5.0542717,-4.880803,0.8785423,-6.092868,-3.696874,1.3894529,4.202689,7.5955696,10.367029,4.1906843,2.0736136,-0.28590024,0.21058495,1.4336872,0.97055954,-0.5574784,2.424157,3.2748277,8.106625,12.275198,3.8978486,2.676756,-4.3229337,-8.559041,-6.9199886,-11.703283,-11.608637,-10.7900095,-17.039957,-17.258972,-9.923455,-5.6285925,0.22421432,2.968927,1.8435303,5.3010707,9.697567,8.930696,9.445686,10.384919,10.684652,13.783235,11.170679,7.8710113,10.855645,3.8491397,1.8693693,-7.9180927,-15.010919,-6.225624,4.138794,3.9785905,2.2567887,-7.5214167,-9.74551,-5.9678526,-1.6321996,1.4283729,0.16062641,-1.9536707,-3.7147834,-7.910515,-10.666839,-4.6158247,12.515711,25.455109,15.664712,-1.220561,-4.8319426,3.4486494,0.5549628,0.37355784,4.828134,12.822279,12.423218,5.6741385,3.9594939,5.750312,9.491541,11.631264,3.0761635,0.7903707,4.495848,9.244409,11.232159,7.071044,6.7058764,5.0840096,7.2301536,9.357025,7.07305,7.218046,6.905346,2.751674,-2.1420631,-2.9497278,3.4901912,1.5129809,-1.3913033,6.562635,12.102116,4.2739096,3.4414995,1.9942366,0.6610491,9.284611,10.332236,9.316436,8.510572,3.8366578,-5.8395157,-10.437965,-0.7246856,11.33018,10.063557,-1.8147104,-12.622959,-14.595286,-12.227997,-9.947804,-11.449135,3.2793927,7.906557,14.784157,17.7207,19.639996,8.292421,6.776123,6.3968263,3.0272598,2.5002036,7.9318438,5.8922615,1.8607053,0.78982073,5.108843,3.8769393,3.199218,3.1770988,-0.07029125,-2.1247232,-0.8171352,-0.5241001,5.3659935,5.345992,-2.1433187,-0.2988069,2.7953467,2.6553023,1.358542,-3.4950476,-2.7918038,1.7795095,6.086179,0.20546982,-3.751496,-3.0585105,-2.6274228,-9.326359,-10.235969,-11.136148,-11.826204,-10.775924,-5.1108236,-10.737439,-13.52015,-8.746965,0.21824771,11.595152,16.094559,11.918278,-1.8403013,-19.483683,-19.737228,-12.191033,-9.889374,-12.240437,-16.98938,-16.938036,-12.5354395,-12.872651,-13.745814,-16.15134,-17.760721,-17.59379,-10.588557,-10.042294,-13.6299305,-13.986053,-15.422186,-16.915428,-18.176155,-19.965626,-23.92853,-26.288118,-24.124235,-21.615097,-16.047241,-17.83456,-18.60219,-19.140411,-18.575596,-18.51522,-22.90911,-24.764488,-24.199657,-25.400959,-21.719519,-22.873402,-24.473732,-22.43084,-15.9453945,-11.2762375,-4.3720913,3.1536255,10.125708,10.007298,10.312676,13.8319435,10.19467,5.9882064,14.83881,14.699374,13.696231,15.310882,21.458748,14.902086,6.762549,6.8030767,8.67743,2.5321417,0.21860647,9.36441,16.776512,21.905256,23.756382,21.031704,18.69924,14.401772,16.990349,18.66224,5.6033974,-0.43816173,-0.47211432,0.74800575,4.4572906,7.1350784,9.202274,8.66881,6.1408873,10.671278,9.052057,7.4858694,11.071468,4.3008075,-0.99802315,10.194605,15.05872,16.330662,11.540835,-3.1928236,-13.734705,-17.673336,-20.688831,-15.598005,-3.8098032,2.5905397,3.6902077,4.6384745,5.833068,7.5836186,9.455537,9.817669,7.8066597,14.850279,12.147744,11.34586,15.279955,17.532646,9.404878,6.547504,10.118135,5.3617764,10.779733,22.858852,25.094938,22.785755,22.559757,19.506653,15.996647,8.660278,7.2291393,11.685185,11.093128,11.180769,11.53063,12.03721,11.306353,8.915316,13.009609,19.438728,24.767883,18.318563,-7.808339,-15.649786,-11.410423,-6.5440044,-5.959386,-5.356825,-2.4973152,-1.7598293,3.7332249,8.298721,1.6502047,-2.8921971,-10.032324,-11.280251,-15.347831,-19.313354,-18.130995,-22.57914,-25.047588,-23.469511,-22.475914,-23.95702,-20.825039,-14.311876,-10.321791,-10.854437,-15.439683,-19.317223,-15.433451,-13.646444,-17.739094,-17.853676,-15.657106,-17.168636,-19.294752,-20.736912,-19.120419,-12.43099,-13.845006,-15.116696,-13.91988,-14.810068,-23.200691,-28.853722,-26.153843,-24.68263,-21.870497,-16.883467,-16.898026,-18.177998,-18.189098,-18.361584,-19.979912,-22.712082,-23.179113,-17.675922,-14.683301,-13.475332,-14.055357,-13.720034,-14.989813,-10.712183,-12.548315,-10.093561,-10.668074,-11.26674,-14.43048,-11.096011,-6.193251,-8.804137,-12.761834,-15.414238,-16.48846,-14.932303,-14.065652,-12.0652275,-8.896812,-5.8463774,-2.1706872,-4.6290216,-6.198221,-8.5926895,-3.975359,-2.417964,-7.344883,-11.739635,-14.179582,-8.427582,-9.402268,-12.469585,-8.477356,-6.754871,-4.4258566,-3.9430127,-11.16502,-9.72,-6.6556044,-7.6487117,-11.007915,-8.459239,-6.8997707,-5.3016367,-3.2158403,5.244158,2.2678828,5.4887185,4.3301997,-3.6705654,-5.194346,-5.614265,0.97118753,8.476119,14.513326,18.863392,15.58309,13.841423,16.469055,16.805021,15.170097,16.042078,17.052654,19.083466,18.06513,12.5544,13.831285,14.725034,14.393915,20.540237,15.578119,17.662325,19.10525,14.983452,8.269032,5.6621604,-0.8710661,3.9286923,8.882706,5.8903756,7.168454,9.703066,11.272179,8.201874,5.0341635,10.067942,11.45426,12.690088,2.5348313,-2.1904583,-0.5247843,9.918001,14.866424,13.517755,11.632481,15.608658,11.840727,2.711812,0.061662078,1.5098046,6.3684063,8.5092125,10.961323,15.112127,15.896047,11.380401,8.635943,9.203341,10.839039,11.303574,17.858572,22.856052,25.858955,24.032986,22.279625,27.743126,27.964806,21.668404,13.787652,7.971692,4.694421,7.7000546,4.5428286,1.8457301,9.454676,12.113298,9.91063,17.593441,23.214474,22.846546,26.365715,28.287445,23.396,17.811195,11.9157,9.184753,9.050417,14.749817,21.699219,21.835003,18.801184,6.0286913,1.9717774,-5.76294,-5.8786163,-1.760915,2.85866,5.24238,7.704506,14.830542,18.393456,19.993057,18.082924,11.385597,13.232758,20.217258,21.10508,24.752848,24.044815,27.513908,25.290699,17.909454,18.281227,20.453394,18.003042,15.299971,16.979143,17.891167,17.64002,20.627537,19.062368,19.219595,14.729247,4.712768,4.7199774,-0.7605573,-12.318527,-13.949377,-11.2898445,-2.027028,2.5035803,-2.866435,-5.3095512,-11.816897,-8.238944,-5.9513893,-9.451499,-10.958462,-12.182221,-8.886419,-4.721601,-10.647861,-17.10202,-19.428984,-19.18752,-11.057079,-12.177404,-12.884968,-10.3579,-5.281658,-11.562646,-10.550318,-17.966534,-16.44365,-17.374039,-18.616333,-23.129757,-20.30877,-14.722692,-5.825038,-10.131999,-14.2900505,-13.166214,-13.657212,-9.672293,-9.181462,-7.043953,-7.6253796,-5.735331,-8.064642,-5.9617786,-6.5202312,-18.679409,-29.673828,-29.043882,-30.0607,-26.704502,-17.946585,-6.5879226,1.0257316,12.134123,15.381217,9.205174,14.863382,15.301167,15.255946,13.384886,9.844139,10.715899,10.225576,2.9875636,-1.4628096,-1.2728428,-0.19736266,-3.165625,-2.8985624,-0.9881097,-1.371491,-2.650534,-4.9972124,-4.083322,-9.089432,-14.453385,-8.671551,-2.506501,3.5449479,1.7715207,3.2157578,0.54604083,-0.7561889,-5.4155817,-6.453922,-3.9437594,1.1213734,2.869538,5.67583,0.7900352,4.257357,7.844557,2.7844205,-0.97935724,-1.6142738,-2.03098,-1.0240133,-3.1587455,3.928772,5.12452,3.112015,3.3641148,4.5826006,0.98439103,-1.0506783,0.2292803,4.124871,16.009674,13.129719,5.432024,3.013713,7.649455,11.238246,12.555258,19.137016,9.492729,6.5426607,7.707388,16.435635,27.166548,27.560097,23.248253,25.760866,23.493258,11.950523,11.673463,10.173638,7.875116,6.381822,1.3598299,6.1302557,15.110317,8.546554,3.7112598,5.549061,8.172547,10.034283,14.676854,8.287261,7.303721,5.1623325,5.1493173,3.8722463,3.1895802,3.2277904,7.798068,8.467221,6.7319736,3.9574351,8.369308,10.642846,9.215708,9.84006,9.478697,8.824592,10.473015,8.232505,3.6666217,-7.6138115,-15.991593,-10.443501,-10.897925,-6.435289,6.709486,11.826765,15.958429,17.561766,7.8697815,9.5096855,13.309947,11.412914,11.656355,6.701099,4.9101624,6.6160526,6.968815,3.4621587,1.4935086,-1.468617,2.1334085,-2.1324084,-5.1029124,-2.6453474,-0.24858478,2.6404912,-1.2937593,-4.810051,8.530458,11.5869,6.0413337,1.5617676,3.131608,-5.7398667,-10.517761,-2.6244957,2.862742,9.487852,5.8511496,-2.4138122,0.8664818,5.4734507,13.107073,15.395369,6.7760644,1.6125543,-1.716201,-10.060613,-12.731567,-16.248508,-9.428359,7.6916575,6.773609,-2.4593477,-3.98685,-5.3651295,-7.4451885,-5.209804,-5.6242156,-2.8052726,1.9089259,2.8443024,5.594223,6.2648616,2.6291895,8.463972,9.401906,1.175432,-4.922598,-8.893355,-3.836439,-7.2895164,-4.820585,-3.0884356,-2.896945,-2.5811644,6.9608927,7.8927093,3.9121974,-1.1626413,-5.6850805,-6.281091,-5.630351,-8.123848,-4.0264597,-5.001233,-8.176949,-0.8069276,4.1083384,4.3423824,7.9833813,2.228503,-3.0426126,-10.332321,-12.150608,-2.0270658,7.0311556,11.6068,15.618729,13.987601,4.5092974,-2.9366312,-2.8933887,-2.150924,-4.198539,-1.8260434,3.432008,6.301548,10.597818,25.199287,29.89751,20.886562,12.992386,5.8576994,1.6372743,2.1293774,4.6279426,5.140402,9.870948,11.195191,12.10202,18.419144,17.305199,14.82248,6.6006007,7.596725,6.541957,5.810514,0.22193855,-0.9186746,-2.9735248,-5.476402,-3.7234542,-4.2432423,-0.17277418,1.0007932,0.08578849,6.331932,3.9607735,2.5684633,7.7240744,12.878698,18.325062,28.948242,28.992062,23.219244,25.216105,28.935291,25.2243,24.693066,27.156986,19.814953,11.769972,8.62216,4.9685745,1.7478797,8.749388,8.669815,4.6106777,2.915556,6.5790915,8.283808,14.228739,16.356924,16.17208,8.516752,9.545761,11.134432,8.205921,7.9798183,13.132433,18.045633,14.900997,7.2839546,7.925784,6.2621555,9.756279,11.76164,3.36005,1.520438,3.3517976,4.4162283,7.7607975,8.033526,3.9363842,2.3342614,1.9089422,-1.8886578,-6.0969534,-2.6522307,-6.375946,-10.18578,2.3500404,5.408829,9.189678,10.001541,3.6063714,-4.7035627,3.9586217,15.399922,14.590278,7.847947,1.3057125,2.4820027,2.8172064,4.998907,5.6862016,-0.8851884,1.185066,4.1740737,7.1797924,8.101463,7.1360817,4.2692995,4.033704,2.3571036,-1.4343104,-2.4427466,4.374935,2.1474366,3.8172324,5.654956,3.7734213,1.4821365,5.3708763,8.288307,5.820116,12.596199,14.3585005,3.9904356,-5.3578653,-8.526543,-7.6759663,-13.235914,-20.67044,-19.065521,-18.913023,-10.414207,-11.913067,-20.358093,-17.536533,-13.528257,-11.707795,-13.460705,-19.39052,-12.705576,-10.567926,-15.708931,-21.829025,-28.727346,-27.657482,-21.435307,-18.336926,-23.707039,-17.771692,-12.933007,-9.608067,-11.843011,-16.674053,-18.861252,-17.126797,-16.362656,-17.43674,-20.874763,-20.305817,-19.099953,-16.68888,-17.736298,-18.167526,-19.35036,-21.536755,-23.80692,-22.098886,-23.770287,-25.265854,-25.499237,-22.632236,-16.089975,-10.136287,-0.72683656,-3.3651779,1.0583936,8.545797,17.201773,19.68281,25.13808,26.430973,23.1152,12.877101,6.811534,5.7636156,4.814785,4.5821905,6.2962055,4.8812227,8.174357,12.597836,7.3146663,2.0486145,5.0625024,10.732002,12.732978,15.525103,19.021545,20.91977,19.19628,13.8092375,7.6172113,10.815252,13.763086,14.8839245,18.533682,12.819063,11.638545,16.934742,17.395397,18.825096,21.448961,24.193531,17.026392,10.342049,3.1359613,-3.0331361,-10.751318,-12.687327,4.465159,16.93736,14.491323,14.073103,16.803257,16.296246,17.812105,21.141163,23.806396,20.711346,17.089249,13.071726,8.826607,8.050269,13.663857,19.528286,13.359178,4.102996,-2.1195955,9.548229,15.623737,19.349224,23.191822,23.042862,22.075329,18.623384,14.440155,17.73416,21.827295,23.01168,18.849503,13.379042,12.73126,18.126608,13.455652,13.516449,13.147982,10.576599,15.55801,19.91533,25.306194,26.144642,25.774948,25.355663,23.768156,20.956999,16.56316,17.300793,16.40817,12.227758,12.3656025,16.210938,18.17474,18.050516,18.843563,17.841515,16.692644,17.153782,16.362446,10.318098,7.479637,5.712913,-4.6518593,-13.894173,-17.763231,-12.319586,-14.716776,-13.413546,-12.174204,-6.6448503,0.36847192,3.4749012,9.532221,17.699411,19.407927,25.990423,32.483437,27.445023,25.330406,24.327414,27.213806,26.502224,17.344822,5.3064947,-6.385934,-5.825453,-3.9171789,-1.3990283,1.6528134,1.5682219,-0.45840967,1.1049947,3.3978002,0.49194503,-1.2682397,6.790899,11.810951,7.57634,9.974667,6.583682,9.876894,8.075685,6.4780035,2.1060145,6.578219,2.2971692,-6.7083435,-5.172308,-4.699544,-2.3028069,-0.52838665,-1.219635,1.4304557,-1.4674897,2.7370708,4.7236166,1.1497787,-4.84192,-2.646201,-0.053072333,0.123548806,0.35078382,-1.0063941,-3.3018718,-1.3814187,0.808527,-0.20520799,-0.8746023,1.92501,-1.0549756,-3.2981184,-3.7515311,-3.4631817,-5.3474717,-5.699749,-10.075598,-8.761276,-6.4545126,-6.767914,-8.064696,-8.163893,-5.2562523,-4.6996946,-2.5382836,-4.0117908,-1.5670812,-0.71303546,1.8089733,0.21384275,0.4477743,-1.9001348,-1.1557059,2.0277307,3.1092067,-0.2665923,-3.9882712,-4.370734,-4.5274487,-7.235518,-4.24321,-4.893938,-1.966173,-1.8395365,-0.0768708,-2.58711,-8.423311,-12.9963455,-6.8995557,-1.4697299,-0.88381284,2.3317904,6.823551,2.4915154,1.5207459,-1.5428681,-2.023397,-0.7586053,-1.7761786,-4.695213,-11.543341,-16.35342,-10.442293,-7.10411,-3.509143,-6.160249,-9.928617,-12.984596,-6.237805,-2.8490932,-1.4821814,-5.516102,-14.905574,-13.474813,-9.875837,-12.0246105,-11.999933,-8.58927,-6.702883,-7.5396104,-6.814536,-4.569835,-5.754512,-1.4906261,-3.3575616,-11.194159,-15.067076,-16.039143,-15.871745,-13.336979,-7.7593093,-11.590476,-9.561177,-6.859437,-4.152112,-1.5751088,-1.0795029,1.5676345,-4.5837564,-6.1904783,-2.0699959,1.9499043,1.9822832,2.342814,-3.06385,-3.2133825,-2.4254155,-2.813377,-11.372402,-10.488825,-8.735939,-5.4297657,-3.095782,-2.9526706,-5.726245,-5.272086,-6.3203144,-7.244649,-6.55635,-4.212943,-5.218813,-5.7984085,-6.052967,-5.346842,-10.605549,-8.270613,-4.342703,-3.1035714,-3.937552,-1.1752441,-1.2982548,3.0529141,2.955408,-0.4568916,-0.95032114,1.946692,-1.3377463,-8.816167,-13.532607,-9.405082,-3.750472,0.010219112,0.26649636,-2.9058208,-5.0744553,-1.9541523,3.5286644,0.9322432,-6.0610237,-6.478844,-1.7316484,-0.97037745,-3.833635,-6.039572,-4.57846,-1.9110005,-1.5479702,-5.876826,-8.789301,-5.4044895,-1.0289471,1.8366634,3.8436866,3.698198,2.7885175,2.4525833,2.1150146,5.417368,1.8148171,-2.6276608,-8.804871,-7.1174726,-5.5245295,-6.44414,-1.2605662,-3.6400933,-10.605237,-10.665525,-4.9162054,-7.7674294,-6.816103,-7.729857,-3.831395,4.093328,2.3338213,-5.410839,-10.506627,-9.494807,-4.7439275,-3.2864482,-2.4375038,2.036358,-3.4404078,-8.484552,-7.6755934,-6.0783763,-1.878668,-4.0301685,-2.599083,-0.24854171,4.1899996,2.6203551,-1.5376385,0.22439271,2.0897796,-4.885092,-7.403216,-5.5276895,0.050965548,-4.707624,-4.2680554,-7.1403437,-7.370307,-7.8738346,-7.8767204,-4.25424,-1.2698036,-4.4373055,-12.677124,-10.202085,-6.1772,-0.53599334,9.755846,9.307149,3.231729,2.277384,0.18892896,5.913409,9.717562,3.4268632,4.328294,4.8604813,5.0795107,6.7805223,2.7056818,-1.0607262,1.2306228,-0.396186,-4.065975,2.1914434,3.4229212,6.6149616,-1.3914119,-11.436066,-7.867197,-1.486019,-4.449234,-10.657282,-11.5725355,-15.037596,-14.276512,-12.1132765,-8.913565,-9.767191,-14.288614,-13.494823,-12.382731,-14.67828,-8.441025,-4.610887,0.22266066,0.9623254,0.1338433,2.5746136,4.0090246,-0.9025256,-9.068671,-11.740746,-8.758581,-6.139986,-10.43838,-11.444903,-8.435101,-6.470441,-5.7648296,-5.9800854,-5.0454364,-7.8681946,-5.08898,-12.4698715,-7.567628,-6.3047447,-8.573337,-4.0777464,-9.628609,-8.5046835,-6.340895,-9.102087,-7.655057,-6.9807377,-3.6003633,-6.0756493,-2.2669377,3.073635,4.38564,0.6072637,-0.15550037,-2.5058794,-1.4831008,0.93951607,-0.010145009,-1.0259688,-6.49236,-11.0598755,-6.3497133,3.011179,-1.1287274,-9.163589,-15.011366,-9.0089,-3.318974,-2.6912313,-4.5502057,-4.0230746,-8.517928,-16.556225,-10.550624,-8.280878,-11.596104,-6.335824,-4.1811337,-6.897481,-10.2553215,-14.000965,-15.636391,-12.774618,-10.669994,-8.074313,-6.904247,-2.9146764,0.836576,-2.801326,-4.0727615,1.5900469,3.7118466,1.45615,-0.19478074,1.5761068,-13.080805,-17.680626,-8.194162,-1.6953526,-0.8383811,-3.80742,-7.6312547,-11.3129635,-12.30871,-5.239176,-4.5471077,-3.4702694,-3.8093681,3.249856,10.638147,8.607432,7.237926,6.354664,1.716841,-1.0615683,-1.059066,2.4891882,0.9547696,1.8609788,0.4235818,-14.636025,-15.788927,-15.427294,-16.044935,-10.963198,-4.604677,-5.576141,-1.9078788,-4.963119,-6.6632085,-9.570474,-10.553685,-8.988136,-8.921964,-7.2029724,-7.0520825,-7.6310983,-5.9287863,-3.9382586,-7.609088,-9.730412,-11.909132,-14.607608,-14.2544565,-13.785233,-17.324982,-15.681566,-15.338311,-10.167606,-11.67562,-8.668455,-2.3941395,-6.030556,-2.403748,3.4986024,4.606764,1.2726641,0.96294755,2.0440738,2.833741,0.41063017,-0.38593048,1.2624434,0.8428838,-2.4535017,-5.3399763,1.3001417,5.2998915,4.152379,2.788606,0.7866402,2.6240418,6.0700097,3.5202847,-1.3971326,-1.9397749,-1.9411414,-1.4800355,-1.3313327,-2.8738556,-3.9411645,0.6441599,2.703363,6.3402085,6.042368,8.462198,12.626596,14.657532,9.421758,3.8935223,2.2739558,5.7726126,2.571147,6.034157,5.25217,-3.6259522,-1.1027334,1.4267528,-7.103833,-18.104057,-12.575981,-2.1216347,6.818174,15.799769,21.354515,21.592045,14.064262,11.520554,9.907368,7.2477527,4.580179,4.9164963,6.727149,6.69724,3.5858567,4.555555,6.8698416,4.4889336,2.864099,6.2787523,6.541504,2.1680388,4.998913,8.123775,8.2329445,7.374909,2.8590808,-0.42978358,-0.23322642,1.3399495,8.541888,8.07769,0.18301314,-0.4515383,-5.00281,-6.4524517,-2.076023,1.2329866,1.7188556,0.5685062,-7.525136,-10.266721,-3.2777452,8.068571,14.81226,9.496349,8.707029,3.3216085,2.9429245,-0.10828628,-2.5619092,-1.7397294,-4.752323,-1.4977458,0.4587533,-2.541372,-6.983659,-6.1755533,-5.580627,-5.0557966,-3.3728147,-3.7973762,-8.545372,-13.002153,-12.278156,-16.37869,-18.540363,-14.130422,-14.574547,-13.994963,-13.945709,-13.213803,-14.870323,-8.608743,-4.9012556,-4.297586,-8.613218,-5.290829,-3.2146864,-3.521323,2.1673093,7.924188,13.960781,25.429352,28.082535,27.285688,26.290718,20.345245,18.916883,20.009491,20.485077,18.922237,20.684525,23.28806,22.901268,24.055477,23.730934,23.857105,25.931889,22.507217,22.548475,21.541506,16.13164,-1.1268225,1.2776513,12.657005,7.2049136,0.15948218,3.9518135,7.5439353,2.7792935,7.0963473,3.9102821,1.4198114,1.5532786,-0.97656786,-2.8969321,-4.163957,-2.7356942,3.152093,10.611824,10.273548,8.380969,8.624103,13.291544,9.245627,5.054556,10.27825,13.061953,17.987442,17.399078,21.075459,21.06743,18.19152,18.339224,19.742418,21.7996,19.742992,15.334659,18.506573,19.246777,18.190453,7.610138,0.14902598,0.15914744,4.2813444,-3.435008,-6.6704082,-1.0173829,-1.0035031,-5.064744,-7.1680965,-3.2299407,-5.312867,-6.9806366,-7.1477733,-4.2251043,-1.0922877,6.9810867,11.934181,14.270588,22.673454,19.246925,18.614819,18.671724,12.424117,6.9331493,3.1518068,1.1120148,-0.4121635,-1.702018,8.075584,10.778823,8.610977,5.583138,-3.7542925,-15.661386,-18.296642,-10.778875,-10.62553,-4.7869077,0.65238416,2.816461,-1.0416224,-2.4201906,-1.4059216,-3.464332,-0.60747045,-1.0468754,-4.6500516,-6.718601,-8.313944,-3.8266668,-6.4977636,-5.8251295,-7.8825903,-5.64835,-1.1512322,0.5040219,-0.6457001,1.0984182,3.1165667,2.536818,1.1119666,-1.6894063,4.481251,9.25346,16.177372,21.033226,21.26194,19.895657,15.551533,12.715785,16.820305,18.680573,10.908537,6.3775926,10.800832,15.815746,13.784136,15.265764,13.263934,8.986832,9.004314,12.849263,18.794853,12.531333,8.637728,11.902551,7.797609,5.7974453,6.8235335,5.2337146,7.80363,4.525132,4.419297,7.2794943,4.3736067,7.36842,10.633289,8.701806,0.067958355,-8.842646,-2.7136912,5.56524,6.5450277,8.835426,12.275301,18.046957,17.647171,13.39982,12.188202,2.8125172,5.155647,7.0385137,1.8686316,3.3756185,6.0993733,7.159622,8.795188,12.719755,14.5791645,9.443501,7.6111875,11.576458,18.608803,19.20301,15.860519,7.123208,7.0526567,10.975889,14.443108,19.53518,17.157429,18.530643,15.964997,14.451792,12.470557,14.939616,12.733297,14.063154,4.7864494,1.8578005,1.0676726,1.8061988,1.6713253,1.4106838,-1.3290368,4.449032,12.003824,12.882872,13.158014,8.341209,7.9482284,12.632694,8.11069,9.796518,11.792301,15.201284,5.642825,-4.587879,-4.428893,-2.9240816,-1.5769863,-3.2114432,5.139742,9.592049,12.545589,21.094452,24.854767,15.709255,14.783025,12.577153,15.409679,18.837101,18.138084,18.320267,18.461071,17.420448,16.808674,20.156992,20.974976,17.198166,17.846352,23.698957,21.024376,18.454285,13.631542,3.6937962,-1.433272,-2.5742152,5.6916914,8.877779,6.7778215,5.449787,13.660974,15.124098,12.168821,13.140936,14.755095,12.358218,4.777873,-3.773212,-0.77832854,4.1571856,9.04904,10.914017,12.231645,10.86718,7.2565274,8.22551,2.2451987,-4.430932,-3.7147977,0.16531968,-4.6779284,-8.287392,-13.235369,-11.136334,-7.8925757,-10.2924595,-5.6985765,3.7515209,4.032198,4.768949,2.961498,-0.45802426,-4.5986724,-6.32164,-3.6647048,-5.048269,-8.55538,-9.034543,-12.934118,-13.940733,-11.461033,-7.486434,-1.7661216,-8.51799,-7.420925,2.514024,7.3864107,8.772559,5.9305954,6.7351747,16.053621,24.794165,23.572548,25.074049,21.773487,15.142021,4.1987104,3.6486678,4.5500216,7.0443535,12.237923,17.570435,18.990705,17.620224,10.102116,3.716792,-6.3793945,-11.620905,-4.270305,4.366248,7.3109474,13.960514,15.27531,14.814354,16.791462,12.478954,13.017998,7.7371607,0.22142515,-5.4828386,-1.7956383,4.7378364,9.280014,7.7260933,9.980055,17.05586,14.960807,15.277868,17.031778,15.901187,11.105994,5.225341,2.468412,-0.90781707,-1.3989089,-2.0524492,-1.5466933,2.3845901,5.101618,4.9932194,4.899801,5.288908,3.961258,0.6231319,1.5852277,-3.9083214,-3.7920666,-2.9449012,-1.2344128,0.3853042,-4.6023436,-0.9965428,-3.0321212,-12.894394,-15.742323,-9.490368,-5.8108535,-8.324612,-12.968376,-16.155043,-21.749722,-26.072199,-27.471254,-19.418276,-14.793709,-14.497927,-20.087065,-22.971718,-19.923403,-18.69112,-24.736164,-26.707733,-26.405777,-21.704998,-16.757357,-11.592701,-12.536483,-11.975955,-5.5756197,-1.7789856,-3.8386202,-3.3472095,1.7591033,7.4739666,10.190357,10.507768,13.530094,13.308019,16.140137,10.781231,9.823944,12.263517,14.7686615,12.59419,9.773336,10.580257,4.627728,0.97033495,2.1403754,9.5116005,14.2350235,18.797707,12.756443,6.006114,-2.5088634,-5.4696693,-3.4284143,-1.7380333,11.04398,13.095249,10.911133,8.367362,9.235327,3.9157922,4.2299957,8.649244,15.451178,18.628513,14.59139,16.699312,17.23967,15.434488,18.614487,16.38571,15.40518,17.18483,12.641148,5.8187275,-3.0419903,-3.5127919,1.1374022,2.901585,1.0909907,1.7937082,6.7186956,12.842533,11.322201,12.653687,17.5951,15.417646,12.769451,3.9496918,2.7689779,4.7932196,3.529591,2.1681414,0.05038856,-1.4855802,-5.16498,-2.6902542,0.03160301,0.6077056,4.8307524,3.9899893,2.6295447,9.152869,10.48465,10.078214,14.502798,13.481176,16.618837,18.927965,19.663387,14.589011,11.102303,9.74332,6.0078382,-2.1441822,-8.6465,-7.515732,-3.2667809,-0.5290111,3.0689068,4.657401,0.7079784,-2.4575405,-5.165309,-4.337166,-9.167637,-11.783539,-14.069166,-7.3949037,-5.30311,-0.0060422122,0.50675905,-2.1695628,-2.9158971,0.13770628,0.7909473,-0.84876204,-4.960564,-2.889658,1.3481463,3.226966,-0.7366766,-2.0146575,2.2034154,1.7031838,4.726908,11.821802,5.1382895,-7.151723,-2.5302188,6.5317907,14.159436,21.320263,18.30067,16.089928,22.79653,23.101755,15.333132,13.876516,16.529396,21.139519,20.87438,13.948414,12.96429,15.466904,13.051351,17.379972,15.107077,17.450787,18.190994,13.2482815,4.917774,-4.120949,-7.717703,-9.78789,-5.115629,6.7054434,8.802426,2.9537902,7.3902206,15.687714,22.471485,26.383652,23.793385,21.810373,16.194042,0.5477352,-7.4145956,-6.1836686,-0.8018091,10.472109,23.32787,22.432983,20.858727,13.2974205,7.529911,0.7176051,4.0555086,0.20793879,-1.31587,5.875621,9.274499,9.484088,12.898403,14.91804,16.628937,15.47289,22.058113,26.400242,24.918074,20.78344,13.209138,6.5680537,8.16745,8.919481,10.73807,12.245409,12.228708,9.343103,10.587063,15.925364,16.70652,9.105127,-1.4726653,0.6598462,2.6740263,2.6576908,4.6357727,4.6974535,6.18248,4.41007,4.385025,4.2303715,3.0718954,2.977047,2.5918586,-1.9562646,1.3510114,9.573885,10.841175,5.465537,-3.1017618,-10.25823,-9.469042,-3.9890325,-3.0899453,-2.63484,-5.607191,0.54915726,6.447164,11.118033,9.977108,17.5657,16.104647,13.460718,14.31369,14.7183075,14.2574005,15.713137,12.610035,14.767008,11.273842,9.9254875,12.99939,15.139679,16.881117,12.737782,12.663073,12.654984,14.082878,10.875393,2.4955726,-3.3520255,-3.5897093,-1.6332037,4.067071,6.5398054,2.7726786,4.513971,7.5495615,11.128245,9.901777,3.7711785,-0.25898305,-2.8246338,3.9647055,4.4500246,5.2486925,10.935027,13.974631,12.0459,10.795147,8.140831,5.807872,5.0284567,9.176243,1.0177897,-3.8907747,-3.7578187,-5.110239,-7.798285,-11.791721,-13.147371,-10.806367,-6.3232965,-0.7502524,5.1956606,5.2411165,2.2858534,-12.163877,-15.14925,-12.977675,-12.7054825,-11.925489,-15.609497,-14.987963,-11.489815,-6.495568,-0.7601875,-3.9761012,-8.308215,-4.30174,2.22081,4.154377,5.2458987,8.154432,8.223651,14.805719,14.985597,13.182323,18.609745,13.243217,10.106567,4.1978335,2.4449072,9.695451,10.410189,13.784373,17.860302,16.86864,19.218105,18.446943,14.538242,5.8865304,-7.125178,-9.325108,-4.3194785,3.3362846,8.587791,11.548174,11.476,7.5958643,5.883811,2.428123,7.4778843,7.7648983,1.116326,-7.798526,-7.3555493,-2.8451438,2.5723014,4.1032257,7.9951377,10.039368,13.962434,13.603827,14.407998,3.7487588,-1.3486133,-3.984089,-3.5375786,0.58153164,0.6358304,-1.1742237,3.0201178,4.389533,1.61203,1.6193564,1.2882888,-4.873313,-4.6738486,-4.032317,-5.3234673,-5.0138874,-9.637058,-8.001128,-4.0790687,-2.4553738,-7.45785,-9.675041,-4.7834315,-6.1811132,-4.284004,1.9146442,-1.2648889,0.16687119,-2.2667928,-1.1286442,-6.3139973,-8.504063,-5.942663,-7.172391,-9.580467,-10.78621,-14.593529,-10.232982,-8.864579,-9.117743,-10.821442,-9.3133745,-10.731529,-11.33699,-14.737661,-15.446351,-8.165866,-2.5102563,-5.8606977,-5.5219316,-6.697925,1.6046736,5.391403,6.4799395,8.396671,14.294621,21.207603,18.322077,16.063408,25.256493,21.402946,14.201802,13.658515,16.875835,20.039185,22.070612,27.914791,25.758648,24.996906,21.351917,14.800015,15.349683,13.980582,2.5264301,0.16264118,6.0020757,5.364315,4.0168943,9.355175,12.77429,8.467489,8.487561,8.167715,10.556234,14.979323,20.974827,16.408846,14.381759,13.740888,15.670708,15.548365,14.844203,10.7420635,9.141213,10.76485,14.963287,16.456648,8.740671,1.8090878,3.718027,0.56438935,0.33892995,4.459546,9.10085,16.35858,19.848122,23.197311,20.819672,18.433702,2.7487333,1.5498492,10.059898,9.043354,6.528636,10.646339,11.827711,5.2764826,-0.8725028,0.7361226,4.1667457,16.607538,17.279545,10.183973,3.4723735,1.9472299,2.6547315,0.78521013,3.781313,8.815548,9.536907,12.456991,12.367033,9.783934,2.9521616,1.7368903,0.9389024,-12.228752,-16.047918,-7.9158053,0.19202891,3.5292828,-1.849646,0.1319102,-2.4512777,-11.302286,-8.520071,-6.836458,-10.467241,-9.836054,-10.1186695,-6.3070297,3.504312,-0.6954527,-2.8935275,1.8730541,4.1598706,2.6383522,1.9190723,-0.15888992,-5.010145,-10.183059,-8.142501,-7.468064,-5.327012,3.845099,-0.2449932,2.4137669,4.567903,0.45840633,-3.277228,-7.4142036,-6.0618224,2.6456788,7.915931,8.282899,8.833811,15.388323,18.965525,21.115063,17.762093,12.327599,13.061176,8.871453,7.393153,7.152082,5.0905275,9.796958,12.804182,9.761297,9.31022,18.863,10.741848,5.9899178,1.8303757,-1.2328022,-4.431197,-1.567682,4.7332163,14.005482,15.749112,14.5751505,16.279385,19.559143,17.618828,21.101582,24.228516,17.24197,9.166304,6.583125,1.1625335,6.524377,11.48682,10.834833,11.789242,10.028557,4.701779,6.001791,2.6674204,0.44339716,-0.7920104,-6.487283,-6.540825,5.8410373,9.726108,13.884152,16.016455,19.569433,24.847427,28.324156,29.005718,17.190659,18.309574,26.313522,15.717518,4.1991787,4.7481093,10.018974,7.0511923,9.603673,14.838001,19.964897,16.894554,12.759117,11.730804,11.514972,7.331191,4.107509,4.0436697,2.7558222,7.6268663,7.8531575,12.761347,10.597994,8.648984,6.7493715,7.269743,4.329004,4.009813,3.1718748,6.5936527,9.387066,12.109619,20.019848,18.104206,4.4308424,-1.867168,-5.831067,-6.1604137,-3.9149277,-1.9171308,4.964038,12.859209,8.720247,8.40289,14.365176,10.619225,8.77458,9.058281,11.752003,15.974582,21.000336,20.501944,15.430912,11.508869,16.097172,19.018694,19.517796,17.657951,20.508675,17.70644,15.955425,11.444434,-4.3259993,-7.469701,2.6847208,9.190595,7.6476016,4.8876996,9.285255,7.554921,6.2031927,8.477682,4.9973984,3.5672276,4.538599,-1.2439249,3.451279,-0.5614657,5.3683844,7.3076677,7.18448,8.624359,10.773039,10.137254,6.033723,3.2868829,1.2161344,-4.416121,-5.8343687,-4.4584885,-8.79581,-11.087658,-10.663385,-6.6209946,-3.5725446,0.37152994,-0.19354355,9.420797,9.552755,4.0039663,4.429064,-1.9356807,-8.199517,-15.651161,-15.066455,-13.476277,-7.804684,-7.677513,-5.6415477,-1.9098895,-0.3844507,-1.4171548,-6.9524713,-1.9521474,2.0579157,2.656094,3.9697044,7.766113,8.361061,7.980955,9.541163,10.74901,11.385624,13.584782,16.917847,16.162127,16.895325,13.105303,9.218648,10.19433,10.807025,9.014166,8.956713,4.740709,0.5060693,-3.9097953,-3.1536617,-5.4275546,-6.491738,-1.4355447,13.6195,13.813366,4.85439,2.9101472,5.396304,6.2971807,8.947638,6.804481,7.2943974,6.7573996,4.7235355,7.463229,13.370647,16.18687,12.746987,12.644451,9.649899,7.5722446,6.259756,8.101454,9.905871,5.6619577,3.4161985,-5.618201,1.3997519,1.373997,0.62869895,1.6365956,1.2881148,-2.9027267,-6.7171865,-1.7520745,-3.1486814,-8.941799,-10.105415,-6.892782,-7.0462823,-8.51429,-7.18482,-6.5260897,-7.940094,-12.685561,-11.573368,-14.707963,-16.867157,-17.050034,-21.06253,-15.27162,-20.328598,-22.929588,-24.166748,-26.136028,-27.835201,-21.782478,-16.830284,-16.823193,-19.583916,-24.480927,-23.624485,-16.51041,-14.669716,-16.869503,-16.104439,-11.562904,-8.253459,-2.8632617,-1.0747004,-5.4377866,-3.351928,-0.20466411,-3.60892,-1.2618432,5.682419,4.568312,10.47549,17.706894,18.43637,22.267405,12.03739,9.849888,8.612439,15.331027,16.419815,14.787438,7.1798015,7.693957,9.795376,16.690607,24.42452,19.182983,16.955173,6.015468,-1.4725796,-6.654075,-4.484989,2.6529057,9.166267,11.505209,15.856915,14.910835,10.173891,9.14643,12.45293,16.975208,15.090355,13.158367,13.503445,20.082668,19.675423,15.201944,14.180301,13.181644,12.819481,14.530355,14.1070175,7.9438887,2.710239,0.49564677,-1.54888,4.4424305,7.821782,8.213279,10.445227,11.126829,9.5656395,13.12429,11.321884,10.581545,9.922149,4.4586535,-0.8274214,-1.4297396,-0.73619986,-6.103278,-3.2718158,-1.5617589,-3.176157,2.638595,9.243144,9.635986,8.467994,9.934495,16.948023,15.386246,11.072324,16.144833,16.82626,13.18596,14.718962,18.718063,21.439283,15.204005,12.46442,3.288107,-3.2398143,-1.4247425,1.3871478,5.821428,10.660249,10.266394,6.117015,7.00881,4.033099,-2.7840307,-2.5887313,-0.81266105,-2.7137213,-7.235983,-7.8763123,-3.112434,-3.4317734,-0.07376081,7.48214,10.29977,7.9141936,7.691448,1.6005001,-0.09537125,5.926577,7.659788,2.9703333,1.8687878,1.7098011,6.610903,6.316201,4.752359,-0.46519315,-6.2227297,-7.6106234,-7.881959,-2.019337,6.241249,14.336948,14.44249,16.264145,19.579285,25.793095,20.224579,18.400524,15.682188,17.858812,14.693382,9.779564,15.689607,13.859359,11.104871,13.456887,19.17004,19.976234,16.691975,13.695641,8.73412,-2.929738,-1.8775897,4.9896812,11.832726,11.491794,10.341368,15.382242,16.87352,14.320412,15.146786,17.713406,16.83118,11.459063,7.560093,8.156361,8.738195,10.47064,6.7975836,7.999799,17.100185,17.396595,19.181355,14.591629,13.580862,6.116479,1.846779,2.6498592,-0.18229245,-0.6260359,-1.3130028,7.882207,12.819805,13.413783,17.803444,21.371647,17.971672,14.114265,8.554386,1.9712455,4.457305,7.8039765,6.9198637,11.755779,15.443554,17.33927,19.222012,20.782372,14.382093,15.606458,14.068936,6.87731,2.872491,-0.108858526,0.3459591,4.630344,7.7818875,9.392481,5.6533833,8.33441,11.392963,9.124006,7.504278,6.2128735,1.718542,4.501838,8.275211,4.044193,-3.2097678,-4.7638044,-2.1831346,-2.5898728,-3.3933847,-0.8604293,-0.72690743,0.49992174,5.690667,6.3748684,2.2984695,-0.11960176,6.7183523,9.721565,16.85297,19.498398,20.13176,16.862173,12.329414,4.8528295,-0.1985662,0.73668927,0.6471351,3.2810268,3.200324,2.2599242,4.5306945,5.6657743,1.5620465,2.081084,-2.539887,-6.2240496,-8.020798,-3.2620592,-3.89297,-2.974625,0.44600224,7.2406783,8.144611,3.8757665,3.7498784,4.636394,7.529438,0.71532416,-8.041386,-7.363532,-4.988123,-7.578186,-10.8339815,-11.074161,-12.490727,-8.684994,-6.9010296,-6.628775,2.599021,-1.3613021,-1.0826495,-8.110006,-9.904188,-14.879442,-17.031181,-16.916853,-11.077085,-15.872137,-20.656027,-16.350426,-16.193277,-12.418367,-6.6225414,-6.0160265,-2.3123388,-1.8305645,-3.5276892,-2.915348,-1.209304,-1.3630682,1.1451648,1.3699985,-1.3172925,-6.2243237,-11.516032,-10.43763,-3.4029045,-9.004868,-12.737385,-8.163134,-14.020443,-14.154911,-10.317965,-12.793821,-15.002901,-14.286074,-16.120634,-18.290733,-17.371433,-14.637064,-11.496849,-11.032005,-15.394641,-10.962139,-10.012685,-18.160393,-14.070236,-14.325237,-15.026581,-7.041582,-4.0885277,-8.443708,-9.727039,-12.8969555,-14.603123,-17.3353,-16.32782,-12.105679,-12.913963,-10.828758,-15.319612,-16.608479,-10.621017,-9.887224,-13.269826,-13.84927,-11.24352,-13.674511,-8.196817,-3.7989395,-7.391917,-0.06729621,-4.4426427,-11.568153,-16.694086,-15.429267,-9.4177475,-12.156034,-15.708446,-18.370949,-21.23331,-21.687004,-17.224995,-9.893871,-11.528632,-13.73595,-11.131796,-12.743101,-11.641031,-8.706311,-9.613988,-6.5562034,-4.219887,-8.133511,-9.10009,-9.113594,-7.434319,-8.184504,-11.318687,-17.1559,-16.169025,-15.245343,-14.51226,-10.496212,-6.166096,-1.5205638,-0.40871102,0.5395103,0.49779555,-4.8016787,-12.164131,-12.512615,-10.105387,-11.742493,-14.72143,-14.49071,-13.930481,-13.106504,-8.249205,-4.7287927,-3.7827976,-6.4674625,-8.808987,-9.051716,-9.079048,-10.214568,-6.5835257,-5.1489763,-7.1899776,-10.183983,-11.492401,-14.8566475,-15.811762,-16.695927,-16.698368,-14.41131,-12.198261,-13.690607,-11.066401,-4.8855906,-4.411716,-9.358788,-4.228854,-6.039451,-10.37422,-9.693406,-6.3979883,-5.0416403,-6.0050025,-7.81735,-7.9308662,0.08932555,-1.0329857,-2.2291117,-1.4098446,-0.20905018,0.76719975,3.623293,6.5952425,6.529452,4.716748,3.3075802,-0.8732016,-1.9136554,-1.7443929,-2.8398242,-2.0684276,-5.8922462,-6.3052063,-9.271866,-14.663356,-12.237392,-7.6817837,-11.410351,-7.228588,-5.2856817,-3.8240118,-3.2971451,1.4649571,2.51168,0.06557393,-2.8558714,-2.1414769,-4.153835,-4.6063375,-3.5938718,-4.2698107,-7.2752748,-5.1967864,-0.791044,-1.3016664,-0.2469948,2.045547,4.189598,1.6239834,-10.914819,-11.097773,-9.643724,-11.85832,-7.4972553,-8.077286,-12.351625,-12.034544,-11.736608,-11.1088505,-9.252893,-11.525299,-10.410084,-14.506428,-9.704583,-7.596096,-8.088576,-10.597904,-9.739271,-7.2985044,-2.4768105,-2.9145682,-1.0491899,-0.26694077,-3.931802,-10.850616,-1.8580885,-2.3029902,-6.2966156,-3.6662376,-4.4864,-9.734095,-7.2175345,-7.3827763,-9.486236,-12.810394,-12.055406,-10.695629,-11.262453,-9.945894,-12.442708,-8.81554,-2.911306,-2.1803906,-6.5861516,-6.976404,-4.818949,-4.0156717,-2.8120577,-1.1102607,-10.272148,-13.220119,-13.025425,-14.125732,-11.344038,-9.992025,-10.111329,-11.693466,-10.586852,-14.120369,-16.593073,-14.035048,-19.600956,-20.388203,-15.790337,-11.651463,-6.636262,-0.5685334,4.354798,6.030356,0.37168387,-2.0513732,-4.644582,-5.932094,-6.2151213,-5.878694,-7.2040358,-12.715114,-15.356477,-10.537071,-14.0635,-15.20216,-15.670772,-12.86123,-5.800236,-7.1281033,-15.075468,-12.421064,-9.034828,-7.3916163,2.6089287,12.28416,7.4319487,10.299044,8.329674,13.638901,19.093216,10.290291,6.029327,4.330248,3.642864,3.074136,5.807757,5.3724346,7.3559303,4.9433384,1.5387707,2.772907,-0.8451251,-2.6813135,1.4362144,4.430773,8.346081,14.473567,14.534192,11.680073,16.216232,19.977592,19.831648,12.585607,3.3379369,5.5722895,3.065184,-1.309439,-0.54191744,2.5362887,5.005604,6.9740424,3.629296,2.1785123,4.570716,2.9882016,-0.066781044,-8.083733,-3.7212672,-5.8413634,-1.92535,4.9388685,6.456921,7.7361617,8.764878,6.5685186,2.7938428,-2.2630792,-1.8085457,1.0249763,-0.16632557,-3.072172,-2.3758485,-0.2525374,2.2720249,3.5539904,-3.1991305,-4.9460263,-2.433649,-4.831596,-3.7797065,-2.3472338,-5.8830457,-9.537615,-10.903343,-12.215502,-9.323732,-8.7507925,-6.908519,-6.346386,-4.5400715,-0.6654781,-3.7753458,-6.396055,-6.8171997,-5.5736427,-3.8213525,0.8650433,6.1338086,4.7239723,4.818757,4.754142,3.493872,5.575973,-3.4402742,-7.9512205,-4.789036,-7.0135546,-9.461861,-8.507916,-3.5007534,0.4292817,4.6616654,3.544578,1.5586747,-0.23283832,-0.2963083,-2.8865154,-4.110736,-2.3453832,-1.6898091,2.876772,1.9666319,-9.204147,-15.73274,-13.348297,-16.927181,-18.418512,-10.57046,-10.248154,-8.676092,-7.7288094,-6.0416102,-3.5781345,-11.669435,-11.022324,-14.563505,-16.190636,-9.549317,-3.9659362,-3.0444133,-0.9020982,-0.63626075,-0.280102,-4.932174,-5.5770254,-7.8645144,-7.9014053,-4.702626,-5.9557276,-0.43894637,11.039174,14.125629,8.779485,-0.23225592,1.1159263,9.563518,6.088949,-3.7019787,-2.6912405,0.2496572,-1.6092492,-4.8826523,-7.137542,-3.1768968,-3.8885102,0.11038375,9.084318,9.743489,12.758314,11.627431,8.32797,8.258122,16.804298,15.638888,12.780939,13.60795,11.651352,13.432455,13.795869,15.0427065,12.197952,7.4761906,9.980375,13.969044,13.573808,11.340624,9.476508,13.486214,17.723625,17.786247,19.67991,22.609634,24.47057,26.152626,28.419981,27.526249,30.532871,21.216816,21.224564,26.080057,22.084578,19.910711,17.107206,12.036458,8.254574,8.881444,7.0453863,10.165342,8.6135025,6.9097495,7.7281327,7.203622,10.123863,11.295843,8.301704,9.674517,19.888233,26.822845,28.261276,28.736418,31.11118,24.036123,19.910923,23.6391,22.739422,20.194077,13.459664,8.661555,6.7402973,4.8168154,0.7424133,2.300591,2.6742022,7.454228,9.535753,11.527683,12.874982,15.164586,15.106356,14.727255,16.91391,9.613966,4.580261,1.7627028,-2.5075507,-5.3876586,-5.820623,-5.3791723,-5.3159065,-3.3851595,-3.2771735,-0.62592924,-0.056774616,0.94060117,1.5861716,0.37503022,-0.38903105,-0.49817473,-3.3292964,-5.1104937,-8.615651,-7.842523,-10.765539,-14.241036,-15.43006,-12.831103,-13.549494,-17.231365,-21.288425,-17.497236,-16.065844,-18.01733,-10.822176,-5.5412617,-9.110197,-3.2775576,1.9073827,0.006961584,-4.5384116,-5.87845,-4.7286882,-4.7428045,-1.1496093,-8.451521,-7.9813747,-6.681911,-7.856284,-5.1889925,-10.59123,-11.157661,-11.740716,-9.64854,-4.986634,-3.474527,0.8182,-3.4275703,-2.4947915,-4.1818986,-8.6622095,-12.242437,-8.8169,-2.6442442,-0.18541074,-2.4073582,-7.1418962,-9.4526005,-10.568949,-3.606969,-1.0262309,-5.585462,-8.668209,-4.92857,2.5966141,-3.6901202,-3.1616619,-2.6321862,-9.100157,-6.277077,-1.5002967,-2.8895764,-7.2734127,-3.3581731,-3.9041507,-7.634499,-1.718272,5.108259,2.3263316,-4.28542,-1.9716866,0.6585758,0.20877278,-2.522073,-1.5960715,0.05285126,-3.8219845,-6.2652845,-3.3909378,2.9741604,0.8605433,-4.888839,-10.71648,-10.294128,-6.516815,-9.258572,-11.339771,-8.447464,-8.975589,-2.8795824,-6.232875,-11.945117,-14.03595,-14.157972,-13.128152,-13.673164,-6.403153,-5.1225066,-10.611584,-11.4313,-13.526117,-14.823303,-14.731972,-13.451859,-16.291899,-13.720522,-15.09848,-12.96102,-10.293814,-12.673155,-12.280018,-12.950395,-8.591772,-5.637492,-2.9871225,-3.5872128,-4.793604,-6.5888867,-6.9778843,-7.8421283,-3.801493,-2.1297312,-3.5553293,-5.0586367,-10.245834,-12.6797085,-8.681513,-5.2829924,-5.7251854,-7.3594174,-7.9340873,-15.299113,-16.688072,-11.005349,-8.285664,-13.168608,-10.994093,-9.160599,-5.301401,-2.1480632,0.41873515,-1.7092133,-5.4063206,-6.9104576,-2.0983722,-2.1733634,-8.867203,-4.3216662,-2.7030554,-2.0278254,-3.718462,-6.86974,-6.050473,-1.0742011,-3.0906324,-2.3075309,2.0178237,-0.9806209,2.5652015,-0.812165,0.2746892,0.53655803,0.2436974,-0.5494338,-1.3825696,-2.4940612,-5.2796216,-5.8455715,-6.2332206,-11.692966,-12.381344,-9.1307335,-8.445854,-5.698645,-4.6645927,-3.9510562,-5.329364,-10.32316,-9.028322,-9.162511,-5.91274,-3.0217104,-3.496844,-9.346949,-11.932672,-8.673639,-7.649184,-2.0574737,0.28898847,-2.3754706,-2.1517158,-3.1997907,-5.2795725,-3.381429,-6.7537155,-3.7518544,-1.053105,-3.589087,-4.393487,-5.803138,-1.8958364,-0.21586615,-0.363639,3.8343723,-1.9247402,-6.8070993,-0.70658356,1.8748897,-5.7742815,-12.686088,-14.6758995,-16.833712,-10.912528,-3.7692022,2.6205137,3.9457664,5.195073,4.1498876,0.1035741,2.7830377,1.360664,2.4760797,0.49508628,-0.77546895,2.3956742,5.394745,-3.2183666,-7.0836477,-9.558267,-9.013216,-10.814594,-11.376671,-10.809395,-7.2077665,-0.19637874,-4.032387,-1.3921223,-7.087119,-7.1578617,-3.3396068,-3.1234403,-1.8739905,-2.4563756,-5.399639,-7.436223,-8.255537,-4.149369,-6.11895,-6.9270525,-7.223886,-6.680893,-7.0818405,-7.314624,-2.0617368,-0.31446534,1.0604354,-0.50925314,-8.097891,-14.7693615,-13.130543,-5.7613688,-5.4598665,-9.338713,-12.188387,-10.207708,-8.697828,-9.155079,-11.218931,-9.865576,-9.074342,-8.769128,-7.16965,-4.253208,-7.586684,-10.63451,-9.6228485,-5.2254257,-2.619239,-6.3019667,-7.8615704,-7.7683687,-7.010578,-8.374828,-4.1109996,-2.014967,-3.50678,-3.5268602,-6.066904,-8.858141,-9.885069,-6.384188,-6.626728,-7.032388,-6.6548905,-10.259529,-5.3978987,-0.70297694,-6.0545974,-8.059874,-13.338941,-16.630875,-11.725479,-12.355122,-12.441904,-11.609245,-8.260168,-12.771624,-11.900404,-9.42662,-12.578192,-10.80364,-3.3964362,-3.702515,-5.3508224,-6.173411,-7.937042,-6.729376,-2.0334857,-0.3032835,-2.882536,-6.7370133,-11.871162,-12.250309,-11.413834,-2.807735,-3.0162885,-8.134165,-10.096485,-11.946646,-9.927209,-3.3506804,1.8389012,0.7650937,-2.072361,-5.0468817,-6.428117,-2.8866653,-3.7248957,-2.1749926,0.054287195,-7.787705,-12.416887,-9.302912,-3.2740269,-0.9456106,-5.526945,-6.851706,-2.473422,-2.1468842,-8.109531,-11.381094,-14.215033,-14.797081,-14.237673,-14.107712,-10.697924,-9.25867,-13.049019,-10.444546,-4.1588054,-2.9929361,-3.1026998,-5.508373,-6.4770904,-10.13397,-8.411002,-9.439217,-13.924181,-14.773924,-12.189831,-12.480781,-11.950676,-8.17218,-8.124742,-6.605491,-10.135415,-4.142906,-2.0873036,-10.280479,-6.825715,-4.947156,-7.793371,-6.572545,-7.8958616,-10.45322,-10.902319,-9.642749,-8.959181,-5.7030954,-2.218201,-0.07501018,-2.5445833,-0.39280987,-3.683914,0.29654735,0.70420885,-3.486915,-3.0114715,-6.9493217,-9.097622,-10.386428,-13.4799,-10.099258,-5.953561,-7.929066,-7.754234,-9.358065,-11.817939,-8.069748,-4.8084097,-2.5343695,-5.543707,-7.8168855,-6.055895,-4.5354223,-1.1400888,-3.071617,-6.863507,-6.5783205,-4.878605,-1.9784389,-4.3120255,-10.143747,-12.962608,-13.262761,-12.432729,-11.301091,-7.070342,-8.92438,-9.275548,-9.197525,-7.3085666,-3.8076186,-6.232809,-5.7060394,-5.5517573,-2.8905,0.45519686,2.4262192,-1.0309721,-1.7152429,-5.215434,-6.585129,-9.03009,-12.935707,-9.459711,-7.1918373,-7.623041,-9.089785,-8.277765,-15.457424,-18.341305,-13.464954,-13.200729,-16.722137,-21.616642,-22.735807,-19.66027,-20.082176,-24.91544,-20.003046,-14.669634,-9.236187,-5.912002,-2.9234147,-1.9340428,-0.18789688,2.6602273,-1.966589,-1.1717124,-4.8345346,-6.5905094,-5.728738,-2.352902,0.31758988,-1.5581095,-3.8779068,-6.088152,-0.41593182,-0.62648726,-2.932386,2.8501263,4.8323884,-2.5905316,-4.3512397,-4.804963,-5.8083963,-8.042803,-11.014062,-8.957621,-6.7036066,-4.095317,-4.81534,-9.9476595,-16.501324,-16.153606,-14.603544,-13.555728,-11.499416,-9.393941,-14.07699,-19.300343,-17.343344,-9.293649,-7.2727013,-8.607189,-4.8358717,-6.593104,-10.63665,-18.91862,-21.348866,-19.52396,-12.774338,-19.176554,-20.2206,-17.215624,-8.462191,-3.3019142,-1.3485662,-4.14906,-8.464712,-3.6268575,-4.0459595,-5.8397474,-8.354416,-3.3254132,-0.32140374,-0.50065595,-10.286116,-10.551403,-9.243732,-8.53264,-9.551206,-10.556412,-6.8872786,-6.2694297,-10.152792,-10.337957,-11.097565,-15.013828,-20.702282,-20.393118,-11.9738865,-5.0411854,-1.4577136,-7.2113805,-6.8771935,-5.159548,4.128916,5.837734,5.2720337,4.6448226,2.201326,4.3808894,4.695794,-2.143444,-3.5438995,-2.0628214,-3.3771849,-9.495414,-6.390747,-2.7738266,-3.6059837,-6.934483,-5.1081734,-3.133436,3.9735146,2.995191,-1.7369847,-1.5893407,-7.4025183,-8.320253,-4.522379,-5.2953653,-5.3851447,-5.436192,-6.879012,-2.5573692,-2.9319835,-3.7972083,-7.725236,-4.2511024,0.15864372,-0.47732925,-2.616447,-4.8310843,-6.361783,-7.8843412,-6.0910244,-1.0009044,-1.0307496,-6.10347,-5.2889166,-4.8973584,-2.2836642,-3.532701,-1.0590421,-4.1044188,-0.4437303,0.60689485,-1.2545512,-0.6797969,-4.100338,-5.433402,-9.369873,-15.023653,-13.422679,-6.3954144,-8.961466,-7.937092,-2.201199,-0.017914772,-5.8820486,-6.71664,-1.2155482,0.012692854,-6.166074,-12.052767,-12.223665,-12.340284,-10.43743,-9.07668,-6.5093093,-4.129842,-5.2576103,-2.2170057,-1.5923076,-2.2691386,1.4539909,0.90048784,-5.2054553,-6.8059406,-4.6233726,3.1463904,9.361883,7.7485714,7.933921,8.714145,5.430318,1.3969145,-5.865982,-4.4912367,-6.552214,-17.053486,-17.185791,-17.216837,-17.907917,-12.15294,-16.550491,-20.938011,-17.42472,-6.7841053,-12.55943,-18.690437,-19.587612,-12.734861,-12.9234295,-9.179806,-4.2221613,-1.9415588,-4.81338,-14.495865,-13.7516575,-4.5489607,-3.2893872,-11.985987,-13.580057,-9.437849,-6.3339853,-4.5446925,-1.7685269,-1.8782393,-6.4122257,-9.2605095,-7.98855,-6.089653,-4.5048637,6.4504547,3.5134978,-1.2625308,-1.4302402,-6.8927255,-11.008741,-4.951673,-4.6536913,-9.298174,-6.4878407,-13.118244,-10.6121025,-9.5122795,-1.319466,15.456404,20.38888,23.750135,28.60035,21.697924,22.455944,21.154415,19.618473,13.19516,12.682794,16.609695,12.800278,10.132008,9.87644,11.815275,14.244335,13.960388,19.319193,17.131645,17.559517,7.099365,6.058504,6.875045,8.638479,12.422924,17.143707,16.991959,20.688423,22.722467,27.001633,27.812159,23.39019,17.08878,11.158743,7.097839,8.17038,-1.6250966,-4.363574,-1.9358412,-2.1199179,-1.9680134,-2.3250709,1.6732153,-0.19221056,-2.9141831,0.22856374,5.4971046,7.3089466,16.919407,23.94008,27.069191,25.92583,25.773533,21.303421,20.868198,21.20768,26.461838,29.731796,25.864456,24.10392,13.790201,4.993658,9.276972,8.980882,8.126374,9.117554,11.084032,11.324543,17.330933,16.766693,16.622698,15.342192,18.46325,25.01281,22.939407,14.977707,4.4800143,1.797527,1.4229089,-1.3809029,-0.5079764,-0.9423632,0.9097889,-0.34267616,-3.8045325,-5.3703027,-4.951134,-4.456445,-0.4200315,-0.4687617,-2.3604293,-0.09017822,-1.0785236,-3.1546195,-4.844703,-14.015882,-13.450027,-9.951767,-7.7113285,-10.42652,-10.718206,-4.0219603,-2.0382545,-1.1538451,-1.4023007,3.7811153,6.137221,7.069117,8.018843,6.2061367,3.3122737,5.751939,-1.1259401,-3.1796968,-1.9709449,-4.367198,-2.5289154,-4.1527567,-4.1704555,-7.864707,-12.116034,-11.688519,-9.250288,-8.448102,-3.9476838,-5.837444,-7.0586715,-5.4412403,-7.213683,-7.792939,-6.354116,-8.800831,-8.628046,-8.509113,-8.578443,-3.0027506,1.1805207,3.7454,1.5329527,1.2915783,-2.706556,-6.2330055,-4.142619,0.010794491,-2.2043974,3.7400153,5.9385743,3.5582628,3.9101915,3.463917,3.994988,5.82004,-0.64311945,-7.192309,-2.543394,0.8436488,2.5498319,-4.145678,-9.50939,-11.425136,-4.1257806,-1.9755632,0.372804,3.074391,7.104079,-0.8591975,-1.8442566,-0.48962018,-0.6785619,-1.3139014,-3.2383866,-3.464318,0.84940183,-1.2600088,-7.2080765,-7.057583,-5.9504795,-3.206148,-8.391706,-7.695239,-2.2826242,-5.9885015,-6.7045126,-5.376479,-6.9475627,-0.9725188,-1.7486193,-5.1002607,-6.523512,3.1006474,-4.2467623,-11.75844,-9.353498,-3.5186677,-7.21099,-4.858275,-3.7640448,-7.764134,-2.521833,-1.4664383,-0.644475,-0.6318233,-0.12571526,1.2997363,3.1439161,2.0541854,3.677655,0.6757886,-2.7097387,-8.663107,-12.710525,-9.924213,-4.2770543,-6.0797663,-4.7588844,-8.718351,-11.054286,-8.135774,-9.607467,-6.885083,-8.089541,-7.5128155,-3.3305323,-2.9078777,-5.266261,-7.237771,-6.010579,0.3075511,-5.6262064,-6.416889,-4.6515727,-4.0221896,-3.5521297,-5.169806,-5.657179,-4.4085445,-10.226387,-11.568354,-4.0947695,1.8930905,1.7888391,-0.51226646,-1.1296566,-7.37405,-7.428318,-6.1422796,-5.6744437,-7.169077,-5.1171803,1.8265438,-6.4876223,-10.879986,-11.404522,-8.388565,-5.7508163,-1.2727797,1.342685,0.04787931,-0.69299376,1.389708,1.5289941,2.80739,-0.61109585,-0.13199961,-0.9884217,-2.9912426,-3.0956404,-6.8569326,-6.154605,-5.487068,-4.0074983,-3.9927561,-2.8798773,0.13038063,-0.9640863,-3.7523055,-14.057177,-13.046298,-9.259836,-12.463963,-12.967968,-9.22337,-5.2395754,-5.2119,-0.6913444,0.24970871,-0.6673856,-3.0306582,-7.0321274,-3.878806,1.2659905,-4.1395154,-1.1628149,2.2669742,4.7172456,0.8849545,1.2579942,2.7672172,1.6358452,-0.6365758,-1.7298961,2.7753205,-0.93499845,-1.7140162,-3.3139577,-3.111413,-0.8434287,1.4586581,-0.38883546,-6.8863173,-12.576394,-11.406738,-11.356285,-11.855417,-8.7957535,-5.23941,-6.758114,-5.799634,-6.89645,-11.369758,-13.598946,-12.531601,-6.562916,-8.757225,-15.002817,-9.779902,-5.980456,-7.1448803,-5.0963664,-2.6316154,-2.4425476,-3.3230834,-5.1621966,-3.4617367,-4.294729,0.6605178,-2.5026557,-1.6329145,-0.6904523,-3.7171047,-6.4141426,-5.328336,-4.8294773,-3.2518158,-3.351066,-2.0019224,-1.7732434,2.2200232,-2.7552092,-2.2828164,-3.5837839,-7.4203444,-9.345934,-4.968032,6.3415146,5.3667884,-0.3602259,-7.4847355,-5.1819267,2.329442,8.961013,10.730609,10.202278,9.4707775,10.871163,12.075837,21.746082,21.600533,13.014736,6.7089148,9.342166,7.871504,5.784169,5.7269373,-1.1990985,3.3995173,-0.086964786,-4.150821,-3.1032648,9.081728,14.7320385,10.577346,5.4994955,0.90244925,5.952339,11.088709,13.048442,16.172134,21.899223,22.935593,23.03675,20.523516,15.876176,17.340364,18.320696,22.968992,25.485271,19.488415,19.088549,22.600685,24.985327,25.257128,21.985167,21.567266,9.011385,5.3841295,3.617336,6.297764,9.279459,8.677227,7.607772,13.242069,19.115173,21.588833,19.173286,16.811733,20.056923,25.305805,21.654615,14.314392,16.892704,23.623146,30.496521,26.436058,12.687979,2.1470861,-5.103775,-12.477966,-6.792759,-4.350284,-0.46887052,8.011004,11.870691,15.62535,13.912783,14.788207,18.92984,19.955933,18.922956,21.330153,22.180916,22.141766,21.254856,22.205528,19.97741,17.590172,22.331993,25.422726,24.865582,24.860882,26.802769,26.508595,22.42461,20.290138,10.740834,12.897512,16.543896,18.229567,23.382,28.492912,23.20155,15.61208,16.89647,19.1832,25.460155,20.439959,8.595751,1.9594712,5.5990825,13.550206,19.05305,11.800284,1.46658,-7.488142,-9.168556,-6.3816633,2.0296438,7.2416663,10.245829,11.94475,21.19117,21.88112,18.425453,22.183792,21.014143,20.693813,24.356987,23.061821,23.839401,21.937225,21.22948,9.84223,4.167326,5.3167815,6.120405,12.4650135,17.610165,13.083117,8.742626,11.398134,11.332231,12.305582,9.320663,2.141009,4.0918436,16.088024,22.820648,23.226227,24.577572,30.541435,25.330107,20.647963,22.76556,26.829216,24.988632,19.582489,8.540314,-0.55747247,0.14942953,3.1808305,6.4553175,4.0713387,7.277369,7.4710984,9.238131,14.650263,14.911358,2.678339,-18.702913,-25.113413,-28.88284,-24.18148,-17.78408,-14.766045,-10.992494,-9.88488,-11.606024,-9.834585,-11.134996,-8.733032,-11.40975,-11.171585,-8.4702015,-6.803633,-6.8056355,-9.642216,-11.610072,-14.891232,-18.791103,-11.303692,-11.620727,-13.598302,-13.902644,-14.483582,-11.687338,-13.35688,-8.684565,-9.4008465,-3.9456654,-0.9387827,2.7169933,3.0528367,-3.3115048,-6.3121567,-10.180698,-17.450985,-19.861023,-18.833368,-26.543129,-25.555431,-27.461529,-23.983696,-17.530624,-10.291675,-2.818359,5.001605,12.820764,16.059975,14.104421,11.380265,10.00354,14.027761,10.08577,8.422444,10.159244,10.53134,5.610755,3.6108508,4.3332834,1.93491,1.5118027,4.877971,11.463621,12.72703,13.939135,16.1762,16.423409,6.7716427,-5.394371,-10.343252,-11.21133,-5.902854,-4.6230297,-4.216138,-8.761776,-0.23112601,7.1136503,4.209193,3.9393718,3.9638367,3.214632,6.1517744,-4.2870917,-7.374091,-7.325205,-3.2732944,-1.5799685,5.210141,17.152374,20.356827,17.98059,2.3528886,-6.991665,-8.399588,-13.146345,-3.649341,12.863838,18.27428,16.54969,12.3129635,-3.679543,1.7633181,5.9458303,10.504747,14.119341,14.654183,13.329048,14.692521,7.03421,5.0726023,9.184579,11.799353,12.171019,12.876052,15.941395,15.634715,8.938414,5.234288,0.68058956,-4.8482103,0.28664422,8.595499,10.430102,10.2714615,10.182024,11.1263685,6.742488,5.748319,6.18772,8.725279,5.6344357,2.3242717,1.2869226,9.153929,2.73087,-11.122623,-20.67367,-21.673904,-22.6366,-24.429173,-26.081902,-15.740329,-0.6616986,13.123057,9.211028,8.670632,6.3285503,8.086009,4.4533663,9.916958,16.616743,15.412651,15.584135,13.6725445,6.0905676,5.258352,7.6465435,8.190651,1.8096228,-0.08590788,1.3319423,5.068209,9.915548,5.910367,2.7841845,2.4327934,-2.5129704,-0.4350385,-1.2102773,0.20353216,5.529234,0.18631661,3.8423858,8.162103,10.855585,6.9372025,9.232452,7.0539956,1.0254502,-5.4716845,-4.476002,-1.3785423,-3.4340715,-4.4169984,-0.4554515,3.1553993,6.2811117,2.1097996,4.6982193,4.3370495,2.7233763,0.18692508,-5.5398464,-7.4328833,-10.530588,-9.900078,-5.732927,-0.43968356,2.7377498,-6.2371883,-1.3443493,-1.1022218,0.16329361,-2.791597,-3.3137567,-1.1560681,-6.314371,-8.830484,-13.619617,-16.627354,-9.580764,-0.009195924,-3.096048,-2.7156115,-6.624405,-13.805757,-15.149857,-14.74814,-7.990773,-2.5911222,-4.5777035,0.12838352,3.8096497,7.5959167,4.795646,4.905045,0.91674364,-3.0127337,2.0081704,0.37731522,-5.4828186,2.2298493,4.127621,4.3835,1.7700887,0.18794954,6.2721453,0.6904041,-2.1477523,-2.241962,-6.301029,-7.298621,-10.386141,-13.747576,-16.992739,-13.908938,-9.473053,-3.537132,-0.2932616,2.2313385,0.85810226,-0.76260674,-1.7657218,4.6685762,4.059497,4.705785,8.571348,6.3989215,4.6732135,7.6716404,5.6642365,4.3854065,-2.6647644,-2.1456685,1.3764882,-3.625682,1.519158,2.837747,-2.6029165,-5.079398,-4.955415,2.9210777,7.4454746,9.256405,5.535698,0.29336858,-9.221678,-9.217151,0.67514735,13.6132145,22.849203,28.372269,23.123339,9.168795,1.5828836,-8.078446,-10.624985,6.3317347,11.382047,16.12877,16.411865,15.678057,7.3600507,5.822877,7.003501,5.211939,3.5015101,7.6114388,9.393108,5.132429,3.75748,2.307971,4.380149,7.288131,2.4721196,9.252071,13.604423,8.906667,2.413559,-4.918044,-2.3020606,-3.3277142,-3.753413,3.0312696,10.217669,15.537611,11.734919,8.692689,2.6242065,6.336844,6.065971,3.3423135,7.4003625,8.8381405,6.68963,4.4738793,-2.4171212,-0.7312757,6.0532475,10.825054,13.11625,4.5479536,-2.1367843,-1.4540943,8.972504,12.882658,14.286039,17.272675,13.295467,6.4204726,9.852508,5.757306,2.5860047,2.380454,4.152117,6.957534,8.485586,12.202204,12.938055,12.026751,9.229331,8.307647,7.007618,7.938324,11.307595,11.191101,13.499167,9.209859,6.060431,0.13909763,-3.123756,-7.264166,-3.6617062,-3.0492404,1.3625444,0.8142956,-2.8815355,-1.891746,-0.44741726,-0.25350875,-0.8801205,-3.2316647,-4.12968,-8.635307,-12.3033495,-13.178942,-9.09576,-5.575123,-7.6134925,-10.811359,-10.450553,-13.334201,-17.493961,-9.384008,2.121293,19.071379,21.639679,13.413408,-6.9947395,-18.05087,-16.062973,-10.287181,-7.360307,-10.038458,-17.238647,-20.667973,-19.186012,-20.463184,-17.907238,-18.144733,-18.66906,-17.475367,-14.292379,-14.041605,-12.621405,-18.260677,-18.71213,-21.194323,-24.186604,-26.401491,-23.616005,-15.648504,-17.070154,-18.421078,-16.034605,-12.63046,-13.048916,-16.896288,-22.311071,-22.882517,-19.766905,-24.342873,-23.85204,-17.771467,-20.100029,-17.07,-6.280594,-2.9622722,1.3245924,4.8365674,6.7565594,5.9533005,4.2388825,3.4392428,0.7822745,3.6848521,9.070975,9.525318,9.5254345,12.047308,17.215454,21.082249,21.452127,10.474272,3.641137,11.585432,15.008751,13.94314,14.887629,17.606613,15.561377,13.130623,12.697512,11.367193,10.784983,2.628459,1.6038202,4.6638813,5.6024985,13.465506,14.974646,19.11705,19.92834,14.666871,7.189438,6.7481685,10.067202,10.050062,8.738384,7.687559,9.065317,9.491609,16.892002,20.494871,12.870907,-2.3861024,-3.4980912,-5.8828645,-5.59805,-0.109944165,6.9309826,11.379667,11.550493,11.96076,14.371143,21.672321,20.283657,18.51722,18.716072,19.18631,16.980341,12.553612,7.567249,8.491987,13.210951,16.013401,19.53019,18.48002,21.682737,26.124279,25.863503,22.524466,14.279044,10.756646,11.950326,10.684578,7.9767294,10.610964,17.868866,22.208942,23.163116,19.467356,20.258522,19.859917,20.733826,21.73593,24.44964,9.677134,-2.3017051,-10.602808,-20.98323,-18.273108,-9.474823,-1.7173032,3.138651,1.4976549,3.8639083,4.278422,5.653867,3.825019,1.5029279,3.4141521,2.8510747,-1.0126263,1.693363,-2.8757524,-7.8498087,-10.931254,-14.906049,-11.249204,-9.952962,-15.124822,-14.950266,-15.040923,-16.957315,-21.07556,-19.709002,-21.19583,-23.767408,-30.98204,-33.135063,-26.828197,-19.227451,-11.83898,-10.158545,-13.769358,-19.549822,-23.96502,-18.947056,-15.305773,-19.20853,-19.036968,-21.161491,-17.237936,-15.769626,-19.099936,-16.567287,-17.792221,-18.93119,-19.574644,-16.851097,-11.096029,-13.32436,-12.281321,-9.141735,-12.596876,-15.009895,-18.3399,-15.673937,-8.817049,-8.89442,-9.586496,-5.417955,-9.276794,-12.775559,-7.2760577,-7.1841187,-8.719248,-10.2787695,-8.066611,-7.4637995,-9.616266,-11.123816,-13.806302,-17.424871,-11.841288,-11.007367,-13.922268,-11.81196,-7.053134,-5.1715527,-7.9401927,-8.903545,-8.651997,-9.832136,-2.0849855,4.73415,0.66760683,-2.2003999,-0.3956352,4.1324663,3.5040915,0.5193097,-3.7147284,-5.8647633,-1.8129873,0.62637407,-4.665575,-6.340352,1.7741531,7.9526935,6.0336637,1.80055,-9.091679,-15.307615,-14.484179,-11.564533,-9.787838,-5.8754177,3.495997,2.2925863,5.532485,11.198572,8.544729,11.320177,12.850958,8.303186,4.7039785,13.221886,15.569767,13.741762,15.738107,12.882258,11.253187,11.705141,14.251541,15.076232,17.289833,12.784789,1.0979329,-1.4931179,-2.371376,-1.0803403,3.6107345,6.990009,7.688357,12.098983,19.574366,21.496065,16.903402,16.228073,24.61175,22.497051,17.893108,9.432711,11.247327,13.969448,4.892975,-0.6318002,-0.68129504,-3.2487652,-2.0003526,5.993561,15.082523,20.285225,16.056072,14.813044,15.425718,17.113327,18.9455,20.363747,18.80688,15.877162,12.206871,3.158597,0.9000584,-0.17189413,10.26981,22.492846,30.050917,34.160717,39.028595,32.54252,29.95669,24.850739,18.820805,13.6864,-1.62866,-4.208035,0.9029398,11.974514,17.10301,17.354837,19.41154,19.385798,19.445774,18.614874,17.154781,17.864704,16.030159,11.559703,13.455849,21.844574,19.235863,12.448828,13.170982,7.984952,8.093748,13.16861,18.960945,24.757282,32.261326,29.14498,22.328726,23.933235,25.872482,26.696562,20.185472,16.514528,20.455013,21.966908,28.065998,26.66232,16.046394,12.051462,10.383049,6.459779,-0.8592969,4.4158134,8.655498,8.620696,15.898462,14.964062,18.002544,20.391634,26.676811,21.69046,18.146057,16.80883,13.19848,4.4622703,-3.5650868,-10.715456,-6.025603,0.5804071,-0.85585314,-2.3842123,-2.2288697,-4.9595633,-9.40659,-12.08631,-7.749887,-11.531046,-8.6421385,-6.3963246,-6.308286,-7.9913588,-9.600647,-10.346416,-7.777326,-12.147897,-14.816417,-14.813177,-9.769957,-11.411959,-8.595368,-8.022792,-10.950163,-9.043291,-5.9574804,-0.18716502,-2.2981768,-11.021326,-22.420563,-23.6181,-18.261417,-5.8127213,-16.718163,-23.2439,-14.181171,-11.938088,-17.587046,-18.745144,-14.944216,-12.84087,-9.929758,-6.071584,-11.534605,-7.2949357,-0.42738616,-1.9012835,-2.1854656,-13.048338,-2.1083798,13.445314,11.217308,9.075223,12.875321,14.375926,15.016045,12.962215,14.068695,14.843004,5.5785604,7.488099,9.671236,6.80697,3.7962513,2.5353894,4.181977,7.6726894,4.317325,1.7404034,5.458372,12.442675,9.339665,10.107002,11.191338,13.26874,15.727294,8.815106,2.8306637,-0.5630259,4.069386,2.249113,7.7654796,16.067757,17.471157,18.273237,19.109161,11.936676,6.1189904,2.1905892,2.2795482,1.6693604,2.9896698,3.607471,-4.3569956,-2.1148837,1.551856,4.0733347,9.031938,9.7453985,18.144936,13.491259,18.13741,22.628582,13.072383,14.752989,17.931688,18.495813,24.352997,27.47199,33.969147,36.71544,25.586117,10.453011,6.8825746,8.2295685,6.436575,1.4281079,-0.06825966,-5.8642797,-8.385386,-6.726726,-5.1676145,5.0922337,13.118442,5.0742235,5.486866,10.021317,7.4085035,3.3023157,-0.83203816,-1.4969254,-3.0548594,-6.6942744,-8.758326,-8.316492,-5.6122293,5.3936186,3.4774427,-5.345665,-9.712145,-7.376205,2.2353282,9.401608,8.414001,8.445915,5.76197,12.21917,17.655367,19.002174,13.579582,10.110173,8.499123,3.857258,2.9085393,-0.3660234,-7.1123495,-10.620026,-1.7500305,5.5142155,6.2907276,9.916424,10.607753,8.7910595,6.8531094,1.9052022,6.517877,9.832983,5.2314816,-3.8310618,-3.2543795,2.5396986,6.6043825,7.0302343,7.835369,8.818537,0.18757749,1.3172455,3.7813601,-0.14771575,-3.743785,-3.7128954,-3.7344296,-4.0259485,4.551828,4.5776243,-2.2212605,-7.583003,-9.914387,-7.6677513,-3.2165933,-0.51938504,-0.4612986,4.6180096,5.5818896,7.594303,8.901434,10.393677,7.973807,1.5259418,-5.904186,-7.1028814,-8.297625,-7.390647,-0.11158744,4.9864874,-6.484833,-18.837925,-21.29765,-14.229065,-9.952751,-5.8798237,-12.111128,-15.230568,-8.260595,-6.615589,-5.5826507,-2.8551085,-3.4957116,-11.500185,-23.007473,-21.673576,-19.63009,-17.638206,-7.5256577,-2.8994136,-11.726591,-9.843868,-4.8595686,-1.7058944,-1.45329,-0.6588982,2.1229908,3.924994,0.6584418,-4.772645,-8.983904,-9.13161,-13.593069,-11.801712,2.801868,6.3325176,3.114189,5.498399,4.0174346,-0.80712867,-1.0958469,-0.60728323,1.8658612,3.866895,7.950345,11.014666,12.13037,17.058126,36.13671,31.798689,3.3182602,-5.949106,-5.955737,-3.4113708,-3.7210922,6.391062,14.860343,17.161375,14.29366,6.8584013,3.490755,3.6167533,6.171629,5.708843,4.395443,7.2707934,6.2111425,4.0239615,3.5039399,5.818857,11.321948,9.68564,10.9162655,12.765237,12.364884,7.296156,7.8250985,3.7140355,1.4800662,-1.8389044,-1.325789,-0.69012904,1.4336816,-2.2910237,-9.267854,-4.341963,-2.2867224,1.902775,10.684045,8.7317915,-0.49010324,-5.33813,-4.8857126,-1.8163328,-0.28084087,5.00603,13.780702,11.479731,16.529312,23.14849,13.977238,10.701057,11.292338,7.726712,1.6649764,-2.594681,-8.9022045,-9.19539,-3.1647816,-6.380844,-6.7688727,1.700747,7.154045,6.9933376,7.6927104,11.534686,11.069328,7.0977,7.131302,5.832057,3.0289474,-1.839464,-5.738585,-11.158897,-14.943489,-3.929373,3.5542834,2.925147,5.78335,4.678069,4.325779,4.2365804,6.618184,10.238197,14.1676445,13.506093,11.604664,14.675312,11.590864,10.165851,12.675644,13.000717,20.508636,25.84687,26.380058,19.604633,17.073662,24.923862,32.130142,24.198988,19.631548,21.975779,21.261343,16.9003,14.47795,15.420729,20.200363,18.609556,14.6484165,16.83252,18.516289,21.207954,12.835842,4.9850235,-0.0076321363,1.945391,4.230979,-2.7791963,-5.141875,2.9782243,5.484087,3.2892642,4.533288,7.105707,7.833638,8.237705,19.332134,24.433266,22.66272,18.545345,7.9544415,-4.052046,-13.029391,-13.812935,-7.33538,-4.460952,-6.3610845,-12.316265,-21.159836,-22.914347,-23.224258,-22.733562,-20.179707,-15.42414,-11.701946,-13.154453,-18.403858,-20.632454,-18.723862,-14.5384655,-10.878342,-20.07017,-23.032696,-18.380972,-13.425179,-16.138775,-18.227364,-19.99149,-18.756845,-18.227262,-10.028944,-11.66214,-22.347576,-19.648241,-12.834515,-13.177856,-19.86924,-14.566337,-12.201166,-15.72687,-19.262981,-23.774502,-20.250645,-17.129421,-19.396465,-23.846104,-23.748936,-15.846844,-3.479367,2.716086,3.7723012,8.153627,15.195545,19.239454,18.754473,12.42996,9.7445965,7.481544,15.881887,20.019917,15.278659,8.138585,0.0706394,0.3568766,0.9594417,5.8364706,2.3758366,11.945025,16.210087,16.161726,16.886074,10.034292,15.064247,18.30963,18.909359,19.49726,23.231548,21.8099,18.57875,14.750496,13.618326,11.838128,12.793053,15.194958,18.02822,21.729809,18.235556,16.753769,15.9961605,5.0703945,-3.6413946,-5.526933,-6.045062,-7.5832267,-6.004183,3.631155,6.497471,4.209117,8.153145,7.1296725,8.840525,7.8938465,16.218842,16.1483,12.484898,14.043777,23.35049,19.315224,17.599022,16.686165,14.062825,13.433462,8.530687,-0.05349976,2.1037698,10.180764,8.220446,-0.5678358,1.9712119,5.796358,8.94751,10.631584,7.859579,9.97406,9.576782,12.409157,11.7521515,12.563606,9.954456,6.6039333,4.945153,-1.3141865,-0.26995358,-3.8188877,-5.150836,9.343649,8.366212,7.1448545,11.607252,9.418219,11.170874,11.570017,14.529044,15.567633,18.014557,15.780744,20.794285,26.462898,23.964481,18.512144,5.0965834,-7.396327,-24.141981,-24.685352,-19.553558,-18.763683,-12.23678,5.389538,18.938063,22.049707,18.881332,11.126921,10.792364,18.899654,13.70901,7.2326303,-5.2180114,-13.836598,-17.047646,-14.429997,-18.786278,-22.258514,-20.961716,-18.913864,-17.622072,-14.252825,-19.648039,-17.046213,-16.719063,-15.75667,-15.602339,-14.657482,-15.157282,-20.93282,-25.693958,-21.94079,-11.657,-7.7328167,-15.7581005,-24.730494,-28.575863,-27.270334,-18.182678,-9.14875,-4.9886866,4.0568314,13.323252,1.8183049,-15.054845,-22.125576,-20.121904,-19.585003,-22.329315,-17.798073,-12.738568,-3.891728,8.49111,6.2209682,4.4310865,0.55049586,-5.8488083,-3.536295,3.1550112,2.0487761,8.811041,13.271108,9.636055,5.841179,0.989334,-1.937692,-3.3008976,-6.2473183,-9.433041,-8.406242,-4.1279416,-6.054893,-6.8347206,-9.930283,-7.860567,-1.0786024,-0.8917812,0.6160748,-2.8378205,-6.0977216,-10.298925,-11.819229,-7.733696,-9.846052,-9.081303,-8.869288,-9.28513,-5.9224906,-2.698864,6.3024883,5.765862,2.27316,0.86304903,-5.0805073,0.12436724,4.4929523,0.97902113,2.8510077,5.9355206,9.278832,7.4385467,7.1384397,-0.5947741,-0.44250968,-4.1520286,-3.8368087,-2.0731468,-1.3447778,3.2377853,1.3408926,3.5333912,0.6300974,-0.33509195,-5.1714735,-9.130266,-10.174021,-9.35862,-11.559936,-12.730251,-7.224167,-3.4651904,-4.033622,-0.9257638,-1.6417868,-2.3565514,-0.7345481,3.7070694,-3.918491,-10.222044,-7.9400396,-7.160884,-4.972847,-2.5327144,-4.334921,-4.5519958,-3.5155904,-0.851642,-0.13704634,-3.2444701,-7.483856,-6.031779,-10.548347,-14.481569,-15.8241005,-14.000635,-14.5371,-9.322553,-4.642879,-4.8087873,-5.6959286,-4.761937,-1.8593081,-1.3414986,1.8489908,4.7238235,0.6391066,0.7014865,0.15356778,-1.7313732,1.894747,-0.79311,-3.7752738,-6.0573893,-2.9745579,-6.4191637,-8.468664,-3.6795738,-1.2463474,-9.608982,-11.779038,-10.869014,-13.77459,-10.2603,-6.3035145,-8.237296,-4.865986,-5.5698204,-7.38208,-5.7528496,-7.471949,-8.813129,-6.185844,-13.93845,-8.253525,1.1075844,2.497408,8.0335045,5.872084,6.8418083,2.0734773,2.4430964,1.4071497,-1.3142328,-0.8661979,-2.6797237,-1.5053179,0.944651,0.8047197,-0.75701976,3.0383682,-0.13515484,-5.3395596,-9.850277,-5.4439325,-2.491884,-3.387686,-1.7769597,1.6622822,3.7692928,5.4095664,5.2450886,6.66592,-2.023503,-16.39988,-16.528893,-11.672277,-5.7216816,-4.84247,-4.5604906,-6.1026278,-4.7206373,-2.1602235,0.59616435,2.9930067,1.2790208,-4.5968657,-5.1545916,-6.8681803,-9.045373,-13.192507,-15.611147,-4.838979,-2.7735665,-2.276204,-0.41138363,-0.11096856,0.9430307,-0.8450423,-7.21803,-15.344877,-15.603024,-15.658009,-16.76723,-15.865032,-16.208832,-15.50388,-12.025342,-14.00085,-9.749768,-7.6935306,-11.268549,-8.13415,-5.587202,-4.540925,-0.9207022,3.750718,1.599838,2.5765576,0.40582561,-2.8640294,-2.0847464,-1.7120346,6.5468235,9.344538,1.0637169,-11.762749,-16.109768,-10.600182,-10.763578,-11.794735,-12.928236,-1.3084321,4.1748013,2.2229154,-11.933365,-12.865843,-13.043422,-5.682229,-4.5555363,-5.793402,-6.338054,-5.362187,-4.4708204,-3.0736587,-3.794649,1.5367346,4.7885485,4.5143347,2.0124881,-0.5378376,-0.42802176,-2.488832,-5.1969585,-6.4907346,-3.3553352,-1.024039,4.5496125,1.7215848,-1.2911966,-0.7397627,-7.3984346,-8.960268,-7.287586,-4.06834,3.1544983,-0.5852603,0.29002163,1.0636475,-2.1780217,-3.6208663,-13.877892,-15.982203,-14.649328,-15.504497,-13.005221,-10.345598,-6.381035,-8.446122,-9.040273,-3.0621686,0.36513585,-9.004058,-15.227186,-10.365738,-6.278344,-7.37577,-8.361414,-7.6466045,-4.6215916,-0.81308997,-1.6501713,-5.8997803,-4.9211016,-3.9900906,-10.37411,-10.706389,-3.8069482,-10.5473175,-13.91394,-10.133678,-7.461123,-1.7320623,-1.1038998,-5.6059837,-3.8242679,-7.403309,-11.883383,-5.943153,1.1503994,-0.67647904,-4.1017675,-1.4384001,-4.491865,-0.19346419,0.25509894,0.15640122,0.5414486,0.882713,1.5522654,1.5513802,-0.778989,-6.7203526,-13.037663,-12.357825,-9.372007,-10.874075,-10.491705,-7.1515765,2.7286215,-3.906698,-11.827694,-6.4773116,-6.8520927,-5.79482,-0.45422462,1.6108755,-3.2336292,-7.4051538,-10.689626,-6.052318,-3.2998772,-0.21989521,1.0521989,-0.07217273,-1.9760239,-2.3280656,0.38505828,0.9776107,4.035,7.1712236,6.765502,0.98498166,-0.5251862,-9.335172,-10.909459,-9.725094,0.50176686,6.1692677,1.5627394,-5.566937,-2.5797474,-4.5777526,-2.0414877,4.979491,2.9689975,1.858291,0.16311377,-0.19489677,1.4123305,-2.6255841,-1.5890907,-0.89194083,1.6739917,3.6422584,2.1605608,-0.5213817,0.47290158,1.8197929,-5.4876575,-11.430877,-13.893435,-8.67066,-5.369731,-2.3633523,-1.1319395,-2.3321266,-0.12473065,-0.2665623,-0.20133692,1.6131167,2.441717,5.0816255,2.8633282,1.4261507,-0.7019094,-0.5899433,-2.9690566,-3.6541777,-3.9974873,-3.540436,-2.2600408,-3.0324955,-7.616021,-9.936544,-22.743925,-18.693707,-14.169132,-9.848777,-0.0020849183,6.411415,5.9450417,4.1843004,1.8966068,1.019647,0.9833513,5.2902517,7.9090204,6.1059914,3.2831697,1.5423958,-1.075531,-3.303062,-1.2920297,3.5653753,2.4693687,0.0022079945,-0.55824196,-1.9528074,0.10026625,-3.4046993,-6.3373513,-5.599974,-2.4407406,-3.1241784,-1.1057793,-1.2977905,-3.5536685,-3.1138945,1.1802875,-1.7495413,-0.70731604,0.5463208,0.9652519,5.0385895,1.3106647,1.7783628,3.6297555,0.017999351,-1.6876986,-6.3762875,3.1524298,1.728283,-3.1026597,-7.5111184,-8.1504135,-8.625958,-10.8296175,-3.3683295,0.8017024,0.5909099,3.9578242,4.447977,3.8387496,6.430004,3.1438107,2.9996457,4.411426,-8.623462,-10.347021,-9.46447,-10.006182,-9.326347,-11.777824,-13.468706,-17.074215,-14.076864,-8.423313,-6.8497076,-7.0607843,-6.060692,-6.1877875,2.9540203,12.696184,16.606274,15.672121,15.139772,13.371308,9.293087,8.446405,10.752796,8.827854,13.601791,22.494118,19.494785,12.849812,0.48200476,-10.928745,-15.76307,-9.896822,-0.8333219,0.65148175,-2.2098985,0.10057104,-0.12840173,-1.2228501,-5.118509,-6.675286,-7.781219,-8.134092,-5.4259796,-10.984045,-13.202307,-12.396389,-9.833462,-16.047504,-21.151794,-20.404785,-16.894238,-15.650178,-17.505543,-17.335363,-18.395111,-17.808784,-15.235756,-14.722897,-13.688363,-13.333982,-15.732556,-8.478734,-2.8443434,-2.6940713,-4.6187124,-0.7709731,4.6810083,7.98553,18.662706,20.352747,16.031301,20.667744,21.639267,16.245245,6.8966136,8.762309,12.728281,11.79158,6.748013,9.444313,16.754932,13.53191,11.219599,8.190966,8.093149,3.7057319,1.8571512,0.6213218,-1.9563291,-3.5442724,5.4381447,15.666515,13.265799,9.346621,3.1811185,-0.5834589,0.8221431,-0.48594344,3.2937126,6.1591434,-2.7372797,-7.5306387,-0.5749643,-6.0021906,-8.63732,-4.3147388,-1.7147157,3.0351076,-1.624013,-2.1022654,-1.6550326,-1.3769436,3.2992425,6.560041,4.1971474,7.154248,15.730003,20.835268,23.455013,23.934273,26.523682,29.354712,26.495262,26.614223,21.050236,19.782232,24.34433,26.161411,24.570877,12.42079,1.7281828,-3.2227607,-3.863691,-8.030975,-8.267578,-4.6727767,-1.3031049,2.0037336,-0.4382192,1.1913822,-5.074699,-7.793109,-1.142329,-1.1916496,-2.1145499,2.3559294,7.9351726,1.3553658,-2.8230405,-1.2410164,2.50388,1.3935738,-7.001894,-11.3491745,-8.966273,-3.6866345,2.341269,5.728623,4.87132,2.018875,1.1059521,3.3417134,-1.8683681,-5.9273624,-11.587978,-7.22123,-10.011942,-15.662224,-14.246744,-10.728196,-12.195738,-9.202551,-10.998931,-7.3293424,-6.0691166,-10.248303,-13.050222,-8.418364,-4.4667597,-4.8733234,-8.701336,-8.891155,-5.641102,-5.049645,-4.5189743,-6.5768332,-4.952053,-6.9088573,-1.1797279,1.1589938,-6.2781773,-2.9796724,-2.168511,0.11396301,3.1308506,10.914408,16.997278,16.090998,8.939882,9.908319,8.97032,4.808875,-0.43825853,-2.936459,-1.2391903,6.045943,4.1144867,-0.48619354,6.002812,2.2883387,0.3096799,0.51784706,2.1195507,3.7728767,1.8107529,3.4820056,-7.261965,-7.638897,-0.80654025,-0.94445336,-4.2930064,-1.7217163,-2.7312503,0.7263264,3.9487197,2.3106303,4.050149,7.468609,7.5734,4.252957,4.027794,1.4327288,0.575622,-1.8238643,-5.2951736,-4.098708,-4.829627,-5.043192,0.7588753,8.887421,6.459877,6.8768835,4.3089876,16.95961,17.42773,12.226276,13.463837,19.988333,23.872475,28.85423,26.646946,25.997505,14.7956505,8.777241,9.388025,16.293428,11.88502,14.950572,12.743391,16.025974,11.95133,3.4089837,8.321288,6.8129888,3.857573,-5.9751463,-5.5164566,-5.2111135,0.3386358,3.6701756,0.122894466,-5.7495956,0.03845066,-0.5377774,0.24088141,2.8420017,5.8529224,4.707838,5.029965,10.436826,3.6476912,2.4219685,5.4659476,2.678698,6.5097213,10.186231,4.0358715,8.266374,6.3433204,-5.4211645,-9.689123,-1.7728156,8.031048,19.049908,19.42497,18.98201,17.723396,18.134125,22.708263,21.373924,18.930763,16.850931,9.540638,8.602187,13.938944,15.06304,10.179842,12.935181,18.0962,16.376318,17.09301,17.729609,15.055189,7.1890936,-1.3304318,-1.7380431,4.380988,3.5639212,1.7876,-7.936106,-8.079513,-7.09629,-3.8957157,-2.4519987,-1.1939838,-1.6335235,-2.1548338,-1.8684658,-1.3127877,1.3217176,-4.32676,0.2451084,-1.923941,-5.0697107,-2.9435153,-1.8356531,0.5825764,-4.120825,-4.0048437,-2.4308896,-3.4606912,-5.417821,-3.5517797,-4.51349,-6.1091485,-1.0473604,-3.7222886,-9.279621,-4.2369924,7.1339455,5.1678557,-4.3111887,-10.777734,-10.235596,-9.251394,-9.739924,-6.7947035,-5.4139957,-3.670204,-4.4405193,-3.626691,-0.863788,-1.6301547,2.9133072,4.8873487,-3.8849356,-6.140181,-4.1092415,-1.7306435,1.7390156,9.197214,19.283218,20.204628,20.307281,19.539629,17.388649,14.825922,15.636946,9.908704,7.7654285,10.17194,16.11441,16.578249,18.497437,23.429882,12.104008,-2.2234383,-7.093648,-8.045683,0.2916025,11.973898,19.600372,14.595989,13.559396,18.354603,20.11908,10.9741125,7.413901,6.4834023,1.8731818,2.3179595,12.206571,12.65597,8.575243,14.070892,15.395324,13.184057,8.719849,9.050135,7.790057,4.967822,1.627435,-4.296115,-3.9868546,-1.7400167,1.859246,2.6542208,1.3182784,2.3703284,4.2341537,4.7161026,7.7972536,4.181402,3.0092905,-0.52090675,-6.1862125,-8.442674,-4.1662035,0.66378343,-0.079389066,-4.0626445,-5.699665,-6.282968,-5.0320115,-7.8312387,-6.845914,-3.8101096,-1.8094507,-7.0885286,-12.118826,-14.080429,-16.032673,-17.504332,-21.15005,-21.981453,-19.209936,-18.77135,-16.079535,-16.279985,-21.215115,-18.129915,-16.952497,-18.004995,-20.51403,-20.163704,-18.00985,-10.907039,-12.939817,-13.053854,-11.467476,-10.309738,-12.973181,-12.580776,-4.8179126,2.8317509,12.388488,16.27533,12.43413,12.446987,17.2411,20.894188,19.209927,18.69505,15.98936,14.300486,17.591667,18.839413,11.876794,0.95979357,-4.9597425,-3.2255979,-1.1355321,-1.6215367,-2.9935482,-10.081487,-10.941042,-12.860467,-5.7130175,3.5891662,1.2568696,6.9794893,10.457632,9.29128,13.576704,15.5061035,12.4391985,12.681877,20.746761,22.398079,21.837524,21.194809,21.302502,20.342358,15.489651,15.796051,14.949997,11.707558,12.411604,-0.14461023,-4.558337,0.72931945,0.9619677,-0.3310163,-0.26840505,4.93095,12.442177,16.429592,11.318426,14.820236,18.718666,16.049847,10.28413,8.743395,5.0091395,8.747234,12.9220705,8.644756,8.646404,5.109318,3.8730583,6.240369,4.6393213,2.166348,7.728903,10.327696,8.57975,7.4067497,12.368702,12.559941,18.36341,18.316662,14.518934,13.682898,15.870636,19.848576,15.694176,5.692219,-4.0625753,-4.717527,-5.2205477,-0.9749968,-0.44381624,-1.5062734,2.4229774,0.5117436,2.1526206,6.8454766,3.8817039,-3.374975,-9.244892,-9.83567,-8.242296,-3.541477,-2.626197,0.3077656,3.6258636,7.312931,4.8886447,1.7295468,-0.4842662,-1.0783453,-0.60671544,-2.822719,0.2511713,-6.9857607,-3.2394657,4.795313,5.336279,3.2200916,-0.78994995,-6.4805956,-9.631668,-8.570873,-5.6498775,-6.172945,-6.2923555,3.1012564,10.524026,16.095596,18.338703,24.918667,28.798248,25.3248,27.48198,28.421446,26.615482,23.764448,22.8985,21.02524,18.585438,15.979669,15.078853,6.2703094,6.8488526,8.971417,-1.1664349,-6.6348076,-8.223935,-8.366402,-6.123682,4.516157,12.178272,10.8105545,20.293737,27.118809,21.462616,16.168392,12.842083,10.184788,10.1807995,6.6719046,10.942902,12.004776,13.234512,17.992775,22.28184,22.9786,20.447784,22.47829,19.43644,15.9904785,11.914354,7.9464626,10.126251,13.462849,11.989487,14.497921,13.324532,7.2889347,10.938141,11.82148,16.796204,18.555271,14.069303,5.550761,1.0984248,1.7264997,1.9704099,5.0124483,0.8651993,4.0471387,8.030597,6.596804,10.655643,15.4135275,11.730685,12.265936,10.784319,12.674513,10.43779,6.2737966,14.641019,11.815989,9.412159,11.3226185,8.930244,3.8913035,1.9363658,8.541263,12.580675,6.937747,3.256062,6.2591696,9.160145,5.899991,4.3183537,1.7140312,6.9485617,-2.6192732,-6.1941423,-4.3807783,-1.7777725,12.934193,20.680582,21.143553,21.264988,21.465096,21.455498,28.847874,24.017427,20.58574,17.406273,16.43405,16.902014,18.54034,20.847134,17.319256,18.450844,21.057373,15.53211,12.090988,9.348459,6.765174,1.5626875,-3.4701025,-5.0260205,-3.8808243,0.5637982,-0.5938777,-2.4429932,-4.574389,1.008073,0.5138226,-8.370539,-6.6244097,-5.495539,-9.9896345,-2.9717379,0.31752652,-1.54516,-2.7956285,3.8977976,7.8710217,6.361286,5.818987,1.787996,-4.1777277,-6.7517867,-6.802039,-4.9559402,-2.6567125,-2.2358732,3.2142177,8.650571,7.7691684,5.260721,7.270114,4.7811055,5.35999,8.130489,5.2798686,-3.5858452,-6.968259,-5.936844,-8.351814,-6.292817,-1.0295541,-4.681523,-10.565005,-5.276943,5.2910585,3.841654,0.36895007,-7.8161306,-6.5806656,3.1419063,9.029487,10.407231,14.544516,17.736801,22.055668,23.751667,22.844374,23.91293,19.302538,13.353222,10.604601,11.555098,10.552645,15.326666,21.957651,21.043957,14.796543,18.911324,17.155241,2.3162663,-2.1836448,-3.689848,-3.464788,-0.015373528,4.960467,8.074144,10.398804,13.969118,17.022999,15.041865,10.040075,13.389339,12.069618,2.1623104,-6.2033815,-5.7253666,-3.5947678,-1.2502325,-6.6059294,-10.219512,-7.1321006,-6.1562448,-2.390512,4.185368,1.1598939,-8.61664,-9.02839,1.9196811,7.2938194,13.782419,11.75041,6.15967,9.080345,8.723293,6.8189588,4.4743023,6.737674,1.0661824,-1.3496711,1.8929858,1.0993745,-2.592176,-0.088439465,-0.84753203,-3.5900126,-0.9892846,3.1923785,4.044107,-0.5866382,0.056128263,-0.10421401,4.4576077,0.34688938,-5.9471927,-10.228419,-4.8764257,-7.562439,-13.147195,-9.946547,-6.8666754,-7.8550825,-7.5651903,-10.419027,-14.375902,-11.986603,-12.540441,-14.416115,-14.053763,-11.357417,-10.8201065,-2.0925717,-0.17847468,0.6845081,3.7754397,1.1148654,-3.5508404,2.0267847,9.249966,13.306,13.332697,13.912099,14.1891165,15.873068,20.834444,19.330212,19.951057,11.170882,8.167885,4.313276,7.3995457,6.308756,5.162216,8.103342,9.887466,10.325907,6.880122,0.5700102,-10.025012,-14.4986105,-10.440141,3.4705515,13.6792755,13.005783,16.64901,11.972974,8.813808,13.489691,15.279503,10.65802,12.123245,11.685024,6.956987,11.501377,8.809923,11.376427,14.056089,11.696809,11.028659,10.906576,10.258286,9.083381,8.218506,-1.378719,-7.725788,3.4187756,11.496937,13.085584,23.60065,30.575169,29.766222,25.718752,25.631763,24.788933,24.84807,18.397396,7.659218,10.162119,16.60703,13.208632,8.686304,7.5727825,7.401394,2.943817,10.481413,14.060189,15.185522,12.353235,5.238885,6.5034013,9.029214,19.119225,22.76001,17.874327,15.813372,15.180492,14.790832,19.620682,18.466858,10.119558,0.21757412,-9.164579,-13.96217,-13.321266,-6.398279,3.5544753,8.763464,10.940964,9.937932,4.4714737,0.14297211,-7.1332355,-10.867792,-10.766043,-5.8179073,-9.362549,-12.04035,-9.280338,-6.489932,-5.5931373,-1.685114,-0.80146134,0.20615026,4.218672,-0.29073873,-7.3010464,-7.7310867,-2.1417403,1.0652444,-4.813709,-7.240163,1.459183,-0.06948957,-4.016325,-2.8291764,-4.9314733,-5.867225,-3.4991632,2.966732,10.398539,14.496467,16.581858,14.684653,11.368029,10.860784,9.799345,8.659597,7.5280128,8.906256,10.010038,6.741849,8.845646,9.786159,6.7808275,6.3455153,4.5095186,6.023467,7.210679,5.319727,3.3600268,-1.6891614,-6.396282,-1.765073,3.1138957,8.293527,5.8829737,6.268077,3.9306426,11.599504,15.037397,11.637806,15.446882,17.589401,15.872484,6.6706715,5.5469327,8.895651,7.409594,11.560827,8.698748,8.856842,11.31098,10.829027,5.6668315,2.5044556,1.9475076,6.718274,6.9866548,8.75,10.746581,11.579984,12.370029,11.724524,12.592676,12.623119,11.223116,9.618506,12.548555,11.520281,7.4519014,10.188683,12.773737,14.985527,10.688433,6.66646,10.302766,14.506292,7.5391173,-1.3686361,1.0735714,-0.92691725,1.0937927,1.9338106,1.320078,1.14863,4.2076097,13.252304,17.42387,18.409208,21.351791,23.241486,15.106182,9.326107,7.1851606,8.72966,9.794922,10.6956835,1.031954,-3.7363884,4.2906933,1.9718561,-4.1927705,-10.777998,-11.096947,3.6133046,16.892239,18.937458,11.258688,10.769335,11.79034,17.70287,17.263126,16.476538,17.669083,22.035267,21.245985,17.929173,16.082865,19.625896,24.669006,23.361256,21.887028,17.975393,21.402493,20.010744,16.075518,11.283958,4.2642174,4.083774,9.321991,11.63826,10.200267,9.98599,5.124967,1.2134203,2.3495553,7.447658,6.2199183,0.89185786,-0.7579383,-4.661499,-5.1840706,-4.237368,-5.327321,-6.6627026,-2.9681072,0.27388987,-2.508912,-1.9796505,-4.685821,-4.5291944,2.0265908,4.578843,3.721046,4.6327972,3.6911826,-2.9030964,-7.1090155,-4.986594,-3.0339167,7.236612,12.381531,7.790561,4.9608397,-3.6959047,-14.865853,-15.595716,-14.267584,-16.191353,-14.92504,-7.524605,-2.913999,-3.7226653,2.2931767,1.4798331,1.8826003,-4.6065097,-3.709074,-6.2852297,-3.5326746,-0.965079,4.504572,10.457326,8.65848,5.495163,13.269825,14.464885,12.225118,11.152179,5.760724,9.435152,9.148512,8.013475,9.17046,15.225222,22.113607,21.270496,17.219234,1.079721,-2.5053115,-0.25023288,4.60532,8.74605,7.385081,6.2615156,9.623182,13.108847,15.656028,15.798397,16.335327,14.495258,11.826067,12.331196,15.707134,12.528164,6.139011,4.116281,1.5290412,-3.1189144,-2.843103,3.7164035,5.6892405,-3.9026256,-3.1475077,-3.9407501,-6.6744223,-2.2256498,3.6462238,1.845546,-0.8929221,-1.8177557,1.0684961,-0.9752548,3.1754458,0.52516973,3.7770362,2.2874782,-4.0876946,-0.6951752,-2.109671,-4.689513,-6.0662394,-13.76406,-14.290129,-8.516612,-8.490023,-10.286692,-9.917831,-11.547937,-7.1689806,-12.658765,-10.885794,-13.091852,-15.030071,-11.553763,-6.0631447,-3.1441932,-4.6459746,-10.286213,-13.388847,-12.968401,-12.081291,-17.763226,-13.795715,-10.310877,-13.589272,-15.60434,-13.155182,-11.157117,-10.140565,-8.4996,-5.973727,-2.5386658,6.199041,8.279534,10.451942,14.001524,8.887153,6.7169924,7.960436,7.4992585,8.969007,13.542733,11.8159485,12.569275,9.233934,3.8679903,-1.2647147,-2.931884,-0.76099277,3.638338,5.1035557,5.0855694,5.078828,2.4500003,-1.3033777,-7.472663,-2.7402687,8.92478,9.6570015,4.0311785,10.265708,13.453966,8.636557,5.5293455,6.4836655,5.067542,9.647297,10.288654,7.302047,11.504348,15.278418,7.3257527,8.201149,5.9295883,11.572564,12.502562,10.427157,3.282373,-1.264503,0.36220574,1.0737092,-2.5993257,1.3064771,5.993819,7.103796,8.238662,12.050432,10.958986,12.719926,13.280472,12.491438,6.9377565,6.0035057,9.928282,4.169885,-3.4913929,-5.2081194,-0.08790676,1.8492961,4.7475767,7.34727,4.9377403,11.112782,11.088535,6.885268,10.4069195,19.373928,25.007568,22.712656,23.063522,22.077785,21.075737,21.470417,20.070301,20.194344,8.631204,1.789494,-0.91064095,-1.6435727,-0.5278193,-2.1000543,0.2757151,2.1745794,1.8224925,-2.94838,-1.782978,-5.9125605,-5.191933,-0.52164614,-0.39091945,1.2220616,1.175076,-1.3294729,0.1306994,6.0781145,5.580068,6.398383,7.196925,4.9470854,2.3838248,4.035472,2.746008,2.3779268,3.5528018,-1.0771462,-3.7066402,-1.9427137,1.8957584,1.9311184,1.6047505,-5.070653,-10.383432,-10.604059,-11.670128,0.24467123,8.389903,11.813293,15.527214,14.062466,20.693453,22.505379,19.718458,17.047684,20.270645,23.169573,18.700212,18.021442,20.363686,17.276346,12.995871,12.446136,11.444558,0.08104366,2.6666532,1.2042272,-8.861677,-11.326803,-4.9652023,-0.5826959,4.4713116,9.91903,18.384258,22.750957,24.344162,24.860903,18.757372,21.309612,7.5522556,-0.83675414,3.2188537,4.090829,11.898636,18.855133,20.37146,22.867584,22.717896,16.94427,10.581617,14.175163,12.1872425,8.847216,9.982698,14.880251,22.715298,18.787294,17.596684,18.876953,20.533405,21.944199,18.482174,18.568346,16.60308,14.03552,12.94596,8.725204,7.663983,13.499416,10.068176,6.6598444,8.22697,14.077892,13.132393,11.216118,9.998383,11.777504,12.015196,2.2743964,2.4335172,10.822954,11.785313,4.5171466,8.61552,12.203047,13.27195,10.738097,11.544465,15.416821,9.69451,1.2616229,0.60549647,3.2711687,5.2166557,2.8988597,5.4915314,6.2095985,3.0105026,-0.43400645,-2.0040092,-3.5995817,-4.788581,8.303247,13.444708,16.28832,17.265356,15.931947,19.57912,16.691853,13.944517,12.558162,9.122648,14.299031,12.59153,6.87027,3.3715754,-6.0391164,-6.130557,-4.5884266,-7.7864575,-0.54419136,2.8974981,-6.5525546,-5.689805,-3.2395844,-6.548611,-2.2311425,-5.038534,-1.6811068,4.9840984,5.3952475,3.701357,-0.2489968,-4.100915,-11.697486,-8.638764,-5.9770775,-5.780197,-11.472045,-18.23762,-18.52164,-15.76607,-7.372287,-5.924243,-6.209978,-7.0793104,-7.2329187,-8.056834,-10.693408,-10.242075,-5.202361,-8.723625,-5.2872787,-1.1548285,-3.5479345,-5.9120903,-4.0348454,-8.713442,-4.156532,1.0006304,-7.215576,-16.50598,-17.419353,-9.080305,-9.915461,-13.106832,-11.460789,-8.529631,-2.0830781,0.85146725,1.3297629,4.1571627,-2.8589532,-3.0255094,-0.5682582,2.882738,0.58703166,3.8279614,3.1841848,-2.1571496,1.7269655,3.1214118,0.8581228,-7.2606897,-10.142719,-6.3942366,-1.8014734,-0.66332346,-2.866775,-4.7904015,0.6332009,-5.2665577,-4.347988,-6.3180428,-5.8798594,-9.462687,-11.700598,-5.355712,-4.1367745,-0.9733846,-1.2281585,-8.264762,-4.9067335,-4.026571,-3.374858,-0.9735861,0.44126356,3.932231,5.7060533,1.5286934,1.3736362,0.865181,0.9905039,3.4806924,1.9357426,-5.0405664,-6.894978,-4.641458,-3.9388955,-10.901581,-10.962347,-6.7620335,-4.5359645,-5.2563066,-8.081932,-4.9602137,-3.954892,-1.8418622,-1.6351445,1.1126325,2.712687,-6.2229033,-8.077316,-1.2960143,2.8827713,5.0192475,1.965929,0.30605277,1.2830195,-0.42261523,-2.38862,-3.4633076,-2.986085,-5.2579107,-9.132902,-6.5726314,-4.475283,-2.7005782,-3.056672,-12.325124,-14.318737,-13.715439,-16.146654,-15.9705305,-11.412136,-8.261581,-7.9285603,-12.4726095,-8.510998,-7.823538,-7.2571015,-5.5549765,-6.460311,-5.680356,-5.517823,-7.1801014,-7.886102,-0.48775968,7.1588473,2.4471047,-3.40731,-4.1404057,-3.792253,-7.7476177,-5.8552027,-4.018305,-8.446222,-8.922989,-7.138795,-8.882294,-9.612638,-5.1090508,-4.960289,-1.5969691,2.789651,1.6609256,-1.0856965,-0.38387954,-0.8060516,-3.9199107,-5.480983,-4.8781376,-8.468266,-14.504438,-16.35133,-13.806912,-13.783644,-12.078865,-9.332525,-9.425722,-11.803829,-13.230533,-12.6670475,-18.59956,-12.803545,-14.369229,-19.615433,-16.617895,-13.874999,-12.565388,-7.454963,-8.02567,-4.2077403,-3.5132027,-1.1529601,1.8900845,1.9872969,-1.9612598,-7.2500124,-10.342635,-12.2623005,-10.112379,-5.6871896,-0.6134129,-7.719175,-2.9918146,-3.9245071,-6.0735617,-4.9021807,-6.229848,3.2137127,6.3180265,1.0040041,-6.0030613,-6.3077927,0.99618626,-1.7150729,-6.0156555,-4.2107844,-2.5901546,-6.044514,-17.922897,-18.09811,-14.494206,-16.55066,-12.76277,-14.06394,-16.406776,-12.0789175,-11.0249195,-9.618526,-0.9228755,-0.18838222,-2.871038,-5.1382837,-11.235907,-10.352377,-6.6868916,-5.681942,-8.558799,-6.843499,-6.9469256,-5.751398,-6.563675,-5.3604164,-8.032341,-11.929901,-14.245295,-9.695915,-0.8401989,-0.30871034,-2.1055572,-10.653461,-9.235392,-5.1432095,-4.3952017,-5.959201,-8.941221,-5.6727757,-1.6181436,-3.2472572,-12.821382,-15.436767,-7.9839587,-3.148769,-3.9995282,1.601917,3.3500957,-0.005607739,-8.204179,-6.929104,-8.21958,-8.73031,-5.4190226,3.6408305,9.717876,5.626842,-3.0554123,-0.90123415,-1.033113,-4.9456196,-5.9262443,-4.8386126,-8.571162,-15.484796,-9.016932,-6.4347796,-6.3481956,-7.64773,-1.5056949,3.6642725,1.3953494,4.4455295,3.3916228,0.09287292,-1.7808154,-0.7582524,-3.9746158,-5.840084,-6.308798,-9.249944,-10.946671,-8.282129,-3.4484644,-5.9415026,-5.082284,-7.6717463,-6.790287,-7.073885,-7.636037,-6.8380017,-8.35621,-8.848092,-8.205062,-11.4159565,-4.0853786,14.444586,24.162006,24.383694,21.348871,22.279095,28.148026,22.427528,19.659,14.764584,6.6654634,6.158511,2.273182,-0.52940637,3.8101988,3.9227395,-2.0641253,-5.6791806,-5.1945124,1.6523308,8.386693,7.1105423,7.0445967,14.632225,18.520292,15.924786,9.018868,13.609064,17.004814,16.429077,19.418396,15.640495,9.852343,3.6965775,0.75654644,-0.99408597,-4.4882903,-8.707051,-6.998334,-7.1597967,-3.6778047,-1.2738907,3.4784117,7.3281403,5.841995,13.934927,14.472338,14.314592,12.637124,-0.26852715,-1.5720786,-6.0984282,-6.095616,-6.675397,-2.219514,1.8813171,1.0582762,3.585813,6.8201013,2.9098048,5.2832937,6.887891,1.2923784,-0.88233805,-2.0029857,-1.6474156,-2.5860965,-1.6306396,0.18565154,6.464278,7.4771266,2.0335116,-0.90604866,-6.5309324,-11.524103,-8.99008,-12.035442,-11.781826,-6.5038304,-3.4856567,1.944909,1.8288654,4.9811563,2.6753118,-5.1873426,-3.3807383,-3.4963417,0.49166268,-1.968661,-4.422721,-0.9635105,-2.4480336,-4.142093,3.3384714,3.7342317,-1.897259,0.9268698,5.785659,6.231492,8.691347,9.492696,7.4894447,8.454067,4.4707985,-4.8932056,-7.5071106,-7.831767,-15.357907,-12.216263,-11.750597,-7.029524,-6.957233,-3.2345357,-0.20402336,-6.3334775,-9.473288,-14.089518,-14.196428,-11.726936,-7.6739626,-2.9634533,-3.866857,0.20216084,3.5813031,0.5387685,-4.5554276,-5.157715,-9.203665,-6.9749637,0.84899664,-2.1896787,1.0427592,7.5779943,3.4560566,4.2146187,8.328467,5.532463,0.30226254,1.5039419,4.103466,0.11283136,-0.28148428,-2.4574876,-1.0330076,5.358693,4.862687,-0.70653915,-0.8799257,-3.4566488,3.2278907,13.390085,14.462027,17.632092,24.8923,26.354595,21.996895,22.314407,25.0637,19.977707,17.435589,14.821946,14.407359,15.672462,13.03678,11.696619,14.590798,13.033013,11.78963,13.757625,14.450713,18.424503,23.990168,25.873905,18.313023,17.940605,20.088541,19.321917,22.05512,24.708992,23.995646,25.094639,26.595451,21.582718,24.631807,30.043682,23.866411,21.603241,24.54051,18.297962,14.161846,5.244094,0.83813894,5.6794624,7.932285,9.887987,8.413188,11.256498,8.591989,8.070469,6.7028475,12.84158,17.392101,21.07425,24.019512,20.190723,22.736423,20.861279,27.555832,25.36894,24.722012,18.250683,12.892454,15.012397,14.935119,12.521573,9.557591,9.128984,7.8699965,14.401833,21.215174,21.613712,18.20604,21.110907,16.00362,10.685497,8.676023,8.167709,-1.2534497,-7.4709306,-8.763451,-3.8704724,-3.5002728,-4.372553,-5.7909822,-2.303131,2.8542938,5.5564294,1.2364202,1.0606017,1.3708358,1.8409113,0.67753017,-0.8975787,-0.66515285,-4.7591333,-8.756081,-12.32876,-10.194694,-11.834061,-8.982723,-5.301095,-9.933495,-8.816046,-4.887909,5.468055,11.790781,5.2400074,-2.0058198,2.9728165,-1.2619834,-2.6879263,6.545973,4.272019,-0.10768676,0.09053385,-5.1144114,-3.7902834,-1.1922457,3.5061238,4.564615,2.4594042,-1.3495514,-6.4311304,-5.6667185,-3.5935907,-1.3028761,0.26006597,-5.3879795,-10.920282,-8.201929,-6.5916424,-7.9687033,-3.8308287,-6.3440833,-4.732831,-4.178879,-6.968408,-8.51276,-13.7198305,-10.821732,-4.535495,-4.890779,-3.7555315,6.804738,-1.1631527,-5.991548,-5.79066,-2.0517354,1.193532,0.050047595,1.8735689,4.6199555,3.7385995,-0.9812385,-0.6877811,-4.32312,-4.9556723,-4.6624393,-4.019475,2.3731792,4.619847,1.4659263,-0.86315024,-4.8751283,-3.7689226,-7.570352,-7.2114077,-2.7337966,-6.9860516,-5.536109,-7.1033006,-3.2813942,-2.609943,-3.4634426,-4.608124,-4.1667905,-3.2751856,-1.1960244,-0.09741068,-4.1291575,-8.641453,-9.508486,-12.161636,-11.623577,-7.5563507,-10.281607,-8.824073,-12.636814,-18.252302,-13.545041,-9.099478,-2.563911,2.6074739,2.0284643,0.600396,-3.837953,-5.346803,-9.687838,-13.217876,-2.54511,-3.6818104,-8.804479,-12.941817,-15.970802,-15.0591,-10.083729,-10.415295,-7.3102045,-6.22324,-8.062267,0.45882347,-3.145373,-2.1086552,-1.5310571,-0.6895509,1.4316449,-4.644175,-3.2499046,-3.9983265,-9.160365,-8.508579,-12.648141,-8.995184,-3.7819283,-5.434894,-4.019665,1.9328518,-5.006132,-0.79386497,-4.285561,-7.0135574,-5.2031975,-9.15485,-10.420765,-9.522767,-9.905375,-10.604816,-10.532358,-12.061446,-10.321478,-7.55937,-2.7439804,-0.54497117,1.2041663,1.9534141,-2.756228,-1.0786095,-7.4572606,-7.2301884,-5.3471546,-4.9427557,-5.0904126,-3.6243653,-4.2939367,-3.9215107,-6.2900753,-2.206117,-2.2277932,-8.010154,-9.5575905,-6.8539133,-4.818675,-7.2164145,-10.102791,-8.342109,-7.219984,-4.1534925,-4.6636953,-4.265714,-2.991561,-5.565899,-7.0330877,-4.173897,-2.0263693,-1.4816259,2.2896307,1.0630889,2.0001087,0.877983,-0.5220621,1.3140942,1.7325288,4.952979,2.7946002,-3.3785675,-1.7904642,-6.8296156,-6.168561,-6.433319,-5.0628443,-4.97136,-7.052423,-1.8563318,2.2124212,0.21415788,2.243783,2.8709607,2.6935024,-0.39928758,-2.7205274,1.2422228,5.8621864,7.0699816,6.3294826,6.457637,2.054925,-4.947508,-3.4171824,-2.3543327,1.111794,3.3634105,2.2653017,1.9697657,5.5307717,1.6135697,-3.894227,-6.639601,-2.4603891,3.5480785,0.56167287,-4.2901692,-8.161896,-8.742563,-7.886368,-5.4835057,-1.8116477,0.2187939,-4.8581667,-3.0651965,0.14072779,-1.2606314,-3.5671477,-1.7180829,-2.609531,-4.8137045,-6.5502353,-4.396446,-5.4250727,-9.07272,-5.2199183,-4.4682684,-7.460125,-6.274026,-1.1313928,-0.97948897,-4.598722,-11.038963,-8.658197,-3.9274333,-1.731095,-3.1708472,-4.8108797,-2.611489,-5.0580587,-10.335027,-11.203197,-9.706375,-13.551714,-10.211469,-4.67317,-2.017553,-5.7689424,-8.755767,-8.84342,-4.818623,-0.07925582,1.4308237,-1.4631727,-3.8921533,-9.792333,-7.8314323,-6.69878,-5.299778,-6.88557,-3.331237,1.3298007,0.0068956614,-2.7574677,-6.5398464,-8.775464,-9.591691,-3.1292038,-0.17632031,0.15549672,-3.123402,-0.92771745,0.9334588,6.0998135,8.207436,-2.4888923,-6.7902937,-6.4381676,-3.358085,2.011589,-2.582096,-3.7400572,-6.0951853,-11.659832,-7.404359,-8.694724,-5.352354,-1.4333448,-4.1904097,-8.6616125,-10.533517,-9.358011,-9.410027,-6.6611595,-3.153463,-3.4795914,-4.2052493,-7.86084,-8.553637,-2.3962746,-4.2839494,-6.9720063,-10.050472,-18.9381,-17.572367,-14.896027,-11.977364,-12.7968645,-5.875119,-8.8246,-13.693301,-11.206869,-5.4158936,1.2434819,3.4564555,-1.3384957,-4.1603513,-2.827107,3.258449,0.36741447,1.1744325,4.607574,5.9566684,5.2053585,2.8436542,-4.740431,-4.71714,-0.5435442,-7.458549,-9.573501,-8.998781,-11.755539,-10.91732,-10.637857,-10.854011,-6.0074816,-7.445851,-10.236546,-3.131034,3.4958572,5.0531797,-0.6088757,-4.8537207,-5.433424,-7.5127783,-1.1856271,-1.4018437,-5.131979,-3.8396606,2.9675999,1.1815444,-6.791233,-6.740114,-2.4930844,-3.9537544,-7.0554624,-10.544716,-7.164667,-3.180197,-1.6315255,-7.017512,-8.722831,-8.812618,-12.773595,-9.7971,-7.6701365,-5.524074,-9.108175,-6.6710424,4.354888,8.2117195,3.465138,3.3469296,-6.1598372,-8.275623,-1.0708278,-8.403572,-8.863684,-3.3328223,-8.694659,-8.829159,-7.1254115,-5.0364275,-3.1548572,-1.5463223,-4.1614876,-6.153752,-7.6866317,-6.0661955,-6.4730105,-5.417391,-5.749193,-5.0826507,2.996808,3.5806231,0.51903963,-4.379033,-2.1241384,-3.7072833,-8.167714,-10.344082,-7.0526466,-5.1500106,-7.233864,-8.599111,-5.922787,-5.618554,-2.2917457,-0.1486808,-2.7603965,-3.506126,-3.5175152,-4.418411,-5.233767,-6.572524,-3.3929186,-2.180029,-1.2395319,3.36077,0.6084491,1.7184172,2.3557749,0.6613307,3.2324517,-1.0040356,0.15308228,-0.3028872,-4.3043914,-10.94189,-11.428267,-12.232795,-16.166933,-20.816788,-23.269184,-19.918255,-20.99288,-21.943235,-20.01923,-16.759876,-13.202006,-9.153103,-4.897257,-2.1238227,0.41566062,2.1082747,0.5099788,-0.5396352,1.2011579,-2.478605,-3.417901,-2.0694823,1.6023998,6.906127,2.715201,-0.65335417,-0.06443727,-3.173789,-7.4398975,-2.78422,-4.8678756,-9.42992,-9.306605,-7.375875,-6.527125,-9.624699,-6.7022557,-6.1762834,-7.1824837,-3.694147,-2.8835037,-10.6099825,-13.429528,-15.606755,-11.744066,-9.752228,-6.451768,-14.2735615,-18.72807,-16.483055,-11.817753,-16.760727,-12.41558,-16.170277,-18.344313,-12.42696,-6.1301765,-10.092244,-12.355463,-11.13463,-12.982471,-6.070139,1.3280294,-1.7800336,1.8214842,3.5372024,-0.23353556,-1.7314801,-4.024773,-6.540836,-6.0804815,-5.3312707,-8.787239,-11.191174,-11.226252,-15.0026245,-12.689776,1.3270284,4.0108757,4.855774,7.9288917,13.350498,11.991844,11.537659,3.9366035,-2.942594,1.2336413,2.0225437,0.99760175,1.6032152,3.7217124,-0.841979,-6.334056,-11.297306,-14.550065,-14.465474,-15.510193,-9.779615,-2.2753797,-0.3983191,0.08473313,-4.5346193,0.20718837,-1.8287549,-5.875015,-5.3362484,-6.0342836,-0.03482735,2.011324,0.16886461,-1.2820929,-4.4549513,-8.858259,-10.796511,-9.874321,-3.6663654,-3.083081,-2.9816709,-3.6373434,-3.0354552,-3.5353463,-1.903136,-6.133341,-8.992115,-3.7766078,2.0940113,-1.0625371,-6.624809,-7.3365107,-9.992006,-10.762211,-8.566662,-7.2853756,-2.538386,-0.3241539,-1.4543387,5.8149586,0.71441126,-2.8799133,0.70448864,-0.34899718,-3.9948742,-4.5482063,-6.8528748,-13.783819,-10.32922,-10.500079,-5.943924,-3.1209092,-3.872436,-3.3396635,3.7756557,5.438816,6.619885,9.133993,6.9700947,8.429884,3.4658046,-0.970488,3.3749306,4.365055,3.2545788,-1.951175,-9.177942,-10.210856,-3.5505495,0.5791797,5.6832275,7.6915054,9.23016,1.6090732,1.561464,0.5717226,-1.4483321,-2.2855587,-0.5356866,-6.9549203,-7.1446238,-3.672958,-0.42577457,0.43515557,-1.0398129,-1.5873075,-6.008545,-0.1518322,2.4865887,-0.58837384,-3.6826143,-11.48302,-14.65879,-11.515072,-11.843742,-10.455851,-19.377792,-21.692577,-13.012371,-12.658124,-16.442562,-19.88324,-18.867592,-10.615343,-9.68862,-6.7699327,-3.263327,-4.4074907,-9.724539,-12.236359,-9.19646,-7.6829634,-4.691087,-4.7461176,-8.705537,-8.796217,-3.5021472,-2.8403728,-5.8030725,-5.48477,-4.956362,-5.0796323,0.7254055,10.179173,14.13521,9.356427,2.5447211,3.5494835,-1.4236815,-0.9410285,3.2557049,2.0057807,-1.8238173,-9.555363,-5.6678123,-5.139889,-2.0847604,-5.652005,-0.3176074,16.796051,20.694069,16.795582,19.66449,25.410069,23.924736,19.723454,17.363445,14.495566,13.41152,13.630741,9.49715,16.481863,18.889153,16.653269,18.157883,19.904858,18.95663,19.934464,23.368313,19.817162,12.692686,7.2833853,5.1083155,1.7105668,3.1663158,9.78578,18.213589,19.290665,17.915516,20.253927,21.723366,15.856737,11.991972,5.053769,10.117062,18.18422,13.33922,1.9784856,2.6271644,4.999774,2.8761415,6.123826,10.588226,9.118687,8.594215,5.126425,9.183219,11.404955,12.535566,22.02998,21.567404,12.68815,16.109163,24.433706,26.53851,27.452785,29.930805,31.854382,25.357922,13.813284,10.451939,6.6067753,2.0874093,4.7557983,1.8818209,-1.1318576,-0.45200604,3.8565128,5.894414,9.025162,8.999136,8.395617,3.4787421,0.7274457,0.4757371,4.5744095,4.1520357,3.2423675,-1.1850532,-3.244648,-4.3831134,1.6137455,3.1470551,4.39685,3.1689134,-1.3937558,2.1765192,5.245202,0.9458538,-0.187635,-0.24125583,-8.256623,-15.5313225,-13.14719,-2.1391284,-3.4155986,-8.904045,-10.610615,-7.0468855,-11.059896,-12.240423,-5.2096033,-4.5824237,-1.8046211,-0.41940868,-1.072496,-3.6292436,-2.5102012,7.772038,11.286646,8.168555,4.4378858,6.0055485,6.8185225,3.2617836,-2.5246587,-2.1218512,-5.8912487,-5.2353888,-1.5315566,-1.7254814,2.443136,2.4596016,2.0721488,4.2087626,2.8722215,1.9339525,2.189566,0.30417228,6.934786,3.9978774,2.5287335,3.0123606,5.9318466,3.7099907,-0.44645375,2.3002653,3.5373201,-0.8695649,1.6327052,-0.5091515,-2.4997306,-4.710635,-5.0195146,-3.8759632,0.546533,2.9749532,2.0202096,4.1463814,1.585233,2.0374558,0.21153346,-2.0613525,-4.339477,-0.9493173,0.8938152,-0.3790004,0.7103358,5.015583,0.6119274,4.1351304,8.952474,7.2961273,5.549303,3.2377963,6.8774695,9.271456,6.0528426,4.502522,7.370389,3.7748747,1.2149493,4.855838,5.6215363,5.8475547,7.1521406,6.496276,6.509902,3.02866,1.5352671,7.181972,2.9147363,4.350363,2.4104486,-1.8594744,1.3343161,2.7461414,6.8428726,6.0096207,4.2538123,3.9484658,6.1666307,6.9264355,4.4856114,5.3946457,1.6925507,-0.48477137,2.2581968,1.5291241,0.5702189,-0.42968005,-1.8344343,-1.3825521,-0.884158,1.232224,3.1008058,-0.5800409,-3.3430896,-0.29945648,3.37468,7.8316817,-2.8522975,-6.107291,-9.240658,-12.049086,-6.731553,0.45054302,-0.825035,-2.2989957,-1.5725071,4.4170513,0.9399588,-1.5772388,-5.118469,-6.5134525,-2.0374665,2.2987752,1.546798,8.245008,8.842489,6.187658,0.2316882,-2.743719,2.4781632,-0.54256684,-5.5401664,-6.4732485,-10.56455,-13.519426,-13.080133,-10.657561,-8.432825,-4.350416,-9.475452,-16.588932,-19.952646,-15.639961,-14.344972,-16.200987,-14.311352,-7.1516104,-10.032282,-18.54519,-16.894388,-13.848769,-21.790825,-19.64178,-13.132208,-13.0886965,-15.720148,-14.461565,-13.026098,-15.892302,-7.7065673,-5.497759,-5.7953424,-6.6375628,-7.136839,-9.906128,-9.204662,-10.680571,-12.378909,-6.204384,-0.60722774,-2.270565,-6.1120124,-9.447248,-8.047387,-7.2784867,-9.408014,-9.8519535,-9.109995,-5.85677,-7.993581,-11.8083,-13.830181,-13.48949,-12.029854,-13.476347,-10.544132,-7.6612716,-7.2144823,-6.002246,-7.0650144,-8.050291,-9.268683,-6.5785756,-8.836308,-8.152007,-7.2415166,-13.405951,-12.463863,-9.623954,-5.065799,-0.8542779,-3.3688579,-4.760821,-1.4366618,-1.1939735,-4.756578,-8.9394,-6.5766425,-5.2309866,-5.5928392,-8.241127,-8.957573,-6.8582897,-6.455551,-6.0888443,-2.742969,-6.134838,-6.9351683,-5.8080845,-6.1522493,-9.707522,-7.075643,-3.7326734,-2.9555612,-4.4869037,-4.15911,-5.663755,-6.6862698,-7.4609056,-1.3479877,-4.6449385,-8.208229,-8.00177,-8.96102,-7.752137,-5.673115,-6.0125637,-4.607416,-4.5026355,-2.7219222,-3.3749924,-5.137803,-6.367098,-4.343944,-3.7869277,-7.821477,-7.793087,-3.472314,-4.459342,-5.993032,-6.26393,-2.6715055,-4.199504,-7.7150173,-2.5571194,-6.796582,-6.424145,0.905466,-0.9227984,-2.652226,-6.365153,-6.1743054,-3.4140587,-4.8464775,-5.4436703,-1.3897294,-1.9948572,-3.856324,-3.9728184,-2.4678826,-4.689261,0.4024849,5.1493297,-1.2844976,0.18951568,0.39197117,-0.5871753,-2.0167494,-4.409008,-6.487578,-7.6523933,-4.4334254,-7.659595,-4.9752274,-6.701949,-5.8595743,-3.386072,-3.939848,-6.2290654,-9.555946,-6.239458,-4.9310703,-1.1853056,-2.3698635,-6.162887,-3.9168677,-0.48400828,4.2513804,5.6034765,4.9346285,5.756463,8.819786,4.7491393,0.29289368,2.6199431,-0.35140252,-2.5007274,0.77317035,-0.61284167,-1.2881368,1.6541499,3.1508687,5.274729,6.376871,2.628266,0.17581642,-2.9979672,1.0550455,5.7639937,5.4306126,4.218595,4.390027,5.3798747,5.4643736,5.4163322,4.2771845,2.3901796,4.4019527,3.4056687,4.9745264,4.5836887,4.5116997,4.332222,4.5611553,4.3945174,5.793024,4.302194,4.6210093,4.8230815,5.300313,5.375229,5.5968494,5.234826,4.962821,4.7085304,5.040599,5.7043533,4.832319,4.8659887,5.127905,4.442503,4.212066,4.514674,4.928422,4.397909,4.438955,3.4042597,4.0708838,3.6686876,3.304969,2.7877483,3.2201734,2.4320326,0.91391355,1.0658786,0.49700627,2.7934797,3.7696476,4.561777,3.9899807,3.038278,3.1791859,2.6982532,4.0311184,4.595371,4.128433,3.5273435,3.046663,2.0682764,3.780703,4.0734196,3.392459,2.7199821,2.1425767,3.138213,3.3104062,3.3042452,3.76511,2.7913432,1.7597456,3.2234395,3.6572015,3.732913,3.291729,3.468512,3.1404014,3.2809203,3.5633445,3.8562481,3.716658,3.476953,3.5900497,3.2157512,3.8195667,3.4967675,3.2504013,3.5760744,3.5863097,3.0790405,2.948863,3.0538955,3.6194148,3.1381907,3.5000157,3.7155716,3.3926332,3.3595037,2.6613944,2.5268638,3.143114,3.481094,4.1174335,3.0625677,2.8198566,2.9891613,3.114305,2.8990464,2.7764373,2.759599,2.1595745,2.3892756,3.1555502,3.2456827,3.0463204,2.9094882,2.646171,2.5719652,2.5434144,2.6373017,2.5445285,2.4552586,2.4298387,2.41464,2.4420786,2.500442,2.416392,2.311541,2.284538,2.2968454,2.2097027,2.2558606,2.1228878,2.0876815,2.0535789,2.0047536,2.0147607,1.8438632,1.9517668,1.8381666,1.7797642,1.7537653,1.6051303,1.6778932,1.4783376,1.5240772,1.4256331,1.2721039,1.3622773,1.0683379,1.0348158,0.7878759,0.7642001,0.636565,0.2400024,0.101114236,0.0,0.0,0.0,0.0,0.0,0.0,0.0,0.0,0.0,0.0,0.0,0.0,0.0,0.0,0.0,0.0,0.0,0.0,0.0,0.0,0.0,0.0,0.0,0.0,0.0,0.0,0.0,0.0,0.0,0.0,0.0,0.0,0.0,0.0,0.0,0.0,0.0024057853,0.0,0.0,0.0,0.0,0.0,0.0,0.0,0.0,0.0,0.0,0.0,0.0,0.0,0.0,0.0,0.0,0.0,0.0,0.0,0.0,0.0,0.0,0.0,0.0,0.0,0.0,0.0,0.0,0.0,0.0,0.0,0.0,0.0,0.0,0.0,0.0,0.0,0.0,0.0,0.0,0.0,0.0,0.0
0.0,0.0,0.0,0.0,0.0,3.2045655,4.064061,2.0310845,0.5810222,1.8800007,1.4131204,0.96891946,-0.2939453,1.2743406,3.083027,4.291053,3.0179567,2.241476,1.8758519,2.7607114,4.716217,4.266054,0.48063004,1.4995508,2.8866615,2.791063,2.9350376,4.2814207,2.7659926,4.342722,3.7557054,4.2115107,6.097131,4.1287813,0.5616631,1.7748272,-0.737203,3.3176033,5.9803114,5.4028735,0.88603795,5.303985,0.9722219,-2.351363,-3.4842844,-0.76728016,3.1986032,-3.00428,-1.7861338,-4.2026954,-10.336162,-10.961999,-7.865432,-5.230521,-6.4292736,-7.955448,-7.9451184,-10.370497,-7.8719373,-5.58483,-4.284786,-6.516706,-10.547662,-9.641385,-5.770865,-5.872999,-5.8286247,-6.828944,-7.1295543,-10.908356,-8.701051,-9.87051,-12.374319,-11.51186,-8.6143055,-5.7917604,-8.935771,-12.696366,-11.986763,-9.421219,-4.0301557,-7.0222716,-10.3771,-12.854134,-13.74453,-11.087316,-9.60714,-8.673279,-10.996689,-10.470676,-6.83031,-8.308806,-7.5831337,-5.16918,-5.3020105,-2.0143056,-2.32658,-9.73702,-8.842598,-3.9198678,-7.7814555,-10.560682,-12.654699,-13.033078,-12.047967,-7.6387377,-5.9163313,-3.82201,0.25273454,3.656721,5.1258106,0.6189681,-4.4197083,-5.820775,0.9634802,-1.9770745,-3.4867945,-0.039253414,0.2210953,-0.40119898,-4.1224737,-0.8402388,3.1785772,5.112431,5.1020794,5.9987345,5.6167345,1.9953624,2.1048589,-0.35370675,0.7188727,5.2911034,1.5806184,-3.5771794,-0.9342951,-0.54443467,-3.2256117,4.769286,7.11851,1.7022071,1.1888903,5.3708296,3.9573107,3.5947256,4.9005127,3.9319634,5.7542896,1.8518345,0.81337285,-2.0307922,-6.651964,-6.617915,-2.6531043,-10.17933,-10.888624,-11.304451,-2.1620765,3.826425,6.4206743,-2.1518335,-3.216487,7.0881786,6.642351,12.682573,14.642387,10.311868,16.474663,20.326485,6.040901,11.0124655,13.098585,3.412531,0.9897065,9.53116,0.4761136,-2.084323,4.5216355,1.4353361,-0.9464447,-0.44851828,-0.1944373,3.4156246,0.9901358,1.5109096,0.57933307,-1.3521185,-1.9578285,-8.875301,-8.976573,-5.4949746,-4.3676147,-4.4100294,-5.1006136,-6.576888,-4.8031754,-1.3174635,-0.3513161,-2.9173217,-4.9996977,-4.6213627,-6.490368,-8.137798,-2.624638,-2.6429787,-5.5439043,-7.5311074,-9.429546,-3.2034135,-1.6927506,0.27013952,-4.1416035,-7.803178,-9.319973,-11.231237,-10.632196,-8.807311,-4.3362226,-0.5391626,-0.924641,-2.750155,-7.0172744,-6.84568,-10.103422,-12.830517,-4.794611,0.4202882,-5.859331,-7.4117537,-1.8152856,-2.0779803,-3.26376,-3.175624,-1.8586261,-0.04373611,-2.0317473,-4.207866,-2.9833744,-7.5226126,-8.74506,-8.797344,-8.352999,-7.2428865,-4.4573483,0.41459668,0.09767313,0.66484797,2.4272327,1.2488241,1.8449814,9.168551,5.236926,-3.509495,1.7257578,-1.6487632,-1.915651,-0.36231482,-5.0289574,-7.8650775,-4.426367,-7.00251,-3.0596068,1.7833779,-4.859684,-6.1048694,-6.223959,-5.689232,-8.507345,-10.785981,-5.8240275,-6.13142,-8.687567,-2.7033415,0.03563118,-3.0168657,-3.929109,-7.321682,-8.085165,-6.0643444,-6.8735194,-7.4130344,-4.72041,-5.91981,-14.277839,-7.769967,-3.9111147,-7.680602,-3.8306725,-1.9612217,-5.2209315,-2.1568382,2.225947,1.9952453,6.337532,-3.1045551,-3.029018,0.26087606,-1.5263914,2.987175,3.1317153,2.118595,3.446257,0.53773165,-4.74484,-3.3556445,-1.5182331,-3.9150248,-4.6463213,1.7324363,1.1756821,1.0091385,-1.2808356,-4.240386,-4.6848598,-5.0257444,-7.0749846,-4.389452,-0.43312323,-4.0781937,-2.4053593,-2.3972864,-3.3591871,3.4451036,3.6850147,2.8063486,8.416859,9.933666,9.314466,15.310925,16.166779,13.16724,17.84018,19.211628,9.653081,16.582722,29.076895,19.636406,20.978443,26.80163,22.09425,27.531387,32.008656,24.271515,24.755848,29.424358,23.619438,19.265068,23.1852,22.8018,19.126326,16.741344,11.722116,8.722967,5.580083,7.2554164,5.183298,-1.2977812,-6.4459767,-13.25842,-14.268444,-14.987505,-17.380623,-21.343033,-23.92667,-19.524097,-21.388641,-24.431034,-13.7104225,-8.267792,-1.5161983,7.8043337,26.120613,25.405506,24.309296,25.604168,19.624884,15.123433,14.940975,14.11517,8.587547,11.396538,15.868843,13.876479,5.2979126,5.908782,13.86573,10.252317,10.913035,17.579277,20.19971,15.190777,11.8676,10.816713,8.218182,9.00561,6.788071,10.240558,6.85427,5.1943026,9.760431,13.260544,16.277359,10.108768,7.162076,9.980346,11.115833,9.037794,11.6340885,14.320013,13.3811035,8.5893545,9.15527,12.589283,9.999545,10.419018,14.421474,15.926586,10.167877,11.468338,12.771479,11.3576565,5.831087,10.020401,10.479239,11.36457,16.679398,18.451408,14.02897,12.809781,15.224556,12.715608,12.188101,4.6084385,5.906892,6.6428943,7.375174,8.5561695,11.837923,9.606943,8.333611,10.8666725,10.247974,8.240497,7.920105,7.9295635,6.679259,11.593323,8.572945,4.6505604,6.463086,5.050948,8.465544,7.1629467,10.983327,11.137857,5.9040513,12.279022,17.853098,8.399736,4.7307262,10.790634,8.737003,-6.1809006,-9.249103,-8.505466,-7.758978,-12.008749,-8.732193,-10.007812,-12.121651,-12.196178,-13.262487,-10.58046,-6.38172,-4.6420207,-4.345329,-6.0263915,-0.55222356,-1.2921109,-4.3470526,-4.3949313,-5.97615,-5.2632637,-5.1207314,-3.42276,-7.3709164,-12.270618,-13.222813,-9.626989,-8.340694,-6.604349,-8.968242,-11.420248,-8.105486,-10.3142805,-12.146034,-13.699057,-13.514053,-14.286915,-11.781937,-11.860128,-14.614952,-13.869673,-16.918842,-12.9769745,-11.398714,-10.540061,-8.338993,-11.31955,-12.154421,-13.008671,-13.775486,-17.116964,-20.274727,-18.27525,-15.334431,-15.522314,-13.82954,-12.705929,-8.007071,-5.5910063,-6.241968,-4.3124666,-3.6680968,-7.4966226,-5.949321,-6.1338577,-8.041069,-10.204266,-12.681706,-5.60839,-4.6193867,-9.586653,-11.507702,-13.131756,-13.528441,-16.768261,-20.308815,-20.216396,-15.9776535,-15.173233,-11.858284,-5.6090984,-4.574457,-7.303462,-8.846172,-12.570074,-8.700781,-9.204266,-13.918539,-16.988028,-19.099838,-14.822643,-13.028927,-16.21867,-7.8085446,-6.6528044,-14.664363,-12.549725,-5.304367,-6.3075285,-7.778163,-14.916578,-13.8123045,-13.35594,-10.66771,-5.467492,-8.212509,-10.262657,-11.074293,-12.824127,-13.482469,-11.707691,-11.183619,-11.9622135,-13.888057,-12.114569,-11.806559,-14.135661,-14.574722,-10.030558,-15.91558,-13.039705,-9.847119,-14.37389,-14.9064045,-16.687744,-15.52178,-10.566265,-9.486732,-3.506412,-3.4072382,-4.9365454,-0.547873,-6.268324,-11.982146,-12.992207,-10.508445,-9.306689,-10.143144,-15.97546,-16.347511,-15.864037,-14.529231,-15.626669,-8.849085,-6.668011,-6.927408,-7.9154115,-7.6280146,-11.678748,-11.5147915,-15.99745,-11.7362,-8.980325,-8.81504,-12.152578,-13.471207,-12.585725,-11.720068,-12.782303,-11.019687,-12.542452,-14.561538,-9.932498,-11.38151,-13.086136,-12.222017,-14.671186,-14.125862,-18.594463,-17.845226,-16.65816,-9.614166,-5.0234127,-11.931858,-15.06502,-19.435696,-14.538846,-13.663711,-15.266552,-9.841867,-7.442543,-5.1664343,-7.574053,-11.7569275,-11.299777,-4.990742,-5.5991955,-11.803665,-10.006614,-11.323799,-12.640816,-11.704473,-13.397958,-15.06109,-16.2873,-17.138977,-18.563763,-16.45226,-14.542015,-14.426147,-13.630238,-9.901699,-9.242735,-10.267092,-4.5522604,-5.9250755,-5.9002867,-8.858329,-14.210608,-12.342306,-9.842836,-9.86768,-7.219839,-9.524874,-10.992693,-14.938637,-19.301035,-18.539467,-20.418804,-21.73273,-23.16621,-23.465458,-25.579567,-21.41727,-16.844513,-17.546522,-11.536246,-8.745148,-12.583593,-12.098725,-11.927643,-10.951252,-11.585196,-15.388995,-17.523724,-13.967623,-11.162811,-11.283503,-9.586254,-11.091413,-15.192426,-15.719776,-18.022896,-18.7821,-7.099555,1.2328551,-0.5739152,-3.6418545,-5.835181,-8.009109,-8.93059,-6.4771676,-8.151232,-10.748091,-15.470139,-15.010031,-7.646815,-1.7535399,1.8084773,-1.0821311,-0.7698045,0.4310739,-1.8952348,-4.7596607,-5.1060286,-6.818495,-7.4293175,-7.273526,-10.265541,-11.390919,-13.9550495,-15.256416,-11.654726,-9.0896435,-12.492148,-12.898557,-15.209454,-25.961985,-22.978931,-17.919765,-12.889614,-4.9952917,-10.505259,-15.99872,-16.608524,-24.179619,-24.376358,-16.859215,-15.514144,-14.42374,-12.862032,-14.9163,-19.104557,-26.840733,-31.365078,-30.32227,-23.449938,-21.21608,-21.876999,-21.536167,-24.321732,-26.243015,-21.553001,-16.41036,-13.949488,-11.8799715,-8.535639,-12.104506,-14.402054,-13.045675,-10.37336,-12.541044,-8.177217,-3.3248029,-6.395852,-14.7738285,-13.817556,-15.376336,-16.353022,-16.3172,-16.617912,-15.587182,-11.41683,-12.589245,-14.044164,-14.213182,-15.421319,-15.932357,-17.80577,-16.336164,-13.908254,-15.633598,-13.072939,-9.755456,-13.505621,-14.40531,-14.900673,-12.112267,-11.12031,-11.804557,-7.70774,-7.566573,-6.698897,-3.354349,-8.056454,-7.334739,-5.3590403,-4.472959,-5.002859,-7.798555,-8.564147,-10.750613,-13.566563,-11.618217,-9.398735,-7.3858237,-11.039141,-12.632305,-13.371161,-11.4611225,-10.860595,-9.547186,-7.80484,-7.5477457,-7.8050356,-7.0151577,-5.0203295,-2.230729,-1.4952074,-5.824086,-8.845539,-9.012979,-7.0440207,-9.183746,-8.817448,-9.297703,-7.0919037,-11.744392,-11.574858,-10.952063,-10.170695,-8.264452,-9.375774,-15.606417,-22.935402,-16.382488,-10.615124,-8.036726,-7.9442997,-3.6275291,1.9710026,-6.6337366,-9.2564335,-17.897228,-17.765713,-11.624624,-3.6586003,-1.9182925,-3.8006608,-4.99407,-4.5933743,-5.0437417,-9.968119,-11.337916,-7.8488736,-7.000782,-6.8682055,-9.5138645,-9.543573,-12.4916315,-17.258026,-16.454115,-14.668309,-12.290734,-6.0722284,-3.0668871,1.311427,1.3247916,0.8660637,0.26460993,-3.330274,-1.6341794,8.738087,0.6353175,-4.662201,-7.444132,-4.7964125,5.3461313,6.8088427,0.8330258,1.4933711,3.6115856,0.43361756,-5.166378,-6.1417027,-8.673775,-21.201763,-17.07499,-12.880364,-14.854313,-15.808903,-13.001805,-12.425379,-14.432786,-10.1835785,-8.872817,-8.942461,-6.7543154,-8.58255,-10.007727,-10.830763,-11.004862,-14.979635,-15.27741,-10.495905,-7.9516625,-9.920856,-8.144627,-5.617689,-4.3013926,-4.3657513,-5.38221,-4.110834,-2.10711,3.2667654,0.8859989,-2.1992574,-2.101027,0.74489856,-1.0622519,-4.186961,-1.7344477,-5.2574787,-8.427969,-6.7489133,-4.300976,-5.6040606,-7.100911,-9.69623,-7.295939,-8.167999,-5.33488,-4.8650703,-2.0505488,-7.792339,-13.093487,-7.6213374,-6.32874,-10.203686,-4.3398314,-3.4989574,-6.1166515,-8.580641,-7.7422447,-9.65083,-11.482239,-11.3190365,-10.424688,-4.721465,-2.4448814,-2.1509423,-7.193535,-13.883032,-20.60733,-11.124321,-4.696162,-3.66324,-4.625833,-9.767738,-8.086735,-9.317866,-9.175591,-12.267501,-13.440161,-10.353224,-9.066343,-11.702343,-10.945648,-10.514062,-8.060337,-12.281395,-14.07612,-11.390264,-9.156989,-8.981777,-8.826653,-5.804775,-6.296806,-5.973921,0.09346157,-0.50363445,-3.7616706,-13.524451,-15.000011,-11.460134,-9.375189,-11.461502,-12.837183,-11.738508,-10.844685,-5.8129516,-6.1310873,-11.873648,-14.772591,-15.933674,-13.686646,-13.043674,-14.595942,-13.461018,-14.774561,-13.981088,-14.305988,-15.421305,-6.903102,-9.869723,-9.744146,-9.935322,-10.739397,-6.2963552,-4.1645737,-1.8867707,-3.4990606,-6.564391,0.80883294,0.3260321,-7.4836864,-9.370421,-3.6529408,-4.7924986,-6.5843954,-5.077536,0.6545062,4.051889,3.5177393,1.1780229,2.2781556,0.29513955,-5.4603577,-3.199747,-2.351828,-0.5679917,-3.857285,-7.1535807,-3.0968528,-0.03302177,-4.7871695,-10.945211,-9.831832,-10.013689,-10.82765,-9.446161,-8.472144,-8.237799,-4.900467,-6.570899,-10.492928,-16.01003,-14.950235,-16.019417,-10.032954,-6.884382,-2.839159,-3.436008,-4.491087,-4.748661,8.338588,13.719603,12.217313,3.5001044,-2.6003087,-7.9697275,-8.018564,-8.1415825,-7.0613728,-6.418679,-4.1561546,-2.0685043,-2.185348,-5.5448813,-10.346297,-8.72509,-11.715871,-14.802556,-12.42391,-13.11582,-14.119602,-17.07188,-17.237535,-17.645012,-13.012873,-17.182611,-18.114065,-14.739177,-9.567053,-12.985962,-14.674566,-13.636934,-7.8608665,-3.2530234,2.8735647,2.341333,-7.7826295,-7.9309487,-6.987956,-8.970479,-9.390037,-9.681634,-10.200501,-10.017166,-12.795081,-18.157652,-17.222258,-18.123552,-21.380203,-16.918913,-6.400461,-6.1888437,-4.876815,-0.44599062,2.8148704,2.5425694,-1.4895027,-11.588729,-14.01089,-10.150449,-8.345465,-8.845681,-3.7667546,-7.1685324,-4.7962074,0.78963923,2.7282686,-2.276661,-4.9904213,2.2454085,5.3661194,8.641588,9.498819,6.0611153,8.994035,15.266654,14.623132,4.737229,0.7439049,6.86008,11.331919,9.967377,9.145871,15.412972,24.071238,20.082533,12.199173,14.064266,15.453781,14.410717,11.007554,11.026349,5.0919404,5.7407875,7.7785363,10.591906,9.232755,8.678368,6.075423,9.199461,7.5207634,10.220133,13.74534,12.465866,12.936794,8.859613,2.8530204,3.0237494,8.017164,8.434031,7.1719384,8.076204,15.767131,23.045172,24.404013,20.665428,19.634188,14.23333,18.04345,17.047298,15.313404,13.7291,20.258831,17.746433,15.528837,12.056957,16.0038,15.165528,11.419775,9.890428,13.380082,11.369252,15.257565,10.173994,9.95489,11.782646,10.142572,7.782715,4.958627,6.8365374,5.58759,-0.9454305,-0.38887691,-1.7356453,-3.3459406,0.55393535,0.13377951,2.7958462,8.416934,9.303272,9.7740135,9.496674,4.808194,6.533499,6.462015,2.2027013,0.21080828,-1.9518297,-4.4576387,-4.7087765,-7.1004167,-6.8288507,-4.321045,-4.585986,-1.8289633,-3.5465183,-3.5366292,-0.5757399,0.5105508,0.7283888,-5.5870533,-7.1591797,-1.5106189,3.2433934,2.370215,-0.665163,-2.0986965,-6.470031,-9.276602,-1.5256656,-0.2809864,1.6361318,6.713258,8.174281,2.903994,3.7226965,2.8546615,-3.4309227,-6.6469603,-7.325321,-8.0652685,-12.77841,-16.040058,-20.141865,-18.50282,-13.410629,-6.771719,-8.388582,-11.362619,-18.01915,-20.516644,-13.173167,-3.3916552,-9.146613,-9.556982,-6.4199305,-2.8203673,6.886009,8.366249,9.316691,3.272687,6.6480293,11.891433,14.765846,13.946779,8.619339,-2.5594,-9.50858,-13.474371,-10.379887,-5.785835,-4.0792418,-7.736642,-14.736105,-13.335144,-7.0129075,-4.136138,-7.8173857,-1.6927834,4.23707,5.0953856,7.807337,8.115795,8.787673,17.094227,25.315554,30.764706,25.885094,19.226961,22.425571,26.047874,28.707933,20.444195,13.107674,10.531685,4.7438173,5.4815626,15.152596,13.623254,14.521921,14.0788555,13.357641,10.331177,12.469229,11.085215,9.4109955,11.805729,9.94112,6.242938,4.549046,3.9565108,5.914059,4.565181,9.975876,9.366087,9.428475,16.329178,15.735739,3.1669273,-3.3405967,-4.563515,-5.194687,1.089813,-0.9377357,0.88139915,-1.3919177,-1.8730822,-2.42442,-6.577265,-6.976351,3.504405,9.669148,12.346521,8.907993,13.937801,20.408169,21.469067,19.231682,24.385357,20.679632,15.819855,11.172457,7.9767175,3.599884,2.50816,6.7857842,9.0901375,6.208532,5.967618,8.729457,11.276684,12.103333,11.52563,16.876919,16.695375,15.298199,10.241454,9.22869,11.835339,7.6102,4.536033,2.8378594,0.6222062,2.6692638,6.797655,2.965414,6.386464,3.3372262,1.8035326,3.2397246,0.74686086,2.3423922,2.1555781,5.3786407,8.52104,2.5262532,-0.385499,-6.3812075,-6.983939,-6.0402994,-10.592979,-6.796625,-1.8950051,5.943284,9.732044,6.2240944,6.347172,7.353631,3.909224,6.057012,10.123661,9.509238,11.921421,9.293407,2.061245,1.7783777,0.768708,-1.6671814,-0.3314954,-1.8410811,-6.2074986,-3.2373931,-1.0570319,-1.1524982,-1.8925428,-5.184872,-9.789328,-12.855473,-15.709872,-15.570821,-12.664711,-11.22105,-9.668415,-9.182244,-6.8717117,-7.3737345,-5.826084,-2.560958,-6.3965545,-4.7294655,-3.4899,-3.2294776,0.44112456,-4.30739,-4.773441,-1.1500353,0.37306306,1.061996,-1.0935897,-3.2249646,-4.8183026,-1.8190836,2.3396335,-2.754382,-7.9209847,-4.0493617,-1.1110522,4.6325517,2.0940142,-2.4412904,-5.6888523,-3.144514,0.8654044,-1.4004831,-4.2240963,-8.230593,-6.230212,-6.852856,-10.748738,-5.452409,-0.74365884,-5.956289,-0.18795167,-1.377247,-11.835714,-7.7345066,-3.9827828,-3.7124228,-0.8810657,-2.3602307,-3.806291,-7.6981664,-8.296784,-2.0152657,0.98882836,3.682167,3.0367494,2.3974319,-2.397596,1.3422824,3.5710595,-0.35449633,-4.491243,2.3201752,9.275003,6.5981216,-3.9816084,-12.060615,-11.839718,-17.109886,-10.758259,-5.051485,-7.4796286,-9.989731,-10.263867,-8.124999,-5.9014306,-9.120653,-10.600746,-6.364984,-4.221291,-1.5912598,-4.113638,-3.3588986,-3.81784,-5.027272,-5.3415356,-6.183123,-10.21707,-10.8375,-13.301699,-13.857836,-14.070196,-13.902451,-9.245729,-12.38378,-12.72546,-8.755188,-13.883811,-20.204296,-18.400108,-12.436762,-9.097076,-7.4128976,-10.313591,-11.772827,-17.399231,-11.412165,-8.80679,-8.135028,-10.938545,-12.31572,-11.17588,-12.747615,-9.403903,-6.1552978,-11.177942,-12.142025,-9.354374,-10.057724,-10.327585,-11.516396,-10.282961,-7.229305,-7.166406,-5.6174865,-7.035885,-12.225055,-13.382724,-4.807538,-8.392143,-8.872909,-8.47634,-14.183594,-9.112751,-9.335375,-12.495842,-13.896109,-11.6355,-9.664099,-10.503892,-9.104164,-7.0025015,-3.3083453,-8.033805,-6.290714,-3.9085763,-5.6526937,-1.6049356,-1.6383903,-3.5234084,-4.2952,-4.9299674,-6.239056,-4.9220004,-5.477091,-4.467366,-2.706736,-5.8100157,-9.206931,-3.2806618,-7.332947,-6.439157,-0.6710483,-2.3042645,-3.1048284,-3.8966792,-4.6804404,-6.5942736,-3.543012,-3.0902982,-1.7258887,-5.2050505,-2.0937567,1.6642203,2.2136056,2.5849426,-0.8757961,-2.4585032,1.1590917,-1.3408588,-4.7425756,-5.459242,-1.9020503,0.46209478,-2.390814,-2.609783,1.7464314,5.1225233,3.0497398,10.492273,9.775784,3.5367844,3.6761117,-4.05959,-5.64267,-2.5097718,-9.6218605,-9.92248,-9.246232,-8.534691,-12.1336155,-6.829511,-5.81215,-8.8320465,-11.4918995,-6.8106937,-9.432877,-7.99488,-9.620894,-9.348545,-6.430929,-5.771836,-8.308304,-7.7069793,-3.8959558,-2.0390618,-5.7739124,-4.7138577,-1.7269828,-5.48476,-4.443207,-7.09622,-7.7799206,-8.973997,-7.2451277,-5.9168534,-7.583598,-4.874646,-1.5685189,-2.900165,-4.774891,-7.9703374,-8.922775,-12.711666,-11.721038,-10.834161,-5.7366667,4.7272477,-1.2199174,-8.581825,-2.953299,-5.0519986,-5.531942,-0.083512455,-3.6776655,-3.599763,-9.866837,-12.1929655,-4.786383,-3.1687508,0.21653363,3.684327,5.547995,5.224535,2.1869943,-3.4317317,-7.7025146,-13.741404,-13.466007,-8.802756,-8.031039,-5.246833,-5.250385,-8.65342,-4.658949,-4.251015,-8.974074,-7.9833317,-2.979117,-4.0540423,-1.296214,2.5002482,3.9008644,4.159011,3.7885895,1.8350178,4.4334974,6.8233633,5.2748623,-2.5612247,-6.071302,-6.6127787,-3.7587485,-7.963443,-8.190063,-9.579365,-5.9877195,-2.4456456,-1.7695491,-6.426443,-7.063762,-2.7769523,2.2006075,1.4082808,-1.9381673,-5.204377,-7.250107,-7.470754,-8.884629,-12.109312,-9.402763,-5.491,-9.086888,-8.715174,1.688478,-2.2391396,-10.943077,-8.894032,-4.875352,-7.1255436,-10.167183,-10.002136,-10.034891,-5.828042,-6.3280334,-7.931035,-11.718891,-10.941535,-3.2867537,-8.027125,-10.357775,-8.353737,-1.6716164,3.3939905,5.175284,1.3584859,-7.782649,-4.884155,-1.2131977,0.15806198,-5.90786,-9.817429,-9.152098,-8.218481,-5.873316,-2.3487427,-3.4356418,-9.772014,-9.143342,-8.282217,-3.9966955,-4.591009,-3.1747904,-2.4533525,-3.6532764,-1.8822814,0.04243976,-1.7926936,-4.9287863,-3.6719716,2.2057676,4.451796,2.599685,1.528053,0.177821,-2.815898,-2.6815956,-11.137003,-16.352093,-12.352059,-8.872456,-10.922546,-15.904267,-9.427068,-3.023815,-2.031234,-3.1008482,-4.5569596,-3.8285468,-1.9239268,-3.8634028,6.0762234,5.553173,4.00818,0.79885215,-4.074194,-7.2069063,-6.289953,-9.08216,-9.492979,-9.474255,-12.430246,-8.775808,-11.214899,-11.271036,-16.897583,-21.915104,-18.84209,-15.00927,-2.9308076,2.4318228,-1.5512404,-3.2345514,-4.425548,-8.87912,-9.997196,-11.172991,-7.6641526,-12.751776,-14.956181,-15.097503,-14.279365,-7.3349304,-3.1186461,-9.153463,-13.819996,-9.488115,-4.750681,-4.631032,-9.044527,-8.847358,-8.532569,-11.99793,-14.230786,-13.0403,-6.7101994,-0.13551676,1.1492919,2.0787015,1.7545495,1.3609997,-3.1906533,-4.735372,-5.569375,-4.4212914,-0.09720969,-4.921149,-7.1537085,-7.803298,-4.257365,-13.917945,-14.002501,-10.531601,-10.631941,-13.248232,-11.040512,-7.162836,-3.294168,-1.3860972,-2.5068743,-4.857752,-4.0459404,-5.0874224,-5.5099835,1.6982284,0.08651978,-6.2200804,-10.928267,-8.190553,-2.6255078,-4.3187284,-7.6730785,-3.2488675,0.13962168,-1.2961046,-3.1298845,-4.6363683,-10.019144,-8.766434,-7.837925,-10.781235,-9.531445,-5.2891016,-8.20062,-12.768395,-17.959255,-19.112122,-2.9643662,-2.9484158,-8.366262,-13.38452,-10.6437845,-9.937029,-6.022274,-1.6873449,-3.633038,-1.9432249,0.23541677,-3.1212401,-1.3124099,-0.37567127,2.5093913,-0.019797802,-9.489647,-16.865635,-21.158672,-19.60746,-7.000125,-6.949574,-6.693737,-7.4309716,-0.08815606,0.8939237,2.8770623,0.28888184,-3.1953623,-10.794659,-8.408676,-4.888359,-2.5319133,-4.3044233,0.9928475,7.9519606,14.594047,16.177082,17.37833,13.008764,15.340284,13.2414875,13.023581,6.6097336,8.707228,8.42528,10.716374,10.846346,7.706318,9.694639,5.642797,2.1766357,4.9225693,4.8299603,13.330013,25.32885,23.31985,18.167715,14.38507,10.436056,9.590082,9.969724,16.081118,17.046612,20.897877,20.761236,14.761501,14.87266,16.274017,15.448578,13.866079,12.682546,9.608967,6.3850408,9.086309,7.207775,4.574309,9.550842,14.175501,16.021225,18.24997,22.079227,20.480839,18.90113,17.92257,18.736176,15.886272,10.057175,11.560942,14.557481,18.029015,16.17276,15.129793,12.530527,14.662045,20.015854,18.702114,15.614269,9.253936,1.6797352,0.9724149,11.00691,12.380701,1.1790198,-0.6360115,7.2507668,6.737087,2.1915512,0.7305431,-1.1147579,-3.7687206,-5.7202997,-1.3516175,-0.19447777,-0.0826813,0.8240615,3.6512587,8.489225,5.420065,6.7241077,1.481334,-6.7418847,-2.882343,-1.8539672,-2.0759742,-3.9861422,-7.009135,-5.143203,-5.2176046,-7.310009,-12.851839,-9.04132,-9.691338,-12.592083,-10.691761,-12.655306,-7.019636,-5.3905225,-8.356161,-3.8185863,-1.858044,-0.3506614,0.296381,-1.9482601,0.98633647,-1.5520555,-0.01828456,7.1170244,13.409024,17.085175,16.261734,11.26709,14.868696,18.08107,14.548491,4.2020273,-3.2887094,-6.53788,-8.088924,-11.355673,-10.030438,-7.503286,-3.4449606,0.6516806,-7.9168,-11.243319,-16.467003,-16.541403,-16.044207,-11.223231,-5.6525993,-3.150425,-13.149654,-7.626807,-2.9417772,-0.1964894,0.38803387,-2.414557,-6.5296254,-6.033409,-2.330835,4.0547805,5.3580837,11.866218,11.694579,2.3852386,-4.580595,-5.9759398,-9.035778,-8.691567,-5.1577635,-4.7946486,-4.2625313,1.0882207,-0.1920824,-7.232381,-11.483574,-13.350082,1.2511299,4.5199428,7.1901407,7.445971,14.330686,20.180393,22.247223,19.15016,14.451616,8.810059,15.305866,12.916002,11.622837,12.846503,9.511269,11.257843,11.969969,12.701264,8.831242,3.647492,5.853789,9.012856,13.157452,15.933353,9.646262,8.182838,9.466731,9.864396,9.0125885,7.5483913,6.9102917,8.067697,11.574928,8.337409,7.5421853,9.361517,6.5481725,6.4490423,4.4502945,-1.6410809,-2.3596764,-2.6141634,-7.1831617,-10.168337,-4.3371606,-5.44532,-7.2424293,-0.41943032,2.2021384,-3.5597944,-0.71400297,6.0246496,11.2586,14.815562,13.711518,8.785985,11.594454,15.738602,14.38342,16.315943,22.526695,20.730778,16.445555,11.196311,8.61899,9.746603,9.065611,6.0323725,-2.0082104,0.15759721,5.426446,8.775564,14.592766,17.022705,19.939827,24.049847,24.628716,22.122227,17.172306,10.079057,9.341854,3.4580088,-0.1311698,2.895177,-0.6670426,-3.7758982,-0.42085922,-1.5345649,2.5013008,4.5671287,3.7649226,4.4338064,5.9198313,6.789736,4.5793443,-1.4891444,-4.0456877,-5.1603646,-11.718783,-15.154757,-10.822658,-5.829977,7.064783,11.611759,9.802438,7.960065,6.156162,12.095934,12.567827,9.733486,8.68816,7.085306,7.968445,10.445767,6.6238356,2.1820092,3.9353197,4.789646,0.15428102,2.1721482,1.2427822,6.938534,9.296032,-3.2002525,-0.22304392,3.0141268,1.0102139,-0.78172255,-6.285411,-5.788291,-2.3093586,-8.081203,-13.291469,-9.238498,-7.7414293,-3.9053133,-2.4444838,-0.03327298,-1.4595993,0.26990384,-2.8361142,-3.4332123,-6.3213882,-9.1651945,-7.2788267,-5.8742514,-9.453619,-6.6156635,-6.0396304,2.3969789,0.76790714,-7.844477,-12.113529,-12.088711,-2.9394083,-0.030850202,-5.2525215,-6.8237944,-3.981923,-1.0816354,-6.037837,-7.3924847,-3.9722726,-3.3733485,-2.8164396,1.0543125,-5.035198,-0.13426769,1.1360157,-4.132254,-2.570671,-2.9720616,-0.42544794,-3.077952,-5.2032843,-4.908516,2.9819288,-2.0349936,-6.073558,-5.5009146,-0.6286484,3.8823004,6.5326424,10.185276,6.3399725,-0.6055106,-3.5138485,-3.6712751,-0.2919024,-5.4689236,-15.35276,-10.551845,-10.251156,-9.70169,-8.88604,-4.7167664,-7.1305804,-9.651243,-10.970568,-11.226564,-8.156075,-7.3008246,-6.095581,-11.677651,-16.107174,-13.6272955,-13.5959015,-16.244122,-12.904947,-11.434306,-7.4410024,-3.0855532,-2.889975,-1.1348912,-3.6334298,-9.823492,-13.059386,-14.182628,-10.477607,-14.112656,-15.4838295,-13.801872,-14.037334,-14.592236,-14.8072815,-15.459984,-18.097223,-19.58921,-17.859947,-19.588337,-16.879084,-13.543188,-11.430573,-14.662817,-13.724287,-5.2969813,-8.474029,-9.289336,-10.241624,-12.061893,-12.76346,-12.750483,-13.847628,-15.787968,-16.4251,-17.310555,-13.950066,-10.203404,-15.02091,-14.225548,-10.392471,-10.848912,-11.671684,-12.401381,-15.893868,-16.554306,-10.981243,-14.634179,-12.496532,-11.055359,-14.77257,-10.8560915,-8.297674,-9.095646,-9.531166,-10.881319,-10.74231,-13.017253,-13.512545,-10.580653,-7.693163,-4.2117424,-5.820328,-9.583189,-8.735358,-10.05437,-13.2372,-10.419134,-11.541748,-12.405067,-8.442248,-6.8091607,-7.062999,-10.697294,-12.08095,-15.850587,-17.346233,-16.976658,-10.42202,-6.1206293,-3.421217,-2.4352465,-4.55413,-5.097986,-4.700989,-1.5206821,-2.2130003,-10.659431,-11.170275,-3.9619758,-1.6895193,-7.3582096,-9.003709,-10.387216,-7.047099,-3.1648712,-4.841562,-7.3712654,-8.789072,-10.773713,-13.421379,-13.7148285,-11.284863,-9.25535,-6.174026,-3.6882586,-1.7808273,0.37255955,-2.905651,-12.94175,-11.368328,-2.454587,-0.5004887,-4.687873,-7.611866,-9.456442,-8.286536,-6.6620994,0.6982807,1.2627748,0.8049377,-1.0802289,0.9230689,2.5035996,-2.2826455,-12.323309,-10.07734,-5.280221,-6.424998,-2.5087113,0.8581196,0.88449997,-4.011444,-3.7980297,-1.746999,-0.38239264,-0.12719758,-0.6036197,0.9192995,1.5436332,-1.4176645,-0.7321398,0.3662485,-7.479404,-8.36531,-2.0165744,0.64361644,3.8826838,2.0490034,-8.236838,-11.316072,-12.78659,-10.750492,-12.037647,-5.874154,-3.6098938,2.6082883,3.9233973,-0.281923,-4.708048,-6.0902243,-0.3047,-4.33794,-4.5965724,-1.1029809,5.5833273,6.5347347,5.5995464,9.174918,9.499356,2.808393,-0.4023819,-6.1491632,-1.8028738,0.6062784,6.5476246,7.31192,7.414252,3.5266948,8.401269,-1.9816271,-4.8842125,4.5988827,10.8940525,13.940244,17.046879,12.816906,13.14003,16.332823,14.070856,17.22158,26.369425,27.47195,22.295923,15.36604,25.29139,29.608356,23.636726,20.08167,18.33721,20.765888,32.171974,33.00967,29.423355,27.764236,22.96413,15.2134905,16.2238,15.928036,13.471687,8.34281,0.65374947,9.059832,21.28883,20.28455,21.4837,25.728657,24.864424,24.749214,22.521065,14.372768,13.088334,24.436852,21.630089,9.975171,-10.90586,-25.655529,-30.142483,-23.114979,-29.425564,-34.30903,-17.661598,-1.1437948,4.397694,11.041369,12.043116,16.6512,21.917904,24.73735,22.64775,21.981289,22.988949,23.225769,27.038498,22.66484,21.38516,22.240818,20.940807,17.17088,17.721128,20.966915,29.05236,26.480312,24.54471,27.94382,24.362797,16.369173,15.183947,12.733273,6.301342,8.242226,8.220424,13.139004,12.39986,13.274131,19.753067,19.952015,14.216818,14.9266615,24.733212,20.9442,10.53328,11.056887,9.467032,-7.275779,-25.595337,-31.66396,-27.03583,-17.43151,-22.967237,-25.502583,-19.700317,-11.461065,0.9561169,13.41357,20.332066,14.936096,19.857254,28.029253,27.175777,21.987747,18.123692,20.307278,25.204605,18.8483,14.727989,10.528286,7.6691804,7.3814125,14.913193,21.75787,25.390059,26.291317,18.167505,20.548273,19.73012,16.605782,16.84854,10.35317,8.03874,12.0798435,15.278192,14.1483755,10.010928,10.84938,17.870283,11.0698,3.1414034,15.54127,20.848461,19.84111,14.838577,17.40135,18.74179,15.114874,16.693964,16.172548,14.0987835,16.547943,20.913597,11.869705,0.84230405,-12.145084,-19.871872,-18.962597,-7.6941085,1.4063123,5.1441436,8.289545,7.616665,2.0283003,4.4045463,7.364459,5.4750447,4.641521,5.47223,6.801781,7.2902055,8.805134,8.880369,12.383585,11.6952095,11.001407,7.719177,6.1172686,7.138816,8.491235,8.703478,5.542658,4.3617053,5.724499,8.263824,12.659048,11.002806,9.431109,12.854149,14.388275,12.266286,9.49993,7.0970535,1.4401088,-8.253311,-13.931997,-16.386883,-20.327072,-19.947151,-19.184544,-12.086086,-5.8556643,4.3254004,6.0799084,-0.5179032,-2.4190621,7.052726,11.015424,9.859171,7.1711593,4.6638103,6.613187,6.222361,7.5720577,12.869424,10.131551,4.03308,4.3263135,6.576746,9.109364,17.940773,20.850086,14.619015,12.730919,16.858555,20.726057,18.727882,11.052047,7.6690006,3.9477172,0.648554,-1.2655109,2.300549,6.4292574,6.1396666,2.5147455,2.631275,3.0747838,2.4046369,5.0111904,2.1445265,1.4699605,4.892272,16.733238,15.3696575,1.2682196,-13.035444,-27.765406,-18.722977,-11.727109,-26.01123,-29.115078,-16.337074,2.820939,8.905283,4.3823833,3.324656,5.2173986,6.571607,11.3375225,12.675647,17.0713,19.21353,18.034351,16.56922,16.815325,15.908885,13.3850975,9.574575,4.7122135,11.260079,18.832245,19.24367,12.350061,6.4848137,4.6922803,5.8335414,9.558237,14.83161,19.201754,20.18615,16.937252,15.689951,8.027531,2.915781,5.049393,10.1469,14.378429,20.518478,15.885069,3.0013442,-10.649931,-20.663193,-16.31274,-10.205591,-4.508032,-5.592772,-4.8369827,-8.820152,-2.536377,10.158319,12.226296,7.878228,8.432117,14.166835,18.792564,16.662756,17.407234,17.710482,11.68364,6.199066,10.009346,16.333374,21.579021,19.366623,14.47308,8.455078,1.1163275,0.69342464,3.583592,10.847134,9.711407,3.3964632,9.443481,10.360483,10.676999,11.588934,13.72666,14.103764,17.793884,14.094413,8.101753,6.366782,7.5856953,12.076941,12.080791,4.7213144,5.6938224,9.16543,7.1057706,4.684758,6.754966,9.047033,10.144358,8.877678,0.21312296,1.1689625,1.8761921,4.7255316,6.856092,0.88699293,0.26989508,-1.6815041,1.1899362,-0.89810276,-4.763356,-1.4031498,2.3556445,5.8541126,7.745523,11.131393,7.111216,0.9254199,-2.0176628,-4.1471987,-3.0413728,-2.4528308,-0.53359073,1.9818535,-3.0312197,-4.1670456,1.3650342,1.8305945,-0.07638109,3.830118,3.6053023,5.1116924,-0.19385475,4.5656266,1.8416492,-0.69836164,0.7034515,1.5835392,0.68922997,-0.40477753,-2.0766385,-0.7261362,-0.655817,-2.9249096,-5.2071753,1.3800213,2.7307591,1.2916924,-0.068347156,-1.6620857,3.1172762,-1.7120782,0.5942335,1.0135375,-6.22699,-9.538685,-11.528896,-13.807989,-5.486578,5.333902,8.611794,14.882908,17.178825,15.660372,16.552803,13.439197,15.927946,18.511444,19.086266,22.38422,23.945028,22.547066,23.905508,29.82177,24.576012,18.378471,7.883259,-0.7188146,-0.46047285,7.1917434,9.587137,7.8592496,5.3219213,6.4789467,10.669489,11.205122,4.1107206,0.93585443,9.612953,16.014881,8.076466,7.4717603,12.4306135,19.144028,11.560757,-2.7949495,-16.680996,-16.758661,-12.148146,-16.547827,-14.987047,-9.826899,0.58487123,7.019451,6.45902,10.45558,13.909985,9.467707,15.683722,15.604116,14.726294,13.249237,12.798308,13.426591,11.31665,7.882391,10.444595,18.10328,17.656132,14.882065,18.53822,21.010143,17.47553,11.641397,12.001936,13.449172,11.816488,11.7893095,12.656613,18.191917,13.719099,8.859276,6.967269,2.9440217,2.9772406,-1.4470572,-0.33054185,3.885056,4.8669558,2.246535,-1.3493091,5.268814,8.754559,-1.6842028,-10.98465,-15.589548,-17.446455,-18.343689,-16.49863,-16.69489,-6.281266,1.9574943,7.7525434,11.138166,16.54247,12.876915,12.714348,12.643766,15.445421,19.23658,23.682907,19.70868,15.557688,12.770745,13.523447,9.998241,11.41786,8.408297,5.3276196,7.7677116,7.103665,5.9721355,9.042698,8.939343,10.182312,7.7507076,5.155517,6.343981,15.0894375,12.2979355,10.476576,7.9142323,10.4101925,17.777523,16.352558,14.7655525,15.477959,14.14805,12.039206,9.596388,10.977671,14.508137,18.274174,12.902622,10.254375,9.887394,17.104488,25.477322,19.32867,3.8662992,-11.369398,-15.319564,-10.587511,-1.9688988,-3.7296383,0.53552806,2.683644,4.2637234,3.9288185,1.0755988,-0.19231302,-1.268287,0.46729255,1.2696271,2.9441867,-0.9178233,-3.63595,-1.3164253,-0.41987646,-0.70763546,-4.1321783,-5.676092,-6.575129,-10.197166,-11.328835,-8.204819,-2.409864,-1.9439163,-3.0132105,-4.06561,-4.0207453,-3.4262812,-5.285681,-11.029188,-10.652191,-14.474831,-16.423216,-21.028706,-28.223656,-27.348368,-25.048779,-27.8886,-25.997566,-17.950022,-11.05296,-8.825706,-2.703892,6.2206116,6.197626,10.922526,12.10079,12.367979,16.398045,17.551418,15.358757,11.811632,11.4701,12.422297,11.856736,13.5517025,8.640507,9.40968,18.032831,27.726765,31.15104,25.993671,22.59067,19.909794,26.768456,24.947659,7.4860325,3.733356,7.7794495,9.468957,10.539402,11.754463,8.122706,5.7555494,7.6291413,11.575667,14.048444,11.823816,10.832256,10.599316,7.950939,10.928682,6.1448426,-2.7472143,-12.098932,-15.876026,-14.181627,-12.230165,-20.600792,-29.841568,-20.874844,-11.002998,-2.4621282,-1.2349687,2.4040704,7.094901,9.910313,12.599787,11.5784445,10.140469,10.194645,15.767448,18.00607,19.225698,14.770966,17.404604,21.512371,14.254692,13.37669,22.003677,25.646322,26.127388,26.513382,24.178797,24.251122,14.682717,10.556662,13.755295,12.643665,12.022099,11.640711,14.140229,6.988833,7.9697046,16.61502,7.7657003,-3.0202427,-10.6291485,-17.970348,-7.8198624,-0.36673093,4.3675056,8.061837,4.458742,2.4295177,0.10120845,3.8810306,5.6294184,-1.1610055,-3.1732533,-7.460304,-10.111557,-13.316513,-13.896084,-13.089937,-14.689047,-16.461933,-15.83152,-16.934696,-21.125065,-17.397766,-15.803046,-16.802576,-8.602366,-8.14204,-11.635405,-10.12285,-10.611572,-15.705827,-15.206509,-12.462599,-14.850892,-15.831917,-13.396759,-4.61075,-5.628605,-19.090595,-22.414051,-14.371403,-15.31143,-17.630066,-21.1181,-21.571657,-17.285654,-15.511894,-16.572933,-17.554558,-13.861479,-14.224817,-18.352543,-19.476143,-15.371149,-9.989503,-5.6789446,-8.333611,-12.343147,-15.926738,-12.026749,-12.307318,-11.856133,-15.748567,-12.657734,-13.96604,-11.938619,-13.408081,-13.975576,-9.028784,-14.234081,-16.096024,-15.532114,-8.503122,-8.895899,-15.73312,-15.269122,-11.868827,-7.9339705,-1.9691315,2.3369856,3.1382089,-2.1047728,-3.4219985,-1.3270769,-5.263301,-7.972087,-12.1630745,-11.098907,-11.468672,-12.422831,-8.904078,-8.7584,-8.929697,-3.796148,-5.180195,-6.2789345,-7.1259203,-4.6411734,-2.9575884,-1.7298174,-4.9763627,-4.4181366,-3.0554283,0.4550619,0.9189309,0.21622734,2.873035,4.0074606,7.6405635,4.788142,0.20259875,0.4856552,4.9944396,11.622422,11.62999,14.437752,14.44722,15.607624,14.560286,15.037514,13.293077,13.618048,14.556345,10.967106,13.333311,14.412281,13.832802,13.554542,10.520349,13.989229,14.534473,15.992737,7.154249,3.9270887,5.4988785,12.7169695,11.2136545,7.284285,9.563984,12.300245,8.1702175,2.5377092,3.587828,10.372012,12.23988,13.5130415,7.597066,-0.47040296,-3.5137348,-0.66991526,-2.3436415,-4.0580063,-9.930591,-9.558002,-8.072621,-7.990271,-6.4536724,-8.904306,-4.7337527,-0.865868,-0.5444226,0.4440144,-2.62427,-7.266619,-3.3866746,4.097489,10.185572,10.758482,15.418227,18.482002,22.411587,25.393555,27.202675,27.465424,25.325253,18.127388,13.404967,10.174515,6.4375477,8.564745,2.553539,0.14841902,5.2231607,9.501743,10.91708,17.666084,23.33853,23.039406,21.423653,24.871304,14.94387,6.434689,-1.9518877,3.9563394,6.5266047,10.749828,14.042744,11.083017,4.922407,-10.163242,-12.511114,-12.616257,-13.264492,-10.741112,-7.9089775,-7.0419126,-3.4166794,0.6605523,8.203693,15.972189,13.701572,12.446043,14.703152,19.358585,20.852306,22.735435,18.205513,17.758266,20.623453,22.49538,21.851028,17.996677,18.878086,12.631891,11.708345,15.176353,16.136515,17.717712,18.091717,17.460732,10.835346,5.807888,3.481564,-4.178623,-11.692072,-8.056965,-5.6010027,2.349547,6.9048023,6.240502,6.570981,4.0809855,4.3455667,5.010273,8.56575,10.590058,11.848934,3.6639926,-0.8250236,-6.5697002,-13.20709,-12.252882,-17.995493,-15.718461,-9.728481,-0.4893537,2.759752,6.8415985,1.6861145,3.5905519,-1.2223614,-10.844984,-20.637526,-24.991913,-24.659603,-21.608078,-11.675665,-3.8876038,-2.9111845,1.150284,4.2646074,0.89201736,2.5443847,5.956891,-5.056525,-8.346318,-6.225771,-8.571533,-4.782557,-4.218169,-7.2325997,-10.019749,-13.970875,-20.124985,-23.271503,-23.258263,-19.55467,-16.29051,-8.763664,-4.1580195,-3.803934,7.7140245,6.794894,0.08626306,5.3396287,3.3033433,2.5826035,9.845512,7.533029,4.122836,11.710875,7.795608,4.2530146,5.6631165,4.7384667,4.6147733,0.37000102,-4.4225025,-6.516259,-8.489773,-15.510634,-9.0207405,-0.8791313,8.224528,6.488159,6.518197,7.3781004,1.9207367,-0.58533955,1.2608275,2.0769188,8.047274,8.040762,7.48639,9.326372,6.979204,6.5478444,7.092142,9.315643,0.3070694,-12.097527,-10.112839,-8.661901,-1.0150132,3.4910288,3.258043,0.38147074,-1.6674496,2.9348998,6.744015,9.277768,15.392007,19.00504,7.7406006,-1.6975139,-6.549473,-3.4062047,2.9844615,2.8243032,2.712005,-7.784729,-5.6896124,2.241477,6.958496,4.829623,7.4210377,10.257307,21.76173,20.423923,12.474766,11.420561,14.345816,8.660643,0.6348605,1.240667,10.44244,19.770203,21.401585,19.037258,18.729134,16.406782,15.160772,24.302372,14.699598,9.018023,8.981247,9.87563,7.2739353,7.446929,9.832582,17.087471,16.587563,16.610582,15.130997,16.665522,16.642578,17.371422,18.154541,15.63413,13.581212,11.742525,9.201474,0.07824755,-15.375092,-17.111141,-14.313074,-14.185043,-13.901905,-4.830927,5.394393,11.015186,14.6203785,12.684392,16.821014,16.092548,15.423098,17.069498,17.058899,20.169472,21.214905,17.679333,14.185369,7.762399,5.1237,5.657778,7.012308,9.401467,9.044606,12.630138,10.629569,8.136637,5.8407393,9.20673,6.6056113,6.886019,5.8797975,0.6695801,-3.0741558,-0.78625214,-1.8687992,-2.1756573,5.4462376,7.4081516,3.217793,3.2584739,4.343349,8.781444,8.125225,1.3830571,-7.8847246,-17.276525,-21.592455,-24.254126,-24.944473,-23.371216,-8.943399,0.63321674,-8.531742,-6.5444827,-2.2439005,-0.53711724,-0.37647694,-1.4874837,1.099153,-8.31682,-12.812579,-14.735396,-21.544495,-23.000603,-7.1430545,2.8304358,3.3040943,-7.821474,-11.3713255,-3.3810532,-5.9158883,-2.121943,-5.2108192,-6.4702806,-0.8632895,1.498368,6.640932,11.164848,4.185206,-1.6320959,-10.823591,-15.123845,-18.440655,-11.482325,-10.388589,-12.499234,-9.868899,-4.4845304,2.4066992,10.611073,10.74543,6.917748,-4.7272453,-12.891014,-3.9130456,1.6110831,4.978265,5.480358,5.3876886,-2.7997918,-8.934881,-8.872931,-3.5548692,-3.4130807,-1.4399909,2.1648684,-0.5417451,0.3214743,13.647817,29.798012,25.745884,26.787384,20.256924,17.684944,17.81763,16.541842,18.098587,22.396782,23.315151,22.282288,22.703402,20.025768,16.261532,7.9344463,9.357101,6.9049997,10.433163,4.576926,6.12182,6.84669,10.345098,12.080997,8.622322,6.854353,11.05191,11.597875,13.078637,11.015953,11.5216465,15.732026,24.14703,30.5582,26.816498,21.495575,11.69267,12.525295,12.094801,16.48338,24.69286,31.507483,29.807098,28.852633,26.268549,18.11988,9.913748,15.764154,17.68831,14.27639,10.741568,16.621437,16.350636,20.30825,19.434643,19.515583,13.367563,11.884806,13.105201,14.667094,17.024172,20.17773,26.359108,27.422205,21.646347,13.932955,14.292612,14.346436,10.446062,8.53786,6.369405,11.655645,13.256071,16.967907,15.023981,18.78452,16.99374,7.6810646,-0.902916,-2.1794076,3.4765327,5.6029997,0.8254247,7.2798176,8.464541,10.206161,8.773592,2.2625718,0.08805376,3.1660392,7.951578,8.997702,10.6818075,5.858427,1.539531,-1.0793058,10.637779,14.607968,11.202044,12.891666,9.859182,8.805985,13.946564,13.496201,16.462883,14.943104,11.270502,5.1360264,-2.1358924,8.139298,9.607537,6.6529646,1.7074572,2.8526843,14.572748,18.938812,18.460289,14.389326,14.640729,9.014238,0.8427815,-5.0429516,-5.50842,-2.7331262,-4.5014396,-8.342885,-16.625807,-20.399015,-7.8827786,-4.1854854,-3.8028703,-4.675249,-3.4612997,0.11780715,-1.7376888,-7.3481255,-3.273686,-0.5891921,-7.4965205,-10.128107,-15.254311,-12.0421715,-4.712885,-3.2609792,-5.240322,-6.3556337,-10.61591,-7.0362988,-5.5184345,-3.4053435,-1.580639,-3.2730937,-4.7397795,-4.236641,-3.8415349,-5.996616,-6.923406,-3.416214,-7.0678787,-10.670393,-7.0864925,-8.668489,-12.848784,-10.858518,-10.668595,-11.836458,-15.9078665,-16.715538,-20.283863,-20.893848,-15.594026,-14.138994,-12.308935,-6.895872,-1.9542818,-1.0070485,-0.236485,5.339205,5.0505714,1.8679204,-0.72462904,-0.33795214,0.3529091,3.0843132,5.4961233,6.188137,8.385668,11.524649,4.5747843,-0.3882656,-4.050266,-0.74914336,5.1617856,4.500401,10.736532,12.828083,10.494312,6.569132,9.947114,6.7032495,5.237831,7.912116,16.380985,10.327055,16.335243,20.20847,20.097084,24.115969,22.964088,21.57127,13.903391,2.071072,-7.2997103,-3.998104,4.5587234,-4.6580777,-3.7630134,6.8969965,13.828622,13.455471,15.0865345,11.804758,9.230209,10.03553,15.716485,12.613314,10.095474,10.317278,3.617844,-1.9883987,-0.62496877,-0.1090408,-5.675408,-12.19113,-13.402973,-10.270617,-13.034328,-6.7567687,2.7755454,6.4699965,8.518642,9.393589,10.136855,11.339848,16.00912,16.511864,18.331774,19.430798,13.819167,11.444981,5.478983,8.002459,8.878422,3.7980118,3.8766172,10.736202,17.284208,19.475595,20.718372,20.748192,18.107038,12.110532,8.268705,9.647134,10.450692,8.6913395,7.864481,10.322447,12.296202,13.6266985,12.830151,15.097225,13.274172,14.317294,15.498965,8.8906975,-0.102202445,-10.812464,-17.62089,-13.173758,-16.007668,-22.140722,-26.138535,-22.572441,-19.058542,-22.734776,-12.580103,-8.408413,-2.7698748,0.21568169,3.8904996,9.910082,10.346155,14.510074,11.631417,6.3651953,10.873452,14.04211,10.673189,1.9034644,-9.543443,-11.826954,-10.542605,-6.9642863,-5.010974,-6.016957,-8.484289,-12.259478,5.581163,12.339046,13.109948,17.386808,17.335888,8.938873,5.0976353,-2.3315594,-1.9650322,-4.6889887,-7.6480556,-11.441832,-7.899123,-6.2364874,-10.742471,-4.1754107,-1.2748088,-3.327416,-4.394382,-1.9834422,-5.772967,-8.036584,-7.1629004,-5.5717025,-9.60346,-14.532852,-9.426077,-7.3146253,-14.107609,-13.265333,-12.259999,-13.6755495,-15.48246,-6.617281,-5.8737764,-6.126655,-4.699094,-1.0713,-0.4474656,-2.5146031,1.2928668,1.13891,-0.8209686,-5.984432,-3.89919,-6.339341,-7.3928623,-2.4906533,-2.049744,-5.57284,-9.2383,-7.197756,-8.007431,-10.1277485,-8.47378,-3.0976088,-7.8708053,-12.698505,-16.20504,-9.443713,-5.1929445,-6.657168,-7.1563625,-10.929981,-10.526977,-9.369341,-13.751438,-14.973438,-11.298174,-10.479307,-12.838149,-7.2773066,-3.6814616,-2.8850498,-7.97241,-7.8279905,-8.898306,-10.46451,-11.015713,-5.0569324,-1.1507618,-6.502045,-7.7655425,-8.016467,-2.8027067,-5.309033,-5.5185604,-5.2478733,-9.107723,-15.344002,-17.951908,-16.537832,-15.20204,-14.98583,-14.672191,-9.751432,-5.469586,-2.2982807,-2.581974,-5.467121,-6.0750523,-3.284313,-9.267245,-8.883801,-8.044534,-8.745077,-10.206177,-9.63312,-4.336345,-4.1247873,0.15288198,0.29211307,-2.2440653,-6.0292273,-9.113593,-9.46012,-7.787839,-8.74276,-9.416857,-5.119751,-4.267259,-0.13240492,3.7335644,-1.4293721,-1.6115067,-2.924773,-2.0432289,-1.9860715,-5.209046,-6.0905375,0.5470748,-2.3229332,-3.6608944,-4.0785627,-5.9149265,-8.246805,-3.1486506,-4.0386786,-0.07780571,1.3782574,3.1437128,-3.6658344,-4.9992204,-3.657358,-5.1082363,-4.12321,-6.3782578,-6.1825967,-9.43516,-8.673712,-4.7200155,-9.623228,-8.328515,-6.37239,-9.640217,-13.424496,-13.736343,-11.69529,-4.0982685,0.29427576,3.4870734,3.1412344,-2.3842978,-1.0509707,-2.1541958,-12.480509,-13.266634,-9.367174,-7.411341,-9.165429,-11.776846,-11.9212475,-3.685584,-3.9059272,-5.25286,-3.4293804,-3.7875047,-4.0416517,-5.6260014,-3.2942636,-6.3188868,-6.343112,-3.21127,-0.85897493,-6.1749954,-6.0284066,-3.1771004,-4.1483784,-2.7790847,-5.558503,-8.1056385,-6.042612,-5.2173777,-3.4989648,1.0484247,3.3767476,3.097764,2.509345,0.5958618,-0.17793831,-5.6063666,-9.843648,-7.323145,-7.2733536,-6.7752156,-8.987143,-9.947158,-11.155576,-12.445862,-6.8122997,-2.6561246,-2.4278607,-5.460883,-10.593372,-12.152273,-9.190517,-6.264056,-6.563586,-3.7401245,-6.3336434,-6.221362,-5.7079883,-9.06582,-11.199429,-12.947279,-10.467641,-9.504855,-2.0045333,1.1718687,-1.0274912,-0.34519684,-5.8809705,-9.089199,0.763011,4.475398,2.7978036,-2.9716916,1.3528851,-3.8489444,-12.644705,-10.09977,-7.4149523,-7.87185,-9.631512,-9.581581,-6.5995693,-2.8987174,1.0924579,3.6930041,3.8417487,-3.0775614,-8.145842,-5.5523667,-9.906317,-10.597474,-3.9345086,-6.2242365,0.32058728,0.8092134,-1.3444449,-2.7090006,-4.6514874,-5.9482183,-5.9297643,-5.099148,-6.2843313,-1.7854295,-4.0670457,-1.5907772,-4.917469,-15.24345,-6.7706394,-3.3431659,-8.300215,-8.252999,-7.8702126,-10.5276375,-9.615644,-6.852053,-4.640797,-6.0395823,-8.180178,-6.185377,-10.120507,-15.197923,-14.190113,-12.091243,-11.467622,-11.468674,-14.573359,-12.867778,-9.226158,-2.4227612,3.0164537,2.4894035,2.889913,-4.692863,-11.930048,-10.290413,-9.982531,-7.1316285,-10.276595,-12.469286,-10.820435,-13.446444,-7.913361,-4.7490187,-0.41774195,-7.905789,-9.3820715,-2.2307377,-8.668108,-7.557622,-7.410595,-9.897969,-11.273478,-12.696299,-11.696628,-11.898487,-7.6451254,-8.348614,-4.1012754,-5.4920034,-3.7630606,-5.5722866,-8.008868,-11.503063,-9.76046,-6.614955,-7.621416,-10.229782,-9.202024,-1.5561196,-0.46500707,-4.3371134,-12.333164,-11.450172,-9.372388,-12.354958,-13.952127,-13.95113,-9.0016165,-0.62040544,4.558238,-2.3840158,-8.853983,-8.387091,-12.468704,-10.788038,-10.224923,-8.79538,-14.207112,-13.931553,-11.112701,-9.390723,-8.495009,-5.0005026,-3.4978743,-6.583511,-6.242961,-5.8417244,-5.468604,-1.2760482,-3.7316308,-3.9131622,-5.484974,-2.8416312,4.648385,2.2965615,-6.8949347,-11.342209,-7.5043335,-7.718876,-9.659445,-9.81098,-10.127846,-8.85428,-14.077114,-9.259171,-5.374777,-8.766479,-8.250111,-10.889804,-9.5877905,-9.094358,-4.8990297,-2.7396884,-3.8025022,-5.1667066,-3.7852314,-4.667043,2.2691002,1.5098326,-2.1633055,-9.916177,-10.201914,-11.031104,-6.996544,-5.951067,-3.512943,-7.1782937,-9.843481,-7.7106466,-4.464526,-2.6758142,-4.6663923,-5.088109,-0.5363351,1.77667,-5.649041,-6.809017,-7.218297,-5.015491,-7.284257,-7.5051584,-2.2563746,3.2155023,-1.1542023,-5.657111,-4.65634,-4.468636,-3.5189536,0.53297895,0.88949466,-0.70588267,-1.1493826,-0.38500655,-0.8899659,0.089583516,-0.7289307,-2.4849613,-2.7328868,-3.6356764,-1.6514928,-3.431703,-6.055135,-0.41687155,0.013586402,-3.696831,-6.071357,-3.9008322,-0.27827728,3.1932797,1.7753658,-3.6890736,-8.525753,-10.843924,-6.4732285,-7.488796,-4.9861693,-4.3624,-4.1480722,-6.058723,-5.153184,-2.3296838,0.49424717,-0.67274606,4.7681313,3.993936,-0.80706716,-1.8426523,-0.9505186,-1.0973423,-2.0895555,-0.43427902,-3.51393,-7.510826,-4.6594725,-6.462249,-10.676259,-3.422385,0.494184,1.7171433,2.2647471,2.0352645,5.998758,13.109558,12.725561,7.8387976,10.653284,9.625679,12.795486,15.872825,16.76718,16.886843,15.606301,15.33385,13.546656,15.964393,18.5164,14.669521,10.685627,7.255704,7.0684376,2.3262157,2.749785,-2.0534508,-6.097328,-4.441881,-3.1610909,-2.2376773,-0.14574493,6.055732,1.0091525,-4.339199,-2.6469822,-3.7601948,-14.128433,-17.886433,-19.9777,-20.474846,-19.068346,-16.58658,-16.377731,-10.611111,-5.2303467,-3.7370973,-0.23989445,5.0632067,6.330188,3.9789271,2.849948,0.31606436,5.6234365,2.623549,0.88590026,-5.629161,-21.3241,-23.041676,-22.933548,-20.373833,-20.221882,-22.386143,-25.993319,-26.052958,-29.359058,-28.443344,-24.025917,-26.502586,-25.810478,-28.928272,-30.87295,-30.621872,-23.827717,-19.53238,-20.728615,-29.11214,-25.637348,-22.900799,-25.227879,-18.372116,-10.441889,-17.918278,-11.485254,-2.737258,2.6249235,11.35343,19.899305,27.344027,28.093887,32.15565,30.72676,24.595219,24.849625,20.96013,18.66961,14.58317,13.078428,11.388135,7.4024696,10.2954445,3.9135504,-4.167934,-5.2890444,1.0925708,5.7956333,0.73006296,0.9986312,3.966445,5.6781654,4.1550007,10.187197,5.7329974,7.8281145,12.67239,8.182067,3.1563392,1.0740793,-3.938223,-2.849389,5.590205,7.769127,10.441668,7.557043,10.433537,9.477127,9.8131695,13.85545,13.8488035,15.513194,15.05615,15.189999,16.661242,14.968725,9.998981,5.5463867,0.87147677,4.2771635,7.6597624,20.45202,24.490158,21.926943,20.908018,14.745652,7.8322744,-0.010245025,-0.19406453,4.5779448,8.377839,4.45625,-3.9278219,-6.6868224,-2.9960773,-3.0856216,-4.069599,-6.629267,-6.011862,-8.306267,-6.407509,-6.4183245,-2.6813552,6.9128513,13.304961,14.184353,14.570755,15.432642,18.605667,19.96374,17.935745,14.396484,10.911341,12.972222,13.945625,17.11948,12.734654,8.656546,8.165539,7.747094,11.452589,11.311673,12.6359625,12.945823,17.22871,11.332506,4.7716603,10.692255,18.033335,22.414528,24.070393,23.190691,22.14383,23.180443,23.028736,9.671276,-1.8940947,-9.192794,-3.1862946,3.1414323,2.4663022,2.0647616,6.02698,2.5952256,3.204621,10.272661,8.170353,4.654031,0.47648934,2.3070698,12.029775,11.758207,9.587408,8.923421,11.992607,5.6325126,6.093711,8.374819,8.082082,9.758722,10.921534,9.889229,10.998774,8.477058,0.99883044,-0.5092435,1.2158334,9.200525,11.362603,6.506302,7.082713,1.4998603,6.213265,10.243446,6.7663054,3.1862843,1.4317706,1.2965295,3.870783,2.0957184,0.02677244,3.4944048,5.7043834,14.72916,10.171078,15.953117,16.014408,10.614887,11.956795,15.265881,13.728323,12.295492,7.571489,9.339329,5.294588,2.2442758,2.8567243,2.1723347,-3.1220653,0.15870833,9.189635,10.424268,17.989609,17.20409,9.393278,7.1663046,8.614014,8.8030405,8.415953,5.1921377,4.674508,8.914316,10.804106,6.568098,9.5291195,8.419723,3.8481631,-2.2392094,-1.5700176,2.271489,11.104148,13.557148,17.357342,15.486788,14.806829,13.948903,14.914305,15.848203,16.332912,14.299291,18.673397,19.443565,17.127674,14.546293,11.7549305,12.138445,13.649542,3.9408798,4.486152,9.57303,14.315866,2.8701224,-9.286516,-7.1202025,0.1901992,2.0400534,0.76455563,9.182744,15.529177,13.336093,18.524162,20.399986,16.740387,17.21246,16.164186,19.66647,22.656857,15.532159,13.766913,17.91077,18.13224,18.064568,21.833813,24.45496,26.287968,26.549032,26.265038,21.149715,21.73138,17.287546,6.5274773,1.1632936,8.346308,11.311468,8.904347,4.544282,6.9284577,9.264097,8.204,7.627578,4.6192155,7.760503,6.372074,5.1107345,3.3207777,7.3202634,9.562027,12.756374,19.800617,24.31869,24.497375,26.1195,23.281548,14.785776,5.7855864,-2.1434164,-4.360296,-6.921186,-13.144806,-15.670633,-17.584341,-15.564898,-15.843744,-19.890116,-14.830578,-8.064845,-3.6803946,1.6228844,5.632475,11.153643,6.100787,4.6194744,6.894845,7.802759,10.60102,3.729825,1.1868372,-4.7631607,-3.4258382,-3.408932,-4.4349174,-2.9059138,1.566309,0.47004318,-1.4083614,1.999537,-0.34524274,7.3887525,9.334956,3.6362152,1.5605901,1.9529845,-1.0200877,-6.4830914,-9.286434,-10.5648155,-8.44426,-11.635556,-14.91473,-7.6103516,-5.6087112,-6.677696,-1.8167186,-6.012457,-2.5559125,1.0616896,5.1428895,5.837554,10.376291,11.166606,17.626865,22.270535,18.15459,19.753418,13.9277115,7.979808,9.314501,12.855258,13.191614,22.06161,21.084435,19.998894,15.729285,10.631727,11.608272,8.081604,4.0034513,8.126764,8.595618,7.471554,1.2252209,-0.7439657,-2.6620874,-1.7050482,-3.6729755,-6.799468,-5.4523497,-1.2368584,-1.7052552,-1.8734156,-0.52078867,-0.805973,-12.2968,-15.03748,-14.608248,-15.142353,-13.211998,-15.612855,-10.763573,-11.965691,-12.420647,-17.18989,-18.794373,-18.291176,-16.436937,-15.13904,-14.150246,-16.847889,-21.71556,-28.691257,-19.15821,-14.801533,-19.939056,-23.559177,-25.035704,-24.205162,-18.105331,-18.31151,-23.92562,-27.852776,-22.893501,-21.028954,-18.214506,-19.17111,-21.391489,-12.884265,-12.905878,-14.620438,-12.709751,-9.043705,-5.2734127,-0.3478314,-1.2149068,0.2909173,8.54491,18.87106,21.600697,15.2059,12.434475,8.624042,2.2542963,-2.9283752,-0.6172482,-2.9945452,-6.9959593,-12.631542,-13.390351,-6.886919,-0.7642603,-1.3710037,0.7004124,-7.2682066,-5.9774504,-2.7597694,1.2372861,6.6423607,9.841612,11.111774,12.737348,18.157415,13.605242,14.288202,21.72039,19.650242,19.306356,15.829092,19.768887,23.07328,18.135983,17.63272,22.98687,19.857998,14.761289,12.957244,8.175964,3.7856002,3.871874,9.853615,11.705259,7.1713037,3.3662481,4.7171926,5.7071533,5.973797,11.119565,20.831211,25.734913,20.95829,11.695912,0.30442855,-3.0443397,-4.373651,-3.688686,-1.2013617,-1.269622,-0.75219977,6.219222,5.279384,-2.6818986,-0.35362506,1.6357714,5.000067,4.609914,7.846806,9.237883,7.855048,7.056613,9.54982,9.197147,6.3514657,6.0713024,11.170677,18.44508,18.151455,13.046085,10.910846,10.226511,9.195513,9.021942,6.3041873,11.3031,17.454674,11.62716,9.3019,10.646488,3.6041527,2.474547,5.43081,17.73177,22.62701,27.754478,22.893728,21.287226,19.556763,17.476631,18.589846,21.03805,12.555031,7.9938912,4.6874514,0.77014,-3.9703488,-6.362815,3.0321817,6.557316,10.240522,7.8101435,-1.0705001,-3.2160525,-1.1913807,4.902019,17.184729,25.181713,24.864464,18.999638,14.53744,12.614887,15.272091,15.437538,15.347939,15.616039,16.39739,11.6179695,6.854621,8.078415,10.469869,16.37595,8.580995,11.654138,17.90872,14.561039,9.143817,0.87903464,-5.786445,-9.098018,-6.343971,1.4005123,6.582471,4.9411716,3.5727441,6.6689196,10.377463,10.319218,9.082403,10.259003,16.638138,12.650762,9.465227,9.612743,7.117534,10.180422,8.422153,6.1460195,13.372247,8.895041,3.7678645,-1.3676654,1.7717894,2.7198732,-2.066918,6.752417,11.513042,16.160326,17.17657,15.887304,11.5089855,7.0327096,8.115817,14.852163,12.721768,13.643202,10.6227,7.123583,8.647921,7.368281,5.466781,3.7299724,4.428602,1.7312553,-0.7093305,9.050859,13.476248,7.1574473,2.9460046,6.834836,9.247931,12.552683,10.64113,10.554403,18.184628,14.164739,14.214886,16.74378,17.895714,18.181631,8.66703,-3.1241608,0.5832789,13.019715,16.70538,9.4210415,1.7244427,-3.3816462,-5.5993223,-4.371106,-4.278156,-5.5903177,-2.302552,2.3038049,5.5609026,8.73346,5.5852,10.317028,12.828786,15.504534,19.143738,14.882031,9.557903,10.269687,8.845717,4.8695946,5.65204,6.7126994,11.029552,13.732193,11.4390335,10.33185,11.378078,9.790779,5.5753427,8.120854,15.009901,14.665773,8.590879,0.59675246,2.6895268,5.366578,5.8738155,8.276281,5.9646206,3.2200706,5.6857285,7.1508675,4.3144956,3.9830894,6.6595974,11.428928,13.437078,19.015072,19.906132,18.811638,23.151785,19.772804,21.703466,12.748967,1.93712,1.5205829,-3.911347,-7.127407,-5.24201,-11.8445835,-15.548214,-15.466326,-14.327138,-15.75339,-6.76001,0.09388834,3.2118728,3.4532747,-2.8212166,0.36869812,7.498748,6.4527445,3.5224652,2.0134048,7.964748,9.194616,1.8986638,-5.67443,-8.105353,-10.452095,-5.761842,-0.41926736,2.002896,-4.4473534,-3.9666574,-0.35440218,6.5448914,9.191389,5.7427845,4.1738863,-3.5373406,-4.57238,-6.9195786,-11.249522,-8.5856695,-3.3500566,-5.1322536,-4.2806425,-5.9914536,-6.0465765,-8.961567,-2.1777108,4.5684867,-1.2874793,-6.845886,-3.5029502,0.7852291,0.35460007,9.096721,17.680286,14.209197,13.323781,11.534556,13.435396,15.564223,16.122053,16.289364,14.767067,18.458355,22.294569,15.753879,21.618595,19.038769,20.467768,18.948643,15.890225,9.334948,5.1333103,2.7014022,2.2021027,2.7508419,-2.282679,-7.3637247,-6.458518,-4.6111526,-3.0587916,-4.11574,-4.9599495,-5.893587,-3.4347167,-8.071394,-9.242865,-8.093738,-16.078806,-12.470048,-13.847306,-16.77327,-15.502447,-12.194133,-7.589515,-9.808842,-12.147412,-5.160961,-4.51503,-0.59203696,-0.43545508,-0.7742673,-8.932897,-20.66148,-19.109745,-20.697794,-23.837875,-21.463951,-24.456173,-24.964134,-19.174797,-12.734863,-14.0791,-19.23677,-15.757233,-14.967789,-21.867134,-21.534128,-14.588041,-10.401514,-12.409661,-12.4175625,-15.600522,-16.830196,-13.541355,-9.244515,2.80729,10.4932575,21.436014,25.754242,26.17467,32.33173,24.657703,17.132896,14.480919,13.311478,13.23246,12.439507,15.829924,13.1736145,10.480228,12.614261,4.7528973,-0.8950328,3.8866906,-1.3032618,-3.8856783,4.619529,11.629097,11.195112,7.985993,10.354292,10.952248,10.856973,12.493126,14.337765,16.083805,17.530338,19.554918,22.17555,19.6902,22.658379,23.135971,23.205074,21.19833,21.454975,16.763046,18.245485,19.379328,19.196856,14.695072,15.614686,11.303437,6.6768007,2.488796,6.3616114,9.509331,14.440046,24.046162,28.452173,27.204155,14.297358,6.3264704,3.288262,0.49157494,1.4861754,9.179467,11.3496685,11.452671,10.002907,7.6994095,9.481714,16.578789,9.716279,2.4844215,-3.6041594,-2.020533,-3.1173134,-1.0023676,4.466892,5.61701,5.9740734,12.939423,15.235285,15.31724,10.513148,12.544273,11.963083,-1.0467563,-4.838318,0.38118124,4.759756,3.8678312,3.9890828,9.723034,6.374295,1.5047277,3.8786666,4.054164,4.768529,9.139292,10.276375,14.688646,18.325022,12.697754,17.84631,20.61819,19.032444,17.979301,20.376812,19.847382,13.308489,12.187799,7.706151,-2.3912597,-7.046743,-2.3903086,-3.8122866,-1.4114902,0.95570517,-0.7737132,-1.1138718,0.18992905,-0.67590165,2.8413134,9.009793,8.012606,8.164035,15.806174,16.028187,13.127491,12.76318,10.389972,8.819185,7.9474707,7.4383736,7.358298,8.233544,4.8132496,7.962697,7.7577305,2.381089,8.995235,4.2278175,6.0608416,1.1387045,1.0234872,2.9145877,-1.7311245,-3.0877056,-1.709846,-2.222788,0.45469236,0.19695234,-1.0653664,1.9569752,8.972944,9.988974,10.578655,12.255013,12.024385,7.971217,11.283721,10.984787,6.9139,7.3710117,7.405466,-1.8202366,-2.3674405,3.2118807,7.420655,3.6664233,-4.088682,-2.6347466,8.480812,8.640194,13.927988,14.101321,11.167326,12.888049,11.782747,14.196207,11.129396,11.386045,16.342745,9.528201,5.211793,3.4355109,4.01746,-1.5118049,-0.5732151,5.5551567,2.5765278,0.78853,4.2717705,9.659436,11.723789,12.831328,17.434128,16.988434,17.374218,24.923399,13.415012,9.740514,12.027376,16.84114,12.52625,12.2879715,8.993797,9.058793,5.8989115,3.9573855,3.5483015,6.250243,15.382869,14.491146,4.4278245,-3.2331605,-5.752678,-4.798649,-2.092248,-2.1301646,3.5967546,5.75617,7.76394,9.657082,7.506798,1.8410068,4.4983435,9.726021,15.382269,12.541262,7.7169485,13.368252,9.204388,4.054767,5.1308146,9.160441,14.206464,12.562393,11.328746,12.538549,14.8644,11.624289,2.8011193,5.176429,13.074339,13.467139,5.5051613,0.2793982,0.24387503,4.2303495,7.2075663,-0.39958513,0.94213504,5.616203,13.184565,7.5523577,7.2782226,4.4070263,10.608612,11.1201515,8.8670225,13.445839,22.254375,24.132343,22.287508,15.519917,11.740805,13.586174,9.8602495,5.273066,-1.9806381,-5.8211074,-6.809333,-11.673065,-17.37099,-9.153915,-0.3511647,0.7336538,2.1252937,-3.4289217,4.278242,9.295212,8.94342,5.6865215,3.3084583,5.051386,6.3876715,2.5747602,1.5473747,-1.2885497,-1.190792,1.9444017,-1.1378497,-0.36041442,-3.2299733,-5.3664584,-3.0439506,3.773766,2.239399,-4.5838814,-3.496873,-3.4729667,-1.9550004,-2.0520916,-1.3013594,-0.9918945,-4.16665,-5.638348,-4.2382393,-6.0920153,-1.5882645,-0.9963572,-4.2241564,-3.3772717,-2.5567331,-5.075278,-2.8581104,-1.9335732,3.277202,4.9362235,13.974587,21.899271,22.627743,16.460217,17.385653,19.239592,22.648203,21.13456,22.4104,13.678766,9.852461,13.20984,18.143734,20.335075,15.513369,14.769556,21.240072,19.905823,15.132717,7.9583206,7.8467283,11.873953,9.611893,2.9807706,6.008702,5.8883576,3.671494,0.22815752,-1.1852562,-2.5958085,-2.7178562,0.9719379,2.3511639,0.5510751,-7.503536,-10.8341875,-12.401438,-13.713645,-14.359167,-14.999523,-9.706291,-9.120064,-10.687723,-14.240072,-16.095938,-14.045041,-15.397658,-14.485035,-17.368448,-20.385696,-18.876038,-18.78859,-22.781559,-23.62749,-24.039265,-24.350319,-23.193214,-21.938957,-21.521776,-21.33406,-21.947094,-22.979801,-22.450718,-15.932129,-12.963141,-12.967605,-10.429861,-5.957876,-5.251581,-8.396471,-9.425991,-10.172891,-4.0724583,-1.3134692,11.24505,21.004599,25.042904,28.877003,22.1733,13.950829,9.371092,10.354387,2.3179476,2.505347,0.14001822,-3.4394789,-6.200456,-0.5011445,6.271694,5.0550165,5.0652275,-2.4091806,-5.688346,-4.7050447,-2.9040313,2.7823026,4.3577375,3.7598445,9.109502,13.197349,14.17856,18.38584,17.17205,18.83056,18.182577,20.17107,15.393978,19.077133,22.64835,17.997116,16.656363,16.097866,17.814678,23.295387,19.757038,16.341114,14.231459,11.910795,6.609781,4.9618764,2.497254,3.9930804,6.2095723,7.4478526,12.258345,20.426392,14.494912,6.799842,7.937441,5.078338,-4.508131,-4.056894,-2.204049,-1.2950723,-0.07894766,-2.0472941,-2.9757164,1.6023458,2.1789527,1.9114164,1.4935222,0.79597807,-0.43689144,1.8333659,5.2755523,9.228409,10.547781,8.533099,11.826217,16.002342,19.368322,12.819784,8.483676,7.3394823,4.5380697,7.0673237,10.2575035,8.148346,9.376506,12.648165,8.889009,10.342136,10.369404,6.235982,9.975402,6.4707394,5.9140186,6.197709,7.2338443,10.866947,15.4326,18.102493,12.78881,13.549611,11.407427,11.365547,12.216879,5.073498,5.1666646,5.4508934,7.2282343,1.9067341,0.082758546,2.902214,6.73668,2.2997603,0.5152044,3.2872353,2.164604,-2.1302335,10.565266,17.744492,20.521637,19.479614,15.934829,17.464632,15.611107,11.309484,10.49832,8.533745,4.5560045,6.7801175,5.428112,6.8435698,4.628133,2.6741018,10.460548,18.605927,19.701454,22.286774,13.992889,6.0291348,-1.7543516,-1.6779695,3.1709976,4.7217054,1.5326891,-1.7658615,3.0096598,11.246218,12.002386,18.972878,22.993557,26.692738,19.237247,11.054808,7.1826215,5.743913,6.8191147,3.5675154,5.7489424,6.3887615,7.353717,0.71863365,-0.07806286,4.449994,1.1373007,-4.812396,-5.207984,-3.084749,4.8808384,9.039981,10.465455,10.19521,7.1367292,2.4896474,3.4924612,3.1690779,5.934993,9.380297,6.7321415,5.078758,6.1488676,7.9708433,6.5131874,6.526911,9.569195,15.039142,15.459816,11.265459,8.686892,9.866526,9.178835,8.319908,7.2335033,9.053747,14.360394,15.18107,15.79533,15.629044,17.51576,20.954874,17.930283,15.356223,11.4119625,4.6473556,6.897604,12.1704,6.538542,-1.5599804,-0.2549368,2.1307638,0.2680735,-4.4007483,0.119658574,7.347628,3.3284068,8.612034,8.685036,9.702419,13.720247,18.672215,15.534836,20.072628,21.881876,18.977348,13.3889885,10.166916,5.640768,4.3801155,4.4804482,5.499396,11.257666,10.689285,9.07405,11.409944,7.576251,-1.923087,-2.9039354,-1.2924669,3.1699615,0.4468849,0.36611342,-2.045218,-1.6427548,-3.9971082,-3.5772018,-5.6547594,-10.38522,-11.269188,-11.935665,-6.402632,-2.2096508,0.51540816,-2.8355365,-4.02026,-3.486023,3.0529897,8.853165,9.591705,2.329242,-3.011364,-3.9077682,4.247239,-3.5927835,1.1018795,-4.467235,-8.417007,-11.935596,-12.919207,-12.9840145,-10.492128,-10.226845,-8.253549,-6.108489,-11.947693,-5.2149363,-0.76965475,-3.0149796,-4.884651,-6.483757,-3.9984856,1.349215,4.0239143,3.282495,-0.59824383,2.34583,9.993877,8.503227,6.323356,3.53054,2.2385693,-7.495193,-4.358508,4.282982,3.3676429,1.1699951,4.247137,2.136573,-2.008668,-4.799189,-6.056391,-6.720661,-5.085039,-3.1723695,-1.7341156,-0.7678411,-12.231861,-16.406553,-7.889407,-1.4043131,-2.2299747,-5.171584,-14.251618,-12.009905,-10.176077,-8.519818,-5.626236,-10.582231,-11.651472,-10.615822,-12.70253,-13.999538,-17.428272,-16.360617,-15.539175,-13.1028805,-8.768808,-9.010096,-12.104523,-14.356929,-12.698803,-7.5610595,-1.9717187,3.8778977,0.56130886,-0.5691823,-10.252075,-15.473279,-13.809529,-12.7856865,-10.671381,-8.927358,-7.2087593,-5.5087776,-9.404073,-11.389382,-8.700878,-3.8712173,-1.769644,-6.0304165,-4.690989,-8.703336,-13.609198,-15.670616,-15.94849,-16.82136,-19.060665,-17.764061,-9.065729,-8.869759,-11.75363,-12.5884285,-16.56189,-13.507549,-11.900148,-13.074693,-14.724253,-14.807236,-12.793227,-19.147161,-20.542084,-17.4345,-17.121155,-14.269384,-12.674282,-13.978378,-16.847979,-15.904781,-21.462778,-23.17276,-17.594692,-14.553677,-5.238739,-4.971912,-2.5837488,1.2476187,-2.4618323,-3.3165832,-1.115224,-4.804278,-3.4054656,1.491987,-0.26062155,-0.81572866,-3.1193671,-10.172914,-11.280332,-10.295477,-11.405561,-12.360556,-10.91152,-11.456513,-10.89595,-13.892654,-15.3430805,-11.449534,-8.191959,-5.47943,-13.782698,-16.206459,-9.007405,-4.2778587,-4.453146,-9.442612,-14.32847,-10.339838,-14.325926,-10.456501,-8.384479,-8.0106,-9.784927,-11.657526,-9.766995,-9.702433,-6.685426,-9.403442,-10.912458,-10.184986,-5.3707476,-5.3472548,-3.2966416,-3.7798526,-7.7007647,-3.27842,-3.6163688,-4.8981085,-5.915715,-12.923151,-5.745888,-4.908908,-8.506933,-1.6554496,2.0394936,0.39704067,-0.7419555,1.6526954,3.0518296,-6.261672,-14.451789,-17.176952,-13.015356,-12.739584,-11.549269,-7.6718063,-6.3270416,-4.053857,-7.043618,-9.51519,-12.724821,-16.455976,-12.756128,-13.194445,-11.492244,-8.800282,-7.614622,-3.1466665,-4.961817,-3.6702693,-3.0795586,-1.1469402,-2.7218175,-1.1048491,-3.694786,-5.4749765,-12.188375,-9.7097225,-11.215485,-17.625122,-18.296011,-7.4629707,-1.0541133,-1.979895,-4.8682327,-2.3525705,-11.098234,-5.3838167,-3.7705312,-9.2288685,-12.107245,-9.273445,-5.9080935,-5.1118035,-6.0972567,-3.9613955,-0.35228968,-2.4130135,-5.0909004,-4.997061,-10.833493,-12.877529,-7.961782,-2.1561785,-1.4558144,-3.7184746,-9.030858,-5.192691,-10.089977,-10.6057625,-5.7142572,-10.4081745,-8.281905,-6.261803,-5.6313324,-0.66534805,-1.821302,-3.9565911,-6.2218413,-5.536259,-7.967222,-15.504033,-15.589413,-18.447912,-21.19511,-17.902699,-13.661625,-9.227351,-7.583173,-7.756847,-3.2374835,-1.1740859,-3.6140156,-3.5956824,-4.4518967,-12.127897,-11.062953,-9.906291,-10.80331,-12.321089,-8.502568,-7.0844727,-9.76136,-14.334698,-3.9361,4.5011773,-1.1539514,-5.416686,-3.3569033,-1.2531083,4.1986704,10.574144,17.0797,15.780643,12.298562,4.5329742,1.4769902,2.8441691,8.534854,12.382193,10.764193,11.77817,14.362541,11.52207,13.969774,11.553218,11.807255,13.529116,12.508999,8.068375,4.4535904,7.8897085,12.636063,14.572728,15.726772,17.313316,13.862595,15.688877,16.100273,18.205036,12.254801,9.04158,16.603886,15.691578,11.450946,3.1786816,6.60017,11.689522,11.491601,5.532962,5.2752204,10.407115,6.106697,3.33935,2.5371225,1.6057591,-1.3968931,2.857924,9.585831,12.851241,15.169006,16.991095,16.737547,15.77803,10.8635235,7.6459036,6.273903,9.396208,8.381344,5.217392,7.138118,7.7092204,6.230089,2.1019955,5.6298523,10.208158,7.9799933,5.6673474,1.1654758,1.6564194,3.9842587,4.330789,-1.346112,-0.04544151,4.950611,4.107437,3.4097161,-1.7494254,-0.06968057,1.858814,-0.43214792,-3.0335336,-2.0853477,-4.165164,-4.915074,-4.2847877,-4.064782,1.3545747,0.45465863,0.45416573,2.359619,-4.1901455,-8.8213,-7.8380527,-8.381041,-7.156849,-7.028569,-4.7383246,-1.5376318,1.522696,3.7524076,5.9412613,3.1942616,-0.79815465,-2.784844,-0.33676934,-0.2667205,1.1532143,2.9714437,3.0329175,1.8690758,2.3450177,4.9889135,3.1142929,-2.7725167,-5.0922337,-4.229509,-1.9416451,-7.632408,-7.6700144,-5.1477995,-4.684157,-1.7658123,-8.96498,-11.046126,-10.719633,-3.7780519,0.9573317,2.0632792,1.3559929,0.5161663,-2.0467045,3.3951912,3.950275,5.769055,11.264038,7.38148,5.59459,4.3432665,1.0564365,0.39240962,3.3477147,1.337461,-0.04814913,-2.4668999,-4.517499,0.15888722,1.0109383,-2.904363,-1.8135471,-4.9164457,-2.3622737,0.04714656,8.440545,11.438168,8.107405,9.639736,10.256809,11.018819,7.298587,10.802286,12.2380085,19.316927,22.95671,17.447037,12.708715,11.393291,9.353757,6.611478,4.2550516,6.5835905,12.046759,12.709368,11.058997,8.43466,7.920723,10.500722,17.6251,24.560799,19.250355,15.505792,15.843623,17.047636,18.42461,23.531229,14.75841,7.3647404,7.5105286,4.250209,5.1636972,9.624089,6.8773613,6.6787987,6.7979403,4.4812565,4.614333,2.509234,0.09694204,-0.78506047,-2.1837366,-0.19791712,1.2462873,-0.98409647,3.0127842,11.399565,13.114174,16.26288,15.944853,23.159447,26.013226,25.593203,28.106146,27.944706,23.142862,21.606241,17.052198,14.204611,18.709465,14.666775,13.652008,13.310249,14.836567,18.02574,17.18938,19.234518,19.344685,20.679258,24.2468,20.428505,16.447945,7.574383,-0.01705572,5.3688126,2.7379358,-4.421724,-11.016514,-8.926646,-2.3809593,-3.430628,-3.7162561,-1.5703678,0.7524273,4.2024083,6.1851234,4.145587,4.532505,-2.238142,-9.057694,-11.932747,-10.445393,-10.359375,-12.54355,-12.850927,-14.98395,-16.105099,-16.120438,-14.19725,-10.576878,-8.265387,-14.429606,-14.451299,-5.5067687,-2.1421268,-6.346776,-5.5242224,0.8642037,-7.8630166,-4.530408,-4.0728674,-7.3004475,-0.432418,-2.9290774,-4.6959167,-5.2658587,-6.4634066,-3.9354763,-6.795252,-4.052648,-4.0673895,-6.8901067,-0.0041107833,-0.29637158,-0.662611,-0.14993787,-1.0230854,-4.2833467,-5.3771205,-4.717826,-3.184006,-1.9034268,0.047828138,-3.3447604,-7.964964,-9.853698,-14.17533,-5.270225,-5.856451,-10.158953,-4.365213,-4.6375513,-4.027132,-9.654713,-6.2923155,-4.136584,-10.064237,-9.346864,-6.7961946,-2.5751638,-9.183285,-5.9225087,-3.0331316,-1.7921124,-1.599829,-1.19646,2.4287782,0.3200606,-1.3421929,-0.56545293,1.8326604,-0.60931176,-1.16919,-4.0515532,-9.719159,-5.0016828,1.1326239,-2.4157534,0.092146695,-1.6271418,-7.0802336,0.76316917,3.7953866,-9.658213,-9.558826,-0.9056785,-4.305496,-1.8584145,-1.1653899,-5.5557327,-6.988143,-7.3756475,-7.2571936,-6.056049,-3.1797152,-4.1896377,-11.678133,-20.036652,-14.764263,-12.627783,-13.9010105,-12.327287,-17.501125,-17.8562,-14.75004,-16.365494,-6.770677,-1.6279898,-9.44413,-18.296751,-8.464887,-6.23978,-4.915518,-5.913505,-11.907221,-12.902243,-10.059305,-9.978336,-8.61484,-12.597293,-14.608181,-14.376388,-14.506788,-12.460339,-12.304979,-10.036783,-8.643395,-4.464733,-3.3639815,-6.456462,-7.93622,-11.124546,-13.353329,-16.285725,-14.532566,-11.304474,-8.218906,-6.7463393,-6.49102,-7.9308114,-11.8183975,-11.913265,-10.69392,-12.736267,-16.220665,-15.63785,-12.363893,-7.882505,-9.022392,-9.992947,-9.944225,-4.034892,-4.788766,-10.833263,-13.3141365,-15.959993,-13.111469,-11.502783,-3.4676812,-0.37132967,-1.8390906,-2.8043456,-2.2279937,-1.5276573,-2.276363,-4.8067083,-4.6020555,-6.2974324,-6.8581247,-11.016548,-11.306917,-12.753075,-12.535303,-11.545018,-12.967533,-10.324721,-11.615774,-11.144978,-6.612809,-2.0583634,-0.3926618,-1.7998059,-7.9126873,-5.999995,-1.8617585,-3.7309773,-5.9595356,-8.238363,-8.842427,-9.302055,-9.562435,-7.1061034,-8.652351,-8.982006,-6.4483852,-3.6267729,-3.4011629,-6.392277,0.10398522,2.9123712,-6.7839875,-4.9324336,-5.9347,-10.3971615,-7.0688066,-1.3008783,-0.9083975,-6.6012106,-13.607218,-16.563797,-10.190788,-4.7851796,-2.0287938,-5.0738077,-7.591579,-2.9554448,-0.4923119,0.4020628,-3.2209334,-3.621418,-2.1280417,1.4949872,0.8059417,-1.129783,-5.96544,-9.862026,-5.8689404,-2.2032442,-0.06548163,-5.34134,-12.328934,-17.729,-13.468321,-9.496593,-2.4965527,-4.6700583,-6.15691,-10.143938,-10.105227,-6.9279757,-4.551886,-8.255527,-13.425962,-14.27019,-12.099286,-14.831394,-10.187199,-3.9334722,-8.189869,-11.433667,-12.462922,-7.1736646,-0.9946063,0.13335013,-0.8756517,-3.1869435,-6.397011,-3.9108536,1.7267923,-0.44882026,-1.2499256,-4.8618546,-5.013076,-8.480571,-11.53509,-11.020698,-12.233473,-8.080799,-6.44874,-8.424593,-6.999872,-9.76784,-14.071873,-14.454091,-15.44924,-12.265455,-10.559255,-10.383928,-8.027792,-7.1219134,-10.598111,-4.7837906,3.6064858,1.2142744,3.5374732,-2.2808957,-11.297792,-13.584833,-12.225633,-16.591705,-15.1029825,-14.785122,-17.067104,-6.061094,-4.527981,-8.757,-9.58359,-12.297101,-13.107332,-7.8402376,-5.0569954,-5.954035,-7.744488,-2.8954198,-5.165577,-2.8629436,-1.3703042,-2.3136578,0.38567984,-1.2137096,0.20905691,1.4878653,-1.2727426,-7.309345,-7.632678,-6.378929,-7.088031,-3.5321846,-2.638291,-3.1798768,1.235261,-6.670435,-5.2714386,-1.7527003,-3.7416217,-9.275211,-10.030572,-10.486441,-3.5618443,0.42709106,-1.1328797,-4.066212,-4.3575325,-6.993725,-4.099979,-3.4070792,-8.466942,-11.031448,-9.833587,-8.759932,-10.535439,-6.9828377,-7.164482,-7.491022,-5.650836,-6.0477076,-7.2873545,-9.551759,-7.0875373,-9.046488,-12.16316,-9.042053,-1.0005174,-0.6945753,-4.950328,-9.256574,-10.05081,-4.19518,-1.8448162,-3.027812,-5.9172077,-5.3542366,-4.9257193,-7.0715275,-6.429412,-11.286467,-18.241276,-15.454784,-9.268368,-6.0965385,-3.348589,-1.2505945,-3.9505665,-3.887299,-2.1077313,-5.499403,-9.768197,-5.7252145,2.952249,4.472705,-0.73816794,-5.5583215,-8.006774,-5.7061586,-4.4406104,-5.1903563,-6.4900007,-10.190295,-7.836574,-5.809554,-4.361905,-9.496503,-4.361587,2.7260365,-2.7016673,-7.6455617,-9.233009,-3.63631,3.2714052,1.7666519,-7.4481087,-6.1866775,-4.2639365,-5.245664,-12.8176775,-13.896332,-16.525253,-16.413532,-12.1603365,-13.326565,-14.346172,-14.559612,-11.857983,-11.455687,-14.561862,-19.658539,-18.197968,-11.863955,-7.736834,-11.247204,-7.811863,-4.3117614,-8.4156275,-15.835998,-18.313595,-17.231823,-15.232105,-7.6514406,-10.294645,-12.116205,-10.81768,-11.186726,-4.8868537,-7.4378343,-11.942211,-6.4526362,-5.712021,-12.906851,-14.051277,-21.192162,-19.455547,-17.431206,-22.664091,-11.714968,-11.94286,-12.603764,-10.082648,-10.155327,-13.433142,-20.466988,-19.230406,-14.1122265,-13.476142,-13.54266,-10.609827,-10.6339245,-12.247942,-14.493388,-9.725588,-6.5553365,-5.121282,-6.5618305,-4.377195,-8.81582,-8.732564,-5.257294,-14.6326065,-14.153419,-8.1133,-5.072327,0.7609731,3.4505136,2.650522,5.969875,2.8469565,-1.4597372,4.036144,-0.700553,-5.673849,-2.5672083,-2.2507463,-7.2805,-8.191687,-12.836002,-12.192918,-6.4760146,-11.265478,-12.77719,-9.48857,-7.3898067,-5.941119,-10.608463,-21.899624,-23.540874,-17.036386,-13.691425,-15.760426,-14.581454,-11.201454,-9.349376,-8.682219,0.06346285,3.5666037,-2.2295954,2.3236327,1.9340411,-2.7095137,-1.6109855,-5.7174053,-5.2385426,-6.5341263,-11.990889,-18.43343,-22.091217,-15.385578,-5.4227552,-1.7963963,-1.9121944,-5.260725,-11.22714,-10.397882,-5.304427,-0.08964372,1.4374382,-0.87346756,-2.7336679,-12.352911,-5.950033,-0.65831554,-3.676125,-1.9558629,-0.11665225,1.551778,3.9141402,6.9413676,2.8457508,2.236798,1.4236147,1.210044,-1.198966,-4.7736278,-0.23784667,7.5060062,7.665797,11.636642,11.662491,14.835472,15.497337,18.584846,20.332561,16.571663,13.670422,12.388887,10.602005,5.877206,0.3004222,4.581664,4.7305727,5.9644146,6.7545085,7.939207,9.761728,13.871339,14.273488,11.578074,9.253216,7.433375,6.5854197,6.108906,4.5513296,7.039979,11.37367,13.1626835,16.227318,15.190763,18.691017,15.296339,14.214065,13.124832,10.36967,11.175459,13.116896,13.106334,8.105608,14.272513,13.344586,12.239044,12.030685,10.749101,7.712756,7.2073936,4.0042477,8.70559,5.624153,0.8516834,2.7358603,6.334785,8.092599,10.428228,11.873745,5.6051254,0.18210292,0.42690742,-2.779232,-0.4429649,1.1091734,-0.7901186,-3.056536,-0.24604487,3.756003,-0.50383925,0.022636533,4.542317,-2.439179,-8.545761,-8.843954,-7.556617,-11.610396,-8.353308,-6.576109,-4.120092,-7.3564057,-10.330785,-8.723909,-4.5891857,-7.63029,-5.928136,-6.354624,0.25191784,2.6585445,-4.304368,-3.1023376,0.5165268,-1.1820908,-6.1747174,-9.596763,-9.553587,-4.473301,-4.5643315,-4.470387,-2.053001,-0.05162032,4.827811,4.5720663,2.0149164,2.1440406,-0.74787843,-8.557624,-12.09601,-4.8474226,-10.979464,-13.856647,-15.460044,-5.5617366,-2.234374,-7.6916723,-2.5736945,-2.337716,-10.83972,-14.9672165,-14.018414,-1.789875,-3.7596152,-11.512373,-14.275047,-11.001215,1.097861,0.33963656,0.9480988,3.0922632,3.5214734,9.597038,13.148689,14.2248955,13.060707,9.665742,-3.8043516,-3.2498178,-2.906693,-5.771556,-10.732284,-5.0464506,-9.618936,-11.348832,-5.9962935,-5.793177,-1.3956184,-3.167581,1.3488243,5.5375767,8.764495,14.877356,14.05743,4.215912,4.913991,10.948505,14.544159,19.157543,21.65622,19.848999,18.657381,18.357811,13.239605,14.889707,16.57543,13.726138,14.837176,11.246062,12.157764,10.579161,9.635097,6.9633083,2.101557,1.354242,8.707924,8.531075,11.03314,9.25079,12.987509,10.008973,11.609745,14.418269,7.4344044,4.4891996,3.6752043,-2.7733023,-1.0508316,0.8546399,0.9724121,-2.311866,-7.267806,-8.340429,-10.670615,-7.8532586,1.2022367,5.435643,-0.5669519,8.088152,17.333038,23.9015,22.501854,21.520203,18.65438,22.585917,24.908813,19.171673,13.537701,8.989916,11.535166,17.148518,13.381121,8.693455,6.1790113,6.4312487,6.0142007,5.7162256,6.167553,6.4503994,4.2848744,7.306949,12.291134,17.733105,20.506737,23.375732,23.214088,10.658289,4.6354027,1.2333428,-0.5884223,-3.6797566,-8.295758,-8.781581,-6.7809668,-3.2697158,-4.0417852,-1.5296693,-3.1911917,-2.2173476,2.03515,-3.2327487,-7.499543,-7.9842014,-7.739126,-4.9553385,-9.931349,-5.7902613,-4.850168,-3.7081764,1.2105114,0.9455486,2.1227162,4.8160295,4.125598,3.1602123,8.060186,14.786856,15.731703,15.500925,12.0917015,5.5584497,8.498579,1.0456848,-6.3734374,-7.039095,-7.935769,-1.2143273,0.946157,-3.4341617,-11.431498,-14.718372,-12.403211,-10.858986,-7.611099,-8.632648,-16.386139,-11.631196,-10.227714,-14.540531,-8.510792,-2.5895243,-4.512708,-6.3880825,-3.4704432,-1.8944728,-0.72258353,-2.7764258,-8.019562,-8.363659,-1.8922448,-4.694613,-8.570477,-7.1988697,-9.13995,-5.866833,7.4074097,9.159536,8.22839,12.158754,5.2136755,1.687794,9.135529,5.620381,2.4917045,0.37415886,-0.043595016,-2.827101,-5.473514,-5.553653,-2.4627285,-3.198267,-9.444475,-7.913704,-1.634774,3.9828475,-3.6759813,-5.8822174,-3.5316033,-4.7765474,-8.518307,-6.5211787,-10.096509,-6.601866,-4.515546,-6.9763074,-6.7900195,-7.394293,-6.4051366,-6.915437,-3.40978,-0.5912932,-3.024053,-3.068274,-4.9604855,-3.134849,4.08329,3.7895901,-1.9480443,-8.475558,-4.9168105,-8.658505,-12.162289,-11.989199,-10.571373,-13.058844,-7.531329,-9.299004,-16.049646,-14.826381,-11.057953,-11.803736,-11.874744,-9.340733,-5.9181757,-7.9045115,-11.551804,-8.45673,-10.297165,-11.940991,-13.163265,-20.485846,-20.107159,-11.586735,-7.605716,-7.46593,-7.285569,-12.76749,-13.6133995,-15.592515,-14.673126,-18.9721,-11.679105,-9.740555,-9.090067,-8.504745,-9.4934845,-8.481407,-5.386775,-13.909887,-12.253399,-5.730626,-6.9929833,-7.992237,-8.275165,-9.599701,-5.270439,-7.9290996,-11.48745,-11.959402,-10.02879,-5.5507936,-5.4515114,-5.099806,-5.525753,-3.3898873,-5.605981,-6.8815823,-8.099247,-4.063823,-0.11326006,-6.1633615,-14.052748,-15.753189,-10.260223,-13.24534,-9.773962,-6.8371496,-8.368473,-6.998177,-3.7194872,-2.8419662,-1.1565776,-2.367663,-4.6763406,-9.007698,-13.448626,-13.915156,-15.353587,-11.224626,-11.914344,-10.700094,-7.8763146,-6.6412516,-6.756318,-13.728483,-12.938337,-14.821974,-14.416903,-14.631497,-14.895197,-13.425859,-12.61058,-9.329102,-5.383295,-9.516422,-10.691057,-6.736783,-3.188811,-4.8092756,-6.402117,-5.7788353,-12.316717,-9.88489,-7.9741845,-0.9698452,-3.501605,-1.1232693,1.2426809,2.8162053,3.9388309,5.7889457,3.7942681,-4.9938507,-7.017988,-2.808783,-0.1881131,-0.15056033,-4.4380903,-12.366236,-11.6852,-8.476173,-6.1655207,-7.979397,-11.752521,-11.808662,-9.580142,-11.656364,-7.3999767,-6.920898,-7.137559,-9.967857,-7.729492,-1.141453,-6.133707,-13.721273,-13.169027,-9.459244,-12.939159,-8.776976,-5.9117255,-8.142658,-2.5551593,-3.2585268,-6.3673563,-7.5997314,-4.7341413,-2.448137,-1.1749507,-1.4867122,-6.1717386,-8.266541,-8.451175,-8.703535,-6.949141,-5.327514,-4.3000813,-6.424409,-5.866967,-10.26037,-7.6690345,-6.18754,-9.113436,-11.153683,-10.1073265,-1.0666323,0.55491316,-4.9445353,-10.539074,-10.492044,-5.542781,-6.5847616,-3.303662,1.4526055,-0.07939321,2.2611108,5.930508,14.138971,11.390158,1.723994,-4.5982347,-1.6316919,-2.6488936,1.0905704,1.7506466,-3.0893612,-1.0061479,-0.9537326,-5.4830227,-6.2504525,1.5174283,10.782456,13.574087,13.697775,9.471399,11.957388,17.052538,13.631346,15.740855,20.868599,26.32515,23.850843,20.727158,18.171501,18.41909,17.127567,21.06495,21.192486,20.83522,22.949825,25.921593,26.161903,23.002254,25.877642,26.884512,13.588043,14.527177,14.3344755,10.435276,5.543278,-1.0915732,2.016889,9.006404,8.651054,10.617397,7.9604826,7.0244493,7.244292,3.828981,11.383888,16.160492,18.222431,21.53179,12.188946,-2.1024354,-12.34919,-17.778152,-17.140106,-16.83036,-15.361505,-9.333342,-4.195904,1.2877456,11.147854,12.867912,12.044406,13.855838,17.680481,19.364803,23.510149,22.56911,22.295134,20.680962,18.834766,20.163122,16.568737,14.314053,19.20379,26.656029,29.383575,28.395458,29.557278,29.198635,29.20004,23.71926,18.56366,19.168392,10.9954815,7.393841,14.408898,15.460261,16.161907,17.091469,16.214418,12.326062,11.417487,9.901206,12.8319645,9.585327,9.236063,12.822442,9.967863,-2.8966331,-13.323549,-16.395153,-14.089808,-13.885459,-16.261927,-16.13015,-11.340078,-5.8905144,8.075176,16.05418,18.576416,22.468725,24.268776,20.708218,20.634642,19.095083,20.75372,18.694004,13.230766,5.532667,0.5216073,1.1240271,5.3792963,9.350124,12.639281,11.273768,11.578833,15.800413,17.324917,17.729267,20.347284,19.918978,20.027216,15.129004,12.468469,9.852964,9.096097,12.963556,15.329225,13.227966,11.085604,14.495607,16.583641,12.996912,10.255623,8.761797,4.9139447,6.886234,11.380702,7.962787,14.286332,8.587718,6.7684174,6.6710825,1.5656879,-6.5177455,-17.552914,-15.106037,-11.766876,-3.7590604,2.8283517,2.5048084,2.4462132,7.1235204,9.413527,8.907445,4.3859363,3.8387308,-0.057952106,0.25294065,-1.2672541,-3.4431968,1.4045596,1.8426833,0.7787362,1.8064666,3.0170002,11.74684,9.091951,5.091821,3.0394144,0.4088565,5.6823626,8.992794,13.700877,13.957332,18.525593,19.614487,21.291298,16.125078,17.098751,13.72093,11.5691185,9.414011,7.896412,2.797168,-8.375298,-10.864647,-14.070488,-19.270765,-19.961666,-13.225229,-12.068874,-5.947876,11.100006,14.99671,15.696879,16.827614,12.837746,13.71388,12.5436325,18.944178,20.794703,21.79613,15.826393,11.260309,10.900971,10.059523,6.125222,9.544848,16.885843,15.190023,16.205574,17.449764,20.318083,19.60054,9.192669,-2.6926496,-3.7969527,-0.53289264,0.65907294,0.9648044,0.98015606,4.87798,11.1928835,4.7824926,2.9208467,0.19121552,-1.5957928,2.7386115,2.8530505,1.6824579,8.03565,14.593811,15.409246,18.089924,22.188564,16.479942,8.056572,-3.2140908,-10.928761,-11.108088,-9.894592,-3.1309903,1.9073184,9.632599,12.48934,11.461037,6.844262,8.659263,11.32881,19.36444,16.135597,15.165234,19.789658,16.948776,9.406555,9.506437,10.309045,9.169574,9.128113,11.93364,16.68386,16.155,11.503943,7.564409,7.7187476,5.904605,7.92803,14.499456,12.537519,7.413148,10.7788725,15.543007,13.173929,13.034837,10.718088,7.2637296,6.6911974,2.584179,-1.42065,3.0588164,-2.6574175,-9.152704,-17.579903,-19.255795,-16.875011,-17.8811,-22.932394,-25.150345,-13.66852,6.367225,12.19435,13.91618,11.333059,10.419338,6.3159723,10.726015,15.26452,13.324734,10.913691,9.9299,8.19982,7.773891,13.3506565,16.733248,9.909367,1.8933864,-0.37243855,5.0516634,13.992628,10.593273,12.735451,13.576802,6.0483747,3.6035867,3.128522,2.8164515,9.399581,6.3088665,8.186672,8.012927,16.159098,12.84241,14.946804,10.715265,3.4680645,0.7706405,2.526518,2.9442937,-1.8688462,-2.3604784,4.1757083,5.126271,2.918611,0.5119329,2.6502707,3.2856097,4.687683,3.8453116,-5.161323,-5.5392838,-0.24228597,-0.3483897,3.2637007,3.5027153,4.8850164,-3.8845973,2.43488,6.374796,5.950198,-1.4212718,-5.5601754,-4.2803445,-1.9637836,-0.4614417,-5.2974777,-8.232355,-7.06686,-4.434119,-6.7879987,-2.0988631,-2.918129,-6.4893675,-8.629019,-6.4711046,1.5976286,4.4100513,-1.830215,-3.6457574,-1.6094766,-0.59518605,-5.7453046,-6.765177,-2.380953,-3.0377178,-2.6551013,-4.8561287,-6.193729,0.5025528,3.3705232,3.3532524,1.3026074,-2.71657,-2.8558326,-2.7846367,-3.3842173,-1.7914659,-0.031102777,-3.7616928,-7.640475,-10.281191,-13.143023,-11.84955,-5.1361656,1.5371405,6.1339808,13.148498,11.897227,11.445646,12.158342,11.82355,9.603262,10.221603,11.483948,11.509607,10.633674,12.463697,10.092716,5.1199455,1.0828019,-1.7675688,4.03568,1.1145587,5.7723904,5.3511853,6.151021,7.750392,5.2930975,10.345072,7.320976,7.6274023,11.636087,12.284586,0.32787097,2.7354112,13.042652,21.323244,25.086744,20.443,14.245754,2.698533,-8.596866,-9.439675,-9.233038,-1.1176685,3.95205,12.672958,15.521222,13.883935,10.708067,12.102514,11.791307,13.828684,13.905327,12.373144,14.722895,12.222807,4.5065064,5.666097,4.55364,11.197946,11.506808,15.241795,16.427906,11.465782,6.7283163,1.6031058,3.6492338,8.761091,9.998844,9.048488,9.879449,17.373095,24.100334,25.125511,18.491196,12.821936,9.100667,7.2742996,6.43995,5.3149047,8.223956,8.958746,7.847166,8.019825,13.765541,7.593874,-1.4827417,-8.301565,-9.99604,-13.115742,-7.454365,-3.681116,8.8399935,14.350847,9.918221,5.5513134,11.091215,7.9218283,9.988956,13.366375,12.364466,15.829993,15.985037,17.3427,17.997429,18.438301,10.601603,6.3295135,6.956312,5.467001,6.493202,9.11977,11.864166,11.0070095,8.77829,10.55505,9.352324,2.2647343,5.860898,6.8774533,12.545464,12.260745,9.301653,9.366829,8.980934,8.397374,3.247905,1.2908189,1.4520537,-1.4794574,0.8339574,4.6014295,6.701996,-0.52131283,-1.9767249,-2.0977175,-1.1951594,-2.1423433,-3.2824936,5.5063477,11.468357,13.81505,2.9912534,-7.166145,-19.143711,-15.953878,-8.369279,1.2634331,0.8129513,-0.6434728,-4.6809974,-4.2549834,-4.787618,-5.1292014,-3.9884005,-1.5695126,-3.4986434,-2.5338461,-1.6806355,-3.4511526,-3.7149365,-5.1190443,-4.511959,-5.2770066,-8.860662,-9.955294,-7.6564217,-5.844921,-3.6121833,-3.972561,-1.8437893,-2.040291,-3.6316829,-6.829986,-12.133378,-10.915162,-9.131006,-14.706349,-18.396696,-15.587164,-19.419785,-16.991104,-11.0584755,-7.4503145,-8.341204,-7.496587,-3.1560845,4.158981,6.0675793,3.178329,6.4749618,6.1103506,9.248339,11.804243,11.689886,10.479866,15.445705,18.341764,17.536215,9.25991,4.843128,11.247662,12.492386,16.007084,16.991047,20.242716,19.676636,15.347327,16.783928,19.852028,20.455809,13.805851,13.755623,14.754083,9.395693,15.517654,14.351056,14.544167,10.17615,10.897408,9.300195,10.136044,11.921257,12.137154,12.459022,14.114807,10.625244,8.1496315,4.708704,-1.2215301,-4.8122764,-9.923414,-12.978823,-10.626141,-12.047071,-14.457115,-12.037493,-4.148698,1.3110318,1.1165504,3.8198452,13.792161,14.836102,15.521856,19.214254,17.152733,10.842041,10.474217,9.361027,6.773903,7.314274,8.310483,10.518282,12.787477,18.513834,20.725256,22.081285,20.375658,16.351814,14.58724,16.115387,16.825233,9.470858,11.268702,12.772157,11.894775,13.481159,7.0058794,6.756838,9.647202,13.059553,15.297441,17.88977,3.7616477,-9.428245,-18.540653,-17.767456,-8.839411,-4.7446814,-1.1793435,-2.914502,-5.2330055,-3.1505878,-1.8084712,-1.2224331,-0.57989347,-7.0335855,-3.737578,-1.6634525,-5.236335,-13.10965,-17.797443,-16.160452,-16.04289,-17.679588,-16.957699,-13.168278,-6.792312,-9.965915,-12.28756,-13.351682,-17.340683,-18.160479,-16.699759,-17.915606,-20.590694,-21.308842,-19.53107,-16.303257,-4.92255,-4.03148,-10.598909,-14.552919,-16.2954,-16.518179,-12.592375,-15.744743,-13.191801,-17.785183,-21.632576,-14.656188,-16.005041,-20.3003,-26.401623,-26.628473,-18.509893,-13.820271,-8.0830345,-8.334499,-10.662556,-15.570436,-15.093168,-12.095102,-13.252539,-10.709305,-7.1127048,-6.177656,-9.026556,-11.377808,-13.122491,-15.752077,-15.032361,-14.774653,-8.773508,-10.049165,-7.851302,-6.4580097,-4.759948,-6.776372,-11.506567,-13.684494,-7.0034733,-2.582509,-8.207051,-6.375165,1.0074186,-0.34111452,-7.9735804,-7.0290456,0.47619075,-3.0709467,3.5316014,-1.5706378,0.64969724,1.2889436,-1.1193755,2.1541567,1.3909044,0.96313196,-1.8305342,-5.0394373,-3.9391677,-2.7061636,-6.7535386,-4.1245556,-0.6804892,-1.8618374,-0.66301626,0.08210387,-1.5433477,-5.223959,-8.186658,-2.5015068,-1.6476059,-2.820508,2.0862203,4.2622986,9.470953,9.937711,6.4201307,6.915322,6.46399,8.341164,8.344698,11.778992,11.467186,14.470964,10.851904,9.664622,8.478548,14.559137,17.238281,13.251373,16.993608,12.486952,5.983136,6.8822074,4.318678,2.40597,6.8592834,8.405295,9.221155,12.314354,15.134264,13.016863,8.450222,10.271591,12.252443,12.280399,13.63788,8.254909,-1.780567,-5.300688,-13.0762615,-12.633934,-8.858142,-9.585493,-7.874458,-2.3660326,3.4476228,15.301335,23.079641,17.216246,13.074076,10.747429,7.7140102,8.710502,7.2754393,6.9049873,5.38974,-0.9457421,-6.995437,-1.8766685,11.425745,23.731234,29.399216,31.804533,32.340187,27.025204,24.579575,21.323992,19.20658,11.136685,-3.9712481,-0.536141,9.132278,19.80789,18.177309,15.8017645,17.582947,15.373392,13.562208,14.358133,12.865564,14.455225,16.722706,16.582874,17.185055,15.031069,2.6634982,-1.7223879,-6.676787,-5.894361,-0.6825383,5.887151,9.5017395,14.372065,24.274977,22.78873,17.269474,15.888591,20.74487,27.36586,26.441715,24.30983,22.298449,22.215145,23.63218,20.961536,15.597235,13.16547,10.086457,11.991766,9.114191,5.670204,11.167648,9.110884,11.863537,13.150784,15.0809555,14.1476965,18.940989,15.076206,12.867129,11.562635,3.9282565,-6.63962,-10.148392,-4.9804726,1.2803004,4.171652,6.3419924,12.962453,13.787895,13.243784,10.9749775,8.1078,10.779366,9.352477,5.745275,5.155461,5.7185564,4.7993064,6.085216,5.256033,3.1049318,-0.020486772,-0.5018971,-2.9403265,-5.283312,-1.7899146,0.012637749,2.9271593,7.4345036,7.687378,8.992749,9.981894,8.292009,-5.438995,-18.168446,-13.93836,-4.047986,1.4107859,3.1830597,-5.6796703,-5.3447213,2.4479613,-3.7659724,-8.666466,-13.534075,-12.111993,-8.267244,-9.867808,-4.6175375,-1.3643255,0.70182395,3.881123,11.402561,-3.05179,-8.975994,0.23105839,4.8500834,0.72635794,0.2308378,4.219992,9.221733,10.234407,2.1454906,1.421703,2.1989226,1.3150574,-6.3176746,-0.18092717,8.547862,11.3815975,13.650021,13.78344,6.293418,5.2262087,13.893126,18.870808,14.665249,11.036411,9.733681,13.467197,16.931316,16.054405,12.11256,10.192191,9.994011,6.8787766,12.735079,17.837536,17.34697,19.326468,22.139236,18.862968,10.565435,1.8271554,-5.424367,-4.0300136,0.28731185,2.6051307,-1.4435123,2.5890603,6.5686507,4.986952,7.110963,14.147253,23.627472,21.239265,21.21828,20.771442,9.059637,9.5131855,10.03742,4.1201997,6.870287,14.323294,27.44553,30.568874,23.689297,12.546732,6.0504107,2.773185,-0.27454954,-6.334154,-8.605776,-4.443658,1.0482402,2.8066301,-6.3904,-9.313427,3.4253223,5.774253,8.241148,7.14615,3.5500731,1.3094049,-3.5714808,-5.9270506,-2.0104809,-6.164014,-12.17735,-11.092882,-11.531885,-2.342275,7.923127,5.4817114,0.13516778,-1.061548,7.2130594,17.93029,12.579533,11.28376,10.716101,14.184591,19.043213,15.527536,7.4592896,7.1663094,10.626464,3.6335452,-0.897939,2.2347944,0.3740663,-4.7524824,-2.826985,-3.0538578,-0.63095576,6.203449,11.840738,11.9438305,4.073699,4.8722305,9.74893,9.230087,5.130218,5.1672564,6.744337,10.795548,12.122215,11.553127,8.860427,7.8014984,2.0451002,0.18040788,2.0987825,0.36017734,0.024091937,3.012371,2.3781636,1.188257,5.4140277,1.4009604,-1.4808967,1.0477072,0.6057775,0.39289135,2.3506827,-0.22214948,1.5345178,0.96518934,-0.20170735,3.2231283,5.8759217,13.776871,14.177883,10.242776,2.0324848,0.41764164,1.5074636,-5.386719,-9.485315,-11.315481,-26.066147,-32.38743,-28.623497,-25.060677,-19.658928,-8.616617,-14.17391,-14.304253,-7.1637983,-9.879927,-12.680486,-11.286002,-8.926853,-17.046417,-20.14967,-16.264088,-13.431541,-19.8303,-20.524395,-14.051687,-10.192893,-8.833995,-7.153717,-2.262979,-3.3789825,-3.0974293,-6.1514807,-6.720599,-9.157056,-8.275871,-12.984311,-19.473812,-21.059223,-21.954254,-9.773195,0.28864014,-6.0503964,-8.40448,-5.917304,-2.2081084,-2.4878182,-5.990197,-4.05882,-7.7868986,-13.396798,-10.922454,-3.4108093,-0.5301547,8.739582,10.096603,-1.5783726,-5.9321094,-1.96613,8.115087,6.6621914,8.0089245,8.614773,20.317719,26.198921,19.694656,17.599365,15.2507925,17.815483,13.939991,13.177824,13.779465,11.095398,13.015783,14.868786,13.812841,10.215635,9.813283,14.03842,14.400659,15.5111475,10.241262,6.5301213,7.8881807,8.73872,4.2499895,4.0632997,4.744522,6.3141375,5.2581973,4.0801635,5.0020576,3.8180737,8.613199,16.080505,20.700562,9.441172,3.2327824,1.2860801,1.7122368,-2.8211496,-2.513332,5.736286,11.22294,13.7168255,19.696148,15.717529,13.6448555,15.46896,17.036848,9.783628,4.295088,3.0685678,6.767347,8.628969,4.045753,-3.7772331,-0.14999342,8.1498,12.090504,12.612597,16.657585,12.872978,18.992966,23.820778,19.980911,4.7235785,-2.484662,-2.7677212,-1.9436281,-2.461986,0.6501994,8.016447,14.919922,14.9384365,13.919078,15.972822,19.536354,22.427555,20.04689,15.040583,18.9118,16.876099,12.632031,14.091589,19.046219,22.051691,19.848576,19.042519,14.231445,10.082619,4.3715053,-0.3050329,12.637166,25.477383,20.507126,14.241158,17.075264,20.167454,16.642138,14.546261,18.676235,22.04182,18.233063,16.826324,19.558979,20.68534,23.14399,17.279642,13.073547,10.051527,6.664086,9.187113,9.411161,13.781154,10.5572815,9.516197,8.519313,5.421694,6.8034506,8.633788,13.121519,20.717339,22.680471,12.874214,0.032429338,-5.600624,-12.40732,-17.44426,-17.101141,-14.329769,-8.391579,-4.1333027,-5.7159643,-14.975488,-12.022572,-12.036087,-12.900017,-11.730448,-6.0301847,-8.271473,-11.663208,-14.638853,-12.007643,-13.103718,-17.658928,-9.690241,-15.579496,-16.23196,-17.625206,-15.41126,-11.978403,-7.698569,-9.012239,-12.478565,-17.450489,-11.959616,-9.656858,-8.399511,-4.2276354,-4.3419285,-8.476213,-9.2361555,-9.219236,-6.4276485,-12.8396435,-15.676224,-13.447262,-12.929262,-11.457261,-13.496885,-15.552724,-14.981876,-15.915129,-14.065857,-14.202808,-13.82686,-6.6115575,-1.7747253,5.7236285,12.99321,9.508262,6.9099817,5.941422,4.9689302,14.412045,14.328759,11.108538,6.9936395,8.229624,5.869733,8.046169,7.255636,13.34209,19.91092,23.045227,21.55205,13.718298,12.699252,9.882864,10.2471695,13.336851,18.934595,21.834612,20.962124,23.75696,26.387177,23.194668,14.265863,11.570911,12.815069,14.033457,16.181221,16.222748,18.984653,12.632744,8.651579,6.624198,-0.34215087,-6.4805655,-2.4718688,5.3328834,6.4407988,3.293795,7.721921,5.6171694,5.0036793,2.813735,15.714059,18.837933,15.453496,18.469727,12.295991,0.7153449,2.0612822,2.6138725,2.6015496,-1.899308,1.9222544,0.81854784,1.1877339,5.610061,-0.7704879,-8.699846,-0.13250256,0.10939501,-0.89231366,5.0952125,6.05597,4.164053,-0.622972,1.5450878,10.927801,19.039814,18.06961,14.970602,9.739029,1.166734,0.1638968,-4.0550833,-8.884766,3.0646188,11.514995,10.546879,16.548449,18.116108,13.769083,6.8314705,12.145164,12.644791,10.933283,7.3246436,7.841173,16.49492,13.291334,6.5145006,-12.635875,-23.319061,-21.798649,-10.42055,-4.4584227,-10.746279,-13.672556,-2.7056222,6.3309507,8.11972,5.8588247,-2.1572971,4.0444865,12.753252,6.094737,-6.4470816,-19.606281,-19.40873,-20.143524,-21.809813,-24.257072,-20.836975,-22.239634,-19.476757,-20.599201,-17.240166,-18.188904,-8.381058,-8.025857,-11.164705,-9.350544,-12.056068,-17.344864,-23.029446,-26.676973,-26.280674,-13.418147,-9.680077,-15.333175,-18.0516,-19.561647,-15.176423,-13.451703,-11.804569,-14.09152,-11.993819,1.6728435,1.6908823,-11.392345,-17.388594,-16.618408,-16.638584,-14.723147,-12.645714,-13.333942,-8.08068,-0.3939408,2.5815225,-1.2215683,-7.3381147,-12.947369,-1.4449726,9.587791,9.0713,8.166726,12.230326,11.539955,5.538689,-0.4719451,-7.8387814,-7.3377676,-7.1089034,-6.504916,-4.956577,-3.0190172,-5.563656,-8.730329,-10.462931,-7.159884,-0.6948236,1.5865834,-0.108782165,0.36895245,1.3673887,-1.4376628,-1.4122499,-1.1844394,-8.431274,-11.199473,-12.001001,-13.577841,-3.5678582,6.668044,5.8314505,1.0179708,-1.5024488,-2.9396896,-11.146654,-10.876155,-9.053265,-9.761612,-6.254184,-4.257196,-6.0356402,-11.790501,-5.458875,-5.3024282,-5.1160917,-10.714977,-12.304678,-7.2688217,-1.0750995,-5.3374085,-9.108256,-9.226107,-13.535152,-10.447998,-12.089427,-14.2771,-13.229456,-12.09055,-17.281494,-14.226816,-8.811459,-6.6682224,-5.309004,-4.3501763,-5.488713,-8.182066,-6.930262,-2.8225045,-8.583965,-9.428514,-5.417404,-7.249179,-8.621319,-8.577456,-9.57775,-7.716158,-5.390809,-3.661861,-0.53786016,-1.6444244,-5.008158,-10.844427,-9.432093,-8.563448,-13.295191,-7.230049,-5.907627,-6.7728786,-1.9752953,-7.3375554,-13.162507,-8.806362,-6.272229,-3.6195984,-0.4893276,1.5131257,-6.484191,-10.177691,-8.095125,-6.9775,-6.1162252,-5.3841,-3.6873522,-5.675846,-2.8593976,-6.396182,-5.2129555,-1.4100789,-1.8508008,-7.6318417,-8.891452,-5.074736,-3.187042,-7.8130536,-9.283864,-5.017069,-3.431827,-2.2461429,1.3329699,-3.908598,-9.579943,-5.469043,-4.7081795,-8.451963,-3.989778,-6.514241,-6.4109974,0.92380464,0.30032945,2.8530338,3.8855145,7.0787916,-2.5437336,-14.066292,-13.037226,-5.935872,-3.005681,-8.501671,-10.049209,-8.035022,-5.355859,-6.561057,-3.4202805,-5.099217,-1.8851564,-3.6804464,-8.688242,-8.13328,-5.836649,-3.5457501,-4.1891007,-5.4661293,-1.2926031,-3.0944126,-2.6255548,-4.372559,-7.526983,-2.6959565,-4.9782076,-7.7119923,-9.114058,-7.699539,-7.0827208,-1.9080532,0.55460143,4.624718,4.8517847,7.312184,0.04351622,-5.335062,-11.186266,-11.597871,-5.606454,-6.020772,-7.4872527,-7.4692025,-6.6137056,-2.6559844,-2.3385143,-3.3275704,-1.5037878,-7.664867,-17.260433,-14.706068,-12.826162,-15.725239,-14.696883,-17.081036,-20.600792,-21.49828,-16.704582,-17.505543,-15.189723,-13.160078,-11.660713,-8.332472,-2.110083,-2.769479,-2.4121382,-4.464466,-9.087607,-9.022731,-8.515202,-3.938303,2.8085017,1.4218392,-5.9014196,-11.979134,-9.267984,-17.842281,-18.101433,-19.88266,-10.878508,-1.5314534,-3.6754007,-7.8404417,-9.280095,-9.322729,-6.1247683,-10.68201,-16.766747,-21.735613,-13.887739,-7.8445463,-8.365827,-8.441198,-7.2461653,-5.19622,-3.8995423,-0.45291746,1.1377326,-5.1684437,-8.303347,-9.056841,-14.236495,-10.675802,-6.549361,-6.420741,-7.2182803,-7.61211,-7.263052,-5.764804,-6.1944675,-8.822798,-8.695799,-3.4286551,-2.226245,-3.0509415,-2.71981,-3.1525087,-8.730402,-10.585941,-8.249018,-6.687885,-6.614653,-6.492259,-6.988672,-7.5529604,-8.252954,-6.364282,-4.1437316,-3.8895888,-5.0876684,-5.6452723,0.6241281,-4.0268493,-5.0330486,-9.084183,-8.0753975,-5.773407,-4.0941195,-4.362384,-5.228435,-6.7538795,-7.1915874,-4.1685038,0.048630655,-1.100334,-12.984648,-12.179394,-10.737482,-11.163111,-9.326653,-5.5516567,-7.420004,-3.523469,-2.550253,-4.8781815,-6.863607,-9.15563,-9.983512,-10.63129,-6.92276,-6.965292,-4.663495,-3.1313171,-3.4535782,-7.002425,-8.204337,0.85725963,1.8552969,0.22824615,-0.92557377,-7.2471538,-10.5299,-9.758661,-8.641368,-9.538944,-7.390193,-2.9624934,-6.9870043,-8.712046,-7.66875,-7.9836464,-2.1545238,-0.71388006,-6.6851473,-9.627921,-12.113228,-12.413928,-3.800714,-2.5888102,-5.608337,-4.3101063,-2.420504,-8.795494,-9.721985,-7.306137,-9.63512,-10.095255,-5.6730976,-0.2265597,-2.7297022,-9.015353,-10.123167,-4.7880335,0.4687693,2.6220984,-0.5259488,-4.908194,-7.0978274,-7.4761887,-7.616646,-6.5739117,-4.987252,-6.9400997,-6.490078,-6.0592318,-4.364579,-2.2322161,-4.2677975,-4.50128,-2.4753237,1.4096602,2.017795,1.0921779,2.2199445,1.3549788,-1.0880202,-4.486886,-6.841587,-10.384545,-5.1748424,-2.4796221,-1.8319163,-6.4204893,-7.553768,-7.830654,-10.4487,-9.436111,-6.4081507,-9.235481,-9.941418,-5.466746,-0.8609597,-4.4941654,-2.64609,-4.406166,-5.720373,-6.398075,-3.2276454,1.598866,-3.9491549,-10.703906,-4.4477205,-7.3570375,-11.163226,-13.861664,-9.402096,-3.573491,-2.1257482,-1.2009445,-8.434093,-9.410658,-10.060514,-8.110927,-7.755658,-8.602644,-5.81289,-5.203659,-6.3109436,-9.322073,-9.478216,-6.873003,-2.085425,-1.651953,-4.3797765,-5.511819,-5.118324,-2.3747003,-0.8275329,-1.9135464,-5.394209,-2.299974,-0.6679497,0.6987705,-1.2399645,-1.7479774,-4.6776233,-3.8218808,-2.8885608,-0.07111156,-2.4012766,-1.8628354,0.25174725,-5.045393,-9.189938,-6.829648,-7.8974214,-11.12792,-16.121248,-9.728931,-7.2522936,-4.0658264,-3.6619565,-4.042836,-7.3870173,-13.115135,-4.101836,7.0971026,5.329262,7.7760134,4.456291,3.0694928,0.062168837,-3.1147938,-8.162337,-7.8059845,-13.760854,-12.242989,-7.036787,-3.0991368,-5.103032,-10.147399,-13.4251,-13.533239,-13.8694105,-6.1169124,0.5033611,1.1459897,-1.250776,-3.9666991,-3.4725761,1.6137648,9.286999,14.381293,11.40882,7.5258226,4.1514897,2.728311,6.1136727,4.8375726,2.600177,1.6230872,-6.0641003,-13.860809,-29.157387,-33.100548,-29.697714,-20.74281,-7.040507,-6.7439175,-7.6194315,-6.211974,-6.0103765,-7.36551,-7.7460318,-4.5968704,-5.0313306,-4.2315254,0.5415078,-17.044603,-22.817177,-22.71341,-23.126894,-25.415852,-23.462414,-25.905294,-24.71429,-24.427666,-27.023146,-25.627226,-27.550894,-31.207611,-29.058056,-29.491922,-29.52661,-28.761162,-28.586506,-23.167274,-20.852497,-18.952185,-16.330133,-18.139782,-15.786337,-13.506674,-2.8554337,0.7695199,4.5215306,10.7323,8.929978,13.296989,10.6344,13.525204,16.000969,14.799854,11.681874,9.5090065,14.66453,6.758792,-2.1007936,-6.362589,-5.0828443,-7.759637,-13.530221,-16.181366,-7.230355,-2.2635217,8.552,14.37413,10.13058,9.0172825,10.208503,8.893041,10.383543,7.4273357,8.2889,11.982132,13.102026,6.3569336,8.289542,0.3619665,6.1557465,13.22765,8.153304,10.173092,9.067375,14.153164,9.993536,10.407671,20.48576,30.498636,33.539757,33.06744,35.399292,31.464159,28.62453,29.397469,27.29515,15.912843,16.991852,29.376427,35.689247,33.966206,30.118458,25.00317,19.462652,13.93655,7.92819,4.1241055,2.7679214,-0.8776786,2.785561,2.840804,0.15159482,0.05624838,-2.2980323,-3.4821377,-3.5747757,-3.4265292,4.8258333,7.2264023,3.0309591,2.5605717,4.142308,3.4147115,4.668289,5.516661,10.420496,14.882864,11.871765,5.1980314,7.7077875,13.769316,15.967995,19.80096,17.461409,12.232809,11.202017,19.673649,16.101418,9.862333,6.576622,7.507285,8.140291,8.311915,10.685062,14.36043,16.056581,16.510681,16.201693,16.11095,18.654625,18.091015,16.258986,15.274609,16.0857,14.49234,12.618954,11.987755,2.3605738,0.24374563,5.5070925,6.857076,5.7689037,5.3332934,4.6524487,7.243984,3.2190974,3.5336323,4.5846133,3.3628774,3.5414424,4.127087,6.5705585,15.670932,19.67606,19.873608,17.722984,14.782345,11.72468,10.483862,11.142108,20.42693,11.831241,4.7093687,5.2247877,3.5855494,0.47393337,0.615274,1.0756576,0.6976396,-2.3548918,1.9081126,4.66098,9.847647,14.185247,10.78364,10.199982,7.6911435,4.328977,9.937624,13.364405,13.995411,13.717279,11.455429,7.729574,2.4767566,-1.0356334,-4.4468317,-7.1951904,-8.483213,-13.039771,-12.967931,-7.219495,-7.1424513,-9.613303,-2.0060825,-1.8551962,-1.108957,-0.22791636,11.655603,17.037975,19.219995,13.762574,16.761269,19.545841,16.25226,17.994946,23.945549,25.669506,18.044563,16.88126,12.374159,5.932061,3.2444017,-0.9226482,2.8993094,2.373827,3.2160997,7.2369514,2.1842475,-0.9528132,-4.576209,-3.2836695,1.691814,10.390311,14.932865,13.447566,8.160858,7.6670947,8.976243,9.470972,9.045193,8.9111595,10.533732,10.251549,12.3425255,8.963131,8.035206,4.771779,-0.7207206,3.226408,9.434778,8.166895,10.461239,10.58056,2.660217,2.2968843,4.2581334,8.819166,14.6711445,11.783243,10.907537,13.475349,18.898561,20.625956,15.709329,12.333559,8.973082,7.762425,10.907461,8.690645,6.163222,-1.2835951,0.40969536,9.891911,7.187361,3.820017,6.672515,8.298513,9.296769,8.427715,6.176908,9.428356,4.141905,4.868127,-0.4515441,-3.4768043,-4.545768,-0.91113603,-0.109600365,1.6518648,1.8028176,5.833857,5.0302887,0.7295804,0.49887025,2.8826575,12.39069,10.092819,8.723568,12.419445,14.550974,11.34465,1.7021646,-2.8243196,-0.8787137,-1.4791775,-9.510355,-14.212342,-8.1887,-3.8594327,-2.0982356,-6.1773114,-10.999333,-10.56142,2.9819064,4.9801693,-2.2382493,-7.619229,-0.70203257,4.9068327,3.1303864,1.0269688,0.25452265,0.6608609,-5.142974,-5.1756883,-5.776949,-1.6068349,-0.10034287,-2.1681747,-3.5876684,0.17289652,1.9372604,-3.2464666,-2.3044996,-2.8228197,-0.7261746,0.65034664,2.827525,-3.533934,-4.214809,-0.70409477,2.4638574,-5.4496975,-13.706837,-10.210353,-6.5656395,-5.523634,-5.890255,-3.2796903,-1.852586,-5.683175,-10.342728,-9.4095745,0.44709748,11.376939,24.166912,26.666054,27.293037,27.06637,17.974636,17.507652,16.173077,7.5845375,3.485164,-0.57272875,1.8570237,3.4942265,3.4909358,3.4480877,5.688077,8.043459,3.953031,5.1829605,5.604278,4.579938,6.807088,6.0694733,3.2772095,0.82459974,4.3888016,9.698183,11.359537,12.621307,13.853325,14.706953,23.730225,21.775578,19.913967,20.257513,6.6221714,-0.036588013,3.434643,7.2654996,5.4778814,-3.221289,-9.164373,-15.068808,-13.339344,-13.621646,-11.547409,-12.173106,-12.676846,-13.006428,-14.615419,-11.676574,-15.15564,-13.335408,-13.662741,-17.005116,-20.333282,-22.781311,-24.668268,-22.782988,-13.958636,-11.669268,-17.857895,-24.369991,-23.336735,-16.505863,-18.206308,-13.731797,-13.445453,-12.994052,-15.875978,-18.668459,-18.536915,-17.370285,-18.016684,-11.940422,-4.688856,-1.9053193,-2.6099033,0.3254999,9.399906,19.622658,27.314953,25.777035,18.523327,12.129362,11.531719,14.488537,8.967299,-0.49763072,-10.2697935,-8.671948,-5.2416534,-6.069454,-9.088836,-11.110599,-10.514154,-10.603965,-5.4416494,0.005423218,1.5088637,15.150131,29.03896,29.60035,27.730885,26.578815,16.877579,11.810837,16.54839,17.944183,15.532574,17.050396,15.608508,20.749733,21.345633,22.552988,21.308949,18.118353,21.182825,11.171769,5.7180824,9.104444,6.1471834,7.109315,5.4892464,10.4689245,13.658026,11.647699,5.7940326,3.926249,9.3111105,17.481905,18.701412,15.450036,9.164697,6.5912924,4.9885163,5.9120493,2.0823944,4.436672,0.75340784,-0.23674542,-3.1808195,-5.8917685,-4.321843,1.8078139,3.6539307,5.438472,9.88558,9.808166,11.750179,14.423601,21.279503,25.7819,24.625551,28.016317,25.054161,18.988209,6.4282165,1.8192154,4.906922,5.956003,2.1330001,1.7848887,6.0011435,5.7580795,9.0099125,12.099838,13.341181,9.24952,2.0483203,-1.8805146,-0.23616332,4.8723607,5.539075,6.5181236,12.459442,16.209074,14.5905695,12.130869,5.216567,2.3485646,-0.90088886,-3.5561743,0.016037941,-7.9761467,-11.005869,-0.12191239,3.1069689,4.927798,7.682848,0.39526263,-3.9019928,-4.848758,-6.693738,-12.468624,-10.278973,-2.176138,8.46444,20.175632,28.563496,32.665874,27.590302,23.29865,23.367865,20.61493,24.769222,23.829803,23.124756,22.33757,18.722927,21.804419,22.568207,11.754442,7.3144298,4.4133987,1.6084485,5.8766313,1.0711627,-2.4372406,-2.0702329,8.539034,18.235394,14.558322,17.655483,21.806005,21.132454,18.562809,15.274454,7.698571,3.9692302,0.83808565,-2.6731274,0.17766568,8.780172,13.764341,17.230253,15.633017,12.666174,20.148546,22.744804,16.513063,9.260435,5.318632,9.57444,19.031067,20.251316,18.00023,12.134638,7.369831,7.543769,4.4578123,6.2409515,6.155463,10.437569,7.366638,-0.110844195,-0.0121282935,3.5005789,2.7099092,1.6290588,2.5848565,4.1122775,2.4916286,5.0819774,7.242385,2.8381176,1.6860583,1.5369658,2.3825598,1.7430915,10.418268,15.549465,14.88221,18.450556,16.268639,9.311327,6.6693964,4.2559123,6.097498,5.08482,0.4689944,-2.0202289,2.9247882,10.127159,7.2070174,3.3073452,3.8687887,2.5318403,-4.2887244,-8.307505,-5.181513,-4.271333,0.410612,4.5438104,8.391154,12.00141,13.524748,16.912708,21.704899,21.53867,18.47174,15.290259,17.015623,18.263186,15.3887205,11.068749,6.137725,6.8658686,7.2093434,4.840378,-0.08419752,1.3906598,9.007885,5.672531,3.645554,5.662718,4.2895885,3.7738762,3.7049723,2.0434165,-0.6413572,1.1559843,2.3745294,-5.4958053,-7.964135,-2.09662,2.6566725,0.5569738,-2.6125224,-4.52989,-1.6604242,4.9436073,7.2727704,8.43853,9.907237,11.336816,5.674363,-2.3551025,-7.9178777,-6.819485,-1.2081591,2.4296784,0.8794634,-2.0291674,-1.3805722,-0.98500854,-0.46155214,-4.598816,0.2039337,10.690916,10.164818,0.9855143,1.218564,4.276913,2.6669226,2.8442442,8.349411,10.146238,7.052043,3.224632,1.2834566,-2.4878187,-3.076992,-2.9274387,0.93198943,2.6949465,1.5565403,-0.21464577,-1.3162632,3.835724,9.453022,4.5833,2.0963256,7.130291,7.5707073,2.8336465,-3.6637187,-9.063763,-9.332269,-4.5362263,2.5012798,2.4271617,-1.6804372,1.2571368,2.7548976,-4.565344,0.6593774,6.4772854,9.859846,8.702707,11.527454,17.535751,14.491016,12.477785,14.083034,15.666971,7.234656,3.2843645,4.257416,-0.8461711,-2.6685944,2.529913,5.5217013,11.8559,7.531991,3.4788036,6.917736,9.265611,7.1680126,7.151772,4.5023236,2.8606362,-2.058113,-2.0538664,3.1557384,4.42677,6.724452,2.38519,1.6915773,5.8554587,14.237322,14.207603,11.225084,3.9367054,-2.3654914,-8.338205,-14.306335,-10.180894,-5.377569,-9.216932,-12.319685,-10.254051,-6.4331803,-2.7516901,-8.317129,-9.372356,-9.302315,-3.0100873,-3.0815377,-18.588467,-26.724957,-20.89441,-17.187475,-19.23187,-19.620144,-19.571758,-19.05768,-19.378262,-18.978794,-21.177221,-15.801254,-17.409086,-21.467064,-21.47109,-21.92855,-19.633741,-10.284822,-11.328064,-9.157674,-0.8114054,-3.7106037,-8.064632,-4.89,-1.8386421,2.488459,6.3842754,14.908903,18.317497,18.408365,13.870146,7.9568057,5.088927,4.223921,10.917013,13.7017145,13.303352,9.671343,-3.4720945,-5.5353312,-4.1565633,0.6573175,1.4065899,-4.7998714,-8.402363,-11.365255,-9.543484,0.5237381,4.1291275,10.907965,18.074722,12.615424,11.031609,16.07128,19.65355,21.95092,25.972523,23.953896,22.576065,30.747469,32.568268,32.78659,32.686317,33.171963,29.134262,23.671661,23.530796,23.005732,18.793715,15.127291,11.734694,20.0915,27.900473,28.480265,28.746445,16.97678,11.103326,12.000614,19.770142,21.021744,24.871574,20.418438,6.312906,5.9724407,3.3074038,-0.4654873,-0.27120805,8.7352085,10.814608,7.8050957,16.541727,17.973522,11.983768,5.965498,-0.639981,0.9668958,0.45755607,12.45503,20.11162,23.36067,22.430983,20.098497,16.380245,18.639065,17.667576,13.470598,11.168039,12.107117,13.705931,13.536893,13.241325,15.015602,20.10219,22.691326,21.067574,14.254995,12.714693,9.835701,9.635576,6.437912,8.097281,7.2365713,6.1581993,10.58544,13.640181,14.39631,21.14697,22.210297,21.130371,19.54166,15.98501,7.8946514,6.481696,10.365063,6.227229,0.76304525,2.044855,7.07178,3.5859523,0.87803197,-2.070046,-0.88849926,3.2938879,8.901889,6.6418896,3.9963691,6.393015,11.537466,13.588005,13.342962,16.665438,17.54977,16.846668,11.417032,10.907747,13.022503,11.442322,15.274654,19.718386,15.956912,9.360672,6.3702555,11.392486,10.025385,4.124398,3.0162458,3.6042392,5.7875957,10.568739,15.685253,19.73471,12.619135,13.57738,17.6958,18.68626,23.154503,17.887642,11.209747,10.395613,5.554669,1.0617807,-4.0313663,-0.30824387,-1.1110231,2.3480918,2.4282086,7.7490644,14.026391,13.946653,5.8442583,0.8477831,-0.13777566,6.4694853,6.708208,12.808626,15.2057295,18.562119,17.530552,17.845182,13.631146,13.036839,18.282396,16.006353,14.624052,7.315752,3.139101,3.8786902,3.5589852,13.654207,12.700022,5.246855,5.1685343,8.522816,4.8832164,1.463252,1.7749851,-1.7510546,4.01073,10.513422,12.409881,9.522461,9.201614,11.762946,10.784835,16.432507,19.441006,18.39935,12.521869,11.460653,11.6788645,9.854315,7.9691486,5.3015327,1.4038513,5.2870283,8.434069,4.3103085,0.9040241,-8.013123,-13.626625,-4.998718,11.538115,13.988141,10.373432,6.265433,3.316663,7.17443,11.735172,14.224504,15.505875,14.949357,14.331118,9.14636,9.469755,9.868212,9.454297,8.565347,7.851883,5.385563,11.532782,13.976824,10.175522,12.744614,9.369545,3.1515117,8.633318,8.439562,6.80282,8.934137,2.4783828,5.200142,8.793395,8.10053,2.9769006,6.317813,8.768105,6.3175607,5.063343,3.8367286,4.63455,2.9974716,7.38725,8.641342,5.5326023,4.53483,-0.85709125,-4.7023306,2.6873634,3.90972,-1.2493889,-2.430347,-0.5677459,-4.8994536,-10.643885,-8.754574,-1.4995692,6.6169295,13.05769,11.614752,8.401852,1.1175643,-6.1205683,-2.9368753,6.0162177,8.602696,3.2931967,4.2850113,2.626205,-5.7496777,-1.9943802,-0.5772214,-0.31467545,0.11328781,2.8756976,-5.878823,-4.0006475,-1.8331826,-4.1296215,-0.6229402,-2.1349444,-4.5272064,-3.0794077,-4.833858,-2.7820282,-6.234627,-9.876442,-10.722065,-9.9550705,-10.484166,-5.0286846,-3.1178374,-1.1177464,2.2277248,5.682661,-2.227038,-7.962118,-7.7002287,1.2101383,14.458929,14.329033,11.54842,14.076822,16.988218,18.54604,19.585312,22.32193,20.181046,15.076822,10.253917,9.397865,8.943272,3.8083959,0.8159802,-1.3398631,-5.2627263,-6.335408,-4.828947,-3.1852436,-3.83528,2.3012962,6.7746935,11.977011,3.844059,1.0612282,1.4607443,6.2978535,12.043625,13.562855,9.493774,9.091107,7.4459977,8.112861,3.5674722,-4.1879916,-0.20534194,-1.4673989,-1.9557858,-3.7769744,-13.650649,-10.646318,-4.208635,-4.537239,-8.475208,-12.141914,-12.0076275,-0.023366526,-4.045974,-15.449722,-23.554739,-26.888332,-26.357452,-17.522823,-13.606239,-15.962916,-17.921581,-20.63645,-16.691647,-11.781994,-15.475782,-14.069058,-13.428497,-15.521863,-15.92336,-13.730047,-13.234852,-16.685188,-16.065847,-13.258318,-13.212005,-12.741356,-9.202679,-9.223412,-1.7035326,4.9236193,9.214071,13.079146,13.675025,13.3514595,16.225569,13.723192,12.0488205,7.8467517,8.271281,0.7203276,-6.4062405,-7.142559,-6.607722,-8.540169,-4.2679014,-1.2395649,0.8603865,3.691516,-2.5123637,-3.1521125,6.979088,14.134207,13.767369,12.626986,15.261223,12.850495,10.142071,11.926378,12.436172,15.891443,17.208864,12.376945,15.8822775,18.64268,16.38816,18.823345,15.014408,16.251762,16.267569,14.282366,13.702257,14.342376,12.273446,3.8014688,-3.9100015,-1.2977118,7.8899364,9.89038,3.7901726,3.4182844,10.211042,14.450872,9.179696,3.0775237,0.5327672,2.1076035,4.9573836,3.2316995,-2.0712168,-5.9277864,-3.8310783,-2.6349788,-3.0043921,-4.8128004,-4.393921,0.5680537,-0.63463825,-2.4390633,6.482788,11.1232815,20.179155,26.634632,30.548128,24.56315,23.307081,25.69931,24.902754,27.081055,21.533436,10.921417,6.2824335,9.799873,8.770767,5.5356445,8.037184,7.7355137,7.7006884,4.625579,4.139227,1.7944684,-2.3894944,1.7786608,2.2322326,0.5608033,5.1769257,11.232762,12.171656,12.666609,15.923447,15.129258,13.729925,14.854948,17.153646,15.4387245,17.404106,7.8382664,5.079439,2.039016,-3.7132654,-0.51292354,1.6428499,3.7447648,8.522547,5.6530933,1.3703947,0.58240795,0.06385338,2.3833466,9.781245,15.73978,26.311024,26.908684,23.123852,23.213291,17.394873,16.595089,14.6609955,12.645466,13.605566,16.098057,22.35526,17.059174,16.576635,17.424728,8.120465,0.07632941,4.553525,5.699365,4.028233,0.7749175,-3.5410228,-5.0235157,2.7981231,10.404771,11.917865,13.065439,12.597799,11.260265,10.294648,19.428215,10.222591,1.0667443,2.9620874,10.386261,18.513418,22.867289,20.07939,10.782289,6.2838526,4.234558,4.6539316,9.040394,3.6184964,-0.52826804,0.0978542,4.8737607,13.735481,12.142639,11.386569,11.874217,9.601007,9.436377,7.6067247,13.302299,10.599621,4.13708,3.20292,-2.6626325,1.7250817,2.5893722,2.0639553,-1.0266024,0.9142279,6.980401,7.1799955,6.073602,3.3668094,9.728379,6.341515,2.2378144,1.5771145,6.2112894,12.085872,14.740777,17.21185,12.738636,10.403233,4.1738567,5.323569,7.9451323,1.1852931,-5.504683,-4.5937796,-9.861932,-8.102988,-4.3003497,1.9112594,0.42094406,1.9668725,-2.2963867,-0.07931884,2.3889012,0.77993965,4.1265264,7.50051,10.238314,9.356144,6.4294953,8.233732,9.729954,9.119104,9.406865,8.411104,9.919569,10.389378,10.565968,11.827922,5.688112,5.2432423,4.689149,0.82558537,2.2605186,2.8165843,-5.395537,-5.0654964,-12.87001,-12.760551,-10.9962,-17.257797,-13.119899,-8.636985,-7.7148457,-8.123678,-8.067936,-12.104761,-9.73463,-1.7623756,0.6094557,-6.878234,-13.21075,-11.9423275,-5.0740137,-3.5502298,0.017472029,5.0094357,4.2047334,1.4475427,-2.4899707,0.85034776,-3.126474,-10.86087,-8.075199,-6.577758,-7.674121,-8.098937,-5.8893948,-2.6965127,-1.5091883,-6.329336,-9.37499,-9.194782,-8.820433,-7.9400773,-6.30011,-0.87298906,-1.5930978,3.1150649,2.3261054,-1.3595275,-2.0024848,-1.1421779,2.0413146,1.4103162,-6.9973383,-14.136249,-15.471211,-10.590405,-11.1258335,-8.967397,-5.081957,0.075580895,4.3260984,1.4075173,-3.5693645,-7.2780585,-9.271112,-7.3876987,-6.906357,-8.677965,-12.416229,-14.790571,-14.2242365,-16.383322,-11.402455,-5.504517,-8.995163,-9.843864,-5.713029,-9.263048,-12.618498,-4.363835,-3.871134,-3.8677068,-6.1732044,-5.924504,-10.535685,-16.31856,-15.81723,-10.079771,-10.116352,-10.857437,-7.283058,-15.736297,-17.659256,-13.390705,-12.411074,-14.309912,-11.412064,-2.0181148,-0.012799323,-4.715925,-6.951035,-13.499097,-18.280685,-16.040281,-17.925503,-14.027856,-9.754753,-10.343625,-8.682364,-5.5906506,-6.512029,-8.08176,-9.915119,-9.918358,-5.7082033,-5.4884048,-7.1274357,-3.7894518,-3.9033,-8.611041,-10.03504,-13.034683,-14.514351,-15.036947,-14.2699995,-15.798283,-11.856985,-8.84577,-8.554726,-13.497696,-18.450035,-15.480719,-16.081276,-13.842699,-12.659344,-13.11231,-13.80589,-15.055447,-8.798002,-3.9447296,-5.1690707,-3.9694755,3.7260509,-3.4865847,-0.7689931,0.68501914,1.8941057,4.7062807,5.313321,1.2301469,-3.1919236,-7.657156,-8.12739,-13.856811,-10.484212,-0.14589047,5.1343217,4.3849435,-2.254123,-8.0286,-5.9505143,-6.304427,-8.846278,-5.7575474,-2.4145687,-3.6137056,-4.7964115,-1.366823,0.61557996,1.6389585,1.474422,-0.01952663,-0.814522,-6.3910027,-13.280096,-15.244494,-15.743914,-11.831303,-6.4290466,-5.972103,-6.176925,-2.9240324,-2.4446378,-13.621662,-9.837519,-13.366298,-16.670233,-12.705748,-9.770081,-6.4128656,0.6686549,1.9053895,-1.2154617,-1.606345,-1.880318,-5.651613,-0.4168427,2.167249,-2.7656217,-6.8882256,-12.080591,-11.897406,-8.902514,-3.8811524,-7.4339075,-2.7873316,-2.2175405,0.44179463,2.7565756,-3.3602512,-1.4588025,-5.2852125,-13.663712,-17.682034,-16.12732,-9.523093,-10.051059,-12.467159,-8.943695,-5.523052,-7.6081967,-14.542034,-15.999179,-13.2699,-12.651191,-14.897927,-22.729694,-14.946597,-4.7386947,-1.485735,-5.2492456,-3.607955,-2.9785957,-5.57472,-7.372804,-12.353331,-13.263392,-11.107684,-7.49463,-7.3803673,-6.616116,-6.7304287,-9.203468,-9.102248,-4.6462674,-7.560437,-11.865253,-16.009815,-10.899418,-1.7774749,0.61409193,-2.8804474,-2.515514,0.9989436,-1.1222969,1.2812768,1.8910282,-2.79203,-3.1954336,4.1840525,6.354487,-6.0344086,-14.413186,-11.418901,-9.724228,-4.6217046,-0.449352,0.84546995,0.05646217,-2.987585,-4.59873,-7.078684,-9.755096,-11.537783,-1.5171559,3.6657877,-1.4951283,-8.464298,-11.049589,-11.722364,-11.228306,-6.9835644,-7.446011,-18.73285,-23.275408,-14.355707,-11.258742,-13.003066,-12.779051,-8.831684,-0.077089906,-3.502716,-1.5468998,-2.318799,-7.019171,-3.288857,3.1612225,2.3843403,-4.4333916,-5.0111384,-6.4908376,-5.0111246,-0.99972963,0.4939952,-4.355571,-6.4179325,-6.9145827,-7.136746,-7.4268303,-2.8738544,-2.3809893,-6.0959215,-6.9514914,-2.3871522,-5.495796,2.7328527,17.57327,27.29198,19.327496,12.490433,13.492567,13.022327,9.814023,13.938368,14.316946,12.287074,16.074251,15.229367,13.120571,15.496964,12.594404,5.595351,2.487556,1.6810949,9.558603,16.258957,15.665313,17.716866,22.617691,19.570667,14.449797,2.3253896,-6.469626,-0.39214754,2.7860167,9.002935,6.781335,6.5706515,7.0197163,7.7690973,9.064848,6.0839243,0.7869274,-0.9286915,-1.3983531,-2.0201185,-0.8887658,3.2899597,11.549114,13.770408,17.550007,17.882887,22.33395,21.738062,13.9266815,8.042797,4.207981,9.797442,9.442076,10.103641,13.321344,12.38451,10.45905,7.5313187,6.1035256,8.898655,9.455623,11.253979,10.261927,9.282621,13.899316,14.945421,12.14585,12.510733,22.072819,21.794117,10.975494,2.769285,-8.096138,-10.3694,-5.7332773,-6.873859,-13.434031,-15.205696,-10.70806,-7.541741,-7.070052,-1.7977542,-2.1569247,-7.5996885,-4.504548,-4.3291492,-2.7983174,-0.5456835,-3.647724,-9.000904,-12.10415,-10.103137,-7.1915407,-4.579357,-5.803772,-9.2848015,-3.985008,-1.6238525,1.4051139,4.7959423,3.2450185,1.0902345,-0.94720453,-4.059721,-2.4816103,2.3555865,-2.9254925,-2.6283784,-6.391722,-6.117853,-10.380909,-16.387386,-19.080755,-22.313934,-13.9145355,-8.539221,-8.608013,-11.816992,-12.590023,-7.1508536,-4.5892253,-9.8509655,-11.456436,-11.631144,-3.5384402,-6.0883765,-4.8325047,-3.303108,-2.1929297,-9.412301,-5.7115955,0.03000021,6.9428244,6.1095557,2.4869685,-1.0459977,-5.9096403,-7.4338903,-5.427597,-6.981097,-5.8164845,-4.0330462,-4.9095497,-3.1037905,-1.217825,3.0829043,4.721821,-3.3894746,-2.4722054,0.6133629,1.9800036,6.7487774,10.765774,13.119916,16.457588,19.324867,22.51684,20.617504,18.54367,17.864388,18.853542,15.81662,15.100054,16.424446,19.018377,14.570177,11.439318,12.289976,12.934103,14.485798,10.907942,6.6828074,8.374668,12.6049185,11.412149,7.479638,11.406525,13.308466,10.623339,10.397462,15.091526,23.473846,27.384155,23.570702,16.928944,12.542346,8.979995,4.594636,3.8000827,5.8227215,4.5384703,7.172535,12.166983,11.467629,8.179735,7.986148,6.552535,4.108367,5.094017,11.621419,18.457695,22.32146,23.670216,23.5585,23.877277,26.47,28.533892,30.905655,31.635403,23.828163,20.8168,19.844488,16.168575,12.28866,12.818989,12.209398,14.825261,19.129412,25.5585,27.112135,23.42865,21.488901,14.036369,10.130522,6.271566,2.7881975,3.547775,2.5252848,-0.25369436,0.5519699,-2.4552293,-6.9211044,-5.2359934,-3.5859885,3.1857386,2.0387678,4.338335,7.4584208,6.6679087,1.6354613,-1.2513816,-1.9984087,-0.13826853,-1.2729429,-1.93418,-8.842392,-10.116376,-8.852304,-5.5056124,-1.6986252,-6.26877,-8.416296,-3.0010543,4.0562057,5.2342396,-7.5565023,-13.725426,-7.5258093,-1.4471893,-7.927556,-11.792362,-12.002586,-8.756659,-5.2481427,-7.999202,-10.424597,-5.044102,-0.41911304,-0.8463259,-1.1250204,2.5913138,1.6745892,1.2510254,-5.8584385,-3.8780086,1.7466855,-1.9430305,-1.6753032,-0.35638,-2.5879111,-1.3623915,-0.92347527,-0.44017065,-2.8572125,-5.359711,-7.058806,-4.763873,-8.084203,-4.9442163,-0.6933155,-0.1405862,-2.7912292,-2.8667731,-9.530849,-11.828091,-9.0685215,-2.8694205,2.179078,1.652623,3.6566129,6.40883,3.9956443,0.18199706,-2.3360028,-5.4317484,-6.486969,-3.0566888,-8.212952,-6.0425215,-1.3234783,-1.5323794,-2.5964756,-1.9228436,-4.8392344,-5.5460935,-3.3886352,0.0049761534,0.21623486,-1.0135783,-2.6663601,2.988292,-8.331013,-10.531434,-2.5653024,-0.060781047,-3.6161175,-4.0265584,-3.7154427,-2.5517783,-5.0748606,-4.9158683,-2.598655,-1.5864186,0.5363741,-3.8258862,-3.622791,-4.407605,-2.680211,-0.99730885,2.3288898,2.2985504,1.1755569,1.2681644,-6.462818,-8.461428,-9.699511,-9.657776,-5.9411006,4.6705256,6.547937,2.9092922,-4.79547,-10.781048,-12.978247,-10.521967,-13.040987,-10.772373,-10.178844,-13.140856,-7.37285,-7.4232454,-10.13877,-8.599002,-11.477831,-9.836781,-13.009184,-12.9426,-9.5869255,-7.017871,-7.1732817,-12.055302,-11.107141,-1.8234332,-6.115184,-9.69937,-5.0088925,-9.682747,-9.996792,-7.307027,-8.784172,-7.7397966,-7.917991,-11.729668,-9.080421,-1.6902744,-1.9996438,-7.9209824,-13.62288,-10.500371,-9.642302,-8.811014,-4.4335613,0.25347763,-3.5056343,-9.623961,-10.344143,-15.213787,-8.930136,-7.486374,-9.342108,-9.682491,-10.477143,-10.850437,-10.352377,-7.636784,-5.2388268,-12.023766,-13.636729,-10.869825,-10.646502,-7.72439,-5.412316,-7.3105745,-10.469519,-12.616352,-11.124296,-14.767894,-16.520279,-12.153961,-10.157709,-9.275715,-9.469673,-7.110512,-4.8800426,-2.1999707,0.11956163,-2.4134154,-5.263303,-3.5418804,-6.9364834,-5.2372255,-5.4921613,-9.014271,-8.325237,-3.9331348,-7.527614,-6.019329,-3.0736115,-0.5639316,-6.817525,-13.234583,-9.543001,-4.4577956,-5.616247,-1.5004468,-2.3723862,-8.312083,-9.238092,-9.211639,-6.6730566,-0.22088459,0.84469163,-1.685761,-2.4156349,-7.7179008,-8.160065,-9.449891,-3.488126,-0.85135144,0.57084274,-2.2329905,-11.923948,-10.148392,-10.9936075,-17.371199,-16.412493,-7.9504857,-1.0878543,0.43828514,-0.97006965,-5.5263386,-15.010062,-14.117638,-10.846613,-3.6318147,-3.3697124,-8.977604,-5.326152,-4.1435394,-2.0729728,-5.7407966,-11.257742,-10.231905,-8.546022,-8.1740675,-10.7459955,-19.378975,-24.043234,-22.85746,-20.112923,-20.361843,-14.843124,-13.137869,-6.299259,-3.3441234,-0.79077935,-3.3946667,-9.502513,-4.007006,-4.521554,-6.631146,-7.378331,-10.525946,-11.460709,-11.028787,-12.885918,-13.3119335,-15.665363,-13.248077,-6.090926,-4.123228,-9.450794,-11.040368,-7.2266526,4.888511,8.476946,3.7097335,0.0065892935,-5.903667,-3.0926223,-0.5825919,0.25410157,-0.97157884,5.284873,8.830974,5.702008,7.281332,4.078157,-1.1179439,-5.73841,1.0805626,2.196812,-4.1878743,-14.333801,-11.979702,-11.638275,-10.698947,0.34798098,-6.865733,-6.5026054,-3.159411,-2.612276,-2.589462,-3.0294342,-2.9383657,-6.1717567,-5.9483137,-0.8260277,-1.6660547,-0.04509449,0.13118227,-4.06021,-7.4888453,-7.9878254,-8.509271,-6.294766,-2.3095288,1.0813755,-2.5185752,-2.8081698,-2.2749605,2.1613855,4.087441,0.85341847,0.34244078,-2.0965285,-8.469656,-6.902538,-5.998619,-5.8321424,-8.966743,-6.4606395,-5.1099277,-5.9536514,-7.707342,-8.635799,-5.466971,-1.1496136,-0.93519133,-6.0566044,-5.890651,-4.5399055,-10.595015,-11.818916,-11.958395,-9.631393,-5.8950634,-6.2586946,-6.562312,-5.100093,-3.3083038,-6.077715,-5.2853513,-3.8896062,-5.3775096,-5.7807965,-1.3449132,-6.6198764,-6.174794,-7.018983,-10.675125,-1.4798858,4.602095,4.0960855,-3.1106486,-5.609516,-7.224066,-4.14499,-0.6263659,-0.4954396,-2.7609277,-0.56794435,1.6121852,1.0793284,-5.2910614,-5.488165,-8.86626,-10.75114,-12.034615,-15.785562,-8.194049,-2.2354856,3.1623502,-1.9517369,-4.619889,-5.074377,-8.471119,-4.44118,-2.164164,-7.8749385,-8.739239,-5.389399,-1.3103858,2.8254964,3.5917082,-0.6279697,-10.917574,-10.647503,-6.3394995,-9.118038,-11.305616,-9.978506,-8.438709,-4.022494,-2.843798,-1.34738,-4.801052,-10.886684,-10.925193,-9.139446,-5.8906274,-7.78075,-7.13235,-12.031677,-16.352888,-18.99124,-14.026818,-16.300959,-15.908242,-12.7351,-6.94457,-2.606533,1.969938,1.078994,-5.4905386,-9.956096,-14.549652,-14.260258,-13.9935465,-12.430051,-9.679061,-7.6926603,-5.8564796,-4.659216,-1.4587511,0.2379309,-2.3882236,-10.613671,-8.660737,-7.8491955,-10.709278,-11.119501,-9.826865,-6.3734455,-7.44686,-11.830303,-7.533739,-9.076879,-9.106625,-9.614925,-10.771215,-15.483219,-12.827455,-10.270411,-12.095028,-17.046694,-19.917358,-16.186716,-13.439585,-11.03561,-13.517711,-15.637682,-13.745277,-10.898304,-11.3153,-9.383758,-3.3936481,-1.158166,3.1860147,3.4507027,4.4677997,3.6472235,5.6858826,2.4470131,-2.2643309,-2.049564,-3.275598,-2.718891,0.15870976,-2.4577708,-5.2900167,-0.90429765,-2.6509578,-5.833906,-10.952469,-11.051334,-10.733,-14.569258,-15.534967,-17.8769,-16.239883,-13.333168,-17.55552,-15.4219,-6.846114,-11.111043,-14.105545,-13.975813,-11.139765,-11.407591,-9.013612,-10.780493,-5.445488,-6.748602,-2.9325368,-3.2835565,-3.9117956,-5.2796597,-2.1212566,-5.8953657,-10.54078,-14.836573,-18.95676,-8.278851,4.368766,0.22419226,-2.3825,-3.2615938,-1.5565964,4.636795,5.981551,3.385499,-2.126388,-2.6579213,-4.964401,-6.8455048,-3.7835274,0.72589326,5.542673,14.175598,14.243298,9.499981,7.4408026,4.486332,3.4636574,8.541706,3.5729952,-4.1829815,-1.461847,-4.200115,-6.7461023,0.18348372,5.9493027,7.028823,1.8239226,-2.0997045,-1.9826391,-0.07329357,3.6455607,7.3304367,11.5173855,11.288712,9.436212,6.460951,8.690344,14.936016,14.234806,8.865813,6.028759,11.0762005,9.811301,10.907277,11.87603,7.1877923,0.4032297,2.721833,1.6295043,5.980017,3.895778,-1.7945807,2.4774585,5.8019886,11.252408,13.95689,14.501887,8.851854,16.533882,17.810955,14.385696,11.126649,8.005648,9.261019,9.129597,7.1873946,7.741486,11.455271,11.251144,11.600281,16.80463,13.994999,5.5883207,1.5851362,4.4994125,7.85673,6.6067457,3.7892914,6.102667,4.283511,-3.542592,-6.808823,0.066589594,0.02443707,-2.5463855,0.51512265,-0.8014691,1.6840392,4.9312105,1.0417557,4.74245,2.6623783,3.8445444,1.4568624,-2.9233518,-1.7338017,-2.8224494,-4.991437,-2.5722804,-3.7250056,-6.109648,2.4019022,1.2047603,0.23580408,-3.0661108,-1.8017459,-1.9089139,-3.9229617,-4.2080975,-1.2116721,-6.9887676,-8.785822,-4.9339957,-6.749727,-7.6355824,-5.765017,-2.7563512,-5.3567743,-5.064725,-7.2857485,-9.358546,-6.112731,-2.4115083,-0.86183214,2.1267638,2.4530694,6.773514,-2.5721378,-6.363237,-2.4216244,-4.1773415,-8.235751,-9.08667,-7.09044,-7.6122856,-8.470804,-1.8942115,-3.3480244,-8.668259,-16.986385,-13.901726,-12.687436,-8.746963,0.5461667,2.421711,-1.9343964,-6.79136,-2.9193187,-0.38313293,0.6634241,6.1923327,8.958027,7.296878,10.667101,11.031546,6.875465,3.0030596,-1.7695262,-3.0788248,-8.036278,-2.937012,-2.4656472,-5.7118425,-5.1481524,-5.404912,-2.5684965,-0.87896514,4.380082,-1.3825475,-4.3675733,3.1442606,7.286248,9.908768,16.597855,23.91993,20.561878,21.816336,24.179873,21.858763,21.795052,23.142845,25.460184,25.166344,20.626616,18.945593,14.378239,20.029774,20.237328,16.309448,15.956753,16.538073,15.483339,14.632587,13.297276,9.030415,6.868048,7.18232,8.981439,9.892149,10.020233,9.330538,16.973297,22.48015,6.872285,-2.130029,-1.9171145,2.8740602,1.5740482,-5.441658,-5.094199,-3.097341,-2.7778974,-5.2147017,-7.44805,-10.548352,-8.052518,-8.589483,-7.462302,-5.8766613,8.0092945,20.430183,21.995094,14.166391,6.7271748,11.636204,14.800326,9.400421,10.413821,15.38117,20.545849,12.928006,9.835638,6.6327415,6.3966627,3.5063307,-3.7253294,-5.789605,-5.4546328,5.011154,6.5212164,8.740173,13.931642,19.750925,14.797039,15.865774,10.849537,7.390926,3.2329912,1.8249116,-6.2604227,-7.4400864,-5.2640495,1.7326492,0.70265526,1.1112401,-1.904339,-3.5578964,1.7635794,3.4817007,0.9935825,-2.1484118,0.40951565,-2.230362,-9.077695,-9.299339,-3.3891773,-7.0965486,-8.470499,-3.0399852,3.0673811,2.5876508,-2.2832618,-4.833912,-7.1376004,-3.681118,1.2312326,4.050359,3.6572385,4.3091774,9.71125,12.522148,12.746047,9.306995,6.0111494,5.148602,3.544526,1.3338802,-1.8233469,-4.464815,-0.55586714,2.532037,-0.7597465,1.7124159,3.8925722,7.3355036,7.9641523,7.457349,9.019861,6.544858,1.9213185,3.0109706,1.0408429,3.162528,1.1966891,-1.2169921,-1.2518021,-3.2695746,0.5620711,-1.5348473,-2.4000027,0.040857673,2.2425945,6.5899544,3.0581548,-0.884616,2.5565176,2.1173697,3.559785,5.1464815,6.4629087,3.530643,3.3022628,1.0248499,2.2500877,-0.3334397,0.30255914,1.4980245,-1.0103326,-4.9352684,-2.4380858,-6.3556128,-2.1858792,3.5929098,1.3656793,-1.5611087,-0.05272007,3.1951945,2.1587937,0.91050327,2.9828033,3.912496,3.5772398,2.977666,6.5024586,6.2422614,9.3570385,9.587716,5.133501,1.6603949,0.59072876,1.2320228,4.0052357,1.5665691,2.6184695,2.3755898,1.9560996,2.1433208,-0.3627689,5.852886,7.031234,7.327482,5.9130497,5.6395726,3.7513478,0.5247897,5.2698135,3.553415,-0.552372,1.7278768,-0.90183735,-2.9623423,-4.2390156,-1.690251,-3.008946,-1.1715972,-1.6348025,0.76229775,1.5926881,-1.5031726,-6.0322285,-1.5733547,7.375365,1.6301137,-1.5062983,-4.457434,-3.9071336,-3.2776747,1.7339041,1.3333625,0.5173861,0.06849611,7.762157,0.24646091,-3.2918863,-2.0696282,-5.0952272,-1.3433332,2.0395045,1.9784895,2.800764,5.0444365,0.4714324,-7.953416,-8.839158,-0.2582698,2.262144,-5.520336,-11.052937,-11.316986,-8.335988,-10.05715,-10.485428,-9.223364,-8.951329,-9.473383,-11.153589,-8.057379,-2.7880404,0.95766854,-5.519976,-6.242677,4.2059245,1.9010181,-4.8815618,-2.1784236,1.6164834,-5.926592,-6.2336826,-6.0210733,-5.800727,-7.3377113,-6.768089,-7.0626364,-11.0158205,-2.1324172,1.9416409,6.1371164,6.8404408,0.43764976,-8.709301,-9.172424,-5.8543587,-7.393777,-4.5635233,-3.767205,-5.2183914,-6.2272353,-8.662963,-9.00428,-9.594461,-11.537346,-12.149433,-13.095998,-7.363119,-10.13191,-13.0303955,-10.077187,-5.4073887,-3.4688404,-5.7974024,1.1810795,4.96939,0.7064296,3.6007273,3.6206794,-0.80219984,-5.8141556,-7.67085,-11.631296,-13.2249975,-17.260437,-21.16441,-13.229488,-7.712884,-6.701276,-2.8558624,-3.2477286,-5.8617845,-6.770635,-9.740165,-9.3985405,-10.953047,-12.493631,-12.858229,-9.495685,-8.522219,-11.539391,-4.9359045,-5.380165,-2.8066316,1.9092044,-4.480494,-7.665146,-5.3009634,-6.6421003,-9.290794,-5.8063636,-3.214091,-3.846274,0.03151437,0.23095882,-4.6537514,-4.9934144,-6.3866186,-5.674106,-7.827358,-9.794944,-11.316864,-10.072655,-5.823253,-2.0443554,-4.2742386,-3.7698221,-3.2398577,0.16784549,-1.3982214,-2.173068,0.9824017,0.91231084,-2.1391573,-4.9653482,-5.5231376,-4.9321184,-3.5944693,-5.287238,-5.9100924,0.0031514764,3.5008855,0.6562523,-0.3763414,-1.8677745,-0.5579978,0.4460708,1.0863466,-1.2297289,-2.9617505,-1.992439,0.060094297,-2.4501233,-1.1561543,1.3705211,2.3862643,2.2006466,1.7194257,1.5469868,1.9966302,6.1024203,11.483722,8.949698,7.898085,3.003562,1.6702945,1.0145929,-1.8377253,-3.1298156,-2.8017948,1.4548643,-3.6385303,-3.1054313,-4.6164665,-5.950323,-2.7819085,-2.7249045,-5.769866,-11.778394,-8.449127,-3.0116005,-1.0349383,-1.7487822,-1.1926258,-0.20975041,4.713749,7.942698,4.479649,6.230196,5.6368523,6.915655,7.1752377,2.6681123,2.7561104,-1.0419688,-3.3237307,3.5384889,1.5119805,-1.310557,-0.20568407,2.4137182,7.5908113,6.0373917,0.73523533,-0.040061295,-2.0051708,0.9001927,6.115609,6.364702,5.256713,5.3539104,6.4689374,6.841856,6.8831644,6.12505,4.0435696,5.82701,4.6156077,6.0188494,5.8465166,5.754242,5.6028476,5.784292,5.6957293,6.9872713,6.025494,6.140457,6.1741195,6.5717063,6.686961,6.859687,6.4774165,6.11289,6.0499,6.5824647,7.046975,5.6365175,5.539133,5.6648765,4.566696,4.5501194,4.840129,4.9764376,4.544142,4.414221,3.915283,4.5403576,3.931234,3.8593822,3.4341767,3.737136,2.808175,1.7014414,1.6652634,0.83398867,2.9825358,4.178431,4.7674155,4.008369,3.036386,3.354678,2.9396873,4.2714396,4.8667116,4.558774,3.6861305,3.1905127,2.281998,3.858635,4.161337,3.5184417,2.7732613,2.4157538,3.3978271,3.5882773,3.9579742,4.5976615,3.5636091,2.900869,4.264986,4.3521194,4.2924676,3.5624712,3.7010775,3.518937,3.5819652,3.85307,3.9870057,3.8571815,3.636611,3.806707,3.5264966,4.052725,3.725266,3.487513,3.6225746,3.6801186,3.2963727,3.2547684,3.2948127,3.7133703,3.5581362,3.7736135,4.1761,3.855357,3.877543,3.0665097,2.9593,3.3725185,3.8879728,4.3196325,3.2373168,2.986531,3.2953248,3.2369447,3.290156,3.0901294,3.0239086,2.5994983,2.7761612,3.4406123,3.36289,3.280266,3.013999,2.744913,2.6620364,2.5374093,2.631079,2.5385242,2.4494638,2.4241047,2.408937,2.4363165,2.4911637,2.410688,2.306086,2.2791479,2.2914271,2.204492,2.2505412,2.1178787,2.0827544,2.0511165,2.0000246,2.0100067,1.8395112,1.9471586,1.8338242,1.7755631,1.7496277,1.6013411,1.6739317,1.4748445,1.5204821,1.4222703,1.2690974,1.3590631,1.0658197,1.0323716,0.7860155,0.76239234,0.635065,0.23943454,0.10087559,0.0,0.0,0.0,0.0,0.0,0.0,0.0,0.0,0.0,0.0,0.0,0.0,0.0,0.0,0.0,0.0,0.0,0.0,0.0,0.0,0.0,0.0,0.0,0.0,0.0,0.0,0.0,0.0,0.0,0.0,0.0,0.0,0.0,0.0,0.0,0.0,0.002401978,0.0,0.0,0.0,0.0,0.0,0.0,0.0,0.0,0.0,0.0,0.0,0.0,0.0,0.0,0.0,0.0,0.0,0.0,0.0,0.0,0.0,0.0,0.0,0.0,0.0,0.0,0.0,0.0,0.0,0.0,0.0,0.0,0.0,0.0,0.0,0.0,0.0,0.0,0.0,0.0,0.0,0.0,0.0
0.0,0.0,0.0,0.0,0.0,3.094245,4.020723,1.8999213,0.79595846,1.9700588,1.1304708,0.786061,-0.64699674,0.81420445,3.0904639,4.7191496,3.4576964,2.7306373,2.013462,2.4639072,5.08157,4.848204,0.88037825,1.8065414,2.9405706,2.7367663,3.1297157,4.2659793,2.3767533,4.3224325,3.851611,4.6072206,6.3706527,4.2167478,0.40864587,1.6933675,-0.9748237,2.4400187,6.5714245,2.6642773,-1.1055136,2.1759067,-1.0322639,-2.6617494,-1.2448999,1.7610164,0.73962593,-6.2941613,-10.690465,-9.360394,-10.783719,-9.797686,-5.764855,2.3890753,2.0912583,1.6966134,1.2800136,-2.22502,-2.1215599,1.3591056,5.800287,0.32624003,-3.0279226,-0.7309223,5.232609,4.030326,2.0843775,2.0952382,2.9543972,4.564242,2.9064927,-0.8408072,-6.2291775,-6.573943,-1.1928966,3.6259997,-1.4179338,-2.1190572,-3.282699,-6.606674,-5.7942286,-6.7477,-4.045972,-7.6814203,-11.229975,-6.8654675,-3.2347817,-4.7145977,-6.61047,-6.8605976,-6.0030546,-7.001204,-5.45917,-1.9430845,-1.8562943,-0.28285873,-2.446098,-6.1237106,-6.17295,-5.852315,-7.7062507,-11.513226,-13.090698,-11.277462,-8.24449,-6.4718122,-6.5418267,-6.9894156,-3.612361,-0.09373462,-0.2692048,0.80523396,-0.5586498,-0.4763914,3.5070066,2.6359563,5.535299,3.9704814,0.7814693,-1.431261,-3.2726812,2.316595,7.879649,4.176831,2.9163363,8.043468,7.1794662,-0.5631846,2.7444153,4.5887403,4.5995274,8.017608,7.730886,1.2341759,2.7764993,2.050002,0.9181969,5.341407,5.985117,4.841506,2.4909241,3.0351548,-0.16607042,-0.49122968,3.3502836,1.0512714,1.728909,0.25903323,1.6686816,1.304086,-2.4645047,-4.6684804,-0.004524708,-8.363877,-10.71907,-6.4350824,6.2610674,16.21309,23.236744,10.831757,5.853592,19.422379,14.392969,17.904358,19.010624,15.1156645,24.49664,27.166382,17.45081,25.69964,27.375788,18.571838,19.240051,19.868439,5.7455482,6.916481,15.916949,12.489771,7.6523685,9.557503,11.341555,6.65145,6.726715,12.759238,1.6547983,-2.715808,3.0789204,1.053855,-5.6038156,-2.3403423,-0.24104178,-2.3622844,-3.8026335,-6.6083283,-8.440262,-6.473722,-5.712405,-8.670618,-6.8194895,-8.299918,-8.497572,-11.004529,-8.561683,-4.7435193,-5.172116,-6.5057354,-8.889953,-3.954871,-5.1423397,-7.1291256,-7.339937,-6.960738,-8.939,-9.798765,-7.798462,-6.5050755,-3.397528,1.5702622,-1.4554443,-2.7715125,-2.7432232,0.8661453,-4.155504,-5.489168,1.9836682,2.7485008,-1.8439333,-5.3907747,2.321313,5.4901958,2.8315873,3.6067843,4.5128107,5.3184624,3.3125896,4.0767555,6.7820826,3.5052576,1.4062757,2.1033006,2.451252,1.1660326,3.1960907,5.344187,2.9203863,0.21993095,1.1622968,0.73498863,0.7084017,3.02594,4.063869,-2.6211495,-3.2865744,-4.084523,-1.48719,-5.7688217,-6.23748,-5.0003595,-0.37652028,-1.6701329,1.1353673,1.0032295,-3.9197018,-6.668579,-4.173253,-4.4625883,-8.764305,-6.851388,-6.8723154,-6.2379627,-4.2873125,-2.7513607,-3.699737,-4.9597845,-6.636199,-8.294086,-12.25575,-9.734273,-9.421886,-6.806859,-9.819492,-10.098375,-10.309448,-8.442393,-7.392591,-4.3606706,-4.137468,-8.964343,-9.329169,-10.734097,-4.4604816,-8.480727,-5.9421344,-8.204084,-12.159328,-6.9893327,-2.9016623,-8.182865,-3.5161633,-4.596928,-10.839374,-10.523056,-12.95705,-12.137032,-9.42621,-14.072411,-11.569344,-4.922349,-8.815199,-6.291495,-3.6591632,-10.614508,-7.5292645,-6.5522146,-10.676882,-3.2996798,-1.6020839,-12.386122,-2.476496,4.071679,1.9354496,6.468855,8.553126,4.550311,10.506387,14.222101,9.052847,14.998009,17.462366,12.062874,17.501984,21.424496,11.35652,15.800199,28.48853,19.639034,17.438807,23.772085,17.978687,18.548283,24.025326,18.967806,14.019708,17.819702,17.225891,10.632839,13.667785,15.334611,11.071489,1.0313348,1.8633122,-3.504686,-12.651446,-8.249921,-9.585213,-12.259525,-15.673628,-15.995758,-22.33649,-20.409763,-15.011127,-15.184767,-17.891155,-9.428736,-5.7522945,-2.6282513,6.250417,14.557306,13.305921,10.734329,18.071373,21.020187,18.244083,12.618073,10.729975,7.853009,9.959723,9.689744,3.3013837,6.0924544,11.547585,11.768923,4.943653,5.5586796,6.846394,10.193254,7.544484,8.196077,7.86655,8.819208,7.5049043,8.080758,7.649625,8.488571,5.127571,5.6761484,2.8964088,4.0189085,7.6391163,9.22682,7.8615055,4.9347467,2.5350041,6.479923,9.005931,3.842856,0.7334554,5.447535,6.6712503,-0.1645371,2.862728,10.118486,6.955125,5.4924803,6.745265,2.3193707,1.7194126,4.109574,4.7742996,3.5001783,-1.2880089,3.6639786,5.6252327,5.4954796,12.255634,18.072437,14.85481,12.470926,11.25989,10.736459,8.40679,3.6434908,5.557465,6.5066276,4.3942766,3.2436748,7.098821,7.614995,2.930291,6.238368,6.9428225,3.6038833,7.3651114,7.532779,5.445982,5.199673,2.3699193,0.2595787,5.806142,8.960094,11.057817,5.970143,6.192638,9.156195,4.626222,7.944442,12.094593,8.465469,2.4911764,1.9755678,0.618513,-4.227089,-5.70035,-0.15717208,-0.24632764,-5.8354263,-7.016898,-6.523611,-4.084129,-2.2321577,-7.26394,-7.0237236,-2.6650372,-0.3942594,3.917268,1.3968459,-1.5813205,-6.7452164,-3.8879237,-2.3195572,-3.1632605,-5.067509,-10.534012,-6.392174,-5.6952085,-6.9313145,-4.6446843,-4.6847334,-7.39099,-5.196269,-1.5924041,-2.2653735,-4.9610023,-4.6263676,-5.333634,-3.6425855,-5.2815523,-6.3214946,-6.3252707,-8.137465,-11.419996,-6.5286627,-6.599409,-6.270108,-5.4000597,-6.2762537,-5.3743153,-4.867955,-5.509907,-4.2127867,0.13353062,-3.4037,-4.9339027,-2.1795628,-2.7202418,-2.541356,-1.7297878,-1.5210358,2.4761324,3.1136775,0.13168648,4.62288,8.424837,4.779204,5.8907204,6.185518,3.357063,-1.1167452,-1.9171916,2.4044113,1.5251551,-0.83455306,-1.3839028,-3.0297103,2.554482,3.8519945,-1.1157303,-4.72744,-3.4314234,-2.8981876,-5.33621,-6.804466,-8.730471,-10.824016,-8.0960455,-9.803831,-7.2669044,-2.559525,-4.663392,-6.7084465,-6.37244,-4.7475452,-2.9005325,-3.3738513,1.894125,4.381608,1.2118046,0.37330422,5.46894,2.9948099,-1.1795626,-5.974061,-5.458042,-3.5354853,-1.8293891,-1.8773082,-8.069624,-7.399194,-5.9336996,-7.6861944,-6.026594,-3.8043563,-5.305305,-2.379413,-1.9363317,-0.06423521,-0.8280215,-2.7345908,-0.957489,0.9493242,-2.7890735,-2.7759972,0.6156844,1.9850473,2.9862108,1.244277,-1.157919,-0.16619597,3.6834056,10.159262,2.3927584,-12.220295,-11.761572,-15.163837,-13.267651,-12.982269,-11.977354,-10.920259,-7.236526,-9.108096,-11.1362,-10.66049,-8.890227,-9.618629,-13.942102,-14.401683,-12.002186,-11.387629,-9.0564,-8.409063,-5.918667,-4.516033,-0.50926656,2.151393,7.1832476,1.678981,0.0032539666,0.8878441,2.3463678,-1.3993907,-3.630529,-5.091504,-4.8110046,-7.6026616,-6.247028,-4.9519234,-1.7625227,-10.173942,-5.5557837,-3.3201241,-2.9970975,-4.4240313,1.8304379,3.5918546,4.2320137,-3.2555156,-7.7327886,-4.9345665,-6.424054,-5.0029335,-3.3638585,-6.0241294,-10.846673,-16.662586,-14.996627,-9.423981,-5.4070616,-5.0109386,-1.9311637,2.7085466,0.9156542,-2.7797546,-1.6126242,-0.18633074,1.6287473,-1.6014439,-2.0224805,0.5833777,3.8367612,3.0318847,-0.6550299,1.9533687,2.8277318,-1.3141083,-3.3845067,1.2912066,-4.0413303,-7.305746,-5.149853,-8.447888,-7.3872375,-8.542339,-6.1603823,-3.1391263,0.8966538,0.42435312,-0.77255774,-3.7343185,-2.71222,-4.209504,-5.6544976,-5.411005,-1.4541125,-0.74232286,-0.80435526,-0.1684742,-2.1603627,-1.7488832,-2.3004458,-1.049895,-2.4069066,-6.6572614,-12.5072975,-17.077244,-16.610096,-18.892511,-15.323,-15.465211,-12.834151,-7.859083,-6.4885173,-9.333633,-10.904937,-11.427042,-7.1146603,-6.9168205,-4.159713,-3.6252546,-0.3928314,4.779649,1.9192426,-0.76822954,-1.2176661,0.34353745,3.0986323,0.7852931,0.2895186,-1.3489852,-0.68952715,1.1849004,0.49063012,4.714034,13.150831,13.218767,12.360332,8.667408,5.5366726,5.1346035,1.666459,0.91103995,-1.7867445,1.5933604,8.140926,12.040741,7.703318,4.913316,4.245733,2.9428055,1.5401659,3.6473968,5.5594444,1.654005,-3.1673615,-8.678492,-10.562512,-8.958519,-5.4734497,-3.2910721,-3.7944486,-5.626933,-2.808587,2.0384066,2.2951455,-3.570936,-10.207941,-10.992109,-6.460929,-0.95628774,-2.8565605,-0.9979385,-0.66799617,-7.378311,-11.484209,-9.552092,-8.761686,-7.4829307,-6.625801,-1.5047283,-4.0331326,-7.0931726,-5.7616587,-8.753895,-9.505066,-7.09314,-2.43136,0.7528784,0.17115378,0.9621619,0.66115403,-2.0817792,0.555761,-4.653789,-5.7290087,-0.8567302,-3.4374871,-2.6808476,-5.080065,-4.507379,-4.5207405,-8.006084,-8.451414,-2.5045097,-4.6104817,-6.4194365,-4.485838,-9.436763,-7.0966015,-7.0748544,-6.0378556,-7.481348,-6.4071846,-3.0940762,-6.5701613,-8.743089,-5.1895666,-6.5138187,-7.474489,-6.3938622,-7.180818,-6.948005,-4.4199204,-1.8810358,-7.0663385,-8.790646,-9.269897,-10.86694,-9.761236,-6.716198,-4.2867303,-9.487541,-14.124556,-12.691543,-8.585352,-9.461571,-6.9882936,-2.103446,-1.3644232,-7.7538114,-11.780764,-12.475872,-10.5086155,-13.0374975,-11.680006,-8.560048,-11.520182,-10.732668,-9.082286,-6.2174153,-9.183451,-9.255187,-10.403242,-5.9179535,0.9079522,0.012374878,-8.56476,-13.238387,-11.628208,-8.7690525,-2.0405025,-2.983365,-4.990056,3.168269,0.47818816,-1.1874199,2.8118012,7.779217,18.842487,17.940357,15.692778,20.563307,24.39963,16.653551,4.635544,2.0027804,-1.5360367,0.25113207,-0.53979695,-5.7591047,-9.17952,-10.425331,-6.9221506,-13.372814,-3.840281,3.4012492,-0.8383665,3.4832213,12.62538,11.651604,6.1923895,-3.8139992,-5.247697,-10.534218,-17.412298,-11.83901,-9.2279415,-3.7759595,0.3013858,2.4491117,0.7522938,-3.3846078,-8.399723,-9.589006,-6.9141064,-5.0370574,-7.7432795,-5.048355,-8.269887,-12.44644,-4.7209034,-4.4734874,-2.3078218,-1.0949425,-1.633994,-3.7594814,-6.166466,-3.7644994,-4.34929,-3.7950492,-0.36640465,-7.1790776,-8.104654,-7.798462,-7.7043924,-6.351826,-3.9562063,-2.8620656,-1.5630722,-4.019069,-1.711963,-3.0215826,-4.205554,-4.5416737,-2.6952047,0.90017676,-1.5479261,-1.2418032,-3.8480136,-7.928426,-2.5729685,0.3962304,-0.8252839,-4.765753,-4.4281464,-2.6507251,-6.3072577,-11.852072,-13.300533,-12.787142,-11.931013,-14.687241,-12.069591,-7.079421,-3.1927361,-1.2456411,-1.9439523,-7.8086624,-13.779331,-8.161737,-4.087288,-3.5393496,-0.41143203,-2.038468,-9.439232,-12.284016,-13.930824,-17.052057,-12.45776,-7.1980343,-3.6578648,-1.468695,-0.38654864,-2.2493815,-0.17266442,-2.6830966,-2.753952,3.6198533,4.10875,5.5283175,5.2293777,-2.005238,-3.30132,-5.9778805,-1.0157096,4.2338266,0.21333522,-3.1437356,-8.253321,-13.6031475,-10.984627,-7.0294833,-5.38002,-9.305342,-8.122876,-3.526802,2.5221858,2.3669398,1.4435244,-0.37512594,-6.5538235,-10.149206,-8.718846,-7.7918983,-6.023785,-9.007097,-7.7716165,-10.738011,-11.691862,-7.4640427,-5.005785,-6.9220963,-5.7143445,1.7023542,8.517961,4.426758,-2.2083232,-2.367982,-1.2037241,-0.62899387,-2.358724,-4.6672945,-6.320238,-4.0300727,-7.1209774,-10.396406,-5.0309787,-3.9379058,0.83101696,-2.7120795,-1.8848242,-2.0185738,-0.8801442,-0.83957577,-0.34809744,-1.3915943,6.821854,1.5477223,-5.7870507,-6.5007467,-3.370462,3.9301927,4.733514,5.750432,4.375714,4.7285023,-0.838465,-7.3328276,-7.198449,-5.6478944,-0.3454095,0.5128474,-4.4485893,-2.0948637,-2.0728748,-7.6833363,-3.3239734,-4.320608,-9.354904,-12.763372,-7.7334,-9.170494,-8.850422,-6.5568657,-8.026272,-7.8434587,-1.663316,-3.2748528,-5.765205,-8.22066,-5.847282,-9.578957,-3.983251,-1.253571,-2.4939103,-1.5161726,-0.5241578,-3.8605328,4.3695474,6.5075207,5.629572,0.21743512,-0.44422916,-0.5839297,-0.7132381,-0.03026107,2.2321637,7.324666,7.85076,7.709237,5.6680684,2.4393487,1.7243707,3.4150233,0.93661547,-2.5283637,-5.60912,-10.053924,-7.750723,-8.359334,-6.3268223,-6.087345,-4.177472,-10.196758,-12.235069,-9.844147,-7.786912,-5.456582,-6.7175493,-9.822058,-3.3268416,-4.049757,-2.2398682,-0.23739895,-2.9379091,-1.8951337,0.4675815,3.1270027,1.8670596,2.265576,2.1298518,-2.5744183,-3.288294,-2.8666546,3.933782,6.448935,5.5552225,5.4601827,6.8832083,2.8828802,10.756114,13.70438,7.272761,9.971277,8.063391,1.267354,-3.529347,3.8619683,0.6138632,0.5653312,6.8836803,4.521616,3.3923943,0.21224865,0.7856913,4.5175114,5.0672398,-2.9679868,0.36412475,4.452229,10.439119,13.642632,12.279066,13.242586,12.01993,14.507048,13.26979,12.150956,14.181005,10.71405,11.9638405,21.959024,23.05267,18.72864,17.392715,20.821064,22.85597,20.298199,22.534801,21.033224,8.986867,9.910545,17.297173,15.3137455,19.578886,20.15044,14.606707,17.322208,18.41182,14.344299,7.7101345,5.6953073,7.4486146,10.44472,10.409214,8.240171,12.6814,19.476437,22.000814,20.62635,24.316692,26.158598,29.33998,28.157501,25.289204,24.105103,18.711754,18.972017,21.023018,23.388836,27.771,30.235153,35.262016,33.046158,30.577553,25.493202,13.530433,11.129911,13.251592,7.760573,14.613277,14.163837,11.089607,13.828033,13.7271,12.676473,15.657249,18.157747,11.399128,3.992629,8.742173,12.6790085,12.881556,15.743152,13.476616,11.837143,14.099022,12.817701,11.839996,14.334179,9.951881,4.4495525,2.3549626,3.3986754,8.224993,-1.4237145,-1.1888561,3.0161667,-3.0510824,-7.266018,-2.0289004,0.24709865,-1.7091312,-0.02559185,1.8599491,7.128292,2.982603,-2.2248068,1.4947045,3.8245573,4.0889006,11.306051,6.592856,4.2865834,3.7735794,3.6160588,0.5808131,1.104553,-1.6698105,2.123242,2.2003913,2.5744045,3.242541,5.8426924,14.901978,12.997845,9.235491,3.7090027,1.3660512,2.2177062,-0.42956543,-7.2539926,-6.4740486,-3.3820205,-0.09284854,-1.8360845,-4.0214763,-10.803741,-14.300507,-12.669748,-4.6828628,-3.7878265,-0.605208,5.3337197,10.26305,20.336496,21.844004,13.885257,18.891895,18.313427,16.219591,20.742825,16.480968,18.21763,9.641376,3.642887,-2.977612,-5.761729,-1.0351751,2.6152306,-0.3085683,-2.82679,3.1087055,12.974578,14.778769,12.2304535,13.716974,13.211042,9.841707,6.5881205,-1.5923095,-1.4501545,3.7617335,11.177681,18.290245,16.40668,14.029962,11.581627,7.827921,13.643514,12.828983,10.172361,19.619305,20.87171,9.126038,5.594302,12.188095,15.148215,11.298489,12.878693,16.024809,14.850968,8.878271,5.3293333,3.2449253,-0.19667274,-10.402689,-13.833824,-9.738405,0.34915078,11.224129,18.04801,13.147583,12.602611,18.437399,14.019636,7.443187,0.96408945,0.8692184,5.47452,6.352746,4.663307,9.131701,8.595803,10.619188,7.587968,6.573036,7.977444,6.5178814,11.947698,17.240593,16.829725,13.523142,7.610491,0.1960839,-0.46357572,-0.46754602,9.352285,8.652142,9.615192,6.6017103,1.6093247,0.55965614,4.7625313,9.673918,7.782854,10.320086,16.008003,15.664632,16.924122,11.724899,15.536428,14.012864,13.65318,21.252762,18.659462,15.293015,20.323172,21.704407,10.636264,5.331415,9.464477,10.642362,11.243248,11.346039,7.042163,4.257921,1.1465797,3.3215885,8.294278,9.399578,10.539458,10.658187,6.107352,3.7771628,1.8845344,0.21168381,-0.757042,-2.463571,2.73968,9.929501,18.215199,17.745396,13.376117,17.133331,18.679935,17.482502,20.082846,23.958683,20.58861,25.694872,26.972565,16.673538,11.012117,5.7452664,4.9820166,7.929388,0.66295266,0.2905044,3.6237276,5.759081,11.539532,12.827465,9.965328,7.557337,1.1385087,-4.03668,-0.9071381,6.06262,2.9412038,-3.8705525,-4.2209864,-0.61022466,5.6235332,3.4141366,0.87253433,2.8919048,6.3358145,6.88036,6.0031857,11.628634,6.734182,0.8628253,4.339039,5.830581,7.288889,1.6861775,-4.3486876,-3.5065405,-1.5161414,5.181951,5.013513,3.7419024,8.080944,9.694849,14.156609,10.967469,8.939042,8.08484,5.869679,-1.8481172,-4.7088184,1.004375,-1.8114574,-0.12520683,3.0008388,-1.1943295,-4.9930034,-1.2388855,-4.678013,1.7563295,0.84103274,4.631116,9.1223545,8.098549,7.0197463,6.3596687,1.0390048,0.7371701,5.141177,5.603907,3.6483145,2.18226,2.8095036,1.3145427,3.1579697,3.967808,7.170433,8.327722,7.596073,9.950568,10.348612,3.9140618,8.161627,6.602072,-0.02935198,2.028085,1.6013441,-1.421621,0.9550963,2.5242662,3.2275486,1.5694978,0.41213328,-3.4452705,-1.9170276,0.7668261,2.942236,1.0902385,2.9393148,4.4945736,1.973216,1.6912711,0.7057371,-2.8782868,-4.620491,-2.6596441,-7.991147,-10.231094,-11.662966,-6.8487916,-5.5707865,-5.562647,-0.25046226,-0.50944245,-4.3299026,-2.5598347,-7.3731403,-5.5103683,-5.696126,-5.388081,-4.9982505,-7.295538,-11.874037,-14.990227,-5.3756285,-1.46055,-3.439395,-2.2805893,-1.0353954,-6.876973,-9.951504,-7.2590714,-5.327577,-5.2619147,-6.0564327,-5.4460716,-3.1616368,-2.6045659,-1.2003644,-1.8754972,-2.9258096,-0.6558324,0.40479732,-2.2571099,-4.226981,-3.5721183,1.3124975,-1.7327552,0.528033,3.8592296,-1.2974201,-2.495964,-2.7193532,-3.9598122,-4.3351583,-4.112435,-0.16788507,0.70165175,-0.15056896,-4.210637,-3.969872,-8.864823,-7.9492645,-3.763795,-4.8486066,-2.7258801,-7.3471155,-6.352798,-5.4120755,-6.9764304,-3.2594047,-2.388175,-3.7197568,-4.392635,-5.3505054,-10.360088,-12.792688,-7.361401,-11.639179,-10.155209,-5.349036,-9.297091,-9.981039,-11.241442,-10.2297535,-4.6656795,0.26808566,-0.283196,2.1333055,-2.6764889,-0.4377575,2.478526,2.2168827,0.9936683,-1.7421038,0.84658897,1.3316009,2.0382853,5.0859785,5.6515517,5.50633,3.4126472,-2.7714245,-3.8688822,1.6814461,1.0199335,-0.8320385,2.7009494,4.0979443,0.675292,14.077852,15.352652,9.299027,7.1079044,2.9892144,1.8918238,3.0334322,1.9513003,-2.2664905,4.0658865,6.8034964,-1.5552218,-3.6429105,-5.2581253,-5.2148085,-1.8082733,-1.031516,-3.3217824,-4.7497835,-3.7273593,-3.1954398,-8.483107,-5.800024,-3.5153115,-4.8582525,-3.6175764,-2.1022816,-3.2428966,-1.2497442,-1.0602186,-3.081302,-5.8859177,-6.5714064,-3.899607,-3.0751243,-4.0255823,-1.4986893,-1.4864403,-3.6382422,-6.7579446,-4.931508,-5.8336105,-7.973984,-4.772846,0.004208982,5.6299925,9.135493,3.4379802,1.2334368,9.189262,5.560438,1.6965551,-1.2071257,5.7434444,4.1245966,2.8298783,7.855267,11.663086,14.323202,19.72826,20.239056,17.962795,11.900549,7.8367214,2.417367,-0.48534724,2.1199336,3.9992843,-2.312399,-4.6503596,-4.530435,-5.023879,2.5408802,-3.1303186,-2.704126,-0.81233793,7.169141,8.795652,7.1384068,10.842997,13.184069,16.86814,14.798004,10.836216,13.558688,14.035612,10.481926,4.7054687,0.15781727,-2.3995802,-0.3643985,0.5688871,2.873021,0.3130014,-0.5025716,-1.2940822,-0.2874731,0.07637358,-0.16563141,6.624142,10.572272,8.61851,7.213721,2.8638442,-2.2168677,0.15502322,1.2872229,-3.489416,0.00035339594,5.907346,-1.1244683,-5.544533,0.7249943,3.7619438,-2.0356045,0.40992665,2.5960724,3.3031657,2.791687,1.7956189,-5.778385,-5.5079885,-4.913994,-9.464247,-10.775789,-5.271707,3.4248853,-2.066856,-2.4811292,-1.133193,0.2688805,1.1010628,-1.3308681,-4.683859,-3.6513197,4.590744,6.158023,5.7389565,0.5782372,-2.312709,-2.6991532,-0.23206472,-1.5087143,-0.6558775,-1.4868275,-7.764064,-8.501199,-4.496664,2.7510364,-2.6081145,-4.322295,-0.18046957,3.3198051,12.747437,13.123584,10.552443,14.9760685,15.950683,14.083998,9.996948,7.587377,2.9048278,2.6094062,5.9110694,4.377909,-5.7120075,-7.194641,-6.5654187,-8.824395,-9.040978,-11.264139,-8.609606,-3.8626866,-1.638368,0.6889247,7.0720234,8.3609085,5.2621765,2.9905434,9.1362095,4.2657022,-0.3672222,-4.8486166,-3.2048402,-0.97342527,-2.5176406,-3.2384114,-4.978546,-5.7024326,-5.8017244,-3.1950493,-4.7944355,-1.6654656,1.3833883,-5.642794,-8.017201,-4.5242624,6.3777666,12.130436,10.078732,2.9348574,-0.26581782,-3.358018,-3.9075413,-3.006979,-3.3548741,-4.9320946,-4.90774,-6.57753,-4.834339,2.2030556,7.773082,7.8630905,-2.3600273,-2.8523245,0.25094318,-2.871492,-6.0142856,-4.1177473,-4.8537602,-5.519786,-3.125486,-5.6343822,-5.041301,-2.5642145,-8.00824,-2.864321,-0.8721856,5.6838093,3.3068175,-1.7476113,-0.14960802,0.26731896,0.48792768,-4.0263443,-8.642883,-11.424297,-8.761282,-5.363186,-6.396456,-9.189597,-10.750836,-11.374031,-7.5080624,-0.34352288,5.6566296,4.6833797,4.3306475,-4.74552,-5.368785,2.2302313,6.745826,0.97408426,-2.3575296,0.39238286,5.223511,7.073716,10.078701,9.810621,5.9559746,7.251561,8.108875,8.436375,4.2424817,3.9732141,5.9040847,7.5943785,5.108447,1.2491262,-2.052587,1.1627278,0.7470453,-7.06019,-9.684248,-6.344021,6.2296615,3.8484185,-2.1285195,-6.112564,-4.953041,-3.974869,-0.6278417,5.7154512,7.2865734,7.2371693,3.2923093,3.7988524,4.783762,-1.0025047,2.2034678,2.452953,1.396236,-2.3406365,-1.2087532,0.48379278,2.967651,-0.39899734,0.49889836,2.5688252,12.411608,16.143549,16.871984,6.445034,-3.8756475,-7.531786,1.3488817,0.2854367,1.3912139,8.826425,18.52792,20.249992,19.210938,20.503485,11.801807,5.1355004,9.964664,19.236284,22.890434,18.579296,14.906326,13.564173,16.863218,14.24288,12.142547,19.038176,15.213768,8.565868,9.79342,21.134968,31.39915,31.310986,23.645638,20.3489,20.275484,19.22737,18.685265,11.294235,15.770312,22.88602,25.449335,20.843687,18.879642,22.156857,23.250465,20.522987,18.927776,21.163486,24.081882,19.503963,16.475792,16.590021,19.122395,23.191223,21.540205,21.572987,25.190582,29.461082,30.360012,28.945477,33.9941,33.607655,28.496796,30.316952,30.755806,26.541243,26.43798,27.263205,23.777058,26.844492,28.797863,27.70425,28.089653,27.17637,24.231384,21.779535,15.965378,19.577904,23.754646,21.543882,19.98033,17.915157,11.452562,9.267188,14.938562,15.623801,12.736176,10.553904,13.957668,13.1035595,14.393895,17.342068,13.910994,13.983529,9.839717,10.056934,6.895978,4.113852,4.145417,1.8579719,1.7625227,4.843937,5.607603,7.2586246,5.469528,3.8075478,1.1443286,-0.08288823,-5.7330394,-2.7475774,0.3942307,-3.5662637,0.9575579,2.264214,3.1449773,3.1473722,3.6686993,5.7917986,5.4351096,1.2520862,-0.052865386,-3.305007,1.4361607,6.4081283,5.920064,2.3580573,-1.7576607,2.302968,11.958258,13.096915,13.585127,15.977503,13.195219,5.80707,3.201447,1.2646679,-6.4903746,-6.9212036,-2.005634,2.5000737,0.99582326,-0.6450678,-2.0778737,-5.242303,-5.456085,-2.6812875,-3.6557193,-0.56555533,-4.926485,-0.7017399,9.938382,11.311972,8.128235,9.946187,16.04004,28.348587,29.420025,25.200375,17.500576,14.927275,11.574163,10.214812,6.5607185,2.5698516,0.20771177,2.7482991,6.0315576,7.005372,6.7487316,10.833582,13.864664,11.8503475,11.659379,6.9585543,4.5440063,2.3121464,0.102059275,-2.5715003,-1.8149624,4.141032,9.904174,16.664886,22.714212,24.624268,32.50422,26.911602,17.95322,17.429747,14.379143,13.444721,14.332733,17.678888,14.386503,10.918686,13.416609,19.16133,15.722509,10.57475,9.156527,5.353714,4.299133,6.373303,1.8600072,-0.98729753,-3.2782927,-11.54817,-3.6014957,1.5661607,5.622387,5.1653643,8.847451,16.198992,15.727526,11.900036,4.4128113,1.1938632,2.622048,1.4101517,1.6938285,3.7517295,3.6421716,3.7127895,-0.4201771,0.8222015,2.895532,1.4343385,12.127216,17.557264,18.241985,15.403711,7.0448046,4.0662713,3.5762062,10.617175,20.393364,16.942776,13.248342,14.215604,13.116561,7.5476675,4.3923717,6.987775,10.878315,13.984086,15.642387,17.36659,13.439518,9.7665415,11.776266,17.05962,16.51669,13.1799965,12.178015,9.577711,10.88178,8.908045,5.3962216,10.132728,5.9882383,-0.06412387,5.9507217,2.3836908,3.8836613,4.694393,5.06172,10.842978,12.909551,13.188106,13.371021,12.335548,10.326568,5.884575,4.4643188,-0.91527545,-0.9791186,6.598189,19.20802,19.446724,23.740473,24.085436,17.69747,21.597004,25.185759,25.472635,24.9109,26.09056,21.677319,19.091694,18.966312,9.677992,6.863061,8.183207,1.5454854,-0.32203782,0.49653602,12.244434,6.992999,1.024537,12.145142,15.415255,6.1364603,-0.22000903,-2.0491688,3.7901363,3.9987407,1.1706433,2.0356688,2.2898047,-0.5684806,2.193652,-2.8470674,1.7708935,3.510251,1.5915883,0.45195362,4.8541126,4.257715,-0.5066583,0.5095842,1.6284807,-6.4666214,-6.0639725,0.06318846,6.8278265,1.4593339,-7.8504667,-7.9969835,-4.8299723,-0.52388144,-4.8343573,-9.180311,-7.615614,1.322444,4.2809286,1.593592,1.8929656,3.3593988,0.534034,-0.35686255,-0.7597831,-1.2961211,6.628783,9.9106865,4.6879787,1.7650967,-4.4595704,-6.639347,-0.089793235,6.3487377,3.567765,4.2944355,1.4299831,2.0306652,6.9005036,9.872287,11.458507,12.627112,15.304701,11.436712,6.7916803,2.8251798,0.3781327,-2.424408,-3.5386481,-4.782488,1.3447864,-1.5388458,-1.3379699,-0.37564468,-2.3621607,0.13840711,5.8186607,5.344939,4.701481,4.808474,-0.86496645,0.4623825,-3.6190443,-9.382759,-8.016563,-7.1072097,-6.2114415,-8.451803,-3.9568987,-3.191004,-4.095657,-3.8042107,-2.0532665,-2.632597,-4.6353292,-7.57204,-7.911465,-3.9499216,-5.444351,-4.65191,-3.5069509,-3.0306106,0.48632872,-3.1102705,-5.7507377,-6.3969293,-9.1713295,-6.1172357,-7.5567822,-6.5696244,-7.865534,-8.686294,-7.4401846,-4.9485226,-4.574778,-7.6613126,-10.220486,-6.985755,-8.272771,-6.9340916,-8.585953,-6.543539,-8.339846,-7.670244,-7.4352946,-5.0855184,-5.3721337,-9.795687,-11.4208975,-6.7858143,-5.60637,-4.887657,-5.5094137,-9.773867,-9.903755,-6.392997,-9.056091,-7.7598925,-1.8008493,-3.4766853,-1.0195814,-4.7229733,-6.3181124,-6.6046076,-8.778229,-7.5235744,-8.280312,-7.9246235,-3.2904148,1.1941445,3.344964,-4.6549397,-8.564262,-0.6188426,0.6617831,-3.0732036,-3.6384435,-6.9200873,-7.8184423,-4.804564,-3.659946,-2.314966,-2.8702302,-2.902149,-1.1863235,-1.9038675,-5.1764174,-4.153697,-5.220454,-5.182782,-4.158244,-2.4441202,1.233122,-3.4117582,-1.4595338,-4.755833,-7.1368055,-10.003544,-12.278038,-8.079299,-9.325918,-5.591794,-2.3493824,-2.221394,-2.1534262,-1.9110894,-6.2797785,-7.8773074,-4.035529,-3.1671982,-4.1177607,-1.8569309,-2.4779148,-5.481387,-0.71367466,-0.47005677,-4.18366,-10.864502,-12.789633,0.8164739,10.609432,8.534212,3.2832227,5.1884594,4.4836464,-1.3471537,-1.1451963,2.2127829,1.7712135,-4.0397305,-4.303542,0.75440013,2.2224646,4.775155,-1.7447772,-1.2116041,2.4631877,-1.435478,-2.900888,-1.1948093,0.90153325,-1.4165654,-2.7380185,-4.3932323,-0.88354695,3.388908,5.9371085,9.962927,6.9026575,0.66616637,-2.5427284,-2.1409767,-7.850315,-6.293605,0.652314,-3.2837949,-1.6849637,7.042209,1.0756919,-3.8481019,-4.0269814,-2.6957917,-1.9417078,-0.87576336,-4.3243628,1.1797401,1.8911666,-1.1790701,1.544871,0.8882824,0.84499675,-0.22255275,-1.0582483,1.2372956,4.9622593,4.8166885,0.694425,3.7679434,3.4063718,2.3547134,3.3950634,-0.3100571,-2.9944234,-0.45823866,4.153223,1.9431049,3.854615,2.852035,3.5648732,-4.5725775,1.0460811,9.140422,11.144566,9.588676,9.399449,10.356163,10.394609,21.8912,28.888824,27.663147,28.655533,28.993666,29.671696,22.337023,22.43716,21.894606,19.785831,17.752785,19.319157,23.041052,29.638483,30.824665,20.500572,20.322239,20.18129,16.279533,19.95625,11.524688,3.5351868,-0.46037376,2.6481311,2.8259237,6.465739,8.808069,9.001306,3.7856534,4.600445,4.585121,13.453983,19.87938,16.962477,12.249059,4.0356903,-10.932513,-29.983902,-31.453472,-20.32591,-9.100426,-12.966738,-22.930958,-22.281414,-13.980854,-4.5396023,1.7857566,1.2645994,4.0519514,3.7201476,5.049187,5.9826922,8.324104,9.034975,6.3942657,7.132085,11.551855,10.394414,2.3448136,3.7036307,5.7857256,6.2494116,9.076876,11.16479,8.312098,14.164604,15.279519,15.124725,15.507573,10.703321,5.313154,0.65215945,-2.9446208,2.8678322,14.074989,15.23406,11.817146,13.792672,16.242647,11.521639,5.891568,14.345066,16.705803,13.984307,3.7634692,-11.590822,-17.86205,-26.384068,-18.645111,-8.954938,-4.8146744,-5.8831654,-16.96178,-28.84984,-29.000523,-19.911602,-7.448477,4.8756485,3.6589196,5.745562,8.570211,10.579329,7.9819145,5.5058947,5.076847,7.607417,2.9479387,-4.453167,-9.475584,-6.3304586,0.92106205,4.4080462,1.584905,2.1850815,12.618779,14.84299,13.4056,13.1866255,14.934099,11.855071,0.76348054,0.23044223,14.105207,15.50806,16.029793,15.165075,12.857031,16.383638,17.010483,16.8719,17.012177,16.431984,18.231049,15.131737,15.19716,17.487719,15.931337,15.232548,20.094437,19.317837,9.098643,2.8367414,-7.9031878,-12.793787,-18.451092,-18.323748,-6.8348055,4.4804688,10.011653,9.073397,7.433891,11.60659,13.17095,11.9407015,13.562835,15.580642,9.458696,9.004184,7.0689726,7.119319,10.601089,3.953453,2.2953012,6.490146,13.938364,15.255493,13.844982,13.2896805,9.474282,7.7428565,9.671684,10.579912,10.015337,11.875683,12.684266,12.84343,15.830589,17.202782,12.195,13.134403,13.716626,12.077042,11.831413,6.571797,3.5470214,2.4545157,-2.147713,-4.7394342,-9.566811,-10.38139,-9.238338,2.614266,13.414687,14.97852,18.224226,16.545261,21.031784,17.804138,17.191273,18.071693,21.14175,18.972803,20.688595,20.016685,16.366175,13.970048,13.228363,13.091721,16.363474,23.461872,22.695171,20.531813,22.391493,28.11158,29.885796,20.69448,13.340968,14.206273,16.763483,16.334383,8.853829,4.272554,6.08242,10.321405,13.019402,11.558311,19.603617,26.501225,25.14016,25.137047,32.725548,35.457993,33.741844,17.451208,-6.667739,-17.41195,-21.241594,-10.636596,1.8283494,-12.445696,-23.577253,-19.093262,-5.87617,1.6902406,10.455051,16.309433,14.917305,20.105068,23.774315,28.270218,27.112904,27.717049,27.091724,26.619137,25.16231,23.202648,25.917944,24.792076,20.827393,21.933945,26.823257,31.405994,26.77208,21.880909,14.915312,13.660993,14.30749,14.022951,14.368735,24.977999,27.055672,27.226482,31.233604,27.284786,29.601341,39.08487,37.619003,27.005005,14.914999,-6.4373336,-17.33043,-13.118866,-4.737323,-0.43609905,3.3076181,4.1493425,4.920972,-2.8262758,-1.5949736,1.9390924,11.994377,18.078262,19.833012,22.498482,25.341393,24.001287,23.712994,21.697952,17.012999,13.354162,17.170076,19.598372,25.081913,28.8013,22.43548,16.224907,11.5253935,9.8665285,11.172266,16.440933,13.831287,10.539744,8.0581,10.062384,15.443705,19.717518,15.667222,14.062773,23.030224,23.211061,17.664558,10.248278,14.985781,19.232227,18.967525,23.465616,21.09783,22.320284,23.335358,17.399387,19.128494,23.619877,25.312248,22.628506,21.251738,16.584843,11.068825,10.558756,9.399822,2.7757494,4.2569838,5.913024,7.7551775,10.837617,8.335012,9.988339,13.195089,17.907604,14.387257,13.9937525,13.847836,10.779349,7.993373,9.659887,8.845295,7.300207,6.8107634,8.593805,6.516025,2.6143475,2.9332712,3.3892403,2.8961515,7.282993,5.154443,8.845291,9.235235,11.317877,5.7033167,1.4732685,8.117034,7.9330683,4.6209354,1.1527922,5.2173,8.028282,7.1866035,3.566944,7.467849,8.108746,2.8968594,-0.053869486,-1.0082197,0.36076206,4.269172,3.877415,6.681506,7.326892,-0.8997942,-0.8495581,0.49545622,1.2555424,9.307501,15.692478,17.911068,21.6491,23.475998,23.05731,17.322079,14.155844,19.228691,18.693836,17.891022,17.22927,20.541512,25.542648,31.749079,31.338938,25.85377,19.002708,14.026745,10.08152,5.004854,6.2783318,7.646949,8.3000145,13.544591,18.573494,23.226742,28.146719,25.259289,26.119106,20.93905,21.716171,24.09534,26.967,25.03328,20.762127,5.5441055,-9.6518955,-18.50703,-12.98819,-11.039954,-16.517626,-14.811134,-10.359222,-3.3513184,6.031996,10.001776,12.230289,12.668919,10.005937,11.669975,12.652215,18.55528,19.655499,19.680735,19.051538,15.401418,16.200596,13.568777,8.985138,12.123507,22.147793,27.041912,30.423878,24.835155,18.981987,17.850904,15.112233,16.305885,19.469467,16.889847,24.046795,25.512222,25.700165,27.524834,25.692236,25.73407,28.906345,30.641624,27.954565,27.931316,25.662392,24.7739,26.021982,15.216301,-2.5433383,-12.80701,-13.738018,-9.194071,-8.727901,-10.07226,-16.025995,-12.963215,-4.3935614,3.9708543,10.268259,12.0833645,9.344467,9.566123,11.907331,20.849922,24.72168,26.75623,21.92025,16.533176,10.48712,9.448334,4.627733,3.7226849,2.4602418,9.544957,16.739822,19.688366,20.308197,18.481411,15.549471,12.785545,6.75902,7.8248487,8.333178,16.754673,26.620823,31.912037,28.923393,31.031908,23.182976,15.0698,15.590556,19.086096,17.520336,16.304733,9.961334,10.318182,13.910185,16.076614,9.961784,7.724749,11.157895,19.688938,20.532394,5.652796,-10.383705,-17.87631,-7.110667,2.1493242,3.7791908,2.3890274,8.71111,9.584793,12.3042,15.229117,16.543129,8.985135,1.5128404,6.719864,12.289579,10.313845,5.454504,5.9414015,5.5025616,4.341124,7.957678,5.555509,7.3082147,7.890758,4.454557,1.0763488,5.8025293,7.7683306,9.489438,13.434755,14.627429,13.988119,14.260044,14.686989,4.120241,9.153399,4.627778,1.7130806,-1.2623947,-6.160828,-3.8527093,-6.925372,-13.942457,-16.429249,-15.545671,-11.515329,-8.5048685,-2.0654435,-0.1420453,-0.288464,8.145849,9.471584,8.434056,10.4017105,4.9065914,2.9559717,5.164536,6.302223,10.576277,12.309069,16.866224,14.582506,10.151106,13.710194,20.309204,22.495964,19.919071,19.761211,19.85881,25.396635,19.066532,12.172199,9.966518,8.21056,8.908461,9.029538,10.484137,9.798447,9.6582155,14.609341,15.655196,10.497312,9.880072,13.182707,18.923113,19.916859,13.669126,4.985035,-7.864235,-10.045622,-5.790567,-1.3320976,5.087947,-0.034421414,-14.810323,-21.883999,-20.387241,-12.232875,-9.108879,-2.0615344,4.3652277,7.7045946,11.075663,12.703596,5.3842697,11.16087,16.77824,15.166095,17.048943,13.848591,17.505142,16.230186,9.509642,8.751958,14.986353,20.947113,24.364822,20.562275,19.775982,24.650131,17.77161,10.973377,6.4826584,8.619345,7.2246976,11.561083,21.6474,19.618118,14.981517,18.199577,11.615921,0.89133006,-2.3579988,-0.25357127,2.5865588,5.8342347,12.859867,13.661026,9.405278,8.112202,10.206285,5.5956345,2.4175224,6.4192057,4.9047832,2.446175,-0.26045305,-0.98345876,-0.68818283,1.2640882,7.1574492,3.9685001,-0.049542964,-3.0586357,-4.2988367,-5.109454,-5.06407,-6.537036,-4.2823763,-7.7261477,-6.476019,-4.4031844,-5.8849506,-4.865185,-2.9001398,-6.926785,-4.401512,-0.18805891,2.0829754,5.899871,3.1386228,-9.352827,-13.322562,-8.341525,-3.7468104,-0.40560997,3.4881918,3.0321121,2.3342922,2.4004164,-1.6539462,-5.636966,-1.6736279,-1.6335188,-4.5325947,-5.34283,-5.758869,-2.0963686,-0.8321265,-1.3876061,-6.675597,-7.588158,-2.7104433,-4.426984,-5.061007,-6.508561,-8.086809,-10.361258,-9.557287,-9.056051,-10.821553,-10.230272,-12.09374,-7.5882607,-4.649069,4.8937874,-0.9576856,-7.638754,-6.8418465,-2.8338013,-1.2586491,4.932454,12.336008,9.173632,5.7277336,4.1341014,3.4407382,-1.2661337,0.5844823,-1.397883,-1.4651278,-1.1329145,-4.3835297,-1.8262494,1.6817045,0.49111962,7.8373184,9.203563,4.3955927,5.3620367,4.386027,3.4109445,4.6495824,5.7880726,5.9351754,4.3736086,5.5601873,9.730881,8.362543,11.179529,7.668105,3.1207001,-1.3379093,-1.708524,4.6341486,11.367698,10.461185,8.102188,10.293451,9.34732,10.493927,8.9709,12.04446,15.356391,14.987019,16.338562,16.7025,15.539055,14.761078,12.553673,10.404563,11.021711,16.05052,19.464884,19.359308,13.262127,12.834807,14.815813,12.5641985,6.577813,4.973231,8.670339,11.321832,6.852626,-1.5324757,0.29514658,9.34738,9.288332,11.399279,10.074972,4.050163,-1.124388,-8.0888815,-16.386116,-16.253296,-15.3833065,-11.456293,-5.530903,-5.591982,-5.554485,-10.661397,-11.694052,-13.667374,-14.04959,-13.480192,-16.366644,-18.162186,-15.85747,-11.058599,-4.1505666,-0.22327228,4.3306675,7.3435154,3.1669261,4.9600906,12.3814335,11.703655,11.480537,5.036521,3.253393,4.978213,8.063874,11.628788,8.65641,2.6015232,5.8278093,13.719595,15.734382,14.751914,15.867406,16.580498,12.804701,14.622587,2.075334,-2.3959134,-2.5356438,2.7399626,-1.5840304,-7.868318,-4.730833,-7.1835403,-13.909589,-14.840062,-8.4454,-9.164521,-7.5599546,-8.041515,-14.997922,-20.681458,-16.33347,-15.363947,-4.866881,4.1443396,4.931135,5.162389,10.603449,8.630764,6.064753,8.085262,2.771526,2.658105,2.7191691,5.1728234,1.972811,3.520196,15.574954,10.252536,6.220748,9.953858,9.734777,10.21063,11.657389,11.15857,8.458015,6.371292,2.1527026,-0.84983003,3.7837625,8.493624,8.198119,8.7305355,11.124178,10.572342,11.182569,12.559616,10.828007,8.647179,7.260057,12.79191,13.227535,4.1693726,-3.3328743,-7.974557,-2.8015404,1.1706294,-3.8120503,-11.81028,-8.788015,3.5618918,5.915696,-0.14305985,-4.4503345,-1.0604947,2.3400295,-3.8162544,-5.792803,-2.2643805,2.067985,-3.6024556,-5.2520313,-1.8999772,-0.06533775,6.485504,8.202957,11.0882845,9.948029,12.067843,-0.35780263,-7.839449,-11.164812,-13.02821,-6.976922,-6.242812,-11.5347395,-3.9945712,-3.7498775,-5.785486,-12.735907,-20.947456,-28.97491,-27.441332,-21.585093,-18.957159,-18.145348,-7.1022263,-2.8438256,-4.7810936,1.6161302,4.245001,-2.9405134,-5.069866,-4.474847,5.614956,23.294697,18.358124,6.0327444,7.4147053,9.068244,10.142845,1.3383162,-7.511506,-7.6733456,-9.102398,-5.226165,9.499506,8.706427,9.091364,8.801395,10.494944,14.06057,13.624336,9.572821,12.021822,14.302431,18.6852,15.8070755,14.249041,18.227158,15.915476,7.304785,6.9471464,10.384381,1.2156193,-14.3711405,-15.000761,-10.73295,-3.2610824,3.0161748,7.388672,10.458862,9.189674,15.49611,15.1345215,15.215904,20.147808,17.000034,4.062178,-9.798191,-16.86243,-10.816241,-3.5718007,-6.417954,-7.8456893,-14.86158,-15.188627,-11.75832,-10.602809,-14.596386,-9.689486,1.2030332,12.70396,9.494226,11.054501,7.4278765,12.521233,12.86339,8.713174,7.9413586,9.771129,6.866499,12.949762,20.168076,18.638786,19.911175,22.642765,29.137817,17.295626,9.940615,6.6416087,7.342124,7.0015745,6.0675335,9.091019,22.618881,18.832632,17.66433,18.595726,19.190994,21.543087,20.371284,22.238445,21.691984,13.9530115,3.637649,-1.2381129,-8.069744,-10.689622,-7.572531,-5.414429,-4.3986835,-4.0682554,-2.8668792,2.1600764,12.006996,14.813293,12.4435625,14.136492,17.59226,17.027569,22.371655,24.625237,26.89938,29.602076,23.413612,17.175343,15.325708,17.786507,13.986122,7.406666,9.814585,10.8666,16.55276,14.83622,16.062893,14.762962,14.075558,12.341157,9.818743,6.634018,-0.3054636,-3.0968356,0.8164287,-3.7541964,-5.466338,-0.088641405,8.323833,12.287228,15.013799,12.713007,12.258288,10.809759,0.3697157,-7.829947,-13.204666,-15.131033,-13.805071,-11.400886,-10.030209,0.82571626,1.7977042,-6.4137945,-6.117195,0.09742606,4.1975965,4.645693,2.8616934,7.2747207,-7.532814,-9.542999,-13.94738,-15.503951,-16.69688,-18.962536,-3.895343,1.6528451,-4.9781427,-10.785818,-7.3115473,-2.7119102,2.0006068,0.8795882,0.27718765,2.746969,-5.7934403,-6.3277855,-3.243494,-9.0879,-3.310423,-4.7874665,-0.19894272,5.586746,4.4102163,5.254264,5.5473785,-1.083054,2.0906577,9.85246,15.789486,20.123692,17.335064,3.630778,-5.616527,-3.5173733,-5.6803045,-1.2956274,-3.648675,1.0532821,-5.1259027,-11.267281,-6.6381593,-1.4246504,4.1883593,4.9003353,0.27610934,-4.09268,-7.9704733,-6.0663757,12.783987,20.246426,26.619947,26.05344,26.401356,22.995882,23.786388,27.30154,28.17298,23.284115,18.190756,14.765433,12.94328,5.4529943,3.5198855,8.128265,4.9836516,7.6009703,4.2635446,1.6043255,1.2372042,9.896875,13.802922,14.172484,15.135003,15.727993,14.679014,12.116657,11.67108,12.4110985,11.479383,15.471659,23.620102,15.160596,5.309537,1.1596644,-0.17947805,-4.4689116,4.377522,11.085802,15.460937,15.470158,13.866805,15.878536,17.710815,13.618813,11.361246,15.359488,15.075184,11.299242,17.23611,21.154236,19.014874,17.39201,17.70195,15.900917,12.991978,18.240807,23.82296,27.690464,29.196869,30.607689,29.886127,22.547949,17.37191,20.14933,13.555052,6.0157113,10.251541,11.43053,16.328255,19.645588,23.51263,26.367237,28.060272,21.755253,10.584921,7.5309014,8.816387,8.990352,12.01173,10.5819435,12.164874,7.700962,6.690342,2.317428,-3.2142143,0.74721456,-1.8132626,-3.7209578,8.076435,17.318924,14.318564,7.3429527,7.440011,15.473933,14.868017,11.001457,14.125112,11.2148075,8.255859,13.171829,17.905941,14.720028,4.2696095,5.322264,4.6272354,-1.431433,-2.0799544,6.817938,10.880379,7.9784055,9.684214,12.077556,16.079634,18.875202,9.333054,-2.0009432,-13.469442,-13.740733,-6.2558146,0.7812253,5.9133606,8.971506,9.764828,1.8828003,1.1476262,8.459229,8.4159565,8.827037,3.323657,1.7257524,5.3924084,4.7863574,8.133593,9.975466,7.8018875,1.9749764,4.0745087,4.713564,2.419671,5.1734047,8.506926,9.299835,4.9301157,-0.45841706,1.7216318,4.5042167,13.162439,16.762249,13.425215,9.256013,8.165591,8.350516,8.509058,8.192015,6.6940737,5.002104,3.131452,5.4035482,5.7274942,-0.79881483,2.4093864,0.13115501,-7.796578,-10.119555,-9.813587,-15.711447,-21.388855,-24.931198,-20.463583,-21.269117,-21.985098,-21.614447,-18.652512,-13.686905,-2.67844,-2.167427,-1.6104827,0.078253984,3.340763,6.1349664,8.084615,9.162735,11.116587,9.969127,6.6554546,8.113094,10.955053,4.069815,5.5555763,11.406313,10.857729,6.5539656,0.91045296,1.4238155,2.6483657,5.689895,-2.2707589,0.79848063,10.367697,16.367336,12.481302,12.234938,6.6881585,5.8897386,8.761702,7.691676,5.917913,6.133649,1.743039,1.8849388,8.456683,12.001786,1.1621199,-10.1467495,-7.933466,6.058802,6.6503468,4.278824,0.47071964,0.24542156,4.257697,6.9749594,8.414415,2.4314075,-1.4795263,-7.7007866,-12.95816,-16.709372,-17.6007,-17.93224,-15.805976,-13.829714,-15.241665,-19.54884,-16.74859,-11.844698,-9.669387,-5.3613777,-5.114395,-2.1221154,-0.24346548,3.3700583,0.07624954,2.339457,8.660276,7.6237698,0.5052556,3.3845017,9.173081,7.8361564,3.3702064,-0.605165,1.8742299,3.350959,4.0090675,6.8059444,12.578608,15.249224,12.332548,6.6502314,3.2387118,8.94406,14.057283,10.608425,7.3248215,3.8293312,5.6340685,2.6923616,4.28305,4.3399305,9.529261,7.645917,-1.032506,-10.421408,-21.692612,-25.894735,-17.56711,-14.880678,-15.913398,-15.508896,-13.847014,-13.193206,-22.609594,-17.021042,-13.137857,-10.902317,-11.787401,-11.417438,-4.650324,-6.077896,-2.2543344,-7.04961,-11.485475,-6.0850477,-1.8086126,-1.9163823,-10.456343,-18.401232,-18.852222,-21.085129,-12.462147,-9.630817,-11.336059,-6.8809233,-12.892645,4.4578805,9.466984,8.756494,6.2572308,6.635484,9.076103,2.8780174,-0.6814192,-3.604324,-7.3634205,-10.128443,-11.386855,-11.659456,-6.3812857,-3.0898504,4.7749395,7.609716,3.7535136,6.5343204,2.510778,-8.75004,-8.245914,-7.717785,-4.888772,-11.428932,-14.521517,-11.781197,-12.783266,-16.045826,-17.744358,-16.768856,-12.958084,-12.70449,-5.563925,0.5288712,0.0576272,-0.24717343,-2.68746,-9.640972,-11.059987,-3.8622184,0.23556808,-5.9139996,-2.6838365,3.496196,1.6416799,-0.46651855,1.867691,-0.07040703,-0.057365716,-0.7024165,-0.6233624,-1.0082295,-6.34746,-8.309702,-4.587923,-3.9336324,-7.414216,-6.8445454,-1.5676196,-0.44861323,-4.5818224,-3.3543506,-2.4763837,-6.1270213,-3.794322,-7.865922,-9.089523,-2.0327907,-2.7126675,-5.876681,-3.5106483,1.0310512,0.13900065,-8.869457,-12.891451,-7.092926,-0.78800476,0.545822,-2.7004223,1.7402989,-1.0500791,0.5466011,1.1579272,6.8197923,3.452027,5.7958565,9.817102,5.4551787,-3.391151,-6.0006943,-7.105181,-9.074496,-5.245096,-4.1447687,-4.055304,1.3160201,0.8278204,-0.7848329,1.4069295,2.1990116,1.9766431,-2.432468,-2.113386,0.8313453,-2.4793372,-4.06344,-4.9474564,-2.1598387,1.7029483,5.4092617,8.714798,5.270842,2.4858694,-1.8476906,-2.5535414,1.5326335,-2.8568282,-4.3643203,1.7111372,0.7477033,-4.0312767,-6.296013,-4.7045097,-3.0433354,-4.1177497,-2.1770687,-2.352934,-6.333701,-7.922925,-0.70316184,2.3730192,1.4424324,-0.22171909,1.5895921,4.549987,2.2777662,-0.0046112537,5.1739593,2.0521305,3.6807075,-1.1606158,-0.26484185,1.9537716,4.9407153,5.033061,-2.9275868,-4.0775194,-2.2649837,-4.0882463,-0.47279072,-5.2133026,-4.079378,0.4232973,8.00555,7.413471,3.5873532,-0.5071367,0.79223603,-0.28141168,-0.5160142,0.39787668,-6.9489594,-1.0102575,3.0282984,-0.8594588,-0.6984844,-5.40304,-8.330334,-6.5306597,-8.189116,-6.772323,-1.2672184,1.6892349,1.6641641,-0.7858584,1.4324023,6.295823,1.2145088,4.766678,5.988406,6.250843,4.4386144,7.8458548,7.094326,8.138003,4.5614767,-2.4748893,-0.62183356,-2.4818416,-5.02968,-3.1380482,-0.7853359,-2.6855965,-6.3398266,-1.440661,4.0642424,11.189692,6.9402103,0.37610698,2.890843,7.9401045,6.6794405,4.8961287,4.065097,-0.28572774,1.7873886,3.3711429,2.0629826,5.031564,1.58182,-0.5354961,-1.6488887,-1.9355779,-1.1940715,0.6552528,0.32472783,-3.0466733,-1.8608544,-1.5528393,-0.5107275,0.76999927,2.9143796,3.488914,0.38926136,0.6640834,-0.38001513,5.477008,5.719477,3.5142443,2.32219,0.9748384,-0.067595184,10.790236,9.814657,1.62001,0.048184216,3.2570043,5.093348,6.0275755,6.102838,4.5154977,4.877163,-0.74372065,-2.5994797,2.7842493,2.756522,1.6476331,1.9148388,3.4260209,3.8044865,2.3016644,3.2917864,0.7901424,-4.0491567,-7.4259524,-8.269714,-1.4758319,-0.4710319,-4.1863966,-8.697433,-10.011307,-0.40923536,-0.2162981,0.13688743,-4.0806975,-8.803219,-8.7323675,-9.526222,-7.490669,-11.460353,-2.114608,0.23644328,-0.6282652,3.5137787,2.716993,2.2070615,6.8967056,7.9044085,6.0402184,1.8465382,-1.401576,-0.14657556,-1.8750582,-1.1794257,-4.5902176,-9.07642,-8.335734,-3.7587934,-5.86902,-8.031408,-7.936865,-0.86319923,6.501426,10.0619135,2.2041073,-7.900959,-8.1259575,-1.1236181,-0.7739575,0.05458629,-6.5565434,-8.794632,-8.210115,-12.425383,-5.386482,0.883639,0.3541315,-1.469578,1.8459144,1.1595774,-0.06990337,1.3274996,-0.36979175,0.4610616,0.3509432,-0.7650467,-6.4092793,-9.632017,-4.2461405,-1.8319733,-2.034258,-0.54199004,0.44937354,0.37855527,2.4262023,-5.204236,-7.6594296,-3.604773,-0.7870649,-3.1940413,-3.9458456,3.5169146,3.5707467,3.0845022,0.3112507,-1.3042293,-2.487147,-7.67134,-6.116638,-5.714509,-0.7852117,10.969934,10.713629,4.302045,-2.5681214,-1.6821556,-4.952183,2.239604,1.237574,2.994579,1.6791068,-1.0774256,-2.774077,-5.4477925,-6.350993,-2.157995,-0.53980106,5.4580574,4.818684,0.17306378,-6.6939974,-2.2614012,-0.63533896,-4.7059126,0.46715966,3.3154554,8.346863,10.729796,8.510514,4.376256,2.4047155,3.3618178,3.7747357,-4.023685,-7.573642,-8.381805,-9.480532,-6.7910438,-6.048934,-9.461277,-8.523796,-7.803334,-4.2432346,-5.012292,-4.665531,-4.0961227,-6.158452,-7.967492,-2.502984,3.726694,8.532754,4.924115,0.32080734,-7.880615,-11.702734,-7.121617,1.5604402,3.0299792,2.1485567,1.1630559,0.22937045,2.1560879,3.9298584,6.294551,3.8621583,4.356332,7.322796,5.1298947,1.6141397,4.5681496,10.32287,10.838268,7.453209,6.672135,5.174837,5.521663,-1.4873987,-6.015461,-2.61769,-4.823151,-4.5558505,-1.5366448,-0.464723,0.78214467,1.1391996,-1.3624593,-2.434814,-3.8517752,1.0037458,5.8466663,1.0383887,-3.2189636,-0.22859052,-2.9078994,-4.9565964,-4.3240614,-6.028908,-5.535399,-6.345658,-0.86472064,0.8851448,-2.1958666,-1.4347873,-3.7390418,-7.211404,-8.499571,-10.195716,-10.746238,-3.89051,-2.823459,-7.114584,-8.296961,-6.853343,-5.942766,-7.146329,-8.057832,-4.6877193,-1.9014708,-5.827665,-5.7654495,-4.255107,-4.661536,-8.802472,-6.88097,-1.3485322,0.61690277,2.718299,2.284193,-2.0867155,-1.0166655,3.1755862,-0.7108041,-4.738516,-4.084015,-2.0343273,3.837995,12.767088,12.845596,11.110303,14.830234,13.7112465,8.542995,8.289137,13.366769,13.996918,14.394732,9.97872,15.528718,20.078806,16.485012,8.157505,4.373149,4.7200575,0.3302142,8.751373,6.4607754,1.9234198,4.048992,4.363055,2.85537,3.5344882,7.0292616,1.298583,-4.653125,-2.0436578,-4.6199594,-20.649906,-19.766693,-18.876743,-16.004162,-15.181138,-20.97768,-26.6469,-19.301527,-6.6191015,-6.843252,-3.2173672,-0.729748,2.6825125,2.7062476,3.8975973,-0.34571737,-2.6197042,-4.718958,-2.9883544,-8.713438,-14.9138775,-16.441032,-12.545464,-12.481143,-14.4622135,-15.74913,-17.530064,-16.764252,-18.322636,-17.825558,-15.039694,-17.430687,-17.164343,-19.846771,-19.943634,-22.86164,-24.004564,-17.08751,-17.90071,-26.916265,-25.016178,-24.085373,-28.05097,-26.763147,-24.780613,-28.46439,-24.627403,-21.871075,-15.731089,-7.496899,2.518229,11.258977,10.858513,16.604488,19.352652,14.797678,11.04991,4.780765,-0.61249894,-3.4064946,-1.5054686,-2.5896845,-2.3414202,6.7288694,3.486443,-4.69557,-1.0495279,3.8469965,2.8075695,-1.6242468,4.0331926,6.787173,0.47838813,-5.145056,0.8827803,3.7761884,6.7450113,9.232397,11.155785,8.790434,2.7169456,-5.540838,-6.8538356,1.10934,8.646168,7.1324396,6.385013,7.919338,9.326298,8.63048,9.439411,9.285006,10.827548,13.8960285,10.854923,10.115069,4.625451,-3.1752367,-6.96014,-10.1029825,-7.621629,-4.9636316,7.8486733,15.465691,19.259348,25.763504,18.337418,12.698046,5.0391545,3.2165852,6.673699,2.7903476,-0.21627432,-4.6265593,-6.819991,-7.9538136,-5.8928604,2.862849,4.494804,0.5699662,-3.8466244,1.0174025,8.588331,8.229567,4.629293,6.6070385,10.356721,22.584656,26.766605,30.092073,24.290253,18.876656,18.47184,22.737747,25.094534,21.070356,21.684055,19.408665,16.128548,13.495148,13.747304,14.353276,15.810453,18.507843,23.442818,20.702303,15.912903,9.546345,5.7947607,6.4539723,7.5390053,2.6378088,3.0501633,7.4652243,12.496541,16.262825,18.285019,12.567076,2.2921698,6.788412,9.206685,6.9512186,6.5073357,8.105822,11.859541,14.09613,11.1749325,9.269665,10.703253,10.281864,3.5701528,1.485445,-0.14797588,1.2539523,5.6894045,7.099102,3.9762135,3.0490308,0.78715146,1.7896528,9.212835,12.92767,5.546137,3.326488,6.385155,7.9410534,7.245545,11.370487,15.064348,8.83033,11.276921,11.782372,0.6631366,9.520777,12.976803,6.9382353,-3.704421,-2.8194084,-3.4574587,-7.064245,-9.0567665,3.9118242,7.6083565,6.567038,13.843537,12.035063,10.673265,6.3295364,1.1453725,6.443982,11.158716,8.590426,5.0635977,7.2405457,15.356437,14.073938,5.2500257,-2.1627939,-1.5623239,-2.5714154,8.708088,17.512356,15.154762,16.265987,20.868244,18.528814,15.452562,12.992625,9.292715,12.035315,15.931421,22.36507,20.748032,14.850043,18.387638,21.459984,11.350504,-1.1688411,-6.2232523,-4.635474,0.7371579,5.0313225,12.054866,15.043565,15.309168,16.693256,20.754042,21.509323,21.689545,26.591824,28.494356,26.91659,26.960392,20.513783,19.32866,16.379456,11.512257,8.996826,7.1592255,8.234794,7.0349274,15.290192,15.8642845,9.380041,5.29661,9.390076,8.331819,7.699786,8.8797245,11.67108,9.242189,12.986378,9.769749,8.606401,12.905456,13.868937,13.568659,16.10138,17.086018,14.133251,12.435295,13.393229,15.72727,18.513561,18.586739,17.313423,13.891594,16.094769,16.44859,15.661958,8.985083,10.979612,15.209486,9.869732,1.2739536,0.8851755,10.239628,5.198524,4.6439505,4.8259974,4.293024,13.4673195,15.45203,9.82962,11.428248,13.451252,8.493996,3.6988916,9.172265,12.649988,11.685368,10.868994,21.272255,16.054161,11.941384,20.119835,17.935877,10.610554,3.8854055,0.6610085,-2.8668242,-8.711029,-9.317198,-4.45058,-7.2885303,-10.565681,-5.8667912,-0.01079309,4.895817,13.856182,16.836632,13.560444,12.404426,9.286547,9.899593,13.436871,9.572935,12.522663,8.447229,3.0671232,1.24976,3.8302777,3.3747249,4.1152997,3.8805828,1.5522143,2.248336,1.2850535,5.353386,4.210226,5.333828,0.51194453,-3.7772975,-2.379518,-2.3502264,-3.0764275,-3.17541,-5.5419817,-10.904072,-15.322237,-7.916115,-5.263397,-3.1653342,2.105506,5.785532,9.476553,5.463484,3.3061206,2.6522522,-0.1263423,-3.8785253,7.209754,8.464934,8.900633,16.216713,19.631088,20.25388,15.447266,18.864733,22.17728,19.818216,17.960735,18.422703,15.230818,10.610897,7.7441406,6.252356,-2.669544,-1.756874,7.3641415,13.021221,9.778646,8.062624,3.3815656,7.038721,4.74454,2.6946583,6.3595505,7.524104,3.9779215,0.574942,3.9146905,4.356675,-3.7527156,-13.059112,-14.666239,-11.853764,-9.563845,-11.593447,-6.7404585,-3.736048,-0.8265634,-5.5809126,-9.447727,-7.0543203,-6.6543045,-1.248595,-1.8800133,-5.77697,-9.766916,-9.861758,-4.2263465,-2.442733,-5.9999585,-6.1477127,-5.332122,-7.5872526,-4.66446,-4.068755,-7.555629,-11.595898,-9.307707,-13.950028,-17.49464,-20.787647,-19.365751,-14.345188,-14.234608,-18.189299,-14.609794,-12.239401,-14.567498,-8.724653,-3.6671526,-2.0682745,4.117666,11.419163,14.334512,15.958591,17.763891,11.280241,3.7768886,-4.3671837,-8.018587,-4.6131415,0.113950014,-5.3380585,-11.708643,-6.7363424,0.5256705,5.022893,4.7996264,-0.8260595,-3.9805012,-3.3546906,2.829839,1.8946378,2.8313782,7.0964375,14.515097,17.450577,13.576667,11.134718,15.154042,13.963627,12.874432,14.380326,13.770272,16.220997,11.99374,12.828163,20.516441,17.14648,14.993524,13.962051,11.174669,7.422496,5.554038,6.776785,7.0948405,8.43764,4.334874,-3.2452571,-5.6891565,-5.4269314,-1.8268061,9.833166,15.727325,10.000612,13.208312,6.739273,-0.26743034,-4.8680024,-5.045365,-2.0315812,-1.1058311,-2.9027944,-0.6352928,0.03772772,-3.206631,-3.2837281,-2.536568,1.0662727,0.22059608,2.338652,5.846163,12.006829,13.198316,13.396203,9.717018,8.259571,10.224566,15.798834,20.41412,17.802063,17.107819,16.923317,11.945923,6.1123037,6.0834584,5.16658,10.173622,11.52724,11.290952,10.292713,12.490969,13.49992,13.306527,8.336927,9.300119,12.340216,16.577751,17.902699,14.349022,17.630047,18.64659,18.97216,20.029757,16.943138,17.605022,14.7485,12.087862,8.137152,3.1043046,10.879234,14.336163,15.522556,14.000849,10.278603,13.313723,11.976361,9.036066,9.917149,12.461046,8.016564,-0.93367356,-8.347038,-2.4343507,8.242694,11.465178,11.136379,13.021818,15.006921,13.77862,11.760455,11.98237,17.154976,19.76262,11.979689,10.915274,19.107819,22.27832,22.18781,15.709224,6.4107304,4.2098446,4.330143,3.0743945,-1.317801,0.5688431,0.7559035,-0.93883634,1.9328642,5.999835,10.681957,8.438303,9.903899,9.32469,6.1405725,3.9456277,2.419362,6.582279,8.583874,8.051635,5.1843,7.1937575,14.593446,11.93388,12.914825,9.862708,5.756695,14.23649,17.705082,17.13488,19.318502,19.901615,15.982463,19.645779,17.978441,12.220079,8.39529,11.716612,12.167162,10.674058,12.921589,15.3701935,10.2183485,3.601312,1.1321697,-1.879715,-2.6922264,7.758853,15.325839,18.013466,16.975681,12.08119,14.886778,24.842606,22.5102,19.938309,20.343914,16.58897,15.201939,19.967644,21.647636,21.201134,17.028013,5.3289247,0.4261865,6.0594482,13.054109,19.268732,15.771938,10.301109,8.666994,10.255695,8.933705,8.348863,8.106073,6.9314733,6.1771345,6.8499365,7.868349,11.931725,13.611666,19.224052,14.146538,8.476762,6.2888155,8.641629,15.810789,21.2244,22.861822,19.723648,16.036043,18.338875,20.893833,14.400274,14.099437,19.067276,15.47851,11.559554,15.159977,17.699724,13.625221,5.8945255,6.3009243,7.3893495,6.7189226,8.306246,7.6198964,9.404488,7.4712534,5.778594,6.272105,0.6483257,-0.33989528,8.528564,17.323067,16.209919,12.174896,14.350998,16.718521,15.749876,21.112553,14.058916,6.759803,4.49519,5.983344,2.3720398,2.032193,1.4469395,5.503005,4.3989677,-1.2796013,-2.7901192,2.3018584,2.9794986,4.61902,10.488527,17.63824,11.659285,2.6449575,4.4012756,6.2439137,9.274311,10.004352,10.863414,7.0334234,1.4972631,-1.1407087,-3.3511722,-1.0247386,1.0747628,5.1559997,3.1093993,-0.45977354,7.5175343,10.9286995,8.089132,1.1760814,2.5294647,0.84994745,-2.9957325,-7.722767,-7.080628,-2.942191,0.29311198,-0.397282,1.4531176,-3.7205071,-6.9785576,-8.906414,0.33501118,5.131974,2.416296,-3.300696,3.313923,7.96524,6.012277,4.28565,0.30304,0.5764648,8.557881,12.449586,13.428049,16.955029,20.522148,24.181461,24.102749,22.87517,22.033527,14.232901,18.893396,12.820446,11.923853,10.46187,8.417472,4.8175015,3.5020354,6.5063906,7.0873184,1.4435742,-2.0301847,-1.4386663,-0.05004201,1.1647842,5.0466347,2.4417143,1.1959622,2.0434456,2.0613394,-1.2294323,-7.89911,-8.314226,-16.600903,-19.012714,-19.23145,-19.839989,-11.61842,1.5362749,4.0940676,-2.1216235,-4.9083796,0.701679,4.8783097,2.834997,2.5524378,4.375618,-0.63932455,-12.947449,-11.847895,-11.341943,-15.774507,-15.288713,-17.298859,-14.60166,-6.609471,-7.6112266,-13.199071,-12.39953,-16.387142,-15.993724,-15.912615,-14.696812,-13.339312,-15.696651,-15.726239,-17.263224,-13.844788,-11.635378,-13.922467,-12.645326,-10.432431,-15.925735,-10.840685,-4.460334,-0.8308287,2.281008,4.6306486,2.9894414,6.1112986,6.500088,3.274381,-0.02232489,4.813678,5.7399025,5.528533,5.752904,0.94625384,-0.08077568,1.8628263,0.7435887,-3.5568643,-1.1783211,3.1171331,7.509143,5.6747446,6.1912374,4.9977064,9.548041,14.508272,11.746531,8.880817,8.813505,12.53239,12.940229,10.48112,13.505276,12.178831,12.344757,16.87177,18.07098,12.99345,12.7315445,15.460355,14.712139,10.479604,8.894459,6.1125855,3.4155378,-5.3536024,-3.1073806,-4.2636533,-4.6432343,4.8095465,10.180671,17.97803,16.987755,15.758292,8.811177,2.2731957,4.2902317,6.921551,4.889746,4.2233295,5.546908,6.3105493,7.5354147,10.112665,0.8071061,1.0943598,-1.4051216,-5.9530697,-10.956636,2.5650272,14.660709,12.702076,12.563921,15.527879,15.733686,18.963387,18.903406,17.016846,20.027012,17.713202,15.286812,18.067532,17.408493,14.988387,12.534185,10.551798,12.104091,15.282639,11.38072,5.8910084,7.7304525,12.4584255,13.010483,20.698006,25.61473,26.873024,29.544926,30.890026,31.013624,31.664387,31.100817,28.59946,20.387743,17.473866,12.103634,7.1755924,4.5199995,6.868504,10.347673,14.267612,11.77213,9.594493,12.740673,13.159525,7.2159166,1.5622567,3.7934818,6.48759,5.012309,4.427496,6.474273,8.279585,12.632655,12.394188,8.817556,4.536325,4.876146,6.572665,9.623401,6.29838,9.430147,12.06637,9.064158,13.641728,7.3604803,6.979232,4.376292,5.2445354,9.591875,3.7619863,-6.037687,-8.701245,-11.866504,-10.495827,-1.396292,1.849494,0.95122457,4.1472244,11.010987,12.408257,9.441151,2.931083,3.405368,1.9322058,-0.9644866,-4.4646783,-4.746908,-3.7885458,-1.2980437,3.3625965,12.267635,12.604604,8.782838,5.4831305,5.0258465,11.910929,15.968268,19.683893,18.084305,21.436184,21.771442,21.459332,23.21244,21.973888,18.332031,15.128275,12.737742,10.152031,13.769152,18.060995,15.060791,9.661068,7.7669196,-2.164815,-5.506684,-0.25894248,2.1091523,5.394138,12.063787,23.019361,25.745134,30.139433,35.972157,36.365734,35.35879,32.014175,23.514545,17.92225,15.911494,16.506432,20.068888,16.532518,15.963797,13.033529,10.714565,15.00227,16.471937,13.207334,12.47906,11.608326,11.930063,11.462051,5.95957,6.0844736,3.1657114,5.7628303,11.011013,11.282625,10.396076,11.574869,15.916566,18.501915,13.517597,11.2986,16.897812,13.868242,12.434553,15.369997,20.086784,24.789276,21.977219,12.602005,13.76762,21.177624,16.59399,13.437626,14.190333,9.020195,4.343038,4.1318326,4.5765667,5.444723,5.56353,6.4162846,4.3469887,8.116505,13.434166,19.09018,11.696594,8.057185,7.2810593,15.5438595,16.863157,13.625694,13.51609,17.885345,18.751951,19.744991,16.571274,12.779679,16.698029,18.320496,11.964657,4.92111,0.74566764,-1.3375707,-0.055129528,-5.517846,-5.4654436,1.9852648,0.8097887,-3.6069589,-1.8060513,8.2038965,15.620399,18.468994,18.272793,15.488328,15.783827,12.201414,7.272205,9.585009,8.0529,5.34387,1.3662286,-0.4747988,0.15698794,3.4495268,2.135023,-2.1595893,5.173498,2.4938898,-3.6241932,-2.6879015,-3.0512278,-7.0460453,-12.272444,-10.0268345,-1.0686464,-1.768483,-4.965244,-2.7153788,-3.732123,1.2429936,-0.32824308,-5.729093,0.51558703,6.9909096,9.501711,7.01988,5.9933453,15.782419,14.726371,12.531269,13.110441,8.8656,7.8139043,8.304127,6.060789,8.553402,16.150297,18.279285,9.037777,6.304232,9.410645,8.807062,9.778073,11.02863,21.891132,22.331142,10.419684,7.4419975,1.0271897,-4.7160625,0.6445075,6.9645286,6.029583,4.038772,6.0270834,6.712599,5.4303074,4.031365,0.3677209,4.1990795,3.8411942,2.497765,6.133033,-3.1102257,-11.420088,-10.066729,-4.2089515,-4.380056,-5.053812,1.2539613,2.6044476,-5.2045894,-9.354061,-7.6837687,-6.616783,-6.177873,-8.607117,-4.981298,-4.4749794,-2.83264,-6.8412876,-8.043141,-11.620335,-11.985913,-10.545822,-7.0879464,-5.7567983,-6.3352776,-5.7908993,-8.916407,-8.545244,-10.898197,-9.836531,-9.937166,-13.79369,-13.112307,-7.9378014,-4.806991,-12.077822,-11.899357,-10.101362,-6.766613,0.5066784,9.623642,11.749381,14.36628,18.16121,14.508856,10.334967,7.818501,5.9749413,2.6941426,4.0954022,1.227295,-0.92168593,-1.9096801,-4.1141896,-5.3898516,-4.223198,-0.44341418,-1.994869,-1.9217405,1.738616,1.0177181,6.3262577,6.630821,5.4801106,8.933406,11.925966,12.732262,18.211079,16.166445,15.493059,13.260056,16.419708,16.520653,18.13082,16.230497,13.542471,16.657057,19.868797,14.492253,14.895255,11.482071,13.201616,16.2227,12.644726,5.616231,3.7993362,0.07148147,-2.6671252,-8.627392,-5.4218884,6.3250732,17.723492,17.452242,9.681176,9.10548,10.166782,1.676495,0.68761766,2.756815,6.129429,6.021742,4.1825614,0.55415916,-1.4402626,-5.5036583,-5.0395665,-0.5049397,1.1411375,-1.771179,0.47342706,10.276111,14.305599,14.656372,15.694452,17.22438,19.573505,18.97139,14.405361,13.313677,17.712505,16.85441,18.118628,18.838507,16.223637,15.942008,16.345684,13.917311,20.504034,21.561207,15.878279,17.119854,12.898737,10.600741,11.324699,11.095094,16.513624,22.998346,24.980135,21.801508,26.46636,26.33238,26.49614,24.300081,24.32927,23.637764,17.790668,17.471577,16.942642,13.140559,15.742107,17.730284,11.686309,14.510492,17.412157,12.319149,7.212267,17.090942,14.514128,10.8679,14.79147,7.8488364,5.9493976,3.2531402,1.6984799,3.2192633,8.525022,13.120552,14.1220875,10.065159,10.825024,14.745544,16.003107,14.518345,14.217733,13.586326,17.716694,18.269287,12.274847,4.568206,3.2124548,3.015667,0.08978367,0.73994005,-0.020135112,0.2336809,8.9115925,10.465422,12.107256,13.782113,18.94968,14.382857,4.0826716,-1.3076433,-0.19518363,4.5138097,5.3691645,6.394312,3.6039429,3.5627859,8.672379,16.60437,16.647396,10.632913,4.2716975,-0.43807507,2.827693,7.7587605,10.523895,10.391205,12.8759365,12.852671,6.47959,9.202576,8.250565,12.56601,14.103348,7.802099,7.1930017,8.906584,10.038928,6.9930744,1.1122488,-0.7266526,0.4604019,4.6533575,9.693017,8.353729,14.063576,19.038261,17.749727,17.264801,21.61648,21.52612,18.892807,19.021488,18.985432,17.37555,19.811726,19.779701,18.942703,11.637915,3.639969,7.33754,11.414477,13.238512,8.53462,10.393457,10.406008,10.529104,10.259987,9.307888,12.750814,3.525762,1.9960232,3.1796706,6.1783237,10.624687,13.5248165,13.19201,14.989633,14.332236,13.334669,11.7479725,8.102246,6.6714277,9.470957,7.467412,6.500655,10.555286,11.199577,5.984152,7.0675297,2.6176062,1.5418321,-0.6191486,1.1843307,8.039698,7.2443156,3.008779,-1.7160403,-0.06723976,0.31382263,-4.0323534,-5.9997463,-5.652467,-6.887169,-7.6082377,-2.1353981,5.3174086,12.784424,8.081934,4.7153873,6.4115667,10.724409,11.860912,12.47073,8.2476635,2.4802217,4.2130146,4.823284,4.559291,10.488188,5.403387,4.3913946,-1.5490537,-5.934701,-5.5195947,-3.6296082,-4.8811836,-2.7996314,-4.417938,1.1598172,12.59664,15.160132,13.921745,10.236757,8.279188,9.005817,12.750982,16.629297,13.217192,7.2525167,5.763342,12.227209,10.687912,9.307093,8.807189,2.4416947,-4.868842,2.067301,9.724338,15.668812,15.488503,14.503239,12.849819,5.2172775,1.9282498,4.382025,6.884444,7.6390934,9.313427,10.169788,10.168802,-0.42721975,-6.709897,-3.5052285,9.17364,12.430877,7.1058264,-1.8868536,0.34708783,3.7665524,7.2222834,13.462669,8.847111,0.60459155,1.4831347,1.2979199,-1.6472208,-4.298729,-0.42355776,-1.6028364,-1.8081806,-1.7862775,-4.581413,-4.6827226,-7.384616,-7.722219,-4.6156178,-3.5828395,8.632547,10.055817,5.9118757,-0.6416775,-5.883212,-4.4813795,-6.7101216,-5.508971,-4.3755565,-7.2137356,-8.698996,-10.385168,-8.160262,-5.7862554,-3.400494,-0.114432216,-3.559945,-1.8332258,-3.7420936,-4.2050962,-7.4515734,-8.136073,-7.299708,-4.451499,-7.3589168,-4.5089135,0.24872655,1.4141014,0.49506515,-3.276711,0.23194155,-2.8111274,-2.5180883,-1.4205534,-0.87657356,-3.9810684,-12.208445,-16.106644,-15.263077,-12.36979,-6.0094075,-2.5091734,-3.23502,-6.6559663,-6.937253,-7.0350637,-5.640397,-3.5254526,-0.27995288,8.228443,7.5000544,2.5680504,7.1544895,5.4512753,4.890005,4.727049,2.5728104,8.720442,10.529646,6.7268467,5.2717485,1.7630042,-3.2761583,-4.725336,2.264917,5.7944283,2.9434507,-0.16338015,-5.9704504,-5.3002987,-10.713858,-11.656815,-5.8986883,5.724472,6.481906,1.7072685,1.7232316,4.3770137,7.374304,7.4041634,2.1011906,-5.4971056,-6.0544043,-10.081161,-8.181011,-7.2099147,-9.865404,-14.268009,-12.839333,-11.150074,-9.359432,-7.1440325,-7.798973,-6.6183424,-9.020743,-5.474419,-1.1422985,4.63912,5.8166556,0.310675,9.610507,12.737963,8.20591,3.9480495,-3.6852736,-1.7308697,0.10075414,-3.1672497,2.0858536,3.0997229,3.2077835,6.0535445,12.599219,11.898234,4.149299,-5.815802,-11.029377,-7.930456,-4.766535,-2.2547784,-1.9978999,-2.2184157,-3.5075238,-5.6816587,-5.693841,-7.379348,-7.796546,-8.56244,-6.5538993,-5.138595,-8.580588,-4.499215,-2.38926,-8.892556,-3.515912,-5.673123,-4.084242,-1.3940899,3.7162569,2.7831368,-2.6980448,-4.6536436,-0.7189406,-3.6667056,-8.062386,-9.687109,-5.705182,-1.9429815,-2.6709552,-3.457146,1.9122475,-1.3033272,-0.4535879,2.0283983,-1.4122425,-2.8205707,-0.37611514,2.0100558,4.0916243,5.659403,6.225612,5.960375,1.1901754,1.8102982,6.0679293,1.4465091,-1.4554069,2.0867949,1.2722151,0.5462517,4.227985,6.688835,8.814945,-0.17731005,-2.3404844,2.036344,3.98191,6.13716,8.956575,6.111397,2.678883,2.0354052,3.32941,6.051878,6.4217777,4.7714205,3.8971684,0.75173765,0.17206836,-0.4824667,-0.53562915,-2.1095214,-5.237192,-4.7017584,-4.450032,-0.21845889,2.0314708,-0.04862988,1.5233496,3.7895398,4.6479063,7.564312,5.6915407,3.6585503,0.72187847,2.4121578,3.5863824,5.7233844,6.471175,9.778237,8.635049,4.537138,3.821476,5.514979,3.5217934,9.940484,17.106365,20.717897,19.25798,14.609932,4.529132,4.951969,5.8720512,10.756695,11.330138,7.808689,7.862002,12.770861,9.661772,9.069658,10.10111,14.245269,15.943708,13.426898,11.055689,5.1971874,6.682869,12.073243,17.680405,20.83135,18.487373,18.4945,19.916626,13.673756,12.539904,10.059158,6.321193,12.231112,13.200517,13.834824,9.139038,10.919098,15.252798,17.680984,12.566062,13.371703,16.501848,14.216445,15.093106,15.763205,10.12501,4.26826,7.0324965,11.796688,14.50518,17.005682,20.371033,28.199425,23.47195,10.785644,7.789278,12.925436,18.04237,13.619978,12.954531,17.731358,15.726337,14.543988,16.743683,16.795467,13.749678,11.366239,11.455959,9.539539,9.242643,10.770088,9.899164,10.880379,10.922428,12.1866665,7.95756,8.48233,7.873599,4.983918,4.340418,1.4166973,2.0103276,8.524625,3.2587237,0.11622764,-2.1849623,1.2777687,8.104948,1.5329831,0.68463993,3.544846,5.8074474,6.3210707,0.6494417,-1.7072194,0.10412073,-1.0280808,1.0293124,3.3789296,1.1838366,5.11363,7.622258,4.0399394,1.1517806,-0.44793653,2.2316346,0.44034338,-0.6873713,-3.9074516,-1.9048986,3.5145025,3.4616003,7.705682,7.100612,9.331855,4.3818235,-4.7448983,-6.433045,-4.114851,-5.8488717,-5.710425,0.78604984,4.393057,2.4178681,1.85204,2.2463543,7.783408,8.451357,6.2551594,1.5087789,3.021472,12.052615,21.874605,23.335083,16.42337,23.926073,29.316948,26.318619,17.186241,16.338106,9.582678,6.002604,3.6952856,-0.46977657,4.3711863,6.218064,4.7628803,5.3284073,1.7128856,1.7621137,-6.68202,-7.4043827,1.7603371,12.423847,12.689891,5.472961,0.2840231,-0.9476381,3.6297853,2.251782,7.8058653,9.9525795,11.819761,10.410952,7.824034,9.405087,10.226704,8.582567,7.531946,6.767771,10.313938,8.690378,3.6367362,4.9897604,5.6016054,6.86508,10.058043,9.038128,8.309946,2.7609904,-5.972316,-3.6894917,-4.9852524,-3.9865212,4.539853,8.006023,4.927419,1.5048339,2.2378864,8.372295,14.8066845,14.883417,12.642744,7.295896,7.5172396,9.016924,5.3331823,0.31860918,-1.268684,-1.6865916,-3.420587,-4.4322414,-0.7034186,6.3546677,11.77031,18.404573,25.782627,28.739395,23.735357,16.120102,10.537615,10.911131,12.502467,14.385626,16.769123,18.302013,21.622948,22.713253,19.359306,19.724617,22.235497,26.751068,31.251629,26.455978,28.48967,31.021362,32.082153,38.984856,44.90519,35.87416,19.86181,11.185585,9.405296,8.768308,6.0554576,0.8134455,-1.5420709,4.0082946,3.540864,1.1481655,2.8075943,6.0859013,8.159248,10.7412815,10.517235,10.831154,3.0533314,-4.417344,-7.428427,-4.7054024,1.1389365,-0.9830974,-5.174325,-7.338732,-1.2247275,1.1149861,1.4800789,1.6746258,3.4197845,0.03950946,-3.8529902,4.2074094,16.05317,8.042388,-8.281723,-5.840301,-9.229444,0.5668764,1.1632174,-5.3856597,-5.756861,-3.823702,-4.05667,-6.393895,-5.362874,-1.046897,0.84734416,5.2338037,6.908758,0.09965533,5.3956037,1.9648391,-1.6661183,1.3244402,-1.7902994,-1.5976291,3.1455274,4.907482,-0.3896009,-3.8094006,5.4413176,0.020969838,-3.612063,-5.296052,-7.915057,-1.6000726,0.14578784,2.6257782,4.6302977,0.84353733,-4.011854,-6.7592673,-7.112158,-5.0553145,-6.059268,-0.9176311,2.2304666,5.8525143,1.6085789,4.6351905,9.0622635,10.037564,4.055562,-0.6827258,4.1724124,4.65086,-0.3629159,-2.4552627,-2.1705093,-5.478902,-6.8378677,-8.175903,-9.048049,-6.075415,-3.0617955,-1.0698407,5.147572,2.9228716,-3.4162316,6.515431,11.904766,1.4359645,2.9357963,5.538927,-2.8421144,-3.0377388,1.4151684,0.0014340878,-3.231264,-0.52416945,-0.548789,0.17920482,-1.807373,-10.138174,-9.971054,-15.059233,-8.670113,-7.400083,-7.1148863,-3.7792454,-5.756975,-3.0269837,-1.8147058,-5.897694,-3.8688622,1.1293844,-4.103974,-10.517784,-6.1095862,-3.3544781,-1.2665505,-4.1181397,-7.2778525,-7.750336,-7.8267674,-10.345613,-10.834734,-11.78427,-11.140074,-9.801138,-12.811445,-10.3369465,-8.7481785,-8.882458,-8.527241,-2.405439,-0.9474377,4.710264,8.393643,-5.0477204,-7.2616267,-9.519371,-8.11651,-4.235336,0.0028071702,-1.3800341,-3.1232455,-5.30204,-4.7715764,-2.1570568,-7.6869125,-11.626882,-7.444997,-4.840069,-5.5568256,-5.8977165,-4.944521,-5.269167,-10.84023,-7.0894628,-8.465017,-12.472775,-12.752275,-11.10142,-11.318805,-9.103667,-4.0888724,-0.72644734,-0.88630575,-7.8354163,-8.086334,-2.8997827,-3.4524312,-8.170722,-7.408824,1.9212885,4.712657,0.11005026,-1.2885954,-4.7163944,-2.383967,-0.4177326,-8.19096,-8.894691,-9.2549305,-1.9850293,-0.2565248,-1.4360596,0.19454956,2.1596925,-2.825327,-0.7194493,2.7140777,0.11027074,-3.266466,-3.456064,-6.3026733,-7.000716,-4.6052117,-2.5909495,2.3929029,-0.42440367,-2.5963106,-1.2842679,-1.1428841,-5.230521,-4.0250444,1.3971037,-4.5034842,-0.23361152,5.0484333,4.294079,-2.959088,0.44987243,4.783847,5.832302,-0.7303745,-4.174026,-0.81731415,1.3502991,2.776278,-2.940507,-6.6205893,-3.2106054,-0.60578156,-1.2089227,-3.2983813,-5.075548,-5.626491,-0.8103417,-3.9155061,-4.887476,0.17990595,1.3055505,8.122979,12.04306,6.1202536,0.96761006,-4.0740414,-9.456997,-10.907949,-3.7853029,-0.09613645,0.5965934,3.5373907,-1.5032214,1.8759762,5.6447425,4.476308,-1.7325077,-3.6496475,-1.1772115,-1.3447973,-0.6481763,1.0804791,4.4971466,-0.20551467,-4.666902,-4.499245,0.01928103,6.265785,7.3479652,4.178508,6.6660657,4.93386,-1.5354971,-3.8765152,-8.622506,-8.802243,-5.3556595,-1.665689,-4.8038,-6.6433086,-4.105831,-0.99134827,2.3954058,4.894467,3.0644588,1.2994678,-0.5901145,-5.692839,-3.87337,-4.7896047,-5.6781445,0.20616841,-2.4340923,-1.0887021,2.1231327,2.4851553,9.981796,17.388687,12.225511,14.0967865,12.039614,0.3897423,-5.849305,-7.309103,-9.830307,-7.275853,-8.948217,-9.585367,-3.876611,-7.423728,-7.4990697,-2.1803732,-3.6683948,1.8140721,10.199566,10.965274,3.4472687,-3.635404,1.523768,3.3292835,5.457882,4.415682,1.7698195,1.0311278,-1.9292309,-0.824023,3.1736429,1.454036,-1.0209013,-0.2155807,-4.6597214,-8.398005,-5.5929246,-2.7575881,1.816144,4.894943,0.3730392,8.464637,13.0031395,11.874804,3.6549325,4.0729213,3.6804137,1.1008452,1.1647049,3.13304,-4.0404925,-2.6551366,-3.3666735,-0.5494467,-1.4721197,-9.67228,-7.3538265,-3.7147021,-1.3486801,-5.257717,-3.3476114,-2.0176568,-2.2527344,1.0778543,2.3526354,-1.1752409,-1.4203582,-0.035479426,-6.326906,-5.294421,-8.170091,-4.398335,-3.768282,-2.4804168,0.91880983,4.054644,6.0655003,0.9870335,3.0086422,4.173872,5.6508174,11.396989,3.4767466,2.697502,2.7417722,-4.65312,-4.465378,-4.7563424,-7.915777,-3.8953831,6.780436,5.9425297,3.028305,-0.16416536,-0.76689214,-1.0155143,4.372358,10.734797,11.907619,9.649656,4.4687915,1.2839324,2.291201,0.54372305,2.6944146,-1.5784621,-6.716412,-2.5395527,-1.9313012,-3.6715608,-5.0430927,-2.2168317,1.6573842,-0.6001502,0.7202705,7.023157,5.6701374,7.870944,7.6427774,0.92414486,-1.1211357,1.6107316,2.651095,-8.977125,-12.97289,-12.228024,-4.0302415,-1.1802859,-2.8286104,-2.7543545,1.9083464,5.174279,2.2476926,-1.7175274,-4.054703,-2.8080096,0.16801958,-2.8567936,-2.1035354,3.3362465,2.4244325,-1.5892234,-3.7346108,-4.1691403,-6.2953,-4.44968,1.1274642,2.2669308,-1.3907735,-2.7025259,-3.2577362,4.5524206,2.7232976,-3.9247591,-7.627183,-8.813167,-7.6543427,-7.764632,-10.0686655,-12.190289,-9.514889,-12.497019,-4.2854624,-1.9027073,-2.690856,-1.3419209,-1.7972028,-1.8541797,-5.5810814,-6.393344,-6.027425,-8.535651,-12.215518,-9.61173,-6.9920855,-5.111184,-1.2558756,2.847033,1.3582621,-1.1108125,-6.7917013,-6.432805,-8.9865,-9.700852,-7.2718053,-11.535517,-11.247715,-6.1736484,-4.149868,0.9950377,2.2879357,6.5560036,14.88141,15.141613,12.599964,10.879213,7.9692955,4.022387,0.5401533,-0.105620995,2.498804,4.6455507,0.058320247,-1.8484375,-0.21122184,-2.8976188,-1.5685833,-1.4855437,-1.6550231,-0.16718149,-3.171502,-6.775197,-10.518298,-10.911486,-7.8742647,-6.0964775,-6.0609665,-4.408307,5.2078,7.142713,13.281138,14.172771,6.3414803,7.5470934,9.619883,8.23044,8.76355,6.2525997,6.7550573,5.456992,6.6342797,2.309871,-1.7229446,-3.0253048,-4.1839623,8.555535,11.098349,6.429414,-0.45824623,3.2231035,6.0931196,10.538429,12.385394,3.5741665,2.8268495,0.566309,3.1456451,7.803842,8.374093,5.9747453,2.9376812,4.632849,5.078622,5.3302627,8.495572,10.472877,6.832879,9.604839,12.177747,16.940372,16.326572,14.108925,15.76911,25.262074,23.697123,26.241287,29.896732,27.668304,24.759708,26.813099,31.484406,29.452951,22.938526,16.20333,11.641784,11.666518,8.829702,15.75066,17.417953,22.37609,20.700314,20.039375,17.803223,18.831118,18.20462,13.330437,10.369807,7.884265,9.611813,14.060957,17.417156,20.06389,22.208279,24.030125,26.305584,20.042122,21.180317,24.473671,24.647106,22.678877,21.173973,22.516289,18.218966,15.546029,13.143936,18.216854,24.729301,20.6786,17.128078,18.91633,15.190073,13.723951,9.51836,9.420659,17.28713,18.378796,13.616171,9.91732,8.465738,10.3822775,9.738174,10.531349,11.9196205,8.776932,4.293173,4.290186,6.923535,6.476898,8.171685,11.088173,7.7406244,3.7351987,-1.4955273,3.7802339,-0.3946064,-0.93434834,2.464689,2.0995827,1.3799942,3.48592,5.2054873,0.74487877,0.60334957,3.8979568,2.6809807,-2.437004,-3.9175885,8.208809,5.7116284,-4.7436714,-4.0533915,2.6893728,3.130098,-3.2183995,-4.921536,-2.9212008,2.5188842,5.352083,1.1406243,0.7473634,7.1660147,13.49719,11.9066515,11.422491,10.391651,9.023367,6.243222,0.53851557,2.1864846,1.2388664,-1.5785078,-3.484999,-0.6346885,1.3348078,0.350775,-0.4051069,-2.1891384,-5.6832423,-9.501081,-8.41952,4.3167076,1.5262895,-1.6234382,2.3266726,7.384763,15.852911,14.438065,17.933933,25.225239,27.01715,25.930882,21.204636,13.940384,14.561701,16.661713,6.5996904,9.846283,7.3151836,7.5820756,3.842232,4.7802434,-1.5495094,1.426286,7.797204,2.673624,2.0025778,5.486598,2.7054367,3.4198353,9.191841,15.207076,11.990465,8.220873,10.495035,9.632786,9.989255,15.982648,17.54383,17.252148,14.63568,13.838914,14.936759,18.51051,20.66786,15.664902,15.154998,13.357363,11.958206,13.443623,13.025366,13.599248,8.788084,-2.123999,-4.0664544,-8.583235,-9.108282,-6.940873,-0.86529446,-4.443291,-4.1113496,-0.12042643,4.0683074,6.6118116,5.960394,5.2280498,8.154291,9.61713,7.6924562,2.841887,0.5382384,-1.2388097,-4.0276318,-0.34819114,2.8638637,6.684889,8.380285,12.491228,19.071346,18.778519,14.301695,14.229666,14.395389,11.5311985,11.737747,14.908063,13.942081,8.420614,9.533007,10.507744,6.7552185,7.3089437,7.6858363,7.767296,8.102812,11.800166,15.587599,17.496248,16.912006,16.715607,19.303352,11.809437,10.952291,19.763855,28.796982,25.366976,14.630055,10.824772,6.392028,0.7889757,-4.708146,-2.4416938,0.16854846,1.1368454,4.169375,6.417607,3.6487043,6.751257,8.830876,5.6410456,-0.21402258,0.50674367,3.0027218,-0.31199571,-3.8443549,0.16783154,4.4598804,5.2555857,9.687979,8.380758,7.9800296,10.402688,13.289902,14.935208,17.650543,21.541782,22.241375,18.387213,11.803839,10.197155,13.752615,11.405617,-1.2125084,-1.8757156,-0.6656202,6.248452,11.457457,4.717721,-1.7568673,0.58997184,1.0371578,-1.3062181,0.44026756,0.40981427,-4.3752933,-5.0889807,-4.735053,-2.6241622,5.0993133,8.256693,3.4609337,1.3501939,0.6042387,3.014873,-1.7915549,-1.4582756,-3.2470465,-4.553241,-3.4206147,-6.432311,-6.9044595,-8.412085,-9.736978,-3.061595,12.157273,13.649639,12.490284,16.763247,10.700915,10.365639,17.470453,14.0945015,9.871318,4.35757,1.3623489,0.06746042,0.72309554,-4.586013,-3.9931092,5.0125523,0.09913796,1.0937362,6.470743,7.0592403,7.5821533,2.8950758,0.9129519,2.855732,9.012502,11.012009,3.3073447,5.4705195,1.8635552,2.583816,9.380373,6.2666388,1.9273152,1.698194,4.517602,5.4263144,4.6349635,7.7494097,8.851808,8.702209,9.763609,10.133669,10.526508,6.8559327,-0.8397964,-7.0509295,-6.0001087,-3.1677358,-4.028916,-4.9285707,-3.2518017,-7.117059,-8.843961,-9.58535,-3.6089435,-4.610555,-6.368885,-7.3064837,-3.9157841,-5.1861534,-9.540623,-7.4733596,-4.70533,-7.246458,-2.8643074,-3.3727174,-6.8381395,-7.243126,-3.5220637,-4.206804,-1.6043696,-12.071177,-10.749818,-10.6650505,-9.588026,-7.9203835,-0.16545498,-0.39365125,-0.8290851,-2.5977337,-3.9527311,-2.059621,-7.7197223,-13.232236,-7.13866,-5.9109554,-4.0141015,-8.6416025,-10.798062,-9.13937,-5.9308906,-3.8133907,-3.525539,-10.27195,-7.9842224,-4.774604,-8.164698,-5.4206448,-1.7195631,1.7015512,-2.2176309,-1.6318111,-4.5315995,-4.9564075,-6.992813,0.7086748,-3.0324745,-4.604451,-2.365571,-4.1326814,-3.6611304,-3.1229782,-1.4128857,-2.3573847,-3.8562975,-0.98447037,2.7311025,3.4276786,-1.2357875,-3.6691039,-5.0935936,-1.5624974,-3.7552013,-4.8287916,-4.89146,-6.855056,-3.3656068,-4.4464054,-7.258401,-9.792306,1.878181,2.9341588,-1.5587256,-5.7902284,-4.5182505,-4.905751,-8.224416,-9.625259,-8.612596,-2.8426235,-3.7442777,-5.6391077,-4.8141117,-2.2319887,-1.2328076,-2.8665771,-5.863287,-3.7773433,-4.190237,0.5098092,-3.1984696,0.81008554,-0.19742009,-3.2536674,-1.5236756,1.5500721,-1.5659868,-4.275564,-6.832429,-1.6791687,-0.15900654,-2.4094725,-4.7470903,-14.024298,-6.75922,1.2620006,2.5227177,2.997281,0.523863,-2.3012795,-4.249159,-5.243599,2.5007272,0.16642296,-0.089874804,4.282811,4.539627,4.576454,1.3944457,1.0065395,-4.1470146,-4.623277,-7.0665565,-5.2682304,-0.6737755,-4.5402164,-3.317119,-6.2528305,-5.911474,-1.4128811,-0.7628417,1.0453631,3.982188,3.4159112,1.0569326,0.97163165,-0.33420494,-2.1820774,-9.157946,-10.770958,-6.571487,-5.4754343,-0.8428354,-0.6458409,-1.294665,2.2095728,3.5010047,-0.95607466,-1.2728589,-4.525085,-2.2567127,0.0811615,-2.1970043,-1.8029824,0.6326902,-1.5385752,-2.8015304,-2.4019616,-4.0647306,-3.1803055,-2.3514485,4.602373,5.3493247,-1.3775537,-2.1327672,2.4738822,2.0127149,0.103360295,-2.18755,-8.267569,-7.5586233,-1.7955643,-0.8971927,0.42200214,7.33922,12.136853,8.596851,7.710529,2.0516415,0.7186319,8.228159,6.9244375,5.679774,7.118662,10.975163,12.667024,15.350373,22.548304,23.097504,16.885395,20.089127,17.785347,18.123203,23.624847,22.103416,19.044857,16.997404,15.025664,15.791328,11.679527,15.624856,13.994853,5.845492,-3.6993165,-9.152769,-3.1593413,3.454802,2.2445145,5.6601334,6.379228,9.722559,16.862095,19.111008,19.268288,14.378649,6.525476,0.5326767,-16.816181,-30.899225,-32.064133,-25.444134,-16.78703,-18.989786,-19.661526,-13.295393,-6.184037,-7.2557974,-2.918695,0.29380935,4.1690774,9.0731125,9.676595,11.004484,11.689924,14.267946,14.495398,13.455387,10.299372,6.751214,1.7203592,-0.65563494,3.481937,8.986032,14.192221,15.111685,16.401028,18.321358,17.653257,14.854761,12.845243,13.744402,-0.30046886,-5.463145,-0.031427085,0.37632596,9.643256,13.39868,9.695061,8.35284,9.3299,11.771912,16.040619,10.309602,3.1911888,1.5708494,-11.01695,-22.692795,-19.575714,-15.639832,-14.177663,-11.59041,-18.225636,-22.632008,-16.736814,-12.338308,-4.005428,-0.044010013,5.3295293,10.287145,16.585712,14.643512,16.704807,17.739443,14.678741,14.306967,12.291,8.994171,3.8726842,0.26095277,3.0813828,4.412185,4.3241725,2.3354757,9.146027,11.53648,9.777779,10.454849,17.075947,16.229538,13.688961,7.438136,3.5766075,11.241815,18.203548,19.636024,19.46648,19.442299,16.880547,18.812622,20.058369,23.945126,16.62646,5.339513,-1.2092786,1.4814632,8.389053,8.586505,13.463152,5.3852205,1.0769784,1.2509388,-6.7468357,-16.295868,-16.09544,-9.076266,-6.689577,1.7832592,3.8512275,7.599266,8.731243,14.209483,18.99078,15.545523,11.951702,13.735509,12.5325985,12.793775,8.423906,8.540369,8.309593,3.4634967,9.017155,11.029031,7.192891,14.301419,13.0568905,9.031389,8.281288,6.4128227,9.087704,13.27112,13.669876,10.836431,14.019823,15.628275,13.576752,10.377811,15.40414,14.490576,10.884211,8.362503,6.900306,6.1665273,6.637241,7.220213,4.7441783,-2.7109337,-1.5388151,-4.218334,-9.867131,-5.905015,4.3300037,4.7273026,8.835493,19.098537,23.041584,19.367804,17.746983,22.649143,16.875423,21.314466,21.438667,19.903183,16.438602,13.571905,12.666201,12.523603,14.036452,13.523338,13.705976,15.169802,20.715893,18.611732,13.4425955,5.5751405,1.9921609,4.367519,7.2649255,7.8712487,6.4257884,2.2084782,6.484459,5.8723965,8.468218,16.488192,26.341587,23.29795,17.735558,14.222071,22.598707,30.897678,33.30304,34.624622,33.11577,16.044144,0.815017,-6.1147947,-7.775384,-7.28766,-10.373543,-9.825003,-2.1085968,3.9935572,4.310908,5.9213223,14.482063,13.715391,12.492586,19.579515,15.839259,21.137154,24.784359,21.338139,17.58271,11.202625,12.36832,16.436348,19.41271,19.856667,21.919899,21.340986,18.993498,13.29706,12.190783,12.779257,14.195182,17.335407,9.085257,6.683498,11.485499,13.074108,20.173119,30.707571,31.377157,22.730377,19.809557,19.976242,12.505577,0.89909714,-8.784548,-11.087235,-12.247465,-6.3389378,-2.0375173,-0.6471662,-3.8288293,-7.509145,-10.983509,2.3161564,17.15346,20.39193,16.276634,16.734028,15.126496,15.488474,16.665718,15.890661,12.949647,8.439993,3.2500663,7.2188087,12.2069435,11.595974,11.366295,6.364358,6.135477,9.621175,18.655792,16.658503,18.103916,18.606394,12.409886,6.7824583,7.3073177,9.007819,17.235676,15.452051,16.683416,17.600399,22.76943,24.09219,23.920029,23.021416,15.642294,10.805342,9.963178,6.49364,1.6363306,3.3815703,2.460712,5.245076,2.0141225,-2.8905675,0.84073406,2.4608078,4.2610893,3.128905,1.019892,6.263998,9.264638,7.4335756,7.6677084,8.165617,11.742649,8.921368,7.1035247,3.8533993,3.34924,-0.127778,1.865372,3.578833,3.9990625,9.041974,5.966764,5.8240876,4.507873,0.8997216,-1.2336022,2.510785,0.79003835,1.5323923,2.0079536,6.561461,10.63294,10.00451,5.1373835,2.4218485,-2.058679,-1.415313,-5.494006,-9.537121,-1.8507986,3.746674,-0.7571432,-2.3015797,-1.018416,6.154296,4.6662436,-0.04301858,-3.9748387,-4.165255,-3.8903599,0.6849556,1.0439913,2.2973258,3.732524,-2.3881836,-7.7578206,-9.712241,-8.092405,0.6510018,7.2413,11.835574,20.558887,24.934196,18.853054,13.540225,19.31774,22.564861,20.623947,20.7984,21.591087,25.568752,27.148811,26.71222,23.216335,14.503252,7.80017,0.044630677,2.7291873,-0.17275298,3.987656,4.7634525,9.668744,15.192019,18.470957,18.136297,17.950258,27.169922,29.287365,24.097769,10.978833,12.664576,23.288723,28.979763,20.619705,6.3624716,3.6647844,2.9383073,-3.1974244,-6.601366,-4.368412,-4.026756,-1.4155259,3.951449,5.402796,5.2812815,9.182156,11.862077,8.992383,13.7604885,17.222942,15.053223,20.22435,17.153248,10.733728,7.7119284,6.580428,12.98813,11.289034,13.317837,16.913704,20.137949,22.400093,14.402464,12.076947,16.130701,14.2614975,13.4314785,9.092433,11.410765,19.452362,25.055775,26.467812,26.411966,28.236631,31.052158,28.140747,21.109348,15.943163,12.060039,13.530058,13.324982,14.059629,6.163241,-4.408184,-11.2705145,-7.59602,-6.7090664,-10.509485,-10.254373,4.2084546,19.15373,18.490335,13.156282,13.931095,14.016004,16.385239,26.13086,29.791576,30.647926,26.565464,23.923534,14.919613,17.041729,14.460541,12.49558,12.259492,10.296289,12.6074705,16.917793,19.379423,19.239685,12.9686,11.781288,10.521717,11.362421,10.87212,6.2823963,12.577588,14.313599,15.311463,16.963772,22.433163,22.245766,19.786575,17.440111,17.621498,13.353474,16.649418,18.301458,20.384739,12.696192,9.715969,12.708956,9.218429,11.946699,14.193659,17.619667,14.117422,6.677288,-13.066844,-18.391378,-16.297556,1.3411223,7.7766647,7.520026,9.3098545,11.326158,7.886873,6.6764555,2.631219,6.383285,10.80838,10.055023,6.8620024,6.6084776,3.7053232,4.1448774,4.894081,6.007755,5.957699,3.4006119,-0.027502298,-3.0387585,-3.8486643,-0.4939431,4.624319,5.595035,7.6906886,7.494293,8.936417,6.9100013,3.5148852,6.1558657,7.0032825,1.6135112,-2.3013053,-2.221123,-6.8346066,-8.39408,-9.714663,-7.9465837,-11.956431,-10.32058,-8.165878,-5.8850613,-7.1381063,-6.4540973,5.680192,7.6597033,5.3466444,5.5401664,5.0065594,4.2079477,8.399727,10.329698,12.629713,6.8710413,6.178653,7.7840066,5.2991467,14.338922,15.447741,16.664585,16.454384,17.929884,21.647968,22.195198,18.775352,17.651611,17.13516,13.102449,9.707851,9.716784,8.231684,9.403582,5.3748703,6.5996466,7.81948,9.328651,8.348345,11.224931,13.201534,11.641609,5.3516293,7.8814087,4.9091682,-3.152195,-8.348934,-6.020073,-2.8622594,1.6601429,-2.7990694,-10.959116,-17.706612,-17.848116,-11.660423,-2.8878884,5.294897,11.303856,9.302106,13.02592,19.887045,18.978638,19.813248,14.61453,7.69011,0.13765585,-0.75609297,-0.050058037,2.538676,10.660072,15.419836,17.135914,24.686407,22.029451,17.37517,14.644217,9.579467,15.099757,12.009262,8.426992,3.54488,4.7050757,9.89295,10.348209,12.1369705,8.425029,10.445199,12.818634,8.155891,-0.386324,-9.044299,-14.697421,-7.4974403,2.4730496,3.9217877,4.6042395,-0.9841103,-6.717611,-5.757574,-2.3195844,-2.570208,-3.1875074,-8.795328,-4.9077415,0.9537339,-0.60552555,-9.391457,-6.9708076,-3.5903907,-7.192162,-9.3095875,-9.768826,-5.7793903,-0.3792082,-4.123502,-4.8251305,-7.3777933,-8.567673,-6.629176,-5.4166226,-7.964973,-6.4037137,-9.085127,-8.559523,-6.4569054,-0.96124053,-4.289712,-4.380207,-2.17005,-3.333874,-5.1410813,-1.3201615,-3.9595969,-2.5775244,-3.2928483,-7.166807,-1.7339685,2.019965,-4.881174,-16.09589,-13.524725,-3.689334,-2.0698452,0.77287203,1.5799338,-0.8596944,-6.225562,-5.6530704,-10.309724,-13.852919,-11.761398,-5.8968406,-3.3447976,-5.2612925,-9.000586,-3.9000864,-2.0558887,-5.1497517,-7.239641,-2.5563214,1.0678649,0.6200919,-0.23184982,-0.595572,-2.2274048,-2.1849473,0.15726596,2.846479,4.317243,1.6331341,1.9999723,7.8841476,6.328844,0.74863917,-0.6291829,3.7295318,2.4881177,4.0610743,-1.0751183,5.07326,2.977455,-0.016176462,4.397073,5.250349,10.672205,5.2079,-0.03559026,-0.50122374,1.4718504,2.372397,6.7379465,4.9304466,-1.9575695,-1.007441,3.570619,4.591276,1.3216884,-0.6785742,0.42802703,1.0653421,0.5348065,7.008683,14.479901,16.161007,10.147516,11.445666,10.558157,12.087389,16.191078,15.967601,13.703165,13.312573,18.824835,12.728429,13.824816,15.01766,15.543938,13.945595,14.423752,11.294342,11.1930895,8.568335,9.947647,4.6533012,1.6156975,7.7996225,4.86884,8.082735,7.512621,5.6454544,6.597394,3.7094297,7.329295,6.884675,7.764091,7.7081413,3.0838823,-12.39566,-21.531116,-28.346256,-15.228007,-4.542279,-3.6929562,-5.306863,-7.9051237,-6.1949053,1.5051473,14.9974575,14.81155,15.095898,12.644398,4.7513413,5.0653667,1.8182695,-2.609586,-0.8480458,4.570936,2.575245,3.95299,9.17725,9.650345,10.454309,14.161283,8.737146,6.891658,12.114355,15.636202,19.1909,12.154381,4.3179016,8.136298,11.1766,11.881035,11.108511,11.003492,12.172117,7.060548,7.621357,15.083155,15.136306,10.490375,13.989115,13.102781,5.983199,-4.990614,-10.699571,-6.463496,-7.6968374,-7.599475,-4.884293,-3.8863811,-3.681426,-4.79017,7.6447744,7.491385,2.2700338,-0.4755767,3.595501,17.925762,23.781372,23.933363,21.216415,19.681698,23.353348,17.145367,12.043079,9.458893,7.009258,8.378033,11.609808,10.96755,14.02111,10.20656,2.9034152,4.51655,7.2900505,4.5133457,5.044268,3.5519814,2.4445088,2.640761,-3.9667726,-9.045588,-1.0796387,7.0552444,8.104701,6.0925055,13.275501,14.645065,13.479687,14.527645,11.748546,8.930526,10.68066,10.550795,6.3797083,12.057377,12.210411,9.4146385,10.384771,8.519189,8.0349245,6.770505,4.6651287,4.3894615,3.1126008,8.850475,7.5590067,14.45723,18.824863,14.704949,11.780872,8.831577,9.795149,-1.0246849,-4.58249,9.121168,17.939064,13.684277,10.856858,3.9055111,-2.7993863,3.6932595,9.504435,3.826784,-3.7594824,-6.100379,-10.228501,-12.779809,-5.0224905,1.3987099,1.4307564,0.7106803,6.710333,-2.2392097,-9.074,-3.5578465,-0.197919,-1.7545296,-0.45609343,1.2114482,8.325689,10.090374,3.3977115,-3.081451,-1.4775052,-2.7582889,-8.83035,1.0922337,13.279007,20.100948,17.053352,6.8723135,-1.9206047,1.1859536,8.95727,11.360176,10.830632,9.523296,14.146883,15.935933,18.694948,21.720137,17.850248,18.579628,20.404032,15.550182,17.726955,8.952255,3.1428719,2.3511105,7.6553407,17.657188,19.480011,9.803598,-3.1645117,-2.3668728,1.0650616,1.7983675,2.101135,4.0499,5.9497213,5.6075363,13.6772375,20.8773,22.247704,23.197094,18.878862,6.347548,-6.0891676,-6.827744,-7.495407,-10.1086235,-9.2963505,-4.7168655,6.837413,14.015787,18.98488,17.00895,9.390623,8.880484,7.3241615,3.1846204,2.6928499,5.8282127,5.163994,4.3761234,0.97104156,0.46532124,5.819481,7.5043955,11.020616,12.571049,10.314117,8.65316,4.437071,-4.000282,-4.807749,-7.8738384,-10.609224,-7.19103,-6.46636,-3.3839374,1.6100023,1.3023722,4.271419,9.172981,16.291796,21.295837,12.037085,7.5299797,9.210962,11.062647,15.968967,17.345821,13.551644,11.360722,8.3395,0.31074694,-10.329401,-5.9112206,-6.1073456,-7.420807,-4.954148,5.3511276,-1.3006167,-0.6161264,11.720749,14.793573,14.824364,17.367657,18.253819,17.8885,19.49334,20.734451,20.91726,20.886024,20.446842,20.935303,18.041195,12.94124,8.493879,10.24868,10.081408,7.419086,10.678082,17.257078,16.381104,12.48601,13.801207,10.929684,7.1344247,13.514903,12.994069,16.32544,14.35934,10.742779,10.951967,14.582777,13.140227,13.770956,17.535137,23.778961,25.399845,17.54287,10.583341,7.3781376,9.8817425,2.1875777,-9.0122175,-15.362127,-18.070904,-11.802431,-4.9094067,-10.5129385,-15.33894,-6.128354,0.35238412,-1.6926246,0.749595,-4.5634294,-1.4278299,-0.3775223,-2.6896415,-5.701105,-1.054761,2.0180995,-3.2800243,-10.848545,-17.251583,-14.483134,-3.363777,0.70105284,0.096974164,3.2484913,0.9095293,-0.83081967,1.3004721,-1.5563211,-8.086164,-10.703647,-13.512668,-21.210499,-17.489773,-16.396818,-11.859373,3.0039115,1.7684604,-2.237511,0.056668997,3.2751737,-0.16110337,-4.6434436,-2.2106452,-4.145166,-13.567572,-16.196934,-15.970419,-15.182136,-14.12143,-9.872435,-2.7049036,-3.6554523,0.04151547,6.96,7.839431,4.745292,3.8623877,10.968945,18.907804,21.067844,26.138432,25.143024,22.934906,15.511568,12.495935,15.446094,14.3909,15.477518,18.046425,21.281212,18.510288,20.63662,21.644176,19.15184,23.44654,21.858305,12.851759,8.654762,14.372914,15.258278,17.700127,13.516118,9.795614,13.896988,14.936378,14.539387,13.975351,13.803212,15.37577,18.781212,16.925869,15.05718,12.8080225,9.445196,4.7022524,2.0618243,7.5917177,10.402472,9.609845,9.948076,9.239979,8.7160015,15.622436,18.9576,12.686746,8.771183,11.49375,17.070995,17.426817,17.2751,13.589018,12.796085,15.999958,17.926447,17.474007,14.498172,16.870487,28.471035,36.48381,33.384773,21.690266,10.517294,6.8382483,6.933779,5.782591,7.881005,10.234055,17.919067,19.763126,15.35411,14.31967,22.290668,25.1843,21.763367,21.323412,27.488493,14.899498,11.978224,10.979916,10.948362,16.749033,20.076561,13.162885,5.2450914,2.1382885,1.5144619,-3.0372193,0.96312076,9.557322,8.490822,6.223036,15.556061,19.261639,16.726963,14.552234,19.446995,27.277193,15.975459,11.53113,20.065584,24.689661,25.903728,20.418194,15.588483,16.637333,12.573123,15.198314,20.311459,24.079704,21.29,16.870487,16.918749,10.934732,11.315342,16.018974,21.86385,25.092115,19.030823,-0.20545423,-15.820357,-13.403577,-12.076435,-3.4118495,-0.9763583,-8.983782,-3.915687,1.8251424,9.295312,5.2564583,5.3520074,5.321038,4.12563,3.9792747,6.3921194,3.8486204,1.4544009,-1.6302112,0.7715666,4.2941213,-5.5151157,-7.1443453,-2.147084,2.0260825,-1.4536171,0.034076452,2.1048503,5.8250885,6.5101213,2.1973197,-0.65046954,-4.7302547,-4.2734027,1.1890752,5.976622,7.1851497,3.9193845,5.2996283,-0.07519007,3.4574997,-0.4818108,0.26709637,2.2991967,-6.426024,-3.1612043,8.187605,6.5887322,3.287597,-1.1450624,-11.300243,-16.257622,-18.68795,-13.950722,-13.624328,-13.620462,-8.139934,-2.5321348,4.101189,3.9511576,-2.2690163,5.4731545,7.035507,6.330534,5.9823856,4.484254,5.000887,9.1794405,14.908247,17.007341,18.951466,17.60327,17.71731,18.595997,16.88403,11.212101,4.30726,6.155842,5.597104,4.6674385,14.623531,20.652481,27.058659,24.08649,16.658823,12.592968,9.8642235,6.459942,10.169888,14.411005,17.017483,11.927795,15.188039,17.020891,8.851172,0.46554577,3.5239553,10.050047,8.894794,4.1733446,8.088461,9.022616,8.38726,11.20955,18.845325,23.137264,17.58581,13.010074,-2.650149,-15.257115,-14.8260355,-12.635139,-12.093412,-13.112699,-1.8686509,3.416202,1.1029016,-1.3887826,-1.8938718,1.4546211,4.451214,-1.0523822,-3.8180475,1.29774,7.873319,2.9785762,-3.6427913,-4.7727504,6.440667,11.329107,12.351351,13.149654,10.44183,8.835122,5.954845,6.2619066,0.21496053,1.2586615,10.099362,12.663386,16.645243,13.830206,11.398733,7.075121,9.980329,10.362226,3.1238647,-4.0819473,-8.248901,-1.3297825,-2.2949266,-9.159234,-16.080969,-15.526885,-5.4193983,1.4083883,-3.394289,-4.6501856,-11.136306,-12.549353,-12.274655,-14.57482,-15.117617,-18.098307,-17.807743,-10.751092,-4.7578535,-13.332144,-20.906986,-11.082595,-9.445541,-10.504057,-12.652969,-9.556761,-9.925661,-8.727263,-8.539399,-9.815366,-13.425306,-10.414357,-14.335551,-14.23938,-5.8204117,-8.226104,-12.713627,-13.280191,-13.773418,-11.675635,-3.8985336,-0.586476,-1.5244486,2.278087,5.406046,6.151297,-0.245161,-10.265262,-15.165948,-22.901295,-12.125733,4.072302,1.8757359,-2.934479,-10.444568,-11.269392,-1.0104125,1.418281,-3.5545893,-3.4705145,0.74195015,5.2506227,-0.9952152,-6.554061,-8.899815,-7.2450466,-4.519624,-4.1356325,-4.0067735,4.17285,9.237782,4.2656403,-1.3461732,-1.7739367,-7.261201,-6.7531624,1.3732336,3.9257116,-0.39310744,-4.0897374,-2.728063,-0.028594583,-2.3976803,-2.5941133,0.22039378,3.2562866,9.526947,8.644577,2.5837474,2.8628678,2.8443696,1.0908252,-1.3807585,0.15279317,-0.8113456,1.083215,4.51443,-1.095366,-5.2480564,-4.8988476,-6.0533834,-6.7355647,-4.788125,-9.53582,-10.498215,-6.511587,-6.713321,-7.9957004,-14.796865,-4.69604,0.7442399,-1.3935511,-11.317527,-10.959748,-2.4579782,0.7614877,-5.7306867,-10.91301,-12.12961,-12.439687,-5.698864,-2.5870545,-4.5098724,-4.4029846,-3.8881092,-8.665457,-4.3538656,-1.947793,-3.4028563,-2.407476,-5.921954,-5.292185,-4.4858174,-3.5592756,0.056414366,-5.1028266,-6.263528,-5.7571974,-8.160965,-7.4496164,-4.4596705,-2.0162659,2.4495938,0.5379511,0.62971556,0.49574524,0.94863,0.4914533,-2.2105138,-0.39586866,-2.2587566,-8.637795,-1.163547,3.810533,2.294591,-0.741374,-4.293912,-4.6062636,-4.6053534,-3.5430198,0.44082814,-0.12944031,-1.7599971,-6.6677914,-2.126663,1.655225,-1.9371856,-6.2628975,-6.805297,-1.3356876,-1.759092,0.803252,-2.0716593,-1.3405768,0.096622944,-1.9364398,0.078692615,4.768282,10.536978,10.379782,2.2706134,0.35838187,1.327591,2.6980906,2.4018385,3.685201,-3.289616,-10.183924,-1.6386355,-0.27027655,-0.5427485,3.2100332,-2.6128557,-2.0668602,-1.2422767,-3.1979666,-2.8434994,-0.6645025,0.9551134,0.09535667,-3.0870893,-3.7289677,-2.406446,1.4295362,-4.6410346,-4.1957426,-1.9064825,-1.0653965,-0.336561,4.3343143,-1.0520773,-7.28112,-2.9861908,-3.3606424,-3.9936895,-0.85995847,0.13973829,0.20583649,-0.5076454,0.46557626,4.0755167,7.4490623,4.338563,-2.6273427,-1.6693858,-4.430421,-5.7617846,-6.9631305,-8.765043,-8.208271,-1.1333247,0.3690339,2.1700675,-2.1231446,5.4762545,5.8323507,5.4112597,3.3314013,-4.792818,-4.0309896,-1.7197679,-1.3463514,1.7014768,-0.49789953,-1.3336524,-2.0874438,5.8717,10.78476,6.0658565,-10.487967,-11.180222,-5.544055,-6.0349207,-4.325769,-4.4837093,-7.5321217,-10.591604,-11.464443,-10.535235,-10.75417,-8.054401,-10.390002,-5.1881824,3.481265,4.267215,3.1302419,-1.8199414,-3.0986676,-0.8260974,-1.582098,-4.6267567,0.30992854,0.9353974,1.1461172,-4.0678144,-3.2578187,-4.1947255,-5.813203,-4.833509,-6.0130124,-3.6222205,-2.3181577,-4.1824546,-6.6222525,-4.255547,-4.797262,-9.185908,-2.9003315,-3.956926,-3.7587237,0.84973085,-1.6921287,-1.6999384,-0.15233135,-3.8486123,-7.6937885,-0.7097158,4.441124,0.1509139,-3.0069108,-5.7230387,-10.8601055,-14.38739,-10.75428,-9.977327,-5.414764,-0.49684373,-1.3443372,3.8729753,7.504638,-0.8778138,-2.3000298,0.7116587,2.8718383,6.1151056,4.9929714,-0.33543456,-0.76319087,2.983221,4.9923615,4.258994,2.4143233,3.602675,1.0346838,-3.359182,-3.1351953,-2.776698,-1.6515718,-2.6605282,6.6868005,9.865492,11.333532,4.4208736,1.0559406,-1.6370425,-3.6477904,-2.3775463,-0.22152758,1.0032223,2.7108848,-0.42482477,1.219056,4.460187,5.722486,3.5188694,-2.8590472,-0.19977444,-2.4554136,-1.1825469,-1.6958475,2.2147274,1.236609,1.525799,1.7677412,4.215645,0.2250326,-5.104414,-6.328395,-2.860165,0.68444,2.097752,0.52064574,-1.9542602,-6.4929543,-5.214622,-3.030116,-0.04763179,-3.2681313,3.12843,4.6830597,2.0377545,0.9467847,-2.4177833,-0.22578862,3.0434194,4.97804,1.9624952,-1.4739274,0.46131343,-3.8811827,-0.22688377,2.6514473,-8.718914,-13.667675,-7.7840967,-5.760876,-4.7899065,-1.6641026,-2.841535,-5.4639606,-5.648345,-5.2738905,-6.8899326,-6.5247602,-6.382044,-6.3563466,-5.3631544,-5.817172,-9.694326,-8.544384,-3.4866383,-1.2488319,2.7389112,7.132409,6.948517,1.6292964,-3.5700147,-4.301221,-2.1181083,-1.4031546,-3.8188941,-2.9710183,-2.3324864,0.3724717,0.6961148,1.2366247,1.7653543,1.7623596,2.5615606,4.3159995,3.5607738,2.534301,2.5671797,0.3904896,3.0676575,10.548561,6.1244907,-3.8432455,-8.866941,-8.03339,-3.6011105,6.718834,5.1066523,-0.02551055,-0.9510184,-0.23447886,-0.01819539,-0.86463857,-5.779404,-8.304859,-6.82213,-4.7642856,-4.229649,-1.9919088,-5.547913,-9.272207,-6.783453,-4.1245613,-2.7365828,1.2173867,1.6865063,0.51213884,-8.3837595,-13.832763,-9.83102,-2.8005605,-1.9488384,-1.2810476,0.39763314,-0.73879945,-1.967871,-3.8365114,0.52660924,-3.8454516,-2.7003798,-0.04672098,-2.3770552,-3.2289815,-4.2520404,-6.0161524,-6.8768377,0.5388668,3.124278,-5.195251,-5.2151003,-6.472075,-8.572939,-4.205987,-1.7203939,-2.0312924,-1.6604282,-0.10482481,0.80206895,-1.9427402,-4.3122735,-6.7312226,-7.043786,-5.6284533,-2.1263437,-3.319058,-3.7796636,-3.24326,-2.5757809,-6.029072,-9.153209,-11.05781,-7.7721486,-7.737523,-6.0215874,-2.683361,-0.7558623,-3.7787046,-3.9555774,-4.1049156,-5.246232,0.36273944,5.658897,3.3746514,4.3421774,0.8002426,3.5999634,0.9622382,-3.0515337,-6.4077015,-9.254533,-12.377099,-11.002706,-6.6633434,-2.7052174,-1.2801021,0.21094596,-2.2166812,-0.6627215,-0.7599529,0.3874717,1.2131746,-0.42968544,-0.080881,4.6021395,3.0641866,9.06419,12.647793,13.229415,10.619873,10.169239,9.291522,8.08984,10.354601,11.450386,15.040232,5.9934244,-12.084059,-28.145414,-36.038254,-30.59831,-19.301453,-14.384546,-9.50976,-10.869844,-4.4786983,-0.8590238,-4.6426764,-5.8297696,-2.6511366,-1.4618822,-1.8834127,1.2650206,5.6128397,-4.058023,-8.264551,-9.510446,-14.120035,-11.816013,-6.311549,-8.962515,-12.951008,-12.761306,-13.527507,-12.960823,-14.87343,-17.249004,-14.027077,-15.470587,-19.396656,-20.635567,-22.153404,-21.364605,-26.2579,-29.723553,-25.495293,-27.009274,-25.72911,-25.363766,-18.959232,-14.915257,-8.680586,-3.6460385,-2.3635666,7.81551,13.595857,10.764435,12.412266,15.164058,14.301769,8.3263445,13.177227,9.112862,0.89227176,-5.081145,-9.630702,-12.374805,-18.49878,-21.045212,-7.0490417,3.5255055,10.792815,12.962034,4.5935783,-2.5987744,-0.5747078,8.083159,12.514617,10.010117,2.8360715,1.2896595,7.4436183,14.778469,12.813224,0.53995514,1.4044585,6.4599776,8.958291,7.426425,1.4620017,4.677911,3.5154667,3.3128753,8.556246,11.209599,15.012941,13.52137,17.273918,14.920624,6.0376396,-1.7965394,-4.4256163,-6.6527853,-3.6542783,6.4679956,17.512043,23.552832,22.79197,22.284798,19.301716,16.573925,8.602606,4.88235,4.317821,1.7330333,10.677444,6.85378,-0.65521324,-2.4562087,-5.6972885,-9.0047,4.443539,6.6580887,9.783731,8.851362,8.42611,7.4196844,11.164661,15.559021,19.607824,18.86353,17.293013,19.322756,21.045898,14.758028,15.590634,18.631824,14.012176,17.949026,19.497349,18.971827,20.24342,27.06129,27.004837,23.598549,19.275188,13.681584,12.734376,11.414604,11.19326,13.713154,17.73172,16.735395,20.178751,17.815502,20.29089,18.785566,20.2495,19.200409,21.839432,18.23773,15.656042,14.617558,8.271644,7.114498,9.593485,16.437908,14.175737,12.408136,13.508966,12.661371,5.410203,5.59798,6.8911505,5.0804434,4.74098,4.8264256,0.62239194,6.591063,7.3520007,7.666008,7.21883,6.3315854,6.9585752,10.802294,12.193292,16.452011,11.508516,8.8445835,1.1104043,3.1128879,2.8349211,5.8573303,5.27553,5.5737057,1.8406218,5.1364183,13.513933,16.249214,14.635609,5.083642,5.731514,4.890517,4.949228,9.377664,8.65148,4.1195383,3.6951933,3.8958595,5.1117163,1.1327393,-0.2001594,-2.5373404,-2.6651416,-2.8442686,-7.3507085,-5.3422947,1.9868169,-0.35689777,-3.6234426,-6.1632633,-4.808102,-0.50145125,5.3439493,8.816245,14.657118,20.145397,19.67674,20.591003,27.574955,25.705257,18.805475,19.780228,27.402786,21.470135,20.593609,15.2456045,5.723842,-1.3911606,-5.3015723,0.70126843,5.323391,11.400727,12.040499,6.678929,6.8233285,6.907914,6.239098,10.077705,17.08561,23.483688,26.090616,23.783998,23.229626,20.892044,20.108757,23.535152,28.003523,28.667204,22.36814,22.895,19.672176,14.670383,15.044321,10.277321,12.10305,14.629625,14.276371,12.89688,16.775928,9.075524,7.578894,8.539408,9.493007,13.529964,14.107969,8.193357,11.823162,15.190016,15.503151,11.514145,16.354244,18.802372,14.6586895,8.031967,9.775017,14.439194,14.936108,10.802183,11.414749,16.136417,15.701,16.318232,14.807962,13.330476,14.0252075,7.2204823,9.299026,7.823294,8.46572,7.7471437,5.1357174,2.7535982,4.93894,7.4448447,15.452124,14.205971,17.71788,16.408257,11.517908,13.969191,20.81984,18.730904,19.220945,17.036013,13.5662985,14.63873,9.625855,3.4996095,-0.748832,2.106312,1.6359515,-0.061552048,-4.1962895,-3.1915321,-3.3977103,-5.619173,-1.1591393,5.643673,6.4389915,7.7650647,9.656912,10.45047,9.930417,14.1854725,14.956284,11.681662,6.7390327,7.3210897,9.485329,6.97056,4.6780276,-0.2135551,1.4836104,2.4391017,2.428078,4.3138633,2.9716578,3.508336,1.3396386,-3.6105566,-6.535986,-3.7928324,-2.8814092,-2.9888408,-1.537076,-3.510956,-8.076667,-2.6189694,-3.148674,-6.394148,-2.9701684,0.11912322,-1.4503518,-4.3346148,-6.9281244,3.907006,4.288618,0.28136533,-5.903078,-0.6521715,9.246866,18.784851,17.195358,15.545699,13.239458,5.945616,5.0216727,9.78796,7.1633215,5.464884,2.8181014,3.9531267,-3.6274343,-4.219146,-4.0933285,-1.9619819,1.1611906,-1.9600234,-0.7156668,5.799589,6.2315207,6.887162,13.382793,12.465361,5.8722157,7.9398084,8.577177,5.101796,0.6063653,1.2703764,0.0021188855,7.923267,3.9739516,-2.6910815,-0.25492138,-6.5380497,-10.832254,-11.324434,-9.730801,-10.035385,-10.592756,-12.67771,-8.855238,-7.0405293,-5.743593,-5.298394,-5.848518,-10.274067,-10.689205,-16.083647,-17.359812,-17.550554,-13.811335,-7.6949306,-11.084497,-15.953989,-14.844728,-14.572125,-9.020689,-0.8107294,2.3173792,0.54693377,-3.2558498,-3.4380913,-3.1591194,-6.6306124,-7.046684,-4.744787,-3.0924742,-5.3561463,-7.895175,-5.822076,-12.261625,-14.976299,-9.777912,-9.973501,-10.174669,-8.030565,-2.9419813,3.9331393,10.528164,21.934475,23.118717,16.22646,5.954723,8.635169,12.375542,10.532259,4.9689765,-2.6775513,-5.4208765,-2.9167957,-4.3231063,-4.3088117,1.5108185,4.040701,2.643858,4.8882585,5.16244,2.0191753,9.014828,10.74284,7.810542,5.90901,9.101362,7.3343306,8.730557,12.204312,15.872865,19.834276,21.732376,16.966087,10.65099,10.335864,14.563467,17.649702,13.99512,17.718422,18.977806,11.123168,4.0652485,-5.403741,-0.4011997,1.6786802,2.92137,-3.5798895,-8.223379,-5.582002,-2.4313598,-1.4003508,7.2301674,8.500415,2.5773692,-4.5724344,-2.6004782,6.462122,10.394732,1.4182549,6.3928933,3.6764717,-2.4047418,-5.483391,-0.91099834,-2.8879879,2.8684216,2.8856566,5.9774523,8.612883,8.404588,11.724676,14.834517,20.147984,24.738672,25.678051,29.166803,28.862246,28.753212,20.551174,17.073421,17.128914,15.98959,13.718954,14.74373,14.13099,14.48466,17.282682,20.952282,21.257545,16.119614,9.006278,4.075988,8.071407,18.761833,22.990932,25.456081,31.264654,35.54473,29.793724,30.570423,23.547798,20.723984,21.437992,22.139643,23.29164,16.75008,7.2501516,8.647185,8.52493,9.050232,12.155021,13.889257,15.186832,10.2372,2.6020815,-2.2923102,2.3484194,7.294668,10.803147,13.339001,15.191126,16.822401,11.581032,12.155252,13.999947,10.306974,7.397892,-1.9724755,3.18406,9.981424,13.919355,21.303837,23.183304,18.597881,13.742362,10.797064,12.158626,18.533016,9.507198,6.012959,8.54063,11.02043,13.725323,11.752306,8.881922,4.351699,10.642538,11.56739,15.0631695,12.022359,7.1485114,1.8776659,1.0675278,2.385603,2.1553626,3.668348,5.740673,1.6244258,2.494712,9.593618,12.184921,10.06148,9.599058,9.163982,11.475137,14.4255905,11.160641,10.109035,5.317828,4.4321413,1.9276866,-3.5690556,-3.3720555,-3.2970479,4.039249,7.4207735,2.3060787,-0.6736767,-2.7612953,-1.8710738,3.483541,4.127808,1.2720495,1.2912111,9.673931,11.541831,5.117572,1.5642148,7.114247,12.32184,16.17376,22.115065,33.64439,30.677345,23.57637,20.134087,24.077257,23.66017,12.249371,8.576977,9.20669,11.053621,11.779522,11.889968,13.435883,9.868291,6.4432383,11.206804,11.818695,10.4035,6.299864,6.2858276,6.911896,9.86307,11.179186,9.492604,9.707962,9.224323,10.496916,12.598393,15.922437,13.281603,13.130486,15.868203,18.168928,19.206848,17.375004,13.27691,10.799621,8.094443,8.894129,15.25453,12.373984,14.241076,16.682106,15.297814,16.073204,14.378413,11.640421,8.763197,10.551247,15.8521805,12.911728,13.762193,16.815859,15.587736,17.180202,21.81923,11.433336,1.5657322,2.9434674,9.190811,10.944391,9.799732,12.037458,10.410699,9.16539,5.7928524,4.3841023,-0.005886972,-3.5711443,-0.109452605,4.0206013,6.6577234,5.6401215,2.8805318,7.4303746,3.7541494,-1.5297322,-0.79485154,6.5035243,12.226249,12.2892885,13.947287,13.442253,8.7008095,3.5698075,6.3757496,10.579458,7.8973913,6.9824305,3.329472,-0.80279064,0.1162948,1.7650946,5.890238,8.6438055,7.841711,-0.19231844,-5.3558426,-5.993759,-2.0071163,-3.9719405,-6.50745,-2.3663304,0.58181196,-4.2289944,-10.926927,-11.230928,-6.509105,-0.6378336,0.042687595,0.091572285,-3.2887244,2.165804,2.8649516,10.080992,8.000215,3.422227,5.9416523,4.8064194,1.8270049,3.4124749,4.1142826,5.955312,6.4454827,6.3966775,4.4934254,3.7442102,5.153249,3.0051255,3.3098311,2.1226768,-2.253035,3.0771632,1.3810989,1.0879626,6.157812,7.3226943,4.694009,2.9630308,5.684947,5.2167177,2.0076225,-1.8998306,4.5965815,6.1954737,6.9615517,9.019345,5.9382653,6.312193,9.68527,11.045357,10.928143,3.7584128,-6.43304,-13.725363,-17.718538,-9.591171,-0.90049887,2.7726264,2.2020776,2.6018343,3.2562933,3.3026814,3.0086882,1.9934644,-2.6601226,-1.3398522,-1.9972923,-10.525585,-16.654688,-15.94046,-12.866005,-13.623472,-16.329222,-20.940493,-17.922592,-19.574177,-16.235353,-17.193226,-18.340841,-17.907825,-17.760588,-18.272976,-18.481426,-16.689108,-13.109892,-20.474895,-21.094715,-18.070911,-20.408533,-21.980698,-20.083673,-17.307447,-11.719332,-9.581867,-0.62256634,5.0946007,9.978605,13.698513,13.335467,13.0576105,10.098067,10.808712,9.842739,8.367622,11.095117,5.666892,0.8245499,-2.522403,-2.009427,-1.7031809,-1.796985,5.108801,2.17372,-0.5648722,2.9138122,5.5589,3.8789983,1.9192733,0.5326588,-0.8241421,3.7038443,7.4049973,8.9920025,11.718212,9.664633,16.29077,26.15649,23.150043,20.365147,21.355286,25.086082,22.544216,12.537129,14.9860935,10.724159,9.136789,11.252894,14.312497,16.202845,13.34572,7.409842,9.207005,6.6092243,3.585388,0.22239923,2.6625519,2.987031,5.5660734,10.927958,-0.16506732,-6.6813793,-4.258814,-0.90725756,4.391322,11.556269,10.706756,11.18402,15.298549,12.095758,4.9276385,-0.07087088,-6.414348,-1.0362083,1.731311,7.525938,12.562986,18.178308,24.996265,27.30623,26.250263,29.54343,26.970987,18.2193,17.507332,23.216766,20.239124,14.11096,18.95446,23.993973,21.58842,18.928598,21.038237,16.65396,14.806557,13.358706,9.550894,3.4839418,9.19872,13.780817,14.634264,20.123318,19.63588,19.219887,18.2165,24.638226,23.363129,21.47741,13.793434,7.420618,12.802546,16.193516,7.4711146,10.906033,16.762373,15.839847,14.443553,14.174107,9.233989,4.648489,6.9707313,9.996946,7.849888,10.139506,12.455088,3.5090287,3.041501,3.453024,3.6319127,7.366725,7.8799076,11.2436075,15.274616,11.529879,9.299309,15.5453415,21.92965,20.87209,11.617545,6.9264693,8.113291,8.228392,10.572655,7.184056,5.2521844,7.615718,8.207411,9.638633,13.05032,12.479078,12.913174,16.36231,15.465212,17.224632,20.155785,10.439974,2.589069,-1.723308,0.45921472,-3.081472,0.9942664,3.0264058,2.8404584,5.4084125,13.276723,14.774929,12.98629,5.3104596,0.6758622,-0.99698925,6.6896095,10.448097,16.277134,18.068233,17.48621,11.326782,12.111542,12.62611,11.677637,15.164392,14.01569,14.114479,18.548233,14.057721,5.649082,-1.8975501,6.9288473,13.197379,10.725115,8.846704,9.994015,11.132448,8.798328,4.2613354,4.2670026,12.317991,20.016169,22.676533,21.15445,21.529398,22.304647,20.456802,28.074127,30.996773,26.662807,22.072195,18.617527,13.552449,14.490088,17.584583,14.074957,15.210013,21.507187,18.190868,13.707613,9.795128,3.3778439,0.7903899,4.125839,8.7913685,12.415106,9.375553,5.3559904,1.6363177,-1.3976704,2.299492,5.707836,5.373289,2.7995086,4.749765,6.807095,11.844035,11.557529,11.3320675,11.209517,11.736202,9.055321,10.352785,9.913416,10.035612,14.72386,10.414068,8.484781,7.3433685,5.4879265,7.609394,4.085024,0.99983066,7.2642574,9.034948,9.060986,14.534745,22.890274,13.867277,9.932207,15.226172,15.404707,16.278103,15.676121,11.973774,10.352093,6.6730003,2.174458,2.5584192,3.3931866,2.1328697,4.4959126,3.078664,-0.54139715,8.732531,11.0938015,8.697693,11.885145,15.792564,17.64851,18.738811,14.556329,13.677351,14.405082,16.02229,11.293479,6.7832603,6.968978,4.1134996,1.2274942,2.8591003,-0.1853844,4.3636336,6.074272,4.7255325,2.1761775,0.5567104,-3.243649,-1.2886233,0.90360385,-2.258029,-4.3606386,-5.170832,-3.5342746,-3.7663167,-5.1530657,-6.4458876,-6.484578,1.8313408,-1.3603593,-8.241982,-8.936153,-2.1874068,-2.0980027,-2.3365464,0.6032894,5.512452,7.340514,3.7029781,-1.0781996,4.6752305,5.8841996,2.2426949,4.627718,6.105012,5.2688637,4.7618723,3.4657114,8.392632,12.548655,11.540593,11.287085,4.854219,-2.6660302,-6.029641,-1.6419694,-0.8981618,-4.244441,-6.642543,-8.681037,-5.31301,2.515049,6.406583,10.879683,14.5761385,2.5195987,1.6879148,0.8059156,-2.6710758,-2.5466971,-0.11341667,-3.7899766,2.21272,7.0835657,-1.7596568,-13.508714,-12.313629,-5.033025,-7.916041,-9.989098,-10.73257,-12.233477,-4.4964724,-2.389233,0.22275901,-2.9987621,-6.7082872,-7.881576,-7.3872414,-4.231744,-7.1643143,-11.132701,-10.318455,-8.758064,-5.4677343,-12.931799,-17.498909,-10.907203,-10.394272,-9.316941,-3.0175128,-3.5815916,-5.0802264,-13.89233,-14.792408,-14.443617,-10.377952,-7.314724,-10.726875,-14.074266,-14.117702,-10.748022,-10.031216,-8.821904,-8.24522,-5.583098,2.6245217,10.41643,17.268726,19.309557,14.141039,15.325841,16.785152,14.168676,13.687952,13.112042,8.221428,-0.047365874,-5.63847,-7.28502,-11.030095,-10.471733,-6.852606,-6.9300294,8.792967,8.235662,-1.6848623,3.6004248,10.068161,7.457322,6.613758,11.911381,10.926548,7.4046926,6.4485044,9.145916,11.295986,18.061604,14.958168,11.016638,11.417246,14.228176,18.40464,19.265995,19.158585,16.691149,15.286816,17.021675,18.832489,12.188905,3.3317895,-0.4634682,-3.957436,-4.0823584,-4.926464,-9.236284,-8.232336,-3.563495,3.136874,16.246704,18.58524,13.401337,10.860768,8.127306,3.3801148,-0.318407,-0.43700787,0.23713818,0.17921737,1.4032577,0.11156857,-1.5576115,-0.8313273,-3.0962257,-2.7688625,4.0485325,5.174752,15.224476,21.350769,21.94106,17.738739,22.801691,23.272234,24.7188,33.56947,36.86456,26.821539,23.562782,26.652954,18.357574,14.312994,19.334007,19.981798,24.132915,25.691463,23.054672,24.133892,17.182339,12.765236,9.140926,11.403501,20.866867,30.165117,30.51461,26.457197,29.311325,32.22006,29.8995,27.61549,28.88496,26.432522,27.968967,21.139032,16.62963,18.067986,15.148176,17.001562,16.824894,14.8658905,17.486835,17.952152,14.228065,7.8464108,9.991091,9.850107,9.6742325,10.324177,15.914195,16.612038,10.442141,5.5243807,-1.1298769,1.2269576,2.9941576,4.1238427,2.784598,7.285331,16.013657,19.962849,17.783184,16.999054,13.008083,8.635707,6.196472,9.652765,13.812531,11.807993,4.944088,4.4948463,10.419782,11.086944,7.591311,2.5999362,5.609548,6.252946,6.5646267,12.785076,10.679403,3.3361416,3.4120262,9.316427,9.022146,10.96339,12.88669,5.572054,2.810663,3.7853312,7.072305,7.412359,-1.591779,-3.6668859,0.8723227,7.0577836,12.924169,10.430362,6.4301186,6.398644,4.362027,5.396052,6.210373,11.179588,11.359613,10.087513,12.557924,7.89807,6.072499,7.7790213,11.93074,9.258753,3.7920458,4.6803765,8.850329,7.246474,6.035079,11.643475,7.7374644,7.8866982,10.825989,14.943653,14.366682,18.753012,24.155674,20.696962,15.868171,13.915688,10.910625,11.474611,10.795521,6.051082,6.202117,-1.2975614,-0.022195935,2.271141,3.271675,3.1502106,4.089056,9.173105,9.760071,9.731751,9.433937,8.770578,11.561338,12.585703,7.084279,8.147733,10.880848,14.831371,13.1208,12.402964,10.293911,10.414619,11.95256,12.862425,9.303948,4.4521174,4.0583982,3.327923,2.7462525,3.0956626,4.61246,2.6869383,1.2015034,-6.61079,-5.4258156,-5.823745,-12.081367,-6.642252,-5.9942718,-6.5092025,-10.532932,-7.6703873,-4.1145577,1.591606,6.021326,12.116003,5.1127133,-3.2876089,-0.9006464,6.9229374,4.1976776,1.6460936,-2.3669133,-0.9663995,1.5400842,3.775865,7.917679,6.7725935,-1.587781,-2.8951278,2.0636582,4.914422,6.0784683,10.1254425,3.9814022,2.878473,5.6556787,0.45372772,-6.3101554,1.2661269,5.5983295,5.4124517,5.461154,7.365052,10.214851,6.975248,2.638281,4.8094244,5.8817816,7.215453,12.993477,10.784563,0.23242176,-4.2697077,-3.5224051,-6.6610312,-4.6073937,1.1797761,8.052027,10.737434,11.40539,6.397226,1.5169055,1.2478675,-0.21068825,0.23598284,-7.8107214,-10.952451,-5.661911,-3.5654578,-0.98880243,-2.9313798,4.0156426,2.4451492,1.0803275,9.511688,3.999535,-5.7640305,-2.2674866,-3.9295254,-3.4983099,-11.235924,-16.87005,-19.236147,-20.494623,-18.969604,-20.89513,-21.808815,-17.974771,-16.367031,-22.361015,-20.030197,-15.318029,-11.823804,-10.486864,-9.511424,-5.789437,-0.3389573,4.3281164,3.674463,-4.6123667,-12.627506,-16.027565,-19.01109,-16.580347,-12.426746,-14.1439705,-13.6283245,-14.175015,-13.853088,-9.608283,-11.42243,-9.943271,-6.4827027,-4.918603,-1.9338416,3.6877565,2.2958589,-3.9605937,-9.338877,-11.644432,-12.460424,-14.582954,-8.194805,-3.8933697,0.58874685,0.02154988,-0.3985414,-5.0466776,-6.8680267,-4.110692,-2.180003,-2.589264,-2.9480062,-2.4228005,-4.1328144,-4.4036665,-1.9508415,2.9077318,2.708233,5.6455097,15.992218,5.4387584,4.2182016,4.6682987,6.5432673,3.6600854,-1.013289,4.2928095,4.8443823,-3.0977435,-4.3595433,-3.6661773,4.8484974,15.607147,14.916686,13.885418,11.212984,2.5836377,0.47841316,-4.92941,-6.613144,-3.0654552,-2.1949391,-6.8440156,-8.944479,-4.575644,-1.3115653,3.457238,5.0330963,5.643372,5.562292,3.2939916,-1.8189188,-1.8985561,-6.197719,-6.1808443,2.4220147,4.9529095,1.5214293,1.3638952,-1.2686253,-7.164895,-4.6366816,-6.88749,-3.0940323,-0.6109775,-5.2647886,-3.8250813,1.0618556,3.2038078,2.514069,-0.7892771,-3.8376985,-6.422,-3.0880492,4.830978,10.341082,10.173769,5.1685,-0.35802895,-4.1794786,-0.12004495,4.0140305,7.0943356,4.308031,6.633651,7.8759966,3.3704958,5.3467054,0.2347067,-2.4652438,-2.1531124,-5.9575615,-7.086709,-5.4605293,-7.608821,-2.4426296,0.9634938,-5.579878,-6.9823713,-8.533988,-12.57629,-9.173926,-8.926448,-13.075466,-0.41710162,1.0088097,-1.0648617,-3.909893,-3.4226484,-6.5893946,-7.9661613,-8.256916,-9.057912,-7.3396463,-7.0687475,-3.17747,-3.725737,-5.5339384,-4.418818,-7.7351117,-7.6351337,-6.1461186,-6.1968,-7.848104,-6.145862,-2.6072128,1.6423893,8.21467,9.013504,11.744848,9.551662,5.3440742,2.232482,4.6628757,11.275604,4.0205994,2.839779,3.944329,4.0361576,-1.0263493,-1.3435601,-2.595438,-2.0465198,-0.8302038,2.707613,2.1352654,8.327897,7.306118,5.041978,1.4725261,-3.966909,2.7169595,6.34476,-1.463093,-5.503586,-5.818097,-3.9592273,0.69141614,1.4864264,2.1351354,-0.017094374,3.7199793,3.25303,2.439486,-2.9319625,-7.3813524,-1.8450096,0.73114,-0.91011745,-1.9334289,0.5053263,2.945489,12.960423,22.364807,16.877094,8.572529,8.247817,6.818257,6.2894974,7.4335637,4.855734,4.680805,1.9961243,1.4687018,1.4852927,-0.60223615,-2.074456,-3.504943,-2.530419,-4.6221247,2.2683268,8.179579,15.160582,22.779747,22.842937,12.531252,7.232747,9.542419,15.795259,15.890253,19.64796,20.646881,18.125967,19.682665,19.533302,12.744974,16.625216,17.155975,12.311567,8.630838,11.815955,13.94607,12.346585,8.351916,11.940977,15.959525,15.838778,10.739743,7.599109,-0.26654494,5.4759197,11.061814,10.041901,7.947935,9.760864,7.290634,9.245712,14.307249,18.256699,11.756748,9.696497,8.327621,9.710623,6.230483,6.912608,15.42755,11.227322,14.05305,11.898983,12.061407,12.532779,10.861778,3.0780177,2.7187111,4.743126,4.4731092,2.6712775,1.1532147,2.0448964,6.8484926,7.726472,5.848816,5.6784716,8.187653,7.560815,12.524716,7.969819,9.543491,19.58374,21.535698,20.464231,19.216461,15.209093,7.4052796,-2.1435037,-8.745842,-3.7955027,-1.7973742,-0.3186173,-4.408326,-3.6050296,3.5665653,6.7019567,5.304632,5.9588842,7.176668,2.1073446,4.449078,0.9787227,0.96141654,4.014575,0.25757778,-5.1277533,-3.3851979,2.3999462,1.3744409,3.9720576,7.9042196,1.6032001,-0.52427214,-0.23228042,2.5569801,6.5364957,3.969636,-0.37493077,1.3501124,0.92118007,-2.9296868,6.711252,6.0170374,11.751402,8.829582,1.0668715,-0.60372895,-2.517345,-2.3907216,-10.662655,-9.561943,-2.8869934,-0.8615385,-4.303932,-10.126519,-0.08855252,3.3038702,-0.7058182,-5.0037556,-8.139124,2.3500872,3.3065095,11.355948,15.703469,19.886305,19.107487,17.379803,11.529432,11.819507,5.0896683,3.8404996,6.9267635,2.3532796,-4.061577,-6.284197,2.530491,1.9717565,0.7082165,0.48731267,-2.1111925,0.57793105,3.5233035,3.9845874,2.5901456,1.4447744,2.5013924,5.7199574,6.419636,7.6995454,8.16765,5.2549043,5.3952646,8.611865,11.704443,12.620317,12.660101,14.152533,8.961466,5.6752787,9.125076,10.743312,10.713535,13.299435,13.052109,10.969076,15.485138,12.2897835,7.2857585,9.035718,8.894115,9.150831,4.67513,9.930489,7.814391,2.4706547,-4.4158845,-2.3073487,4.9772644,16.236311,20.289143,15.975075,16.186268,15.006138,13.732144,10.341822,9.782383,12.2542715,8.934336,9.036954,8.112753,7.4706154,4.9302273,3.5352404,2.8980706,0.6854212,10.779483,18.289349,21.529785,21.048262,24.569067,27.834782,30.394928,22.656857,21.804943,26.309582,23.904549,22.454227,19.16396,21.038422,24.3886,27.239744,26.333359,24.092663,21.903095,25.071627,24.357716,23.689545,30.518353,28.606428,23.356184,21.106339,12.393883,10.023776,13.699808,13.875769,5.883424,-0.6199765,-2.3004074,3.0701585,0.62287164,5.861478,8.991056,7.8237476,5.91507,8.1912985,4.569415,-2.4643676,-4.4821463,-0.7012348,3.4873166,6.0805655,-3.3538191,-2.6003516,-2.7470217,-2.0838614,-0.3861817,2.0667984,5.5158844,11.738226,7.615949,0.04710114,-11.657307,-18.226109,-11.620651,1.9752997,-2.7177093,-13.54902,-13.824154,-9.069652,-6.3684883,-5.803398,-7.593608,-6.6449604,-3.0618215,-3.392387,-2.113419,3.9918756,7.458494,-0.83602154,-12.504795,-8.265427,-4.1946363,-6.43631,-0.23187113,2.3185222,-2.874928,0.7756407,3.2823908,2.0855956,-0.17516536,5.689784,4.6531754,7.7301855,9.010504,10.089651,7.383801,7.653797,5.609562,-1.0528133,-2.3861098,0.40793383,0.89138156,-0.6009593,-0.03186786,4.823567,5.2960653,8.782169,2.5531862,-1.704716,-0.1431506,2.616432,2.7381542,2.0430727,-3.901474,-4.4403944,-4.7192383,-2.0651045,1.783999,10.379427,0.36825347,-1.9476323,1.788857,-0.57607305,5.2463217,3.3964958,-1.9641678,-2.8176093,-5.8720655,-4.356877,6.856245,9.306942,3.473195,3.5419188,-0.04184556,0.75384104,2.587038,0.06410457,-6.6188455,-9.009594,-4.0178432,-4.3359747,-4.0009804,-1.9972061,0.9096333,3.2777803,9.67551,11.583413,7.706736,8.586095,-1.7963798,-7.018911,-6.275468,1.612294,1.6497364,6.1011953,9.604954,8.630508,4.3659377,3.2700589,-0.28638625,-4.8020563,-5.2959747,-3.9869342,-3.8701882,-4.902491,-5.4103203,-8.295308,-11.186235,-8.002448,-7.338203,-6.3289804,-2.2041833,-5.142476,-6.315507,-4.668561,-3.018884,0.14268483,-3.3230085,-2.2046971,-0.28835428,-0.42682946,3.3226244,3.4279,0.15871483,0.90914226,-2.407168,-2.016822,-1.3328162,-2.5577881,2.9984865,5.8220534,4.2950544,-0.47262853,-5.9657636,-1.4163694,-4.454338,-9.227621,-4.9291553,-3.772239,-6.7068534,-4.566162,-5.963263,-6.209359,-2.6006148,-4.491512,-6.0896444,-5.345109,-7.010927,-7.5932436,-7.006679,-5.8153057,-6.7457905,-10.108847,-4.973258,-1.9044669,-2.275169,-2.567451,-2.0478349,0.8511429,-2.050346,-6.3213067,-7.6456933,-8.848253,-6.4617424,-8.528759,-11.073956,-9.488939,-9.572504,-5.91324,0.21850884,1.2112045,-0.21127176,-1.2615933,-5.643111,-3.666708,-5.6744905,-6.3086615,-6.183959,-7.115016,-7.6929693,-1.7629935,-3.4416804,-3.907977,-0.62214506,-2.1180987,-6.5257425,-9.4282,-10.906862,-2.1745,-1.1562397,0.04260719,1.142743,-3.2522862,-6.056008,-9.399866,-7.644872,1.1095431,5.1545544,2.3656101,-2.054188,-6.2335043,-4.11059,-6.314943,-2.4162753,-1.7872751,-1.9185781,-3.8192306,-11.952955,-9.240601,-8.705128,-10.339094,-9.748614,-2.4807389,7.449682,7.762727,7.6009316,8.683868,0.5170712,1.1049799,2.9453697,7.2568984,6.088945,3.6298735,0.3453908,-0.7477764,2.0365393,1.8226497,-1.2752637,-5.2399387,-5.7015824,-6.296624,-7.705248,-14.530945,-16.931236,-13.967624,-14.332495,-17.096016,-15.239429,-13.575112,-6.7159634,-1.396255,7.652111,3.0750813,-2.2716732,-3.7791953,-5.3360567,-5.930289,-7.845609,-9.776772,-7.20101,-6.776079,-11.197566,-8.322878,-2.2924366,4.1379666,9.580287,12.017078,12.243336,7.697732,2.7554183,4.4511857,4.5061426,2.2083445,7.164366,5.6363487,3.069413,3.804414,5.628829,6.77808,18.390812,22.805782,21.225853,19.322426,9.857693,0.5382161,-1.2289472,8.138992,7.948138,4.944664,-4.193555,-7.2193937,-6.9667935,-6.19818,3.7878804,3.4212527,6.778677,10.394064,3.5630717,-2.345034,0.07940858,0.60460335,-3.2386787,0.8733054,2.657875,1.1857511,1.581274,1.2050407,-1.6244408,-4.912966,-5.034721,-5.6364694,-1.8029811,0.6613617,2.2651405,0.28639603,-3.0699615,-4.344249,2.9708755,6.184585,10.44721,8.91309,5.8968673,4.826656,1.4401939,-1.9717791,-3.8495548,-2.7760859,-1.1902977,0.51613253,5.1128073,2.8620162,-0.60212076,-1.4117439,-1.9902585,-2.797547,-3.1318433,-0.7619557,1.0655836,-1.7966993,-1.4040349,-6.466962,-8.987236,-7.0662017,-8.058089,-5.5533485,-7.635355,-7.987276,-6.281433,-1.1034847,-1.1363858,-4.037396,-0.8473786,-0.89170873,-3.6982522,-1.4371864,-0.6188107,5.4005303,4.738509,6.1436653,4.5923977,-1.6886523,3.003552,3.3814883,4.067025,1.9023998,5.2517443,3.1905975,4.740511,5.504036,-2.805551,-7.856681,-4.0997753,-5.459365,-5.9441166,-0.6894262,-1.8065548,1.6692766,6.343607,15.882252,8.533892,3.8945947,2.2034147,-3.2129955,-0.09360528,3.33927,-0.18545558,-0.16162924,-2.704596,-5.2068453,-6.1186113,-2.5593517,-2.8864126,-4.4987164,-3.2395036,-2.6587944,-2.403204,-7.833918,-7.887064,-2.0173786,1.8198693,3.2341723,2.4470294,-2.3478415,-2.9516497,-1.480529,0.7206831,-1.2199607,-1.8030747,0.79009223,-1.7615018,0.19987154,-2.7350132,-7.42855,-10.105762,-8.612679,-1.2288388,0.8689482,3.6301227,11.219658,9.895172,-1.3522502,-8.801559,-9.219182,-1.9267247,-4.048355,-3.9934018,-3.4667268,-4.2058954,0.016179323,0.954026,1.9448462,-1.3800483,-4.828794,-6.309351,-3.6360383,-0.15666842,-3.9868217,-6.7891483,-2.7848191,-4.2113395,-7.737426,-7.342001,-5.07566,-7.3204093,-5.6533403,-2.4820018,-3.0815282,-2.32179,0.85257703,-2.65556,-4.916968,-7.383926,-9.642994,-5.518763,-5.5190535,-1.978026,-3.9225636,-2.6362772,-1.6043226,-2.5213811,-11.778797,-10.290945,-2.691946,-1.8020642,-0.9148989,1.0204253,5.6951904,4.9521475,5.8957796,5.6212893,2.1789455,8.212527,9.768993,8.187487,8.4739,8.806399,8.793001,9.747618,9.19775,7.0004964,2.522446,1.7691847,-0.63400173,-2.4618275,-7.0557,-9.0149975,-5.3756742,-8.630658,-11.002668,-8.130505,-0.16817185,2.775424,0.75044125,-8.803528,-4.0950937,1.8822471,5.6576033,0.6016463,4.6603913,4.002124,4.4620256,5.0263505,1.7323177,-3.374368,-0.21679842,0.6726271,-4.681625,-1.1928236,-0.39844453,1.5276643,6.391337,2.2043574,2.3134227,-0.5229973,5.052047,13.131617,14.748356,11.725824,10.1446495,7.825881,4.7662077,2.4815025,6.6077595,14.034884,21.468834,27.058577,23.34042,16.176888,13.713564,10.138451,12.603509,18.927485,17.00746,11.247288,10.465082,8.700195,8.07758,12.8913,14.465933,14.861036,11.172166,11.485075,15.117285,17.699924,18.557016,20.013693,22.219984,21.623611,18.814335,15.829773,20.021473,23.6809,20.633797,17.61317,16.271496,20.542397,19.339977,19.39383,18.175024,14.036547,11.595755,11.529881,9.2035675,7.493838,10.705854,13.5830555,13.549068,14.827814,18.214417,16.946201,22.015293,26.871796,28.774868,31.27585,29.282478,25.36924,23.746395,20.80209,17.311474,21.419033,27.56724,25.56395,26.51329,29.079561,28.145845,25.459751,18.339159,8.547108,8.022997,14.87257,11.888462,8.494748,8.815224,6.6481695,6.084215,6.9276547,9.569895,11.917391,9.068531,5.730095,2.715557,2.1505175,5.623455,7.906064,8.738604,3.116027,5.6434674,2.703654,2.1784039,2.1748211,-2.087172,-1.5966688,2.0594869,2.2524304,-0.90360886,3.925973,4.805564,3.8646274,3.5184584,1.4864595,-2.189947,-3.9582226,-1.9439592,1.099384,-2.2556052,0.85049134,3.1796994,-4.112736,-2.3098502,0.43937707,1.2594669,-2.6503391,-5.7523084,-6.7835636,-3.218213,-0.3117932,1.1934308,-1.3669188,1.124707,-0.1308989,6.922602,7.8544393,6.1707516,0.7859088,-4.714293,-3.6080952,-1.1081116,0.19634295,-0.6037674,-1.2829447,6.4541445,9.24958,6.0301685,-3.3804574,-9.1701145,-8.500576,-4.853195,0.43275702,-1.8290392,-1.8617905,2.5961528,9.5719795,10.178307,10.589712,17.806458,23.233192,18.346275,13.869283,10.5292,4.3963876,6.738292,4.455875,0.8458476,-5.019991,-1.0473496,1.6816306,2.1259358,1.5003532,3.8117185,2.7376857,0.19438231,7.0815167,8.681839,7.4588175,6.8357925,2.9191751,3.5559244,7.310833,8.092232,7.923656,13.783132,19.55825,16.617764,13.676981,14.580347,20.581612,19.075838,11.675392,12.963004,15.109774,17.539433,15.513289,10.578692,10.022676,13.803757,14.6641655,10.9463005,6.7859607,-0.39330542,-2.606011,-5.84855,-4.246099,-2.487349,-3.3485272,-2.3186436,0.17488742,4.476894,5.882145,7.9810524,8.629004,13.242159,6.204179,-2.444648,1.2848197,1.2845716,-0.5405772,-4.84157,-7.1810646,-10.206613,-8.206736,-8.108242,-7.313243,-2.7987168,7.47647,15.110455,16.817602,23.065838,17.11702,9.197388,4.255811,-0.33371478,5.4592752,12.6211605,14.218767,13.532862,13.594002,14.540635,14.825165,3.2766035,1.85699,3.943982,1.8561713,10.288822,8.922013,17.44231,26.7933,21.804125,19.20014,17.86798,20.030193,15.347069,11.293034,12.998647,-0.9358549,-5.10796,-2.0459394,1.3776264,2.6465845,7.037402,9.013844,10.750903,11.222025,8.678047,6.7140775,3.4069562,5.4912844,8.292732,4.6877375,3.067102,4.2531905,3.7827854,7.9052825,10.554756,12.458773,14.5343275,16.738564,11.05125,7.883008,9.808643,9.2213125,12.896677,16.64094,13.102711,10.319772,10.1632,11.313878,10.840643,4.8075824,0.43381575,-3.1660461,-2.0378695,-1.0708665,0.09169836,3.2814577,4.662111,3.2480373,0.620059,1.8138754,5.7161255,7.543092,7.696999,6.525749,5.8499393,4.7013235,0.4852229,1.5236344,2.2344775,-2.2069757,-4.4694695,-4.522435,-6.663254,-4.482772,-6.700692,-5.169355,-3.9086225,-0.19235125,6.7405796,8.029393,2.7472727,7.752136,2.8062012,2.7199743,3.4623406,2.8325326,2.1883223,1.5864327,2.3243327,5.0795383,3.2818792,1.8499657,3.0514865,0.51903754,-3.0674863,-0.7681185,-3.3518534,-0.668118,6.426898,4.6866093,2.2784157,4.3903675,2.7414448,-2.6088152,-3.3952944,-0.35484517,-1.454195,2.364224,4.8551393,4.099786,5.7452326,8.664055,5.758471,2.5424404,-0.90306747,-0.5111153,1.7303774,1.6830306,1.7755444,2.5229232,2.3292239,5.1003976,2.2014463,-0.9661903,1.9054558,4.660328,6.3675795,5.549942,2.6876497,1.7885765,-0.28081843,4.202379,6.1577845,2.817275,4.3803444,0.12893152,-3.1970525,-5.858249,-0.7497931,-3.1203814,-0.9680665,-0.8258226,1.0258679,3.4838467,2.9564188,-2.9494944,-1.4041601,6.0347204,6.068618,5.445601,5.182123,14.081779,12.596508,14.080616,15.935255,18.351171,17.907787,25.210873,17.799538,11.767866,4.293752,1.0730658,3.794005,2.0206966,3.40223,1.5923532,4.339485,1.2838864,-4.9774284,-3.488372,-1.0735773,2.9071019,-2.5308127,-5.651118,-7.433167,-5.3953934,-4.647809,-4.5679636,-5.824442,-7.3665466,-1.093994,0.5529572,7.777322,9.298881,9.125568,5.0976343,1.7235489,6.119389,9.804603,10.530723,8.791016,7.5061655,3.2402797,3.3774536,2.753438,5.1801167,5.2801466,3.4861736,1.5150795,1.4856471,6.8614492,10.968693,17.372707,18.622688,15.733581,3.877183,-0.33997095,4.302493,0.8987137,0.7903552,3.6957479,-0.66125894,-0.59680533,-5.864568,-10.498141,-9.317434,-8.641389,-10.122033,-9.687855,-2.729873,-5.038201,-10.362473,-9.657772,-0.6524109,0.5432807,-1.6395195,2.0558162,6.086555,2.8782935,0.5785694,-0.9250332,-1.5291579,-3.5364084,-3.7987287,-4.1119604,-4.8558187,-7.6691494,-10.31873,-6.1414523,-4.40938,-9.464529,-8.201051,-10.036765,-11.663122,-13.365486,-14.88941,-6.330022,-4.4825873,-7.220991,-10.283043,-9.203098,-6.9469786,-8.656366,-8.285641,-6.8569613,-0.39692417,0.6388029,-7.738575,-11.651683,-9.0199585,-8.887164,-9.30229,-7.4084487,-5.5000525,-5.387698,2.0271306,2.0263143,-1.7730066,-2.6241827,-3.260724,-5.7263546,-5.4060245,-6.648761,-6.8023696,-4.0047007,-5.1885953,-0.38497874,0.9666676,-1.7033429,-3.9798727,0.90418386,1.149835,-0.5567512,3.0746305,4.0856795,-1.1819563,-3.3664594,-2.5826483,-4.4786644,-1.8656269,-0.88394356,-1.6028891,-0.44416225,4.5363955,2.8403487,-1.9407492,0.84165496,0.4353241,-2.0272021,2.404901,0.15092331,3.058455,2.5154238,1.1456158,2.0634146,2.706499,1.7335864,0.7387024,2.120093,2.0403748,1.9943907,4.276084,6.218318,10.6462555,11.82885,7.4657536,3.860057,4.1282196,1.4530176,-0.35181433,0.5026357,1.116426,1.0298712,0.6267187,-0.32235396,-3.6985211,-6.9090977,-2.502444,-1.0670409,-4.113418,-7.704705,-2.9234524,1.0432876,-3.8619223,-2.5778346,3.228569,0.0823859,4.925714,9.149458,3.5260406,5.0843515,3.9030442,3.892076,6.986109,6.2069964,3.7467008,0.6826439,0.3274374,6.109654,2.195138,-0.37541017,-0.20447731,2.1581893,8.149849,4.843789,0.5175278,0.3687699,-1.8933802,1.287288,6.590212,7.324107,6.1633205,6.1388187,7.462371,8.212326,8.310817,7.952887,5.7020035,7.218274,5.8820195,7.0888596,7.1083946,6.9968667,6.884946,6.9745946,6.9738836,8.11116,7.703312,7.61767,7.4287577,7.7764626,7.949706,8.050079,7.6425953,7.1933107,7.360864,8.046091,8.276609,6.4000597,6.1943445,6.1948485,4.7684116,4.926612,5.1897736,5.055773,4.7188644,4.3903227,4.4765725,5.0556717,4.2520695,4.5302167,4.2127714,4.3764696,3.319538,2.6518383,2.4476163,1.3813335,3.316361,4.7146063,5.0748324,4.138445,3.181912,3.6256752,3.3032308,4.5777454,5.1511507,5.0407963,3.9166214,3.4021974,2.5796483,3.9987874,4.3261337,3.745302,2.9730139,2.837938,3.772657,3.9699063,4.6821775,5.4272923,4.3755217,4.0964665,5.3218603,5.0691104,4.8943124,3.8666503,3.969701,3.9471395,3.9300027,4.176403,4.140481,4.0241995,3.8299346,4.0561438,3.8692524,4.307618,3.9835715,3.751483,3.688058,3.7949858,3.5486114,3.599362,3.5693746,3.8101,3.987756,4.0479603,4.6430464,4.327112,4.4159327,3.4859836,3.4051661,3.6041307,4.289207,4.5101776,3.416312,3.1497455,3.6027288,3.3550084,3.679017,3.397469,3.2804804,3.0372138,3.1535053,3.7192872,3.4721274,3.5078588,3.110805,2.8369787,2.7454495,2.5310268,2.6244571,2.5321357,2.4433005,2.4180043,2.4028797,2.4301846,2.481329,2.4046233,2.300283,2.2734115,2.2856588,2.1989405,2.2448738,2.1125486,2.0775137,2.0487978,1.9949899,2.0049481,1.834883,1.942261,1.8292141,1.7710959,1.7452236,1.5973127,1.6697211,1.4711376,1.5166543,1.4186897,1.2659084,1.3556424,1.0631347,1.0297759,0.78403866,0.7604782,0.63346475,0.23883349,0.10062177,0.0,0.0,0.0,0.0,0.0,0.0,0.0,0.0,0.0,0.0,0.0,0.0,0.0,0.0,0.0,0.0,0.0,0.0,0.0,0.0,0.0,0.0,0.0,0.0,0.0,0.0,0.0,0.0,0.0,0.0,0.0,0.0,0.0,0.0,0.0,0.0,0.002394068,0.0,0.0,0.0,0.0,0.0,0.0,0.0,0.0,0.0,0.0,0.0,0.0,0.0,0.0,0.0,0.0,0.0,0.0,0.0,0.0,0.0,0.0,0.0,0.0,0.0,0.0,0.0,0.0,0.0,0.0,0.0,0.0,0.0,0.0,0.0,0.0,0.0,0.0,0.0,0.0,0.0,0.0,0.0
0.0,0.0,0.0,0.0,0.0,2.980311,3.9546833,1.7937504,1.0422366,2.076632,0.9049121,0.6595931,-0.88156265,0.42012396,3.0400853,4.994611,3.762307,3.1385968,2.157735,2.1931648,5.240075,5.214163,1.2795821,2.044732,2.9403484,2.6972773,3.2808056,4.1711197,1.9197108,3.979688,3.6923833,4.7577543,6.278511,4.0067325,0.10431374,1.3169136,-1.2115295,1.2686336,6.3077297,0.91758543,-3.0114303,-4.58625,-8.319679,-6.5404797,-7.872575,-5.2462835,-6.70229,-13.461626,-19.059937,-19.30714,-19.261948,-11.576551,-5.9781713,-0.4774257,4.4417377,7.8115664,2.8982797,-0.6813783,-1.8643817,2.1489558,7.9156036,12.198002,9.890413,7.040132,12.668936,6.8331423,8.3529625,7.652006,7.1968217,5.658968,0.6095183,2.9646153,1.4870188,1.2139738,1.9012222,4.1939692,3.7696314,1.254966,0.7083721,-3.0648658,-5.203972,-2.6088974,-1.4421244,-2.5780504,-6.432886,-7.2121,-5.8401155,-5.438024,-4.937764,-6.0575323,-4.6744604,-3.737051,-4.294984,-1.8899422,-0.2642645,-5.509673,-3.9170568,-3.5835576,-6.091007,-5.8646297,-0.15081276,-6.173354,-8.542257,-4.136433,1.1175395,1.4153899,0.23841801,-0.7224441,0.3968723,2.4906814,1.3794577,3.7138934,3.9733622,6.63097,5.5665274,4.362299,9.358374,7.244523,3.4562802,2.3148885,0.22288805,6.8216333,13.543192,4.4044037,-0.4500375,6.964163,7.7766504,2.096886,4.879372,9.859568,8.335924,8.664462,10.950313,4.273455,6.8564005,8.369355,5.1163683,3.5606163,2.916689,5.2055016,1.7171175,-2.3384852,-2.4088333,-1.0231347,1.0485467,0.10669994,0.16574848,-3.227337,-11.667415,-13.00816,-14.644093,-14.861077,-12.685257,-14.830261,-13.036486,-2.6079922,12.683783,22.716448,31.57961,18.722075,16.944973,26.888836,19.051603,23.810085,21.241962,17.862183,26.653072,25.755642,19.376823,27.943237,31.659458,21.839373,26.81162,29.808758,15.5751915,14.256712,24.98903,24.44169,15.900974,16.190475,19.466959,11.030308,12.918958,22.926273,4.180185,-3.2163117,10.076661,11.5019455,1.1629835,1.4586494,6.9659348,3.7020893,0.11835736,-0.3815986,-3.3684614,-7.2860937,-7.344389,-9.472105,-2.7788281,-7.591645,-7.561598,-6.5942616,-9.008886,-5.7881308,-1.2674848,-4.5063257,-4.9747987,-0.84300494,-6.415615,-10.886008,-5.6876965,-2.727878,-1.5671849,-3.2634878,-1.5198896,1.8152161,2.341133,6.592342,2.3145487,2.5625062,4.1110325,6.1389604,-1.717217,-2.1644402,4.270055,1.3586597,-2.1721559,-5.0396547,0.8486007,3.9946465,1.4716208,2.5300589,4.623421,5.2106714,3.0184426,7.2440886,9.6407585,6.8099275,4.62394,6.414817,7.9460926,8.456656,10.54987,7.9496613,4.8332667,1.1689352,0.7994888,1.1730568,-1.3307953,-2.1234019,-1.7771574,-4.2136827,-4.5865946,-0.54667705,3.6545057,-4.8693237,-16.423582,-17.57127,-18.340496,-14.425158,-8.948811,-11.033528,-11.290345,-13.222271,-6.108639,-6.8893948,-7.519674,-4.439483,-11.457398,-5.286323,-5.3981915,-9.160021,-13.218322,-14.474033,-9.111822,-12.342073,-11.713123,-10.289004,-12.108501,-6.622245,-10.989942,-10.065569,-5.1339517,-6.9754467,-4.196554,-3.770901,-9.227366,-15.707386,-11.023897,-17.40681,-17.849579,-15.299707,-15.612339,-17.20238,-17.99437,-14.599703,-10.1350565,-12.242709,-13.611603,-16.079517,-16.393784,-15.42459,-15.486062,-13.522467,-12.801357,-11.042909,-4.1153812,-7.2115307,-9.987529,-1.6329696,-3.9730775,-8.343521,2.8229988,-1.0511478,-1.4690754,11.177428,4.717885,-4.144981,10.459668,9.253964,9.410118,15.932983,13.085543,10.469239,22.043976,17.13831,10.96409,21.941963,21.758526,16.428265,22.722672,20.886606,16.542356,21.741947,25.295086,16.234562,15.8814335,14.9848175,10.271686,14.830951,13.397614,9.072357,4.7794676,0.4844773,2.7334607,-1.338033,-3.5307715,-8.149055,-5.474492,-8.159167,-11.00371,-13.743829,-18.652092,-16.647144,-15.654415,-13.47312,-14.048335,-9.524666,-8.90918,-7.60249,-3.5113535,3.3721318,4.216402,6.3296757,8.726231,14.858542,13.029539,18.008314,10.893255,3.4409676,11.475477,8.372293,5.969441,5.480178,4.6239214,1.3733163,0.32193637,2.3318663,0.52765185,2.5422344,3.707498,5.502317,4.7534943,4.241263,1.5758457,9.203907,5.578833,-3.0405679,-4.5911746,-0.12384164,4.532483,3.680761,6.660256,8.431568,3.566275,5.8153396,5.3202987,7.2740746,5.349349,3.9168649,0.66234994,4.7284193,2.779203,5.9946957,9.249945,0.8795918,-0.7377479,4.571977,1.2547395,-4.024896,0.09847981,6.5933237,5.015852,1.6837658,2.3462486,-1.4953494,3.0503545,1.5031261,1.2238586,-0.7515032,-4.95762,-0.7628766,3.9648776,3.5269444,8.014903,14.978024,13.407596,12.1093235,8.576565,7.470803,6.83636,5.733614,6.927184,8.922094,7.9392295,6.3648386,4.106962,4.1723466,1.6577668,5.8143177,6.860172,2.9328866,4.9262404,6.739829,8.438034,5.2335153,3.494222,0.6276362,6.479004,10.24017,8.211393,4.5239654,3.6070743,5.089113,3.6143193,1.6430717,3.3506014,7.4551115,3.8813725,-3.52641,-6.943017,-7.7805448,-9.3035965,-5.922051,-4.105169,-4.7628584,-7.277379,-6.872997,-7.5846562,-9.2994375,-9.028776,-10.375857,-8.066223,-3.317473,5.2440376,2.4375782,0.4065121,-6.503401,-1.8243555,0.22347146,-2.1448555,-7.0359983,-12.601807,-8.094078,-3.7540972,-0.39520997,3.148344,0.75134,-6.9484425,-6.9248495,-5.4551153,-6.3787775,-6.0972943,-2.3365457,-0.51995564,1.1925452,-3.3699694,-7.041449,-10.899168,-12.047878,-13.193004,-12.552338,-13.41637,-10.842929,-8.65308,-7.6691914,-6.7076855,-8.500507,-5.61739,-3.8468232,-1.3877192,2.1592584,5.1462574,2.3140697,-2.9709365,-1.4112422,2.4732826,3.739156,1.5920583,0.92073894,-0.3978835,2.15929,5.527799,4.4444866,4.867363,3.4065995,3.6088185,-3.5590215,-7.9513855,-5.449105,-5.4753194,-4.8361983,-5.2386713,-7.5627613,5.6807528,9.251787,3.3228054,-0.8301896,0.40056586,2.3993518,-4.790921,-15.114794,-18.727764,-13.487144,-7.72693,-10.950649,-9.659374,-7.3544197,-6.5073757,-6.0023384,-4.4716573,-4.8008566,-3.3778048,-1.6442529,-1.5118322,-0.87166655,1.1774551,-0.6410203,0.6421017,-0.559409,-1.3396615,-2.1469724,-2.346521,2.5435276,0.9808505,-4.1361494,-11.065477,-7.6174216,-1.2552924,-0.76927495,5.582802,3.4408202,-4.584401,-2.93326,-1.85639,2.4126065,3.8426142,3.3901486,2.1190205,-0.43042734,-2.150738,1.1958966,-2.4891808,-3.786121,3.2579405,4.373972,4.6278024,5.5653553,4.3355308,2.3244371,-5.804822,-17.431824,-13.244341,-17.103943,-11.635947,-4.759167,-1.0639615,-0.2002098,-7.4477177,-8.882466,-3.5522137,-3.5284107,-5.0889482,-5.46517,-8.310942,-7.288253,-7.245528,-8.42008,-9.631035,-12.776329,-11.969839,-4.5223227,-1.7939302,-4.4532905,-2.8880806,-4.7485495,-9.254292,-8.611438,-6.6036,-4.254251,-7.497031,-8.149677,-2.7180018,-1.8285333,0.33131278,1.6706941,4.631983,-0.78453183,-4.628363,-3.6153748,-7.42364,-12.121949,-10.074842,-5.1664505,-3.3728366,-1.0930222,-4.6980443,-9.357579,-7.883649,-5.6061487,-8.889324,-7.535553,-9.501669,-11.114742,-4.2668347,-1.4805422,-5.54449,-8.09001,-6.2471175,0.5547979,-0.8945871,-4.20547,-4.9594297,-4.416618,-4.533696,-4.612714,-4.584623,-2.3601193,0.6997745,4.599143,4.80062,4.737158,3.5451903,1.243628,-0.085175455,-1.9388394,-7.9117036,-11.55603,-6.6443524,-5.82786,-0.42628038,-2.29429,0.7372519,3.0062928,1.9108353,0.8918245,3.1503558,0.66272026,2.7701523,3.0093005,3.292458,6.618409,6.928843,8.763881,8.425167,7.36517,2.4287982,-0.5414905,-5.365397,-5.38326,-5.8203874,-4.790802,-8.653753,-12.295725,-8.294428,-10.615515,-10.62809,-13.222839,-17.278301,-15.55217,-9.623716,-7.8961,-5.4460907,-7.234623,-9.625862,-3.8307374,-0.71673805,-2.7890275,-6.6467004,-7.4033246,-6.288611,-6.8525457,-8.6860695,-9.6611595,-6.7834272,-4.1309795,-1.7425478,-7.2843113,-8.052462,-4.5641565,-5.08828,-2.2172973,5.1102734,6.2773867,7.552287,7.1075416,6.375244,7.964777,5.2298117,-4.964369,-7.1160574,-6.305156,-5.8825173,2.8987916,1.1303556,-0.92484754,-3.8393795,4.4033747,13.939741,9.778084,3.202221,0.5854305,-4.238312,-8.646214,-4.733405,-5.457977,-7.9986863,-6.2702127,-5.5851207,-5.038501,-6.028734,-6.9310956,-3.8301406,-3.8301063,-2.8106575,-2.0471723,0.8146203,1.587476,-2.8058434,-3.5336483,-3.4023616,-4.950053,-4.7940693,-4.6035233,-6.235435,-5.7864094,-9.48382,-8.50984,-12.775869,-19.88278,-14.117421,-7.9919996,-5.9942217,-0.063530385,-1.9595642,-5.966376,-7.090601,-7.779524,-8.179209,-13.143057,-7.2139425,-7.055552,-7.2772083,-3.5267477,-3.4342785,-1.194228,-1.4194322,-4.6661773,-6.170046,-7.8453693,-10.193029,-9.171985,-11.460428,-13.839081,-13.73444,-14.054742,-9.753034,-8.865547,-12.05186,-12.890116,-13.735404,-15.438894,-17.26362,-19.713905,-18.684242,-17.34833,-13.491617,-12.521303,-16.92536,-16.029028,-12.444872,-10.380944,-12.33553,-14.8643055,-16.14672,-14.332867,-10.002764,-8.719114,-9.078604,-12.99651,-16.850035,-16.471638,-8.096157,-9.706647,-5.0202727,-1.6805255,-5.8550367,-11.726913,-10.53475,-12.688888,-11.456203,-10.625752,-11.938136,-9.24588,-9.926947,-7.579194,-1.3173738,-2.840269,-4.6979837,-3.8989592,-0.6237638,7.2356296,11.885935,11.340193,7.749708,5.892644,-2.0809193,-7.444237,-4.739941,-2.6627188,-3.5533967,2.8239284,3.1669695,7.3416114,12.54264,10.117189,12.52204,21.969254,27.095572,25.753197,25.402922,19.624725,13.177954,9.562237,3.1092038,2.0439847,3.2405052,7.069508,0.95559275,-3.171762,0.79315054,-0.7100701,6.602586,8.775686,0.78252095,4.4326816,7.978715,10.968618,10.49708,4.4176044,3.6383514,-3.4283838,2.8174214,5.391531,-0.89283013,-8.410566,-11.356356,-7.1564417,-11.187304,-15.792969,-14.845873,-12.253989,-11.008322,-10.191544,-11.196976,-5.8244243,-8.848722,-7.315979,-1.6386176,-5.7439814,-2.7130935,3.137165,5.0083466,4.303092,2.4025974,3.4633882,-2.1718228,-5.5749936,-0.2670786,-2.9300385,-1.4479796,0.94101495,-2.6896105,-3.5871115,-2.355267,-4.087465,-0.71433586,-0.66606236,-1.0275899,-2.4510882,-5.3706903,-4.7481728,-5.2611365,-6.033695,-6.995407,-8.136587,-6.563842,-6.0152845,-2.8406134,-3.6014996,-7.1500506,-6.378297,-7.2020063,-9.199789,-8.381691,-11.30895,-12.669332,-9.238592,-5.1071925,-13.235868,-12.75126,-4.5510683,-0.38585225,4.6400948,0.19730425,-4.0826054,-7.6571803,-4.096101,-0.5553825,0.6724007,-3.6069057,-9.361906,-9.576551,-6.634999,-4.616516,-8.744894,-1.9246475,2.2041855,3.4574437,1.2985889,1.8206592,2.466713,10.813883,14.32917,23.117027,27.782549,28.139223,31.954372,34.242607,26.579868,12.313797,6.136079,8.647779,13.11607,13.681761,9.743017,1.2956393,-2.6764388,-1.8402581,1.3132856,2.7583332,0.49605286,4.4104896,8.040447,11.114079,7.661688,-0.5655648,-3.384548,-4.0779657,-5.0193295,-6.8214774,-8.171138,-7.221362,-8.616688,-0.72210896,1.2708167,1.3370581,1.7541727,2.708356,4.657314,1.6007178,-1.4128946,4.012441,3.223248,0.5315783,0.21196401,1.4524727,1.7885938,1.2630252,-1.0657374,0.7634015,2.953046,-1.2557828,-6.9821887,-8.161344,-7.1661386,-3.8605413,-3.7894936,-0.4671958,-6.6097975,-7.525433,-4.124177,-1.7039721,-2.273647,-0.44035053,-4.966608,-0.69759524,-0.22426397,-0.28682435,4.437014,4.4675756,5.1234894,-3.1629543,-3.403349,-6.1629667,-6.3102636,-4.003267,-4.8986015,-2.3319292,-4.492174,-9.154777,-7.4005246,-5.8800406,-6.5916348,-7.489149,-14.656252,-14.039539,-5.6924725,-4.880196,-6.963533,-5.9070506,-5.6173496,-3.952831,-6.976937,-8.813135,-8.439754,-8.537699,-6.2399025,-5.369626,-6.2350354,-1.5288551,3.5949602,2.74745,5.859626,5.9286165,1.422175,1.9158742,-0.07043752,-0.92566985,-0.95443875,5.3223257,3.1196842,0.2929994,2.2364707,5.5498133,6.4835014,9.458435,7.930768,5.0415535,7.1316886,10.900999,12.90366,14.138939,12.199825,11.399353,6.334757,5.0864844,6.8166327,10.285378,11.6623745,10.745419,5.8121862,-1.9699744,-10.568863,-14.300055,-8.67066,-6.6885204,-1.3421926,4.7800055,2.3064947,6.641322,6.173027,2.020237,1.0093255,2.8897948,8.574441,5.757569,5.4015813,7.240449,10.635747,9.190476,13.376478,16.643162,17.757694,19.755478,20.48151,24.347904,16.537472,10.767244,9.0233965,-1.207652,3.2228844,10.313481,13.987027,12.147799,13.626405,11.029718,10.051009,11.935925,9.975613,10.1730175,12.40735,9.794133,7.9397526,3.5133543,7.5409427,10.738807,12.074013,15.047386,14.233384,11.648863,14.403736,14.069544,15.545923,13.669039,7.100171,6.983784,9.138601,15.691277,19.99053,15.521673,14.857353,14.182797,16.569988,15.498693,16.489079,18.350996,21.22473,14.76222,6.325277,4.218814,7.393777,11.707676,17.644669,16.489883,14.134691,15.291583,16.200369,14.731502,14.063761,12.430107,6.401349,5.4414415,5.322187,5.825119,11.50808,18.731976,20.620625,23.056854,23.20915,21.860641,22.801884,21.048574,14.363754,9.434913,16.38367,16.472513,17.79483,20.679287,18.211674,17.604443,16.924404,22.710411,23.446043,20.486748,20.300081,15.269729,10.630746,10.53803,8.283619,9.253874,6.6039534,6.552848,7.1854134,6.199418,11.981805,9.684461,3.836304,9.373871,14.666355,13.635042,13.563315,12.354773,8.724269,3.5336256,5.1812534,6.006777,3.4096453,-2.9370275,-3.169194,-4.101533,-0.743961,2.4828622,-4.528508,-6.469555,-2.2547798,-1.6644254,-4.084897,-6.3037887,-4.641672,-9.232519,-6.4878397,-5.8470335,-3.5168467,-4.4185066,-7.7063303,-2.3596876,0.83213216,-2.0938454,0.92810977,-5.90849,-2.5653324,-1.4383758,8.059861,4.3569617,6.798458,4.6626883,8.710732,5.718981,2.8444674,1.4392207,3.323475,11.286791,16.831497,23.75787,23.884033,24.663565,25.36895,26.152847,20.971085,24.265223,23.677551,21.377785,21.728298,22.850157,11.371555,-2.20113,-5.8727894,-2.12399,3.660413,12.437972,22.059093,24.496723,27.544022,31.861717,26.755634,25.309166,28.6568,27.11176,22.427135,16.508871,21.220917,18.975014,12.114098,4.74978,2.6332686,4.075022,6.3403397,5.9625587,10.835897,14.673194,19.355532,23.55886,21.350204,15.892105,10.679348,6.8429794,9.224291,10.38625,3.72728,-0.29235572,1.2422051,6.81472,4.5398893,5.348734,0.71009374,-6.7935514,-4.8182077,-1.6118352,-0.17523694,3.558229,2.9853477,2.3563633,5.6793766,2.4082365,4.044127,6.073761,10.32832,13.697551,11.168545,9.911923,9.494572,2.2669563,-3.6075668,-10.39846,-15.314827,-14.518538,-9.932535,-4.883601,-0.2818123,1.5008521,7.737889,12.965539,10.908176,6.3973885,1.1039729,2.9442425,4.325322,8.355417,6.710043,2.5136738,5.2750416,4.331178,1.4696519,4.07008,8.314383,12.34012,2.4194674,-6.129418,-9.911541,-7.070104,-6.719406,-3.5364347,3.1709957,4.9782767,18.895443,18.67213,21.665041,20.988218,14.794356,15.573569,15.252817,16.67021,15.958982,14.078632,17.389822,16.009706,16.115551,11.850515,14.41291,11.982375,5.664396,9.113235,9.172862,12.335064,19.165665,21.881002,22.803982,22.280231,20.655827,14.734091,12.83501,14.42004,13.365959,10.4433365,7.6429863,5.8851657,8.196489,14.146793,16.716486,18.731438,14.956325,9.099314,6.696837,3.893767,-0.32750732,1.0437969,6.767622,12.839135,14.795973,11.635319,9.158789,13.299419,14.49612,14.168982,18.029005,20.087421,16.534666,23.800304,23.601387,17.026997,14.624107,9.893346,2.9015734,3.3515472,4.5924554,11.5590515,10.8802185,9.444357,7.223383,6.568281,8.578273,8.890509,6.7580824,5.4124985,0.04682994,3.093675,0.4340109,1.2094886,1.4599054,0.47812563,11.03208,7.0646753,-5.4761653,-5.26669,-1.624505,-5.0717216,-7.6357937,1.0425787,0.19395983,-5.4676595,1.3457879,1.2907916,-0.36559987,0.403167,-1.3986609,3.7021794,4.5231214,9.443367,11.78742,12.440111,12.178577,10.7340555,12.7790985,8.486498,11.0084715,15.020407,10.341837,2.0748396,-5.3959374,-0.024588048,-3.7737174,-2.406229,2.438035,-0.24349906,-0.72666717,0.020706445,0.6862285,9.387054,5.806499,-2.597852,-0.5434661,1.7738819,6.6037016,10.226398,6.4398384,3.9340596,5.480013,8.775873,8.757435,5.1286674,3.1698623,0.050187245,2.0773137,4.897588,4.7177553,3.435313,5.498103,8.623603,10.613935,13.915137,20.267977,15.703381,14.395957,10.340807,3.1973479,-3.2188463,-2.6885614,-0.46947664,2.551952,3.4828308,4.995776,1.2481506,-0.9963076,1.7033472,3.9301238,2.5295246,1.8823574,4.2944064,0.99795043,-1.0015882,-2.6935005,-0.6131957,0.38555533,2.378417,4.1983767,3.271027,0.4545926,3.6892579,3.9487495,-7.248274,-4.058505,-5.8142023,-9.689305,-6.817803,-9.563963,-5.9362,-7.442783,-8.000231,-8.786205,-8.390751,-6.911739,-7.798294,-2.7790978,1.5044999,-1.2355032,-5.7656736,-7.3587236,-10.066086,-9.531312,-9.802132,-11.03977,-10.39485,-11.248631,-12.647393,-11.299858,-6.230016,-4.4828787,-7.9993997,-6.618134,-3.4712179,-8.663695,-9.294759,-9.475933,-8.519892,-6.086652,-5.448088,-2.4054892,1.5879954,-1.2905016,-3.053403,-8.543121,-7.436269,-3.2413921,-4.0381603,-2.1565027,-0.87899673,-2.3171256,-5.1285543,-7.7742047,-8.873186,-10.782166,-14.330759,-14.550272,-4.4502726,-6.439952,-7.372062,-7.1354036,-7.5068026,-7.7583804,-6.743431,-6.6352577,-3.9799654,-6.167471,-8.739503,-10.391006,-9.333558,-10.7229595,-10.567305,-10.053049,-11.448821,-12.607515,-12.984822,-12.43778,-13.002035,-8.772493,-10.075293,-7.5435,-7.2748466,-0.43729115,-0.71665466,-2.3464863,-1.3280011,-1.2094655,-3.5486283,-5.302994,1.5220675,5.403296,4.489317,4.840089,-1.5950575,-5.7951574,-9.82794,-8.930001,-8.209244,-6.870842,-5.5891533,-3.3077853,-6.5434027,3.978678,9.463923,6.0692744,2.8331168,1.6423874,0.97715116,3.611845,-0.17604412,-0.24077532,1.6064327,4.6612277,3.5868816,1.5059782,-7.8157935,-5.646369,-2.656671,-5.616702,-6.208246,-4.82641,-1.0412827,1.2640667,-0.7299001,-3.0229306,-6.8917227,-5.419562,-0.8031591,2.6763449,5.022373,0.83508074,-3.4108684,-1.9423825,1.7088974,-2.4271123,-3.0234976,-1.121502,-2.9685688,-3.6560314,-4.505574,-4.7073956,-3.378187,-3.5115728,-1.9389879,-3.818142,1.5523946,10.167429,9.563014,14.631079,10.498442,6.5166073,17.049046,13.634323,3.4687607,-4.6468496,2.7666745,8.940186,10.403658,14.263792,17.509403,21.223915,27.437279,24.331413,18.583025,14.624911,13.354795,7.862912,8.364128,9.614727,9.513435,6.2455864,4.0822988,0.99043673,-5.556638,4.999672,4.280204,6.4669957,3.562674,6.483342,11.172296,13.573778,9.720816,10.391511,14.726244,11.18261,10.403429,13.160043,10.97313,6.8855143,3.4628203,-1.3935949,-1.963109,-1.1248442,0.5961387,1.2002184,6.3480086,5.3922358,2.7016394,5.0074058,13.284897,12.171661,8.836566,8.772066,4.197321,-1.7542303,-3.4481142,-5.382969,-3.0643384,0.35704464,2.4031985,5.8778467,4.4189057,-0.47361374,-5.3147135,-8.364346,-5.8476458,-6.0468245,-5.840239,-5.095134,-7.132792,-3.5715084,-3.870865,-10.610495,-7.8071966,-2.5080032,-2.0780034,-4.4733,0.8078304,6.10016,-1.6489111,-7.2492647,-5.9771814,-7.0330825,-10.687645,-10.763394,-9.609808,-7.3152423,1.1624774,4.7807484,4.6256256,-1.9153043,-2.3384104,-1.5257784,-1.0209478,-0.33746994,-6.6759,-5.527,-2.4629526,-7.813657,-3.4499047,6.9310656,2.347868,-4.4314933,-6.500414,-4.963675,6.340317,10.964165,13.0097065,22.553623,25.584095,25.823246,25.170336,23.280466,13.233688,6.4971447,7.892851,6.1225224,-1.9850149,-7.1685915,-4.6811953,-6.6521015,-5.315298,-0.28769183,1.8433716,-3.1909356,-1.869745,1.9739606,4.267254,3.9290342,2.9228542,2.4288478,11.655426,17.418438,13.994539,9.759825,12.969735,17.875248,15.202047,12.032721,8.856105,7.102886,6.340478,4.6424294,1.3304914,1.9197748,6.7245493,7.673641,5.9375434,4.52148,8.785955,11.747997,7.3957944,3.0820494,3.7967308,-2.9240859,-6.0909925,-6.8658953,-5.2962885,-4.0344486,-2.1655278,-5.976156,-2.5082235,4.985572,11.506523,13.321398,1.0644435,-4.7388415,-8.887863,-12.694893,-9.586651,-3.6413379,-5.452408,-1.1755974,1.5387306,0.6686405,-6.5319686,-8.763487,-7.087414,-4.5044155,-4.244981,-5.960191,-8.033091,-5.156672,-6.8848715,-14.121021,-11.537983,-6.669398,-9.977151,-11.425564,-11.318043,-5.2221303,-2.9867158,-6.0161104,-3.8110056,-6.635282,-2.678141,1.4924054,5.427189,3.9374352,9.246968,6.311823,3.3232613,3.2468743,3.9111257,-1.2957338,-1.0311512,0.83612883,7.167362,7.653151,9.993435,15.420799,16.539598,12.9782715,7.7603927,8.531561,7.8999014,4.1259737,9.197445,11.290937,11.504225,11.410128,9.207556,13.836888,12.456799,1.5059506,-6.154996,-7.426912,2.3327203,4.019555,-2.2001784,2.7275453,5.4503217,7.9039145,7.727355,7.633295,9.339111,7.795885,3.3772755,4.8769436,11.905128,13.638775,20.41672,22.281261,20.664688,19.611042,24.74944,23.199867,17.084328,15.192845,13.838394,8.695147,10.921342,11.918674,8.602188,0.8325665,2.1241803,12.563424,16.872574,13.570158,9.318821,4.7078257,5.302945,8.62686,5.245485,0.6022439,-8.237711,-12.14542,-5.643592,4.8940687,11.862116,11.633489,13.578382,12.957912,12.768454,15.512094,16.552246,18.360348,15.053709,10.647396,12.384911,20.255245,26.283081,26.860926,22.637756,17.60196,17.353844,20.44312,19.752151,8.292707,7.6886296,12.983261,22.628826,24.937199,22.808317,18.659954,21.621387,19.321001,17.200283,17.97549,11.8943,9.848474,6.6001415,3.1607113,5.348997,11.678296,14.629925,13.745913,13.326643,16.003023,20.573994,18.013447,19.362785,15.824545,15.277884,17.260048,14.388352,11.04722,12.950674,18.481136,19.82302,20.236282,16.186787,16.632812,21.88113,18.765003,9.016642,8.553058,11.913893,17.578342,18.474712,13.06979,12.413294,14.5508585,13.290916,11.593128,10.058155,10.841021,15.686269,19.5002,16.91712,14.510199,11.801638,13.08822,8.248422,6.777845,5.4482045,6.470736,6.795368,8.313824,-1.4100595,-2.2996254,4.392085,11.484539,11.183601,10.443709,7.161288,5.892255,2.337348,-0.022900485,-4.3142633,-1.284858,0.24729061,-2.1236448,-0.5435854,2.2174335,4.8983655,-2.0590134,-2.4225683,0.43969613,5.670849,3.165884,0.3921212,3.2494924,5.693802,5.937388,10.4888115,9.532705,3.949347,7.117304,12.130075,12.900032,10.326004,16.277578,20.860687,20.12978,22.674618,22.162003,17.337408,16.381523,13.62239,14.465789,12.072069,7.9068155,2.7652009,1.7306067,-0.74458504,-0.32223165,-4.4148703,-1.6860622,10.364288,18.611021,23.669186,20.727335,16.552164,20.355299,25.029097,25.097588,22.136532,24.000275,20.968964,17.875889,13.537794,15.782337,16.408073,8.4793,5.02056,4.0675,4.2565427,7.9864855,5.068243,8.967039,10.079503,10.3256,10.84005,7.9937096,5.4282265,5.0960417,6.8203654,7.414095,6.384193,7.4481153,7.36494,9.408579,2.952302,1.4827586,-0.46367967,1.1684422,7.596882,12.369587,12.224089,4.4299207,9.403587,11.3368635,7.1902094,5.6167946,2.2297652,2.902041,0.12989831,1.5434371,11.494531,16.54755,9.605505,-5.5240088,-16.035595,-13.178793,-15.729783,-16.01986,-7.647971,1.9081581,9.961016,11.468925,14.790311,16.854408,12.952127,16.469887,2.6176636,-3.604414,-0.89696157,1.7005591,-3.6129649,-2.9778605,-3.03716,-4.9831934,-10.207315,-6.954932,-1.9817528,-3.7246377,-10.134817,-15.94385,-14.290762,-9.787376,-5.1505547,-1.6562816,-3.6384273,0.4911608,13.28768,15.897457,15.733896,16.489656,13.735216,7.265427,7.5621743,11.720537,10.838762,14.571057,13.324739,11.69355,5.318804,3.5854976,3.7276459,6.7655134,8.778159,11.603638,17.121605,17.990467,17.721004,10.1079,8.368263,11.557733,10.695685,6.568444,6.564149,5.492436,7.241756,9.053556,9.9223175,9.864666,13.96278,14.015998,18.06919,21.542873,18.39341,4.5854664,3.8835418,3.2027354,1.6918135,11.398609,19.637547,18.152576,18.166399,18.652958,15.301008,20.069572,24.048733,20.590504,22.574966,24.062254,19.03599,17.413532,18.22276,12.780716,8.141512,11.036165,6.426318,5.8302984,6.611356,13.377953,8.104376,1.584084,6.996941,9.075939,3.9188046,5.654333,5.5442076,3.3728702,-1.2980716,-0.7393897,2.8316865,1.7009122,-0.6002398,-2.8458323,-6.689303,-2.1089416,-4.248957,-7.64392,-9.298869,-5.9999685,-5.7053022,-4.9875565,-3.2704659,-5.233314,-7.166726,-6.45957,-5.5120087,-2.9254968,-3.9265246,-5.5452743,-0.9090293,-0.5398203,-5.335225,-7.98844,-7.3447914,-5.2347097,3.6318183,6.6756916,7.1326213,3.2339659,3.4607506,1.9557757,-0.93441236,-4.299101,-3.9192624,-1.5874478,2.9804115,2.336205,3.3409858,-0.7644357,-1.3207,1.3553762,10.88768,7.595394,6.561228,6.8772287,4.703946,7.386876,11.290724,14.737114,14.079814,13.98007,13.383671,8.868422,2.9391427,2.1677475,4.9757285,8.282234,5.1634016,5.521409,5.332179,4.2337317,3.9420233,-0.058827996,0.4119172,2.279951,3.8586426,7.467818,6.6557813,2.888051,-2.923073,-4.347486,-5.9258704,-0.8198695,5.4729786,6.0137296,0.48957372,1.7052945,-2.7886896,-4.7577033,-7.9166865,-4.251679,-2.7651272,-1.1279461,4.1482306,5.6739025,4.2902384,-1.5119681,-2.5126348,-1.3041184,-3.1486793,0.60619545,0.24678177,-4.867962,-5.394326,-5.2887425,-2.8093314,-3.7360334,-2.564024,-2.2205489,-4.803644,-4.533997,-3.560863,-11.063645,-10.918934,-10.706057,-6.753829,-11.482999,-10.126923,-11.353912,-7.8043003,-6.8198214,-5.5403414,-4.026128,-1.8430275,-2.4469023,-4.4149237,-7.7854304,-6.2909102,-6.6650276,-4.144748,-3.016459,-3.3448849,-2.6695013,-3.3109388,-4.419484,-9.388927,-1.5800743,1.8447485,2.7145426,-1.1563708,-3.3028474,-4.775621,-3.8609471,-4.3296814,-3.581266,-4.6711464,-5.822606,-0.6767343,-1.5467627,-11.846235,-11.102234,-5.8632755,-4.8024855,-8.422397,-8.902627,-11.354778,-9.183292,-3.774591,-3.9060092,0.3097623,0.9931356,-2.8435524,3.8940167,6.758626,3.1069872,4.371367,-2.5413904,-5.7330036,-6.0146017,-3.2479634,-1.6733917,-0.74627066,0.3854176,-2.3567266,-0.51256573,-5.1442804,-9.70523,-3.9041235,-0.26180103,0.05086235,3.0755277,0.9473847,-1.5647613,1.5257591,-1.4860438,-1.4365506,3.0973113,6.23158,4.840785,1.323257,-3.322384,-5.3487206,-4.2419558,-5.7669783,-7.8839703,-12.402373,-12.137569,-0.36206967,5.253705,4.132652,1.0721363,0.92914647,0.21485895,-6.504237,-5.943052,-6.1991053,-6.2322254,-9.934877,-7.8253164,-5.5416956,-6.60466,-7.827197,-9.511096,-6.354042,-7.36339,-11.021085,-12.470327,-14.19219,-12.736774,-7.288664,-5.6580954,-2.9961221,-1.2523088,-1.1124971,1.9767897,3.5882921,1.0685838,-4.1118145,-1.5578793,1.4008889,-0.42033792,-3.3632927,-1.3969039,-3.5113482,-4.577364,-2.1064806,-2.9972858,-5.8212137,-1.9404786,-1.0106243,1.5206379,-2.2466383,-7.4639106,-1.8934301,0.46839222,-7.2268806,-6.0432167,-5.3015165,-3.676086,0.07469392,-2.5609412,0.24717364,0.31937036,2.3382742,0.15253937,-1.3049451,-1.4051987,2.855872,6.159629,2.4946692,-0.06686258,3.4610553,3.7367187,-0.047192752,-3.0628362,-3.8927336,-1.8224587,-5.188537,-0.07778889,6.522959,8.346523,4.2724547,3.7553077,11.137857,7.946553,16.456013,23.758831,22.636192,20.35077,18.51893,19.949785,15.076881,9.915283,5.1772666,3.2898896,2.181805,10.393653,13.462414,10.995485,3.0094738,-2.4212716,2.790469,3.53748,0.06839883,6.3399734,9.735975,11.155485,5.1437945,-6.3366456,-5.75794,-3.0184047,-4.9389863,-0.0129083395,-2.9299228,-4.8144083,-4.6198874,-4.2416644,-1.3664852,-4.3427744,-17.006012,-28.503365,-29.873596,-21.862022,-2.6563268,12.147541,13.817436,7.220225,-4.8210554,-19.415928,-27.122318,-16.604677,-7.7057724,-8.423824,-7.3817782,-10.812664,-10.719048,-7.335126,-10.998536,-14.345169,-10.056473,-14.010692,-15.310116,-7.6542244,-4.2099857,-2.6291003,-7.6320944,-7.475792,-8.090532,-8.389534,-7.003253,-2.4554076,-1.0606849,-4.7426944,-5.95623,-6.424719,-2.556676,1.2264392,-3.525337,-7.8671894,-5.3901033,-10.358736,-11.520951,-6.053258,-6.31053,-7.458213,-8.746591,-4.56466,-8.172275,-13.934887,-12.918257,-19.039928,-20.725975,-12.309221,1.5657644,6.77426,4.7477856,2.9842515,-4.13116,-17.586819,-24.949982,-24.364698,-16.338604,-6.885263,1.7749054,7.587159,0.33171904,-4.2728815,-6.3807,-6.491583,-10.670335,-14.511509,-13.172314,-8.798531,-6.977012,-4.9116445,-3.8595872,-9.342669,-10.919359,-13.538403,-15.741495,-13.57465,-7.9129696,-5.89945,-1.4740238,1.7579497,5.653062,4.7139206,-0.29921377,1.6281453,1.030457,4.9591265,8.391327,5.738976,-3.717451,-2.2720952,10.262164,11.236406,6.2829523,4.552428,3.0308235,0.8590126,-3.611461,-2.8805041,-1.458885,-1.6374838,-7.1095304,-12.797485,-16.645103,-13.583171,-13.762396,-11.789654,-3.1901102,-1.0393103,1.5391959,-1.2122201,-4.659996,3.0754015,7.4094057,2.8590646,2.5340014,9.651065,4.896,5.847234,1.5551566,-4.4474926,0.8831352,-2.0006702,-3.0603104,-0.37932563,0.14560437,1.3131124,0.74322224,-1.8458724,-3.019468,-3.9700956,-1.5201291,-0.08753824,5.097085,6.759881,2.5793748,-1.1404226,3.1127353,1.1471193,-5.3802443,-0.41268644,3.0356166,1.8159547,5.890879,11.668318,13.191702,13.939806,7.698745,2.3308063,-1.6445888,-4.6895337,-11.105555,-7.836691,0.16728182,8.205753,21.702816,19.977169,22.619373,17.567913,16.12951,18.826944,20.508102,19.055222,15.487996,14.30769,15.374174,14.423519,10.704374,15.227793,21.72517,25.605381,19.422544,19.486362,21.991394,27.847847,24.35351,13.365928,9.046286,5.4739285,9.505168,14.84733,14.362316,16.265175,14.155702,13.04916,19.566309,16.973785,21.898113,29.936615,29.06833,25.677662,25.680447,19.66209,10.05921,-5.086054,-16.257412,-12.276958,-1.3403966,5.9949675,11.29859,9.662609,-8.07972,-21.110126,-13.456865,-0.46368104,12.504736,22.63392,15.878995,12.544985,11.822858,15.3916445,15.228071,17.04366,14.13821,8.62714,4.7173505,9.705507,17.056177,17.124691,18.228241,21.685038,22.971497,29.354843,28.672253,28.551933,22.122477,18.065483,17.390257,22.189587,22.186111,24.538523,26.136566,27.792904,32.25107,33.43992,35.401184,28.65871,17.72162,7.333379,-0.71118546,-14.233801,-15.46599,-6.2589016,-5.0687437,-4.0682,-6.156054,-1.6012161,4.5382786,-4.882452,-6.3033013,-9.460707,-0.30704206,9.91333,16.986267,21.065033,22.702354,21.122898,19.409012,19.027206,13.605804,13.179815,17.186268,19.016628,18.574322,17.72215,10.172831,4.0442815,12.030535,16.661215,14.684052,12.214983,12.897479,16.604282,15.155784,16.013823,17.28873,16.697273,10.957027,10.592308,14.526378,19.991146,20.881798,20.248068,23.096893,23.714218,19.629808,20.38512,14.533533,15.1149025,17.638163,9.654474,8.026049,9.634571,15.402434,19.101963,21.510586,16.983452,13.063741,11.423908,8.642861,3.605778,4.918101,9.002336,9.747527,14.667965,13.628595,16.357048,15.595367,19.206356,14.09287,8.01466,6.0549173,3.1693773,4.037815,7.6915417,5.063818,3.5436676,4.1436033,5.925625,-1.347349,-1.7098383,-1.3430972,-3.5070868,-3.9913359,-4.332008,-8.26757,-2.1562412,6.2473483,5.6064854,3.3193164,4.6135697,13.636192,10.766261,7.243439,5.7504864,8.961251,6.920211,5.493366,1.5388463,5.507848,5.928667,4.866053,4.5357723,4.0162463,4.333621,-0.39767528,-9.185827,-4.7977815,-1.8433115,-8.456357,-8.954432,-1.8251696,-0.34669623,8.519945,13.77853,16.838383,20.993961,23.42346,28.55811,26.575293,22.328766,24.776873,19.730064,22.267548,21.498535,21.742695,26.34515,27.740772,25.323475,18.485126,7.9663396,7.0203295,9.587641,12.455467,12.963661,13.243767,14.994488,24.525196,29.006763,28.593315,32.15361,36.152565,36.38108,24.763573,19.160269,16.909748,14.707859,7.076425,0.849514,-10.027307,-15.942527,-9.461043,-0.059387177,0.21373694,-5.706696,-9.414249,-11.16378,-2.5959613,10.087802,12.436203,15.397795,17.125507,17.33529,17.155651,13.211013,12.315312,16.579517,17.945332,12.678621,6.7707696,8.620237,13.65288,11.607405,10.773367,17.386665,23.880405,29.358088,22.461048,17.4184,21.034267,20.794333,17.307621,19.729364,22.21223,31.349747,37.224487,36.697784,36.173645,34.84465,32.964256,27.601639,29.240261,24.238617,20.93259,15.973169,8.494825,-0.7703446,-12.901554,-22.396034,-14.956247,-9.958347,-7.304552,-4.8531713,-8.01603,-10.043668,-11.872225,-8.812199,0.7115389,5.989682,9.40129,12.913357,15.539417,18.621635,19.544104,19.270754,22.63781,18.62458,11.339653,12.14464,14.123253,10.036965,4.758905,4.098243,11.328422,20.270077,23.82917,24.188427,18.77132,13.744459,10.385056,11.582931,18.11634,19.420885,19.618757,23.373503,25.535248,22.60986,18.881634,22.485052,25.84939,23.269318,18.64008,15.596511,11.500685,7.472724,8.412298,8.349473,7.0488143,3.242853,2.2311594,4.3732634,3.8181415,-2.0391316,-13.875854,-19.786833,-14.771509,0.72397125,5.4454894,4.304142,5.215473,10.671143,6.7561345,5.553178,5.1523004,8.11603,7.667487,-1.4155861,-2.615338,3.1237888,3.5671499,3.7418327,0.380588,-4.652315,-5.8773136,0.8178017,-2.870738,-2.0230868,0.7094856,-0.43569,-2.0050797,2.240132,2.7488804,5.701562,10.913576,9.987679,10.580308,9.511408,8.221684,1.6087853,5.4342937,6.183596,7.067328,6.61833,6.4698534,11.303482,8.281599,6.4074183,3.2856085,-4.989277,-12.513517,-13.401956,-8.751717,-11.318624,-13.81569,-6.0778275,0.15600443,0.057960987,0.47752178,0.38580644,3.8994868,6.0104246,4.494966,8.148568,6.1354656,5.1332693,8.332062,9.937655,1.2164848,1.4714501,5.311926,6.1905503,6.8427453,6.333187,6.8088264,-1.7738408,-0.35307336,3.4742625,6.809021,7.65423,4.144831,3.8251565,1.8582428,-0.26284623,6.282626,5.7064095,1.7689059,1.5803872,0.54623055,4.004326,3.148389,-5.4844646,-14.540983,-20.356884,-18.470123,-6.8192587,3.8400445,5.7906814,5.7607307,4.3805895,-7.522564,-18.510328,-19.810493,-14.204464,-8.3341465,-1.9836326,0.85518813,4.703269,3.3124647,-0.46754754,0.517392,0.7705685,-0.6112715,4.658674,7.4976,4.490049,2.6005,-0.7175714,-3.2436652,-2.3301356,-0.06575501,0.6695875,-0.8009856,-1.5115567,0.07242408,-1.1497047,-1.8599937,-4.924287,0.6655922,6.5645523,9.205446,5.526674,1.4049001,0.004072061,-2.8688421,-4.971256,-9.181482,-11.95525,-6.168094,-4.72213,-0.4448954,5.60999,3.777452,2.8940065,-2.6372628,-0.10925481,-0.46514136,-0.9869176,1.5444165,-3.2070127,-1.7205927,-2.420499,-4.4714837,-5.7153816,0.49591637,6.596703,5.52462,2.7350955,-0.2548859,1.3574624,-1.0872475,-0.7560866,-5.626356,-4.1132755,-5.5586815,-6.129565,-4.6257677,-5.3228264,-6.8630548,0.16422069,-3.9068403,-1.2492156,0.51903474,3.5799096,5.845473,3.0152795,-0.115490794,-0.40519744,-1.8052773,2.790263,1.5513154,3.402397,3.2344937,4.3240747,5.0038037,4.0774155,-0.07575011,-2.5654843,-4.8601246,-6.1589746,-4.1293674,-12.301738,-13.290821,-12.682804,-7.494742,-8.920509,-9.4430065,-8.6607,-7.216114,-4.269021,-6.9547744,-10.532625,-8.877829,-10.864859,-9.49753,-9.070469,-11.118275,-12.529949,-8.647692,-6.69401,-1.311787,-4.9216566,-9.506552,-8.870479,-8.613634,-9.247871,-3.3278923,-2.201438,-7.078946,-7.942186,-5.529851,-6.6965027,-9.803253,-3.3465858,-1.4149256,4.002747,2.6866035,-3.9917138,-4.737916,-0.7381669,1.78143,4.124542,2.0084627,-2.923185,-0.0023719072,-3.025207,-4.789838,-0.2480421,3.7570512,5.8114495,5.8216333,7.636325,11.66659,12.731721,7.319108,-0.45764148,-1.0820203,-5.713075,-2.3473752,2.2149353,3.5801196,2.3040743,-2.3443353,-5.3392863,-5.620588,-4.1672015,-5.064218,-1.5611558,3.7827842,6.450363,7.4582443,11.02528,10.391902,7.3014855,2.8982608,1.6303508,4.8970594,7.645394,13.587774,11.047952,5.43801,5.9654446,10.585625,6.7716007,1.4338272,4.947977,8.166962,10.721504,11.242107,10.792255,7.329055,5.141091,8.2012205,5.781694,3.7592962,3.8649788,-0.9435908,-8.1546545,-17.194712,-15.837048,-13.1246605,-8.350475,-5.437641,-12.351351,-11.223642,-10.963988,-11.190483,-12.795381,-14.910202,-17.721771,-17.33309,-13.032195,-10.2898245,-11.992922,-5.774309,-0.00391376,0.2237992,-3.2292557,-3.7855477,-1.3931253,-0.10714364,-4.448968,-4.4695997,-9.040192,-5.6414003,-0.6060866,2.3359032,2.0202665,-0.9513627,-4.533179,1.2833462,7.5226474,4.679841,1.4298623,2.2697291,4.8402724,8.0524845,9.923433,4.1489606,4.0088596,3.7091665,4.5425153,-4.9745135,-16.240492,-19.385935,-17.227476,-17.24646,-12.46748,-13.900354,-14.249903,-9.0419855,-6.6968217,-11.345949,-12.478926,-11.123701,-19.16602,-15.518938,-4.73505,-6.2414904,-11.771074,-4.86169,-0.70324504,4.1767106,-1.3406993,-11.474075,-5.9879937,-4.5159783,-3.4287286,-6.500243,-9.20603,2.1995916,4.901265,-2.1615062,-4.1563864,-3.4799304,0.4185009,-1.6284583,-2.6741707,0.75867385,-2.2893362,-5.062129,-5.431239,0.35471657,4.8659544,4.168891,5.5239015,7.0866585,4.59342,3.3026216,7.8826957,4.2243915,2.6934066,1.5736327,9.484299,6.84798,4.1839147,5.541957,3.7224512,9.290233,11.171995,8.220893,-0.5794691,-3.412956,-2.4777064,-1.6215214,-5.2018337,-4.7039557,-3.6655,0.818503,5.974021,11.803505,14.191187,16.394482,11.777443,0.6157559,-2.1801744,4.979974,5.689826,2.2765968,1.3730841,-1.7159116,1.0972316,3.5744855,2.368142,0.16268092,-2.3374474,-4.0025325,-6.588537,-10.916403,-0.91894895,4.6979485,4.097281,2.0332637,-1.5088099,-2.4528346,-5.114675,-9.563811,-10.812844,-12.70188,-15.806358,-10.861843,-1.886621,3.074244,8.823823,13.21008,2.6670926,-5.1865726,5.6800885,17.82064,12.016486,-1.3472202,6.8634434,14.695982,10.519341,6.0304737,1.4061477,1.3087734,1.4059414,13.249901,25.627733,22.787094,19.065739,18.97946,15.567542,14.335877,17.99508,12.271313,12.453854,14.332316,15.155116,17.62997,20.374401,20.477451,14.704649,2.3488631,4.492572,10.92573,10.131143,2.1325486,-0.16770315,3.197459,3.944203,5.811003,15.636042,19.0028,16.509304,16.64531,14.76,16.826445,14.082411,5.903678,0.35218439,-2.1085248,-8.278236,-8.816543,-5.5871143,-6.6503525,-6.577587,-10.141907,-15.658305,-20.350088,-12.893017,-11.80615,-11.417898,-5.6980095,-0.5496108,8.921934,12.715576,10.316328,10.232291,9.092363,6.546918,3.520909,-0.44946986,-5.776079,4.1512012,22.479816,19.814991,24.93944,23.556381,19.519981,7.2804685,0.984769,-4.8895726,-0.15174542,2.8636227,-1.6219246,-0.42199183,10.963113,19.164593,24.115795,22.593107,22.927855,19.573235,12.377503,11.397242,14.201248,7.0390444,-5.017104,-14.566292,-16.740536,-9.506621,-6.9413886,-3.6486773,-0.12476361,-0.6457095,2.0200791,1.8533913,8.692872,13.691166,7.7290845,3.768402,13.453211,17.486885,20.948837,19.744911,21.408733,27.317127,22.095997,19.255226,24.775578,25.013039,16.779526,11.711149,11.665649,11.852701,13.949052,13.613113,15.428398,13.243667,11.9712305,14.054253,5.582184,-0.44177783,-3.8781705,0.062083073,7.8219514,11.411537,9.86291,6.386623,16.41323,21.150135,28.103718,31.624416,24.51336,11.487736,1.4595652,-3.4124558,1.6557441,9.633059,13.831236,10.865337,1.7369084,-3.5425632,1.0700097,2.8868387,-1.3066674,-0.4265024,-5.522032,-6.170273,-1.9331287,3.4814384,-5.484728,-9.811899,-14.422899,-14.827665,-8.66147,-10.847755,-9.286968,0.27245682,1.4313768,-8.091091,-6.9728336,0.98163146,-0.7026838,1.6873455,1.9862355,2.2362633,-11.597736,-15.262795,-10.415018,-15.046352,-8.76271,-5.559347,2.9492168,8.438662,3.194703,8.043577,14.223246,7.0010037,2.3366303,6.8197565,6.1320357,8.6920805,11.475775,6.6752963,1.7906883,-4.598242,-11.506643,-13.228631,-14.446837,0.015279412,0.5846946,-7.625086,-8.715604,-7.496504,-3.4892755,-0.682068,-1.8161815,-5.413246,-17.634731,-13.728577,3.596387,18.5698,26.963814,26.858978,27.112293,23.352293,24.26527,20.930819,17.928444,14.264307,11.20196,12.9052105,14.914642,12.831966,13.346781,11.74918,6.4860587,2.7322202,10.374098,13.268776,8.002552,5.1126394,8.089756,15.968926,24.21331,22.34877,18.8902,14.107307,10.005545,6.666342,6.1606603,3.1427555,9.591711,-1.4085033,-13.202178,-12.2494955,-9.675358,-14.375303,-9.906281,-5.524557,0.3521571,4.300366,8.072149,9.691387,11.153555,10.695274,3.9912395,11.003475,20.76313,14.874809,15.180005,18.91391,11.490873,10.323491,11.81395,6.521972,3.8726668,9.398085,12.927771,20.719059,25.958363,28.567806,32.74859,28.45116,16.531616,13.641436,9.944393,8.082291,9.191104,14.22364,16.99052,15.074068,16.976017,22.047832,26.62956,21.573956,15.263433,14.505875,15.970726,8.149004,4.744254,0.17521131,2.6143699,9.336308,6.168038,1.3879247,-5.7800407,-4.566046,-9.051157,-9.895111,3.6508656,9.417757,10.177465,10.405029,9.944029,14.740232,16.785921,14.895792,16.375275,21.474854,24.943024,29.939274,26.812939,18.798069,15.021644,13.105091,5.885354,1.7097607,-7.308281,-2.8977785,4.537324,7.724091,10.997225,13.078033,13.313708,12.457777,2.5911481,-10.786089,-19.163332,-15.210571,0.057096243,9.761276,10.634458,11.402654,17.27252,12.073238,6.144143,3.9655726,3.288085,0.7865565,-8.793125,-0.8426515,5.035424,6.8129816,8.828941,2.7889078,-2.6945026,-3.4989667,-0.41803405,6.9546037,1.2726492,2.4337838,3.9152706,2.3013964,5.84929,6.350093,2.0839825,1.0034927,8.848803,8.047104,9.546054,7.9052963,5.3079495,4.690674,1.0174994,3.6277697,0.52470124,-4.5640116,-5.9166193,-4.895727,-0.6698435,1.3646289,3.9153826,-0.68927133,-8.347873,-4.927575,-2.7950122,-3.8602233,-5.049747,-12.254306,-13.683279,-15.057175,-15.190884,-14.294705,-14.198038,-12.681526,-7.99873,-6.765072,-3.0038483,0.058939874,0.5106638,0.25519657,4.5563,8.770553,12.832519,12.685926,5.4819922,3.1844287,4.310813,-2.2188704,-4.953828,-1.918944,-0.56965387,-1.6457644,-1.2487986,-0.13475466,-4.709157,-0.47950625,-0.30649543,1.2142909,2.5515137,4.5175824,9.0777025,10.133129,3.4006345,4.7804174,7.2829485,8.524457,7.0855784,3.3319056,6.428988,5.815804,8.392372,5.0722637,2.3688347,-2.0349815,-6.2558303,0.022632897,5.02752,0.5707511,-1.7551098,-1.1921153,-1.9473612,-2.6238933,1.118976,1.1236229,-2.8928561,-10.46746,-15.299565,-16.527493,-17.34267,-15.087737,-4.207732,-3.909336,-9.988047,-11.849924,-19.938862,-20.553102,-17.46926,-12.564714,-17.29049,-14.771347,-10.511087,-5.032415,-13.281918,-9.6592045,0.9852375,3.6680002,-1.5216887,1.5441267,1.9487177,-1.5589802,-4.970209,-4.5548253,-2.027934,-1.5415772,-2.2105324,-2.8753505,-0.28564936,-0.90844697,4.130861,2.421057,-3.9431324,-1.6796539,7.591409,10.061817,8.004718,0.8786373,-0.99814165,-3.2197943,-2.5008473,-4.7210913,-3.032281,-5.2153215,-12.126214,-19.742153,-20.841125,-19.533058,-12.941222,-6.431303,-6.545675,-6.694195,-4.227397,-2.669102,-9.844446,-10.417429,-14.114508,-15.8139925,-15.908833,-17.538366,-11.679082,-15.325259,-13.556686,-16.465464,-18.84721,-16.03054,-9.77335,-4.608328,-6.848483,-12.9776745,-20.061422,-21.151531,-10.285891,-11.102243,-15.367689,-8.298452,-7.726181,5.493166,7.227899,6.303541,1.5208127,2.3143606,1.9537364,-6.2308307,-5.417741,-1.1747658,-0.97355443,0.30784982,0.67612875,-2.6640558,-1.5419135,3.1934688,8.208855,10.849989,10.305392,10.083717,2.7794795,-3.8779488,-1.297993,-3.9126844,-3.9613476,-7.0569572,-11.491219,-13.346922,-9.262611,-8.151913,-13.982061,-12.281225,-4.7515554,-5.859252,-2.8663301,4.048709,5.8059726,4.00337,-2.316048,-13.821802,-14.682221,-12.944607,-9.693008,-13.017715,-5.177931,-1.0463088,1.4627097,2.3431697,1.9208307,-1.7960329,-1.037641,2.183914,4.2791085,5.3780594,2.9852479,2.9027848,4.585405,9.717364,8.039032,7.4264307,10.107992,10.194521,3.0109143,-0.6149198,-2.0381815,-10.342465,-7.069179,-3.1866982,-2.3259058,4.9637184,6.017596,4.01638,1.4394822,-4.6114,-0.099226594,1.0892192,-4.178445,-7.111223,-2.4009128,-3.926222,-6.9794226,-1.9720165,2.7856548,6.3931108,8.446741,6.1312737,5.182889,4.458289,5.543289,2.9694455,-0.47167253,2.2827363,9.285493,6.921333,5.4737887,2.2841785,2.9767432,7.1897564,-0.8505913,-0.5685404,4.7024736,2.3498487,-6.3020124,-4.9274225,-3.3865457,-3.1964803,-6.801443,-11.786961,-14.035933,-11.371508,-8.320683,-5.124476,0.020781636,-5.4119306,-5.7512465,-4.9431376,-9.007618,-5.9477234,-10.65238,-16.411198,-11.680126,-9.859628,-13.073526,-13.10361,-6.9929423,-1.1975391,-3.5419512,-3.4301732,-3.527077,-3.4676714,-2.1617923,-0.073584214,3.1336813,5.507328,2.421843,2.904347,6.482978,2.6716487,-1.3629959,4.6551666,-0.9703917,-9.151792,-16.504229,-10.382315,-7.6277122,-4.42704,-3.4951835,-8.372884,-10.893776,-8.158512,-2.3963993,0.27307016,-6.1474032,-6.991433,-4.783379,-3.2400742,4.722935,7.139321,8.982645,6.2150426,1.663383,-1.9703699,-2.6884727,-2.2321827,-0.79715514,1.3308506,2.283172,5.0446534,-0.4346439,-3.5364978,-1.2252209,0.80192983,-1.5339785,-1.9870582,-0.97969466,-6.2503533,-6.8621716,-3.592131,-0.94011444,-0.029857114,-1.0627612,1.0836524,0.73146427,-4.179158,-0.69658905,-0.21995059,-1.255787,-4.054001,-3.1533694,-2.28992,1.0192597,1.5183897,2.5850933,1.5293754,-3.689817,-6.6582565,-2.8680444,4.6994452,7.6458554,0.5725775,-6.160936,-6.9715023,-5.185524,-4.742141,-2.246537,0.14349508,-0.29908258,0.9872116,-0.7734068,0.43090242,0.41998255,-0.7424991,-7.129735,-11.461414,-11.134978,-8.192923,-5.2057657,-6.759603,-9.114643,-3.958038,-1.5983574,-4.74413,-5.9507,5.8643255,11.245496,12.623005,9.467926,8.102429,9.243295,7.051546,4.445505,2.8909845,5.996949,3.2224689,7.9802575,8.945073,-3.3061876,-3.3352358,-7.2032676,-4.5000286,-1.7551768,-2.641741,-1.0336535,2.4504786,3.4653685,-2.923635,-3.3590217,0.28367203,4.846265,8.911647,2.4811363,0.77314156,2.8042285,-1.9666525,-4.0037394,-2.0708504,2.247973,-2.5316353,-0.4763971,-0.42352283,-5.8158565,-6.5711493,-7.4547005,-4.4323378,-4.207162,-2.577599,-3.4494298,-7.124303,-5.4194307,-7.767562,-8.341305,-10.9266,-6.000252,-3.1269805,-4.453012,-0.170171,-1.4003,0.95471954,3.0109868,0.36075407,-0.8878467,-1.8792053,-2.377276,-3.2158685,-0.42252,5.65219,4.1058416,4.336883,3.0447593,8.645321,8.236618,6.111304,2.51977,-6.2558346,-1.6167246,6.6105638,1.3094044,-3.4881678,-4.3006144,-4.9512453,-3.1260524,-0.8401304,-4.7794256,-5.064476,-6.039097,-3.2898092,1.5102317,-2.5804749,-1.6921297,0.47074515,1.5351906,-3.7139013,-4.9612355,-0.36518413,-3.5354457,-5.3308687,-1.562123,0.997815,-3.0304456,-4.6166553,0.5631167,4.183261,2.0122957,2.0653498,7.4089,10.703911,11.361456,10.02121,5.0744057,3.2120714,1.1350658,-1.0610607,-0.3927192,2.6099966,-0.53133863,-3.1530442,-1.8215244,0.47809553,-1.4590274,-4.752467,-1.8404862,0.93296105,-1.2232139,3.667488,-0.6470699,-2.2508907,-4.317709,-8.73423,-10.472261,-4.8359575,-4.3024635,-0.7867768,3.1143384,1.5207185,3.509451,5.087055,-0.511409,2.9679103,9.384527,10.609697,6.5821843,2.1391768,-5.627387,-0.46718836,5.4400587,5.1369967,-0.23466235,-3.8185973,-1.8665915,-1.5017021,1.2718979,1.0827892,3.5434403,0.7029332,1.8672547,-3.8175073,-3.6923995,-3.3835678,-5.05604,-5.7517796,-1.576325,-0.87129843,3.4784303,5.800808,1.4305422,-2.4527717,-0.6446732,0.5236513,0.1985218,-1.6037375,0.99096644,-5.667,0.9812484,-1.0447816,-6.582418,-8.542774,-6.8735924,-0.35825133,-1.695313,-0.8178424,-0.6616266,0.51434624,0.88466656,1.4670525,-1.3301288,0.33338487,1.387338,1.0917128,-0.6141974,4.168081,6.1418333,5.312432,6.467566,3.5265398,5.972533,8.603737,-1.059324,-3.8379273,-4.9234934,-1.6794537,3.6944773,-0.2405329,0.33049074,-4.6919165,-3.5717752,1.1043422,-2.185463,-3.8761396,-3.9881802,-5.2897463,1.265303,3.3530655,2.0376427,-3.1403046,-3.2061434,-2.371926,-4.706497,-5.871121,-6.272427,-0.4489446,-0.24986926,2.3217804,2.6616933,0.5681959,-0.28844246,-1.3773832,0.5067587,1.683925,-6.598974,-6.9519033,-5.886567,-6.5170174,-6.452071,-4.9411693,-0.72345674,-3.2046304,-6.48158,-5.348683,-5.4150257,-5.4334393,-7.0776954,-6.550935,-8.390547,-9.6420965,-9.014278,-8.725531,-4.316273,4.093549,-0.660012,-7.8064556,-10.94333,-7.7010875,3.0315077,8.180211,8.493919,3.6447096,-0.06603539,-0.9743328,-2.5073261,-0.2881598,-0.97331977,0.045186877,-4.9997015,-8.830696,-10.7044525,-7.6079645,-7.7230377,-2.362452,-4.3194785,-4.469469,-3.7229114,-2.462789,-3.2632213,-3.173311,-0.20591253,-5.9498005,-0.1439333,0.5789144,-3.6683054,-2.2728744,2.101529,8.593633,7.460135,3.9172273,-4.816524,-11.958637,-11.326907,-10.664013,-17.654118,-11.878032,-9.860592,-9.9453335,-5.2105412,-4.532198,-8.547091,-10.571514,-4.4904547,-1.5945348,-2.057112,-4.053649,-2.1369414,4.1241093,1.0912813,-9.385523,-16.770424,-13.639511,-11.60391,-10.400041,-4.0052414,3.155687,9.715566,3.6185665,-2.2001455,-2.0398932,1.6518297,3.4349194,2.2929444,3.9158435,5.7748384,6.5136185,2.9633934,-2.0110528,0.95347875,-3.6307383,-8.43989,-6.1820507,-9.064686,-10.355962,-7.5522804,-9.07312,-13.291111,-15.807051,-19.831495,-17.142569,-22.24226,-30.087217,-29.246653,-29.9314,-31.332882,-27.487904,-26.231453,-16.28196,-4.9241796,-4.747732,-3.1237476,-0.6601709,-2.8783224,-3.1548371,-2.4942546,-3.199866,-2.4359617,10.213274,8.17263,-0.6918109,2.5420778,3.5717273,0.5611566,-5.2348266,3.7785535,4.6200895,-4.3981905,-8.317689,-4.9720993,-1.2821374,-2.790854,-4.0099134,-3.1350884,-7.1908054,-11.210315,-12.589195,-15.078638,-13.418596,-8.025215,-7.1656666,-7.103878,-8.75215,-7.2922955,-6.193594,-3.5904727,-5.2395735,-4.9082594,-1.3405564,-3.7608078,-7.398616,-14.518614,-19.67192,-19.026573,-19.079039,-21.739368,-22.410984,-17.206163,-10.723345,-6.2204266,6.5177417,13.499844,13.729179,0.19292259,-2.4349298,1.4160663,-4.6982427,-6.4868546,-6.413396,-8.313058,-11.609674,-11.953657,6.268626,9.629369,0.7533879,-3.9624538,1.3219718,5.797278,3.649959,-1.5425324,-2.510632,-3.2629285,4.8694825,6.8644223,9.702284,9.824377,8.852911,13.776924,10.555577,8.059814,4.1986685,9.336012,14.707244,14.618937,12.572127,10.515819,9.067504,3.9125159,1.3791432,0.43093583,-3.73426,-2.3919241,-9.085674,-9.24165,-3.6706042,4.703208,4.737874,8.629885,12.427973,16.181927,13.947816,11.747896,7.981884,4.701672,7.1715403,7.8930225,5.4448037,4.1296396,5.054887,0.68475425,-0.09345648,0.82829815,1.4701167,5.964187,9.673331,5.686657,8.713099,5.1069174,4.1335673,6.970248,5.9976006,4.662922,6.293641,2.5519385,0.00092697144,5.879141,8.994434,8.0639,7.4841332,8.41671,8.99588,9.300798,14.741742,16.014057,5.489405,6.387466,9.232227,3.6937237,10.095864,17.322567,14.811935,1.7439259,1.94678,-1.1408515,-8.904507,-7.5696015,-3.4635115,-8.722631,-8.046841,0.013838917,3.4945397,5.296776,6.719158,0.7422579,-2.8001864,-2.0106056,-10.910128,-8.1104965,-0.028363943,2.252437,1.1648923,-2.5026321,-9.203779,-6.888772,-4.7300477,2.4804368,7.4206443,2.8560133,0.19250107,5.0282183,1.079824,-0.044941008,-5.6366577,-5.787482,-6.5630875,-6.3218913,2.2334893,3.94597,-1.8008348,-3.6382592,-6.0007095,-7.1755824,-6.826981,-7.6365643,-9.208177,-7.467743,-3.5495622,-1.2839497,-1.1187454,3.038704,4.11402,7.7100115,16.340342,25.259754,31.470081,29.153917,28.15739,31.30843,29.596706,27.038984,23.54213,22.318062,19.081585,15.749865,14.965086,14.37569,19.24961,22.306652,16.10815,8.607203,4.397215,1.4801497,3.865936,5.0660343,6.108322,5.214996,10.259541,14.663641,9.923431,7.2568583,12.443162,12.03307,8.42902,6.907059,3.7302508,2.7089748,1.9173882,2.987352,6.1565695,10.013932,11.114651,5.1826415,0.9977782,3.6899977,3.0024014,1.5432377,1.7872416,3.0855515,7.5042086,5.0644803,0.9607594,6.6849093,8.379422,12.932333,19.742996,20.723217,21.916359,19.254341,13.840593,15.542277,18.270985,11.941912,1.5221707,2.1993456,1.967942,6.2192965,3.3397956,4.078367,4.1582565,6.608984,14.817068,17.412495,16.394215,8.609806,6.56363,7.7602634,9.573681,9.793833,9.963752,6.598048,1.8567942,-0.608832,-1.9263841,2.2458823,2.5488095,1.9979341,-1.5396646,3.515576,0.8444483,-6.6742887,-7.9367876,-6.160144,1.2789007,2.139493,-2.6806102,0.35202464,4.9575834,2.5903184,3.6700592,-1.7145319,1.3044473,6.024561,8.903347,7.8463798,6.463419,9.01977,7.667966,2.411583,-0.95078117,1.5522101,6.915182,4.7193418,0.43885207,-0.96773577,-3.4246101,-2.0436666,-1.3052039,-0.52369577,-3.0756328,4.096935,11.084586,8.348065,7.5056868,9.20429,8.929731,0.071665466,6.163098,6.8504143,5.2217193,10.998499,19.502449,22.301586,15.114697,11.328854,10.965744,7.723963,3.4465778,3.332719,2.4723446,2.6010115,4.8977284,6.3064594,2.8381045,1.6959258,5.9789414,11.526511,7.771617,4.035166,3.9171271,10.876007,12.928188,10.547034,2.3499122,2.8464062,5.1754146,-0.14969909,0.930579,0.62748784,-6.085375,-11.440256,-10.588181,-6.249788,-5.1863422,-7.35074,-0.63706213,3.7320852,5.219063,1.8839133,1.447516,7.3913307,10.287222,7.0287204,3.590088,5.6003313,3.7965257,5.6567345,8.26235,6.7451577,5.481656,2.8642395,3.9263947,2.7240613,0.2142508,-0.54425627,2.6519,2.6582804,2.556396,-0.6131124,-6.3674474,-10.567426,-9.005173,-7.913468,-5.5666113,-9.32106,-9.331518,-9.8974085,-17.11407,-21.156267,-20.98932,-21.188675,-17.875341,-12.144597,-9.166641,-7.2903614,1.467248,6.002231,4.217461,0.06741834,-3.0949812,-4.35374,1.1084125,2.837788,-4.0876236,-5.155203,0.60191005,2.5058634,1.5213107,0.4277791,-0.5307712,-5.0487237,-6.6026416,-5.362859,-2.8720078,2.2918792,3.2121894,5.834667,2.6063683,-1.6635215,-2.6968472,1.2277498,-0.41289788,2.628269,1.1824787,-1.9368765,-5.561253,-3.4396558,-3.1620903,-7.3025694,-7.262462,-6.044319,-4.925205,-3.1100688,-2.3842916,-3.056201,-9.582024,-15.785536,-19.989595,-21.058294,-19.03738,-20.03728,-20.660776,-15.768593,-8.883636,-5.1793146,10.726252,12.477566,1.2217959,-4.6904,-3.6674008,-2.2472486,-3.4032693,-6.811531,-10.67544,-12.306925,-10.637577,-7.8623323,-10.505545,-10.069621,-7.9982057,-10.203413,-7.50372,6.3767166,6.615961,-1.2041578,-4.5554247,-10.612444,-6.1159797,-1.3008976,4.084262,4.856512,-0.4231419,0.47867087,4.9351816,1.0450777,-0.74176216,-0.8425319,-1.9164426,-1.3238584,1.6448127,4.6311007,7.89511,6.3700995,2.0515084,3.1954741,6.7590365,12.064358,12.5424595,3.1548686,10.641429,14.03176,11.67584,12.731382,10.800947,5.002761,9.340458,11.038561,12.414319,13.012403,7.214039,11.519031,12.092609,13.75836,17.631744,11.470865,6.2908907,1.8196816,-2.2027695,1.8086727,4.6262226,5.053455,3.527302,5.8945813,8.594849,10.598551,7.8799953,9.991484,11.785404,13.323483,13.922525,10.304768,4.4998636,5.018349,10.872074,11.118603,9.476726,18.365454,16.755621,7.148069,5.8882766,2.2703087,6.2868786,9.986361,6.2348704,-0.51640284,-0.7335892,4.935685,5.257601,-1.2800175,-1.5065361,-4.103297,-8.390888,-7.7463765,0.7706673,1.1085213,-1.5099564,-5.818177,0.31977308,3.769147,3.7859406,-1.0432315,4.805236,10.526408,3.3237898,0.2863115,-0.008609951,-0.44599575,3.7888381,6.556925,1.891764,3.8907142,5.8038244,1.0527018,0.4716022,3.795576,4.8278394,6.9860244,1.4303222,-4.1153607,-7.5639963,0.5442065,4.7944026,-3.5871077,-7.7025633,-2.97892,-6.4013996,-6.7644997,-1.8856201,-4.2476683,-2.433344,8.064724,8.680557,6.6491733,14.144722,15.855354,17.634598,21.055595,20.087814,18.984402,19.179201,17.114693,15.308159,16.678661,17.101967,14.360233,11.5106125,15.742926,23.606792,17.939737,18.360928,16.235796,8.459094,3.9381795,3.1357841,4.9711275,5.5221543,1.6944959,-1.8379614,0.2868787,-3.8311808,-5.6284103,-4.510008,0.9330689,6.5789475,7.0357275,1.8159453,-0.108011484,3.6116023,4.4370265,1.7150164,-2.8586915,0.13174808,1.8093389,-3.084517,-0.5488858,-3.366219,-6.1572576,-7.5114603,-5.642152,-2.0669012,-1.3862889,0.34829694,3.2842429,1.681752,2.7455873,5.262239,7.90078,7.702479,6.8269906,12.735162,11.220278,2.65815,-1.191608,3.0611124,8.33003,8.494875,8.139028,5.33548,6.386357,7.744101,6.305804,5.1550736,7.560474,4.5558443,2.4761941,-4.3543563,2.6241946,15.188422,14.626724,15.109597,17.505373,18.57859,15.574068,3.8897495,-0.6476371,3.5143118,7.6784954,3.5264897,-4.9574223,-8.568213,-1.379983,1.6348246,0.012944698,1.1008662,-1.186161,2.0332239,-0.8568793,-5.367901,-8.593888,-5.844469,-3.9151719,-0.28829122,0.71998847,9.382435,6.2981176,1.1017118,-2.1888158,5.7187214,12.799036,5.41683,-4.426778,-1.3848952,6.3244133,6.0855813,4.5012884,6.4619093,4.049258,0.7793827,1.5813906,4.115554,3.100497,4.94977,1.2876892,3.773653,6.4297996,0.89314175,3.2481804,3.6299744,8.884197,11.973327,9.529976,8.601408,10.802584,10.43294,10.827499,7.324342,5.9003525,2.4872608,1.6781465,3.822749,-6.099822,-6.5039735,-4.0785613,1.7760085,3.6784172,2.5856605,6.6614475,2.8147297,-1.7664179,-0.41082597,4.2689285,11.205854,12.290426,9.836111,6.5050917,3.2826962,0.7689762,-1.9576592,-3.5743093,-3.2161357,-5.080739,-10.054462,-9.03298,-8.874382,-11.8309765,-8.760994,2.9014294,2.87703,1.4476494,6.379136,3.481886,2.2249339,-2.3749804,-8.011929,-0.850823,1.1328477,-8.965905,-1.2842662,5.2175083,5.4151936,3.546112,1.5080974,2.5863597,6.7262135,4.009303,-3.4498177,-2.274867,-2.652859,-4.5934896,-1.8595957,-0.020570884,-2.1485543,-8.760708,-8.054445,-11.735449,-9.714065,-10.554712,-11.302058,-16.244675,-19.1287,-28.809093,-30.566666,-25.871035,-25.232529,-17.250587,-7.4776144,-4.897992,-1.6492683,1.5659716,1.1974686,4.6717167,7.2166214,6.273488,1.4047893,5.043294,6.538691,3.851877,2.8321967,-2.7201047,-3.9517338,1.4964305,0.8545183,-4.427148,-4.037839,-1.3760196,-0.7752924,2.551703,0.9524536,1.4702728,1.4514011,-7.5801487,-9.334527,-6.3465853,-9.786045,-5.1574225,-5.355204,-3.0188982,-0.5164242,-2.1228094,-5.4959097,-6.0850487,-4.7342596,-4.5918903,-6.0164,-9.661975,-15.416644,-14.903957,-17.993073,-17.342464,-19.054152,-26.129955,-23.015892,-15.021486,0.93104815,5.686593,8.423347,4.3163147,-1.5033599,0.7992666,5.006981,2.807885,-0.6453098,-0.301321,-0.2617836,0.114397615,2.1428728,-6.891614,-7.489024,-8.821567,-10.374884,-10.293003,2.533271,9.410637,7.085766,3.256936,3.5723252,2.2514677,2.894148,4.760559,7.515398,10.795614,6.3928833,1.0462397,3.3053417,3.3143573,2.1514275,3.012381,2.320005,3.3032444,6.699297,5.1360097,5.7664595,7.4499636,6.0558486,4.346075,5.8723574,4.2356434,6.4618926,7.9042163,8.985918,11.932871,19.796593,20.751183,10.704,7.134296,5.502948,-0.059589773,-1.4899666,4.628559,7.270323,11.698746,12.926196,12.551062,9.161451,5.142692,10.54711,7.700616,1.2728878,-3.4712825,-0.47898307,1.6365314,1.2749825,-0.25840157,-3.2189617,4.274572,8.039649,8.467548,9.66642,10.269995,11.009125,11.477771,2.4167144,-1.0677079,1.3784454,2.8967218,4.409383,-0.4893101,2.3973646,5.9835835,10.144445,11.557785,8.913618,2.8327773,4.4303207,1.3881891,-2.8425229,0.23081863,-3.6323767,-5.156324,-0.016981065,4.7035003,7.660514,1.6646807,-1.2501043,1.7849662,2.0398614,-3.9103336,-13.072641,-12.819168,-12.04422,-7.3133364,-0.4946525,5.639545,1.6685432,-2.304683,-1.2769613,0.5674447,8.472571,10.441078,5.329108,0.2504983,6.3797584,9.55024,7.0415506,1.5573882,0.19901109,-2.1622038,0.5106438,1.1889254,0.6403668,6.79107,3.7777946,0.71527255,-2.8835015,-4.5682707,-8.254761,-7.991211,-5.953525,-2.6671793,-3.4447117,-3.974773,8.479689,11.868156,16.16955,26.612286,25.86879,26.212456,27.65011,26.985405,27.290743,25.783934,29.382195,33.644917,34.5449,32.75888,26.728054,23.043102,26.002655,24.144447,19.001457,19.655437,12.054901,6.035474,1.0156809,0.3328075,3.6845405,2.9237914,3.1197374,6.930704,4.1168194,3.718304,7.7993317,11.475595,9.114445,6.246593,5.422761,9.14418,13.676527,8.854018,1.0432026,1.5106127,-0.064130306,0.4798286,-4.6597333,-3.3333468,1.0038991,-0.75288224,0.067662,3.6974845,-0.4880867,-6.4765816,-3.067462,2.7482934,6.5634847,10.252041,16.47287,18.165379,16.746181,11.528141,11.055092,8.303147,6.353725,3.5094736,6.1281347,3.8957353,6.3575926,8.912483,9.156978,9.979404,9.336149,5.3655796,1.6145141,7.6625166,10.071737,14.23332,17.447626,18.161827,17.185265,18.124357,16.150818,5.465065,2.3072581,3.5736,-3.2422082,-5.6188855,0.6734776,-2.2085667,1.5212961,1.8622849,-0.24204338,-1.8808944,-2.946199,-6.1689053,-1.4816034,0.24509752,1.6106852,-3.0356543,-5.5969706,0.95345414,8.668225,7.3836975,0.06419563,-4.7201796,-4.0469894,2.489656,12.452894,13.017855,2.8196678,-3.719975,1.0219291,5.40703,5.422684,2.9061913,-3.9213247,-1.5433108,5.9666405,0.28187257,-0.9274809,7.662916,9.138983,3.8578355,0.7844919,3.6239514,14.545793,18.189247,20.066967,13.817825,6.867504,-3.10111,3.2040946,4.2790904,-3.9634697,-4.197936,-4.1302547,-13.279024,-12.096474,-8.523487,-9.108115,-8.231963,-16.069864,-8.378061,3.3863418,5.6833944,13.197906,14.658815,7.841786,1.8091013,6.1212993,6.6454363,1.0378251,-2.3803573,-3.4757442,-3.6587088,-1.5233588,-2.424367,-1.7738199,-6.242836,-8.44519,-7.4533052,-13.765724,-13.657118,-10.819345,-6.042135,-7.0912333,-5.3619995,4.190113,2.0507562,-1.979053,-4.330283,-3.460033,-5.5338383,-6.7987833,-4.016674,5.1373763,7.531926,1.5074182,1.1726295,3.0418563,0.7251724,3.5305207,5.6161356,9.668449,4.4110527,-1.5615695,0.71850455,2.807674,0.2930646,-0.09694898,-4.38955,-6.2313623,-10.402596,-9.066181,-8.721146,-7.762512,-9.075774,-12.273614,-14.930411,-14.810366,-11.790262,-11.943085,-10.911428,-3.6150217,-0.6919653,-0.52011985,5.1535263,6.608383,7.333036,5.1093736,6.3889637,7.0273533,10.316836,9.373183,6.824829,3.3164976,0.52348185,5.975681,6.0273457,2.3714752,4.2017417,3.781022,-0.24043512,3.3118997,7.7477565,4.303809,1.4432478,0.4150555,4.4377685,2.7098622,-1.8776459,-3.1892776,1.2414898,4.9171185,2.0731068,-2.3177526,-3.6621718,-1.6303546,-3.5358524,-6.433936,-7.8512363,-10.48333,-5.825015,0.93836653,-0.016725514,-8.453861,-7.886738,-9.852844,-12.396297,-17.987125,-18.105373,-13.683781,-6.4023166,0.21020597,-5.1007895,-1.9139738,1.5639747,-9.083302,-5.500844,-3.8778977,-7.4168854,0.09289515,3.9051774,-0.2578628,-6.702821,-9.2030735,-7.443009,-4.952325,-7.3167987,-6.4735575,-3.5455656,3.7328007,6.553155,4.350466,4.276432,3.337192,4.592565,0.3689683,-0.80243576,3.0288513,11.326351,11.016935,10.188889,9.15314,5.9113994,6.4800234,4.6035852,7.71951,13.536819,17.413883,12.574188,8.83323,1.9831524,3.359568,7.410515,6.0600624,4.2049313,9.804475,14.488942,9.711975,10.036543,13.676935,16.932472,15.002046,13.881129,8.942845,7.616537,13.322794,20.33813,16.28135,17.610556,17.061272,12.640328,12.379625,5.9325123,1.5316678,4.488801,9.132235,4.634926,1.0064635,0.8932185,4.582144,8.146478,6.2291894,-0.64642286,-5.3466396,-0.10057151,4.8586993,9.71851,8.535859,6.9435983,8.112384,13.608793,13.493233,10.304311,9.102017,7.9659204,6.2677774,4.5670533,2.6120214,2.669312,-0.92777485,0.61168516,3.5351381,0.7414262,-0.74240965,2.1494985,-1.0018284,-0.07313371,-0.60265917,-1.5130546,-2.0062017,-4.10557,-4.8166447,-6.243792,-5.975645,-9.949629,-10.367966,-10.298597,-6.7071276,7.106124,12.085723,8.032551,2.4030228,-0.35211813,0.22006154,5.219067,6.3508697,3.2146575,3.376975,2.1496704,1.5699127,1.4489495,4.6394534,0.3622414,4.4879684,6.1915503,0.978246,2.2549825,3.453409,-1.3836409,-5.297286,-7.7710514,-6.2181516,-8.258976,-4.4003196,-1.3807366,-0.576681,6.4188795,5.4695745,8.917751,12.227419,19.27779,18.974,16.836226,20.42829,19.165478,19.387651,23.22924,20.17147,15.694338,9.74778,9.225867,11.111776,9.302546,12.971195,13.801747,15.069445,12.57608,13.096235,13.045783,1.6812841,1.9403971,3.5111256,5.4576235,3.5556822,3.8282092,2.2398698,2.5468612,-1.1623769,1.8531764,4.4842877,5.3134127,0.6243795,0.89586943,3.66522,3.4161882,3.2663612,-1.0935689,0.8995942,4.8190393,0.8275717,0.94939697,-0.6116867,3.047695,-0.5403329,0.2768848,6.3595114,10.172531,5.5275807,-2.9922752,-2.1067111,4.7585335,2.7387018,5.00968,5.5561504,1.4890013,4.3795886,10.502457,6.095667,-0.2830423,2.9445143,0.30262476,-1.664526,-5.8985476,-3.8540742,-2.3591077,-1.0351653,-2.2040358,-0.58082783,1.5158718,3.3330448,4.3621902,0.50072235,3.7846131,-1.3518375,-1.3072965,-2.3062088,-1.2660712,-4.2865334,-6.197133,-8.626287,7.9021354,18.7114,14.769477,14.192517,12.564779,9.71743,13.628023,15.683584,13.028237,10.096771,4.518506,3.853757,4.2828426,-2.715279,1.1937416,3.3578072,0.40102756,-0.46518123,4.0101113,9.490454,14.511517,15.095878,16.050451,10.1103,6.666504,4.695175,4.0794783,2.9984844,5.368863,9.817684,12.290447,14.897678,8.808359,3.4755707,-1.4133409,0.98251975,3.5186374,1.1274437,-3.0745008,2.2485204,11.53414,15.152828,18.040115,15.741471,9.443951,12.164669,10.523116,3.1931384,0.35905468,-1.5350467,-2.3105364,-3.0447783,-3.987131,-7.204375,-6.8462143,-6.350908,-6.7673426,-7.9367576,-9.045962,0.2601696,3.4520664,2.947371,0.19032526,-4.821686,-3.097248,-8.01774,-10.899199,-8.200051,-8.992649,-14.031542,-15.054529,-9.9386215,-10.603817,-13.348339,-7.234367,-6.4570084,-9.069989,-12.620052,-8.233145,-8.401796,-7.687103,-2.2004826,3.4322977,2.026707,-3.7827656,-1.5539687,2.062445,8.3727255,8.849385,1.8801949,0.46118408,3.1252599,3.2494187,2.5259688,0.17567122,0.3126216,1.2236646,-1.5770894,0.6873703,-1.8379952,-4.2662973,-6.10956,-4.3647695,-1.8960438,1.3563147,3.7381756,3.7134852,9.328758,15.992581,11.027277,8.352915,8.997186,2.340687,6.6356344,8.400373,8.26532,7.365776,10.780402,10.847229,9.530833,7.139677,-2.8426862,-8.043703,-6.162191,-1.4822459,-3.5232294,-1.5263067,-2.0151958,0.7829946,-0.9935387,-2.972074,2.428558,3.6145096,-4.6081486,-7.046094,-3.7969666,4.66874,8.924892,13.276714,14.872089,11.060976,13.723469,11.443733,8.923477,10.325459,9.436959,5.772567,3.3406358,-0.8436631,-2.0245466,-3.7990687,-2.0147128,-0.7720904,-3.2999918,-1.3415964,1.5771762,-2.5321229,-2.412207,-4.847916,5.8987556,12.344597,9.4650755,-0.3373285,-6.616392,-7.681699,-2.85875,-3.643081,-2.3233123,0.88187146,3.1013749,9.072564,4.647297,-2.8988452,-5.8368063,-6.2407656,-7.8446493,-7.7047124,-5.0405393,2.6445773,3.692126,3.8053277,4.558404,7.9319696,7.1900387,1.746097,1.0675178,-2.1504176,1.6540371,-2.607111,-12.866211,-11.39147,-5.7775908,-12.141441,-13.552118,-13.891894,-10.625364,-9.74012,-7.6702743,-7.6367393,-9.163855,-1.8029481,-1.7756567,-2.5391521,-1.9615165,1.7578964,5.6022635,2.332999,-0.87755156,-0.38407508,-1.7253087,-4.5905747,1.7723145,9.504477,12.052561,13.738728,10.936852,10.520507,11.258989,7.2999024,6.052969,6.72724,0.5008955,-0.5017419,2.9155009,5.1055126,7.0225725,10.624867,10.067709,9.867073,8.895944,12.882444,10.376757,6.5912848,7.704604,8.470453,5.1934676,5.8012505,5.3734517,3.1510978,3.4732692,3.1545503,2.6665404,3.0137148,1.7944494,1.852942,11.405668,13.489555,13.366112,15.002158,18.61086,16.147636,15.523436,15.856104,13.29061,6.9753704,5.4394994,3.3389726,6.05361,11.336322,18.005732,18.892353,13.785767,7.517513,4.659877,5.1928535,4.779299,4.7993174,8.103033,6.7895083,8.063568,8.832096,5.9201636,6.7736044,1.01211,6.3779087,9.683353,6.4591722,3.4178069,2.153219,1.4778097,2.534831,2.7747695,3.9896858,2.810491,-0.12766594,-0.95057356,4.459372,3.9911046,7.3753157,7.3913,10.388592,11.496111,7.017335,6.0215216,6.1785126,3.0886128,4.5487623,9.677206,5.9957047,3.772612,1.6429958,-2.2512906,-5.871269,-5.6837587,-1.6993268,-3.3856263,3.1799078,6.0181184,11.229511,17.04188,16.15027,12.200336,11.798307,11.01288,12.431862,12.849508,12.87663,12.60579,10.478739,4.2793717,-0.55757654,3.4451542,7.5731716,10.440592,12.384912,13.726593,17.965324,11.529615,3.6691577,5.0509157,6.537173,3.2405672,0.3240462,3.188815,6.222806,5.7724104,9.954906,10.946438,6.618841,1.5372623,6.554143,8.481324,2.119273,3.2355263,6.2056255,4.0995545,1.0298252,2.0518534,5.454247,5.245719,5.747289,8.946922,-1.4014065,-3.7477932,-3.8375008,-3.9397833,2.1238065,0.33792198,1.2046552,0.025529087,-0.28472587,6.1732855,5.964977,1.2591116,0.32235622,0.4353814,-0.41460735,-6.8218737,-7.844572,-6.1659937,-8.144199,-1.3579392,4.6298313,-2.432311,-3.5993218,-4.471507,-5.864298,-2.627671,-2.0550742,-0.2654971,-2.8317983,-7.690536,-5.537854,0.6225983,3.4489937,0.05168712,6.042452,8.389267,14.234163,15.017406,9.404963,10.570172,14.511561,15.939886,15.374877,10.741695,5.8074727,3.1224034,7.780608,5.852639,5.1574244,1.0595865,-4.312906,-9.310905,-2.5715919,13.773052,21.04317,17.555212,13.051008,10.705563,12.122747,17.888596,13.438769,13.383232,5.995534,-0.2708627,1.7899436,0.36393285,1.9152014,2.1343033,4.9474683,8.931556,-1.7002606,-4.7925205,-14.94191,-14.148171,-4.659291,3.7170773,9.488164,10.918081,4.7693005,-1.0617368,-0.072781086,-5.7937675,-1.4703377,-0.8972763,-1.4145551,-1.7425715,-1.9476262,-1.3519092,2.0516818,4.7421694,3.507164,6.4123006,8.63094,6.6414175,2.7551632,4.7599964,3.736575,1.9684024,1.9882901,-0.84436315,-3.6868951,-8.624504,-14.865233,-16.27103,-17.5845,-16.411266,-7.473466,3.2508593,7.6917367,8.418949,8.762903,2.2680242,6.802154,10.936596,8.1781435,3.367247,5.482955,12.181216,8.903735,4.78705,2.0929933,1.6412781,-2.515224,-4.734456,1.1242677,6.1208525,3.4422865,2.9927673,3.6229916,2.833033,-0.8538263,-3.5588856,5.354952,11.176855,16.952711,23.426704,30.099564,29.129292,22.29987,17.793026,18.04349,24.153812,23.881691,23.605371,29.944656,24.850222,19.838987,16.968054,15.780698,21.248402,26.208744,24.984245,19.338959,20.66087,20.739542,18.40366,15.743885,14.8966,11.556416,11.368227,13.278364,13.319121,13.860923,14.258385,15.643979,13.367144,10.125652,15.094574,12.890289,7.9966884,0.6624665,3.5119176,6.276498,3.2682517,0.15363377,-1.2958609,0.35933852,-4.944193,-5.714507,-3.0757165,-2.3128066,-2.0904682,-1.3969727,5.6640577,15.070173,10.707884,-8.058749,-10.325892,-7.6307864,1.2707312,0.36551946,-4.0291924,-7.469818,-5.0048513,-4.852537,-5.5542145,-1.9411376,1.8394811,3.3496017,3.860071,1.493454,-2.4568453,-0.43009937,-0.9765779,-1.4917294,-0.6524985,-1.4329486,0.08899319,4.241028,5.627821,-2.3822808,-4.06186,-1.6979101,-6.887719,-6.926639,-2.5250773,-6.1898975,-7.503099,-6.013769,-2.3604789,-2.8499606,-1.3619244,-4.404767,-3.0675771,-4.2050977,-2.9809868,-2.0192516,4.2876124,6.6408987,5.721615,6.223619,11.478988,14.014034,15.848845,14.196419,2.21137,-0.72813827,-2.8290434,-8.734987,-10.805504,-9.092754,-10.778268,-7.9832706,-3.9026604,-1.1819923,-5.9588647,-5.375657,-0.23665941,1.3188488,0.11873877,-2.1131086,3.860061,8.905872,6.7907457,5.9213324,7.7826543,8.326729,7.267291,4.2555504,3.1227283,0.80529416,3.0569022,1.468713,-4.0293837,-6.56866,-7.324061,-1.2717991,-1.380179,-5.0476046,-4.044428,-1.5684693,2.6886084,2.0795054,0.59888136,-0.32883346,-6.8306003,-7.834656,-4.1106424,-1.5749581,-4.036114,-6.2325726,-9.278198,-5.674426,-4.3740625,-4.754099,-6.984326,-8.021605,-11.140261,-11.770737,-11.609531,-3.453198,-2.1555052,-4.499346,-6.361964,-0.59372354,-0.5894981,-5.8088503,-5.759964,-5.4830637,-3.928271,-2.6374261,-9.056345,-8.044722,-5.325521,-2.491289,-5.6040454,-5.0209837,-6.333224,-7.672885,-7.711747,-1.9914646,-1.2631856,-7.273446,-13.757404,-11.134835,-2.320619,-2.7534533,-7.416333,-5.243744,-4.6364155,-10.146369,-6.4134626,-7.429216,-5.8839035,-4.836378,-6.077285,-6.304272,-4.753007,-6.2376704,-5.563469,-5.6336975,-11.500682,-9.807021,-5.3617706,-4.0290585,-4.399533,-6.2930555,-3.6900551,0.11565852,-4.521782,-6.652957,-6.077456,-5.369408,-5.5837927,-7.236232,-10.055948,-11.41387,-9.045316,-4.8152246,-4.5908,-3.4284458,-4.6760406,-6.9652386,-9.541149,-13.208098,-9.317747,-8.522785,-10.127272,-10.591129,-9.982008,-7.0028105,-1.9412234,-0.08031899,-4.043478,-7.304633,-8.231226,-3.036501,-4.2330413,-7.942708,-9.381066,-8.961468,-4.2717724,-0.782429,0.6671616,-5.8610654,-5.5830035,-5.2545958,-2.1089516,-0.026160903,2.5818775,1.0486012,-0.112273395,-0.7802775,3.5531733,3.208918,-0.95840394,-2.980002,-3.4521296,0.34333795,3.7866745,-2.633027,-5.1997786,-6.806303,0.68802994,2.050428,-2.5877683,1.6123986,7.2962737,-2.4459112,-5.5531473,-7.0549984,-3.4324865,-3.6540825,-2.1450648,-3.8031936,0.5395019,4.7487884,-0.13523388,2.098761,5.984586,1.3573638,-7.454212,-3.9301147,-1.9377438,-5.869443,-4.0686693,-2.0183923,-2.3458514,0.32603794,1.2038643,3.8542583,1.9819971,3.0630085,4.233335,0.6870936,2.7994366,2.707108,-3.1174686,-9.407122,-12.517319,-13.93891,-9.794839,-3.215357,-0.9604336,-2.5502777,-5.312409,-1.7604439,1.4007823,9.076671,6.332455,3.0096111,3.8840396,0.8966707,1.8634368,0.630134,-4.2038794,2.4329028,3.5847793,1.2793179,4.4838476,9.432232,14.930094,21.383858,20.489666,21.986813,20.065678,10.894695,4.255137,2.5372481,3.9081688,1.3136772,-0.89137375,-0.3656757,-2.5547452,-1.8684055,-1.6063379,1.7012384,-0.5317086,1.8665248,3.2889335,2.6411552,2.051946,3.3854063,-0.19089182,3.6309817,7.2523313,6.872818,9.427145,9.202656,7.501295,5.827155,0.58410543,-2.8560603,0.5075123,3.0621536,1.3653954,2.6718826,2.7126536,2.2491784,6.3544474,2.9919047,3.6684353,13.026694,9.035707,7.5952263,2.0021868,-0.8879088,-0.82114005,-9.564976,-7.521343,-1.4074354,-6.420724,-1.1928117,1.7976918,3.1190524,0.8483155,-8.801555,-11.631781,-12.781319,-11.388393,-14.402794,-12.574425,-11.264878,-12.280722,-11.084694,-3.5347764,0.09415296,-2.4262981,-2.7187123,-8.326796,-9.477348,-11.337738,-9.575746,-7.8046975,-3.99062,0.31459177,7.2633452,8.773374,5.968108,10.315195,10.566259,6.645308,6.05927,0.22607076,1.2130754,4.6736007,4.683498,2.9673066,0.75629413,-4.7190447,-1.4348481,6.7218804,4.528537,2.7282722,3.5256758,11.471416,14.364336,19.481081,30.56882,31.333216,21.938251,16.045918,12.103342,5.592434,8.204222,10.914043,-0.15851724,-6.5982656,-4.936345,-4.445239,-2.3501635,-1.427857,3.1054597,1.4674776,5.8845763,10.040981,9.645628,3.507644,3.5409036,2.8435688,0.70332205,2.5767105,5.7019925,9.257662,5.048338,2.3367488,6.5253677,14.485209,19.467861,17.454372,11.73041,12.153578,13.200497,8.882851,5.648628,6.769231,11.266684,10.281352,3.839202,1.3346995,-2.3341343,-2.8446903,-2.338653,-2.2050953,-3.165856,-2.6460593,-3.8002703,-1.6324471,4.1171856,4.9711704,3.313527,3.0895166,8.496141,8.857697,0.12492204,-7.920149,-9.065609,-2.223966,-3.0534484,-5.496338,-8.711752,-9.311268,-10.059866,-6.5022454,0.40933847,2.2132838,0.8829979,-2.5767233,-5.9943147,-9.479481,-7.8514323,-14.425226,-15.036749,-13.98893,-11.603837,-6.109747,-5.681716,-6.670704,-3.810292,-2.66249,-0.22576612,-2.4647582,-3.103541,1.3074439,4.1204157,3.0222104,-0.30441046,-1.7051727,1.8721576,1.9057592,-1.1668072,-9.33782,-2.4899018,2.738715,2.8544595,6.045644,6.433563,13.037144,15.546877,12.48452,14.243328,13.467688,15.16258,10.170067,1.270752,0.15878206,3.4500458,6.22309,7.480752,9.078805,11.9945345,9.558693,7.9804277,-4.638278,-15.710663,-11.856148,-5.58154,-1.6131643,-2.6095684,3.1335025,3.3395944,8.439839,11.303298,4.281909,-0.33082724,-1.0560505,4.970109,9.086706,7.7473803,8.49916,11.805469,17.476025,18.403805,20.473232,17.625557,5.859811,15.448437,11.90865,7.185012,6.3085628,6.41358,2.2817388,2.862596,5.8676825,5.558549,9.830587,15.2336645,9.927591,9.014858,7.5824385,9.549011,5.290319,2.2855482,3.9386098,1.0899434,3.7461648,3.2402177,6.2369733,9.507864,8.135305,8.308815,10.212744,13.640678,11.929771,20.453362,19.240963,19.632904,21.610054,17.866085,22.381374,27.441269,28.040445,27.529858,25.617622,19.342285,16.677242,17.14383,15.665151,18.444809,17.071827,21.787388,22.813946,21.008352,17.667982,18.587147,20.265795,19.387825,15.128574,8.395475,12.425881,13.937027,15.934362,16.544567,16.05863,23.349852,27.188953,21.785704,22.869057,27.697374,29.181303,21.799988,15.194572,18.607038,20.262709,22.077469,25.132698,23.46914,21.869812,19.289902,20.986149,19.663355,19.890678,15.447042,13.983568,17.97539,23.19292,19.662207,13.820565,9.676684,7.3934197,7.844473,10.179922,7.792346,6.6334343,3.1740828,5.166175,8.623768,11.235046,13.810307,13.400864,16.447596,9.167459,2.4538045,0.2074697,2.4166675,3.1473958,1.2438354,0.087076336,-5.911463,-3.7536712,1.9113721,5.192812,2.5088625,2.5925808,0.9715649,-1.3977494,-9.606986,-11.087475,-1.7496543,-2.807589,-8.380567,-9.351927,-4.764944,-7.1069803,-7.609735,-1.0771862,1.653723,4.593795,3.1890223,-0.30526844,-0.0010700077,1.8073971,6.22246,9.85137,9.663666,9.775606,11.340214,16.945929,20.788921,21.713448,18.804642,17.87216,19.589409,20.189573,18.756319,10.117571,8.813521,5.418969,2.672542,-1.1871012,-5.044566,-1.3412714,0.17261334,-0.07063353,13.684264,27.050613,24.166145,21.544222,18.348366,17.899057,17.353352,14.875493,10.119431,10.409187,13.633714,14.043558,10.744044,8.913555,-1.1775507,1.4257226,2.0279562,3.2158947,3.9315436,6.668606,14.228064,9.826175,4.382457,-1.9791908,0.12206954,3.4892216,8.320709,4.1500993,5.244234,10.201481,8.924442,5.2959127,2.5102234,4.8248844,7.7683396,11.612993,10.767664,9.3509865,10.256264,14.418379,17.480047,13.106309,12.881893,10.849323,9.42042,9.775999,10.397419,3.8694277,-10.680456,-20.58701,-16.428988,-13.509074,-18.440254,-17.510592,-13.031704,-13.516532,-9.017902,-2.246317,2.389098,3.1780381,-0.61012006,-1.7421857,-2.0655313,-2.8555984,-4.68288,-10.20969,-6.276149,-4.007917,-8.73795,-10.475122,-7.0849004,-1.0150204,2.9745944,9.613059,11.05562,3.5816212,-0.5265792,-4.0730686,-3.3508801,-1.6016834,3.31566,10.729141,13.355929,15.522204,17.75056,15.792979,13.249507,13.203968,14.92028,11.829258,6.746525,9.559774,9.889012,10.554642,11.190231,8.693998,8.892006,7.7810483,12.077595,17.763342,23.205597,23.359373,24.403309,25.43573,20.762238,10.536037,6.399388,11.458193,14.0837,9.387827,8.642975,9.815861,10.222303,10.461548,9.597274,5.829527,3.1618452,1.7261503,1.4351816,0.4172324,-2.020518,-0.64073634,8.879161,10.804154,10.302531,14.726827,13.764293,12.541403,18.04367,14.636573,12.332576,15.578082,20.21437,17.122564,10.048336,7.637646,5.6490173,5.6851583,2.4653454,3.1977322,4.544194,4.0655904,6.838589,2.7260633,2.0062292,6.0119534,1.1512197,0.8667712,2.7488089,4.2373557,3.5351772,-2.1345608,-3.073521,4.821805,5.118666,3.1751313,0.12796193,-5.734763,-9.572077,-8.563114,-11.035639,-5.712961,-0.6404469,0.10055286,0.797629,-3.816178,-2.8533165,-2.2611187,-0.5318854,4.3905325,14.766735,16.83635,15.758452,21.275284,23.041393,23.15506,20.429111,12.676539,8.619572,6.9945893,3.376029,1.4387263,5.434727,2.0002975,0.6205892,5.686079,9.354835,8.236942,9.4702015,5.430594,3.2684093,4.956419,1.5000982,2.8082814,4.8815937,9.970072,11.327981,12.046715,9.409079,10.910347,16.151443,16.626312,10.394012,8.844149,11.886303,4.414669,0.9468075,2.6967888,7.18278,8.763568,12.966623,14.753751,16.452244,12.76328,3.1680627,-3.7030938,-5.1614847,-2.6860178,2.9249854,-0.25698555,-4.1066747,-7.0965805,-2.6313004,-3.8663812,-0.7126671,-0.39451343,-0.76879144,-0.73064244,3.4481678,3.7573361,-0.57795,-0.0647521,3.7175975,0.7974806,1.8673534,4.5350943,2.20858,-2.5016313,-2.962884,-7.6383924,-9.203208,-11.738043,-3.6943002,-2.683203,-5.2221565,-2.4281383,-1.3444859,-0.562724,-0.25979874,-2.062717,-1.5797058,-1.6781423,-8.711755,-13.15117,-8.343055,-7.2287583,-5.5705767,-8.161194,-6.7331,-5.3053317,-6.487132,-7.6827936,-5.6528807,-7.5445633,-0.19394052,0.34028327,-5.6098137,-5.580828,-5.179238,-2.598657,-2.7546382,-2.2020605,-4.2467303,-4.201669,-5.021965,0.6769743,-4.0802364,-4.7063804,-4.0056324,-4.0937953,-4.5056496,-3.839551,0.65669084,1.1224837,-0.07713419,0.58753663,5.217336,2.631482,-0.8455081,-3.3258066,-2.1892786,1.4605584,-1.5266144,-1.8452643,-2.241114,-5.9596443,-7.218128,-5.885817,-4.7785006,-0.58482456,9.715046,5.860656,2.3927088,1.438309,0.23882341,-0.7493412,-0.7473898,-5.326186,-9.40483,-3.0624971,-5.543855,-7.6771417,-9.714912,-7.6616464,-4.548216,-1.3508943,-1.1401947,0.2965814,3.6525786,5.263068,-1.9626566,-2.4306602,-1.7545688,-3.321994,-3.0178447,-4.8922176,-2.6379178,-0.22547096,-0.70076895,-2.1803546,-2.4470177,-3.7876644,-3.8164628,-7.8574686,-3.507979,-3.4133883,-2.5890944,-1.7881327,-5.4670763,-4.3852015,-0.6392696,-2.1737576,-0.10596281,-1.5712994,1.5661733,5.6618276,2.7547803,2.9857259,-1.0203755,-3.170816,-6.2270813,-5.029316,-3.9202194,-8.694429,-7.595242,-6.4936957,-7.235512,-7.7360854,-1.732282,6.364791,7.172147,5.00362,7.304542,4.707901,3.8584356,4.111824,2.0105073,-0.081570745,-7.0945687,-6.7657247,-1.0264621,-2.9128714,1.6907972,1.653413,-4.793563,-0.4210248,5.0844436,0.6732003,2.7492561,-2.0503597,-1.8148655,-3.84778,-9.5577345,-7.437888,-3.523442,-0.32870865,0.13528931,-2.8864875,-2.5016706,-2.1045022,-3.007847,2.855523,4.1208434,0.5835589,0.47785217,4.032928,2.953841,-5.3010516,-3.9613352,-5.489064,-9.908597,-4.5953555,-0.23858863,1.6999702,3.265921,-0.21532434,0.2797299,0.43864864,-4.7798643,-8.672831,-1.0112474,-1.3378624,-5.866347,-9.241123,-3.1321115,-3.360427,-3.3903213,2.6972756,9.361351,3.3028898,0.07597852,-2.6330492,0.13244057,3.7599025,-4.5318775,-3.7306254,-3.9069023,-6.584421,-3.3273182,2.9087977,7.454692,1.1484982,3.5331323,-0.8542119,-2.5801835,2.0988047,3.4396071,3.7619042,2.8962803,0.8260351,1.5603799,-1.7460124,-3.4683475,2.2436934,0.9093795,-7.691754,-12.677647,-19.444092,-14.441784,-4.5366173,2.1710277,3.2786546,-6.5538845,-10.23319,-14.526015,-16.697798,-12.152924,-2.08285,3.3719778,6.4752197,7.7522507,6.133336,4.124937,4.645439,2.701921,2.553132,3.8201144,-0.91117525,-6.7053633,-13.273054,-11.791107,-8.208759,-11.628217,-9.419879,-8.502741,-1.9100432,0.8654196,-3.317375,-3.4155312,-0.55568147,2.2767403,0.8109944,2.7653518,7.268385,6.8677936,5.7141824,3.0115883,0.5040009,-1.3504354,-1.3028097,-3.1050236,1.1856831,-2.8663461,-12.821421,-18.401464,-28.382027,-30.370838,-16.659557,-9.806895,-11.646922,-10.199202,-14.634447,-20.178835,-20.92276,-16.708126,-8.102259,-2.0204132,4.5015497,4.746468,11.594881,10.519335,13.729288,13.226002,8.040468,1.6634301,-0.30788577,1.4008098,-3.314642,-7.497913,-7.4604263,-9.172554,-7.2428694,-4.042797,-1.9196442,-1.7030034,-3.9251444,-2.7118046,5.1069837,6.2288237,5.809483,-1.3384298,0.9541631,-0.9694656,-8.537837,-5.9745035,-1.439224,2.054869,1.2958316,-0.11577129,-6.562606,-5.8581877,-2.648096,3.07135,0.6446215,-1.3212943,-0.17324796,0.4439073,-0.16474879,-6.3056955,-8.806114,-8.974625,-14.6428585,-19.828987,-11.75082,-6.18957,-7.0814886,-5.1622825,-5.1340246,-1.3941914,0.48297656,3.1000333,4.558301,2.844603,-0.039842546,0.8915683,0.6943816,-1.5155691,-0.9662198,3.8963661,-1.8349638,-4.570365,3.9464893,5.1064863,-1.2473361,4.2921996,2.5706959,-0.55401623,4.2544603,3.9376607,8.371635,9.927916,6.0318274,1.8181399,4.301408,4.1933966,3.2788928,0.72269756,2.12914,3.0919428,-0.34803963,1.8784027,2.035009,1.3626902,5.6207347,8.884796,14.267448,10.545431,10.826544,5.4927163,-5.927022,-16.94135,-16.863869,-7.5568347,-4.380749,1.2001729,4.0657945,3.3355575,4.5489635,11.025877,5.990864,11.099104,14.304652,18.014465,18.350872,16.721657,12.0797615,11.469464,15.120142,17.730543,20.957798,22.565327,20.258595,14.318611,12.093655,13.458841,7.991191,4.119381,7.619938,8.573794,5.987314,9.548111,14.609733,16.758493,22.744602,28.981232,30.298307,23.13624,15.011127,16.038666,19.756767,22.973446,23.048996,21.836147,16.39474,0.53444517,-5.6768284,-7.688481,-4.195561,-3.487666,-10.8842945,-15.862959,-4.405331,4.663159,6.24276,8.135731,20.614344,13.801707,12.6437235,15.134093,12.093018,18.824387,20.826761,20.875679,15.316761,13.826027,18.938034,18.462078,16.746555,19.3324,26.450222,28.338642,22.948662,14.397904,10.642141,10.11781,13.221689,19.727013,15.92764,17.817049,22.233273,24.205708,27.637749,30.084267,31.562508,28.351877,20.73219,14.885748,7.7625256,-4.3743095,-11.495861,-13.560259,-9.276218,-0.9015399,0.45080793,3.8269625,5.4396353,1.1016884,-6.44128,-0.56345826,10.795179,13.356143,10.881958,16.811152,17.161867,20.652271,21.34578,18.88906,20.326311,15.094262,8.475636,17.137646,18.587948,10.761385,8.159819,7.5923514,10.064411,8.5621,13.697271,10.676556,10.900621,14.519834,15.935987,12.370195,12.297914,12.3991,18.491573,19.983368,20.767471,23.770607,20.1632,25.226776,29.547525,31.518929,26.592178,14.976048,12.101994,8.573529,6.6588035,9.451578,6.161309,9.651434,9.360233,9.108791,6.7498155,2.0913243,3.9902554,0.37407032,-0.92634165,0.16626978,1.6536213,4.857895,2.7732046,-1.2151064,-0.735735,0.7491733,-1.4663951,-6.1932507,-6.5127735,-6.9779005,-2.3108046,0.3554904,0.33751085,6.174491,2.1268692,4.455489,6.992022,2.4395661,0.6728811,-3.1505342,-5.871036,-4.0782366,-7.0626507,0.18747354,8.944595,8.770468,8.136325,9.37458,8.078825,12.080578,10.254062,6.803855,2.026727,1.3399806,-6.69708,-3.5879364,0.3823257,7.7086706,3.2684958,0.2345796,-1.8291824,1.3192403,-3.2196822,-6.797024,-4.9341593,-4.0172853,-1.3214923,0.19549489,-1.5016682,-2.0887172,-0.97384334,11.840708,24.875494,26.605648,26.157612,25.772923,23.29263,19.390759,21.524643,23.554886,23.88774,26.16079,28.136574,31.594172,31.568157,30.6072,26.458397,21.159666,11.063498,3.8319721,9.459839,10.377054,13.784342,10.876291,13.475372,20.126022,23.372204,24.654842,23.366135,27.834774,25.578949,24.923485,17.840452,11.0484295,17.610884,20.445705,7.543257,-2.7602181,-6.872881,-2.3875144,-1.5416831,-3.438103,-5.083148,-16.218178,-8.960939,2.8414485,11.588242,9.756631,9.29373,9.442657,4.6409936,10.814859,13.602972,15.584385,15.638279,12.935107,13.231209,17.108456,15.503132,18.022453,18.916393,19.917393,23.220165,27.398506,28.173622,18.80504,11.25289,11.119389,11.240942,13.137634,9.225285,13.213439,18.797203,23.446281,24.89958,29.039392,32.474014,36.195824,35.244698,28.592651,23.726063,18.582577,16.000824,14.79739,12.03281,4.8558836,-2.3270364,-4.8714323,-1.1685195,2.7570584,-8.63538,-8.611302,-4.0956526,8.5101,17.33368,16.536098,18.432358,18.216984,18.178677,26.29908,28.707243,24.147373,20.588528,24.882801,16.584906,13.054088,15.297298,17.709654,15.67231,19.017975,19.959175,20.623655,21.26788,23.157064,19.434147,16.890375,14.589565,16.413647,18.093985,19.427143,22.688519,24.87436,31.002985,30.366695,33.581203,35.564644,39.546906,32.33822,24.342339,22.333492,22.521118,18.613035,13.220118,9.208697,11.031827,14.477042,13.883384,17.498966,13.511406,13.1136,7.4448767,1.2533276,-7.275817,-6.432914,-3.0085073,3.2948024,5.8086305,1.2683327,6.619391,10.566108,6.6723785,5.7479057,3.23582,7.1154118,4.8691807,4.0911126,2.349175,0.14112711,1.8817267,6.9553638,8.606466,5.6736755,3.4758775,2.6303627,-0.49173307,-0.98887515,1.3871164,1.0765339,2.8477702,5.2087817,1.7473769,0.7472526,5.6849604,5.4288836,7.567349,8.462061,8.044029,5.1225204,3.5131052,0.25210565,-0.4211284,-0.20271361,0.080861926,-3.2268548,-9.088961,-11.362055,-12.084257,-14.037221,-11.715975,-9.783644,-3.0236402,0.334576,-2.2023125,-5.931529,-4.1529255,-0.18628705,-2.4044056,-2.2376673,-2.4312432,-5.2041163,0.68561435,5.039834,0.39964145,4.558514,8.534949,12.672747,13.113431,12.81272,14.845156,11.418987,3.8845243,10.699832,16.180681,7.10564,4.8293476,5.499505,4.3797264,10.531639,4.407635,-5.217663,-1.194902,7.109085,3.7196076,3.1320024,8.568554,7.0813866,-3.2848701,-4.676268,-8.539947,-14.800329,-15.821666,-7.706291,2.9179342,10.517667,4.462389,-7.1889787,-13.985369,-14.762249,-11.394077,-4.3349633,1.0873948,2.4891686,-1.0881394,-1.0839043,8.280058,6.7015724,2.7728193,2.3718607,0.22335231,-7.5272694,-7.769931,-0.9696835,1.2235911,5.593281,6.3676696,5.8819723,13.73279,10.715358,4.7895555,2.20738,0.9278308,6.871258,4.0823336,-1.8919872,1.9467571,7.6401343,12.59804,9.686817,4.075622,2.8244567,0.13920963,-1.9484477,-2.206689,-1.3135792,-8.6587305,-17.716991,-5.898966,4.2504535,5.6249356,5.8731127,4.6661606,1.7447774,1.6167719,1.4639242,1.8906579,-4.234337,-9.07027,-7.307482,2.0933888,2.3140495,0.9005866,1.2281021,3.1128554,1.0755862,-3.0126038,-1.9126747,-0.3420565,-2.2755623,-8.740932,-7.024309,-2.7014093,-3.3196228,0.8245909,-0.85226154,0.01380378,2.4791636,-1.6997998,-0.22102508,3.3567734,7.0453596,-0.9901519,-2.7730732,4.3585405,3.686289,3.1468115,3.8257406,-0.36062157,-0.5624716,0.11466274,3.446136,4.436868,2.3946676,-4.5641665,-10.590978,-7.280713,-1.6512568,-1.3422626,0.28101838,-1.5584273,-1.7868679,-1.9361612,-3.7130752,-9.091793,-11.556191,-12.045568,-8.064369,-7.260269,-8.754019,-9.275487,-5.7024636,-3.4490368,-3.271073,-4.762289,-6.410839,-1.7720983,-0.994454,-2.5637765,-5.617074,-6.3751183,-2.8697858,-2.447155,-3.8622983,-2.233317,-4.1094713,-0.7144493,-3.3892481,-1.8856971,-1.6935494,-2.890448,-5.1488924,-6.403803,-4.221211,-4.121499,1.654322,-3.7057261,-7.3500514,-0.3249855,1.2154324,5.2862806,1.8731763,-2.7471094,-1.6752617,1.5331618,2.7831616,4.7125196,-1.9918174,-2.1968775,-0.8237649,-1.9062929,-0.6525711,-3.4367857,-5.2871776,-4.5946507,-1.4871738,1.9890412,9.4641075,8.374071,2.4564064,-5.5412965,-2.7699075,0.9376955,3.244416,5.391464,5.1486545,5.1481047,6.422388,10.521167,7.7266273,2.7687647,7.673621,6.416308,2.5269117,4.774411,4.204496,4.9128036,7.441746,13.7811775,9.489399,1.7768964,-4.3476963,-8.341361,-4.93788,-5.464692,-6.589507,-3.4435408,-3.0424998,-0.75874346,1.5611532,0.9245609,-1.0230823,-0.40133965,-13.115696,-16.72782,-16.796654,-3.9838815,4.9178095,4.44572,-3.4153905,-14.753308,-19.254196,-15.358045,-8.115616,-4.186302,4.256152,8.075518,0.9423634,-3.8023286,-7.854276,-9.91016,-2.1466014,1.9072602,-4.124149,-2.788166,0.6677287,-8.323033,-14.030349,-8.875771,-9.245708,-6.0942254,6.245967,12.609289,12.819668,7.0287337,4.679244,9.692299,7.778411,-1.7427876,-2.2274566,1.1712223,3.4380856,1.4208364,3.2630484,6.6331654,5.322502,0.038015366,-0.5025685,1.8739434,-0.5208994,-14.406506,-22.532703,-13.894379,-7.6597347,-8.199166,-9.979223,-14.593563,-15.29244,-16.405758,-10.249239,-17.08812,-17.28526,-14.409634,-7.904058,4.1115074,12.812092,13.490208,18.497147,14.1108265,13.344283,7.1769586,4.6714244,2.146784,0.6031122,2.8210008,1.9354321,1.168416,0.36061692,-1.3410696,-0.23238285,-4.8577895,-6.088146,-5.7086267,-5.4711986,-5.3804674,-2.159284,-1.7416208,-9.714556,-6.9283304,5.995885,10.098642,10.29969,9.844278,11.33881,9.571835,2.6438837,3.58303,2.0904202,2.5144181,1.7980701,-4.415635,-4.6893005,5.029685,7.9182644,5.8407726,2.649925,-0.4149773,3.1695204,0.8610233,-2.239333,-2.124773,-2.176699,2.30894,5.865883,11.080567,11.996511,12.166458,7.565256,4.764806,5.525827,4.545492,8.542645,8.66729,2.0467792,0.6857892,5.3147926,12.507402,8.219918,2.3127196,6.6916404,2.2657046,-0.5006355,-0.59180033,-11.912333,-9.565371,-5.9642744,-2.7026868,-1.6868017,0.25079262,1.6502988,-6.6519203,-5.9676633,-6.0273476,-8.006936,-5.978079,0.8556475,4.5036097,5.3265452,5.7097874,6.877296,2.6055431,4.0869823,0.84787774,-2.6884751,0.50126743,7.9914155,11.217819,5.610526,-0.9218668,1.36291,3.4349942,4.746407,6.890654,0.84885085,4.3458433,10.692485,4.6967254,2.6216426,6.5348434,8.230867,10.30151,13.800798,12.303211,14.48328,0.7493243,-2.6709795,-6.1195846,-5.4892664,2.1601312,9.743086,6.987339,1.6342305,0.5263527,2.4385467,8.338787,8.623025,4.8040466,1.5961927,2.458891,9.430713,11.847326,11.293692,13.071145,7.460433,-9.470654,-15.920553,-13.4510765,-14.1136,-10.272379,-10.395423,-9.913457,-5.602785,-2.077322,2.71229,6.9954295,7.245707,8.677162,5.1518707,11.854607,14.198256,13.037283,11.373293,9.456308,8.757275,4.580691,6.4304104,7.3619165,6.9812307,8.106461,9.394024,13.921902,17.029415,12.625167,13.007702,14.725636,13.531811,12.539322,10.141523,-0.0077031255,3.2389245,6.075268,8.616606,9.505835,12.570619,19.009493,15.3211975,10.308341,7.9539876,4.895341,3.9211054,10.624,17.724995,15.062216,3.0345883,-3.0575032,-10.7910795,-13.395764,-5.5607214,5.004202,4.0535884,2.7480938,2.0081253,1.018316,0.9353409,8.976607,13.322095,17.759706,17.836441,21.078259,27.257046,25.983898,23.357857,25.309752,27.071167,21.36095,21.840744,14.272638,5.7768793,6.5698113,9.246332,13.257335,18.08194,19.435246,17.276411,14.36014,14.181845,16.268806,14.821983,15.920471,10.790741,11.551889,13.288206,14.583225,14.456218,23.68925,22.708363,22.939095,31.091751,28.508802,22.883581,9.929573,6.349021,4.3898306,6.209849,3.0169578,3.6113153,0.8288702,7.547202,13.935816,4.2994895,-6.865322,-16.157051,-8.675877,1.1355366,3.2528188,2.9894662,-2.877625,3.3902993,4.1039577,-0.5496913,1.3461268,10.427082,11.072243,1.7437038,-0.27289352,-4.8036885,-11.242242,-5.276726,1.4278759,4.081223,5.9681253,2.459539,-4.123949,-1.4060833,-0.096138015,-6.5006666,-6.8291035,-3.9989984,-0.14842206,4.019838,2.5190644,-3.0612993,4.207967,7.8086042,4.314912,0.63531977,2.8621836,-0.46704006,-3.0489209,-3.8642755,-2.8360682,-4.8804235,-10.503944,-21.079971,-20.834171,-21.11623,-15.160778,-8.886511,-5.2945986,-3.587597,-4.282647,0.6234685,0.6280054,0.44908106,2.202289,11.921648,21.066433,27.357462,28.25449,25.234589,15.951977,8.044705,9.3111925,10.896879,12.292208,14.797014,18.00823,20.41869,23.408932,22.717587,22.461794,23.723902,19.67035,9.927868,7.3534775,5.072936,5.691314,9.356937,12.056576,18.403961,20.896822,17.001951,20.762228,17.87436,14.312875,13.169653,13.713466,16.25356,12.838823,7.3700676,5.106309,6.0125484,5.3364706,4.980116,-1.7685355,-4.0927496,-8.135523,-6.074085,-0.056686044,10.334565,9.861259,8.345135,11.269757,12.999778,11.586858,8.086371,11.332889,19.35842,21.44128,17.230774,13.713455,12.914778,8.305117,8.967659,13.509811,22.215546,25.627127,28.88465,28.499392,27.007767,20.484264,13.350269,8.789625,4.0592074,8.553489,16.384974,16.414974,19.32914,22.760727,25.678064,29.781342,31.385645,30.824211,20.223993,16.636614,11.890692,7.1626654,10.275869,13.25356,0.7346081,-10.027214,-6.9116125,-4.386601,-7.1346827,-8.706051,-8.439365,-5.0941725,-1.2198467,8.334705,10.111546,8.723175,10.773026,13.211355,20.831131,12.451587,7.0008764,13.852091,16.284357,15.9477215,12.960339,11.27067,13.298331,7.3847637,7.9817734,13.75304,15.276861,13.745471,7.8414907,8.233833,4.1005745,3.1296818,11.800953,14.507193,11.212187,0.3574237,-14.8242,-14.044619,-2.5325603,2.361223,8.214524,14.894629,8.607702,6.028825,4.9202065,6.9321327,4.7237825,0.69226456,2.6902628,3.3680887,5.348768,5.6869316,8.483392,5.322545,-0.7199531,-4.364027,-1.7525434,-4.493782,-4.0949783,3.0077617,4.731497,5.984334,5.8131404,2.8653777,2.8458817,5.4309382,5.978481,12.121519,4.859378,-1.8481592,0.83297455,-0.23623943,3.3265262,6.5363503,3.3836484,-3.697643,-3.305872,1.6940966,7.44506,6.988969,-0.7874037,-3.4618022,1.1181577,1.9715345,5.313199,7.024022,0.8015201,-6.2133265,-8.967487,-7.2789497,-5.165919,-9.799777,-14.887814,-14.414586,-6.2313824,-6.0795927,-5.5934343,1.415032,7.402552,6.1534653,0.21210086,-1.9695668,3.8445902,8.191375,10.093058,13.443903,10.934173,7.6921873,2.5080643,1.2613336,4.4337564,-0.8061236,-5.8291817,-4.819557,-6.1918945,-9.493113,-3.3405695,-0.7687992,4.1446075,0.81288975,-2.8255427,2.133458,3.6219459,3.4609227,4.775447,4.070351,0.41223612,-0.47899145,8.604887,9.639326,3.5705485,-2.1711855,2.897945,7.8685465,10.352929,3.2924945,2.0994322,1.4229482,5.1508436,7.3696384,7.71033,11.861876,6.545206,-4.1393495,-14.237499,-22.595036,-22.35248,-16.708178,-15.390781,-19.076847,-14.193865,-10.3076515,-11.34164,-10.746376,-3.1242824,6.8898125,3.912113,-3.616794,-9.316082,-7.410334,-0.47038162,-5.3109303,-8.380735,-12.141157,-10.636832,-12.371216,-6.304304,-0.36396283,2.7183623,8.660616,12.551958,13.505498,3.883897,-1.8436661,-3.6222448,4.2884717,2.4896357,-3.651148,-7.18433,-7.9748945,-2.96251,-2.825512,-7.411736,-13.569708,-18.476532,-14.661676,-14.80743,-14.931687,-10.712442,-7.4535127,-4.1267996,-3.3147397,-7.990636,-3.9771585,-6.1084986,-11.628855,-14.990423,-17.524979,-20.707745,-20.609306,-23.972406,-21.374268,-10.9204445,-13.175204,-14.81147,-2.1854692,3.8522992,2.1140733,0.2222155,3.5679908,2.6864913,4.134222,4.870666,5.510853,3.361847,-4.30648,-7.0236444,-11.111087,-8.39609,-5.7446756,-8.778975,-4.6992855,-4.8703904,-4.375537,1.5058597,5.0771704,3.7222273,6.7199144,12.744442,10.315189,5.605831,-6.179528,-5.799571,-16.414486,-19.247303,-7.672071,-0.01300846,-1.8531859,-10.744229,-15.530212,-6.1838055,-1.3409003,-1.9911419,-5.0790806,-1.632862,4.1151223,-0.015817165,-1.1892736,-1.1072946,-9.655116,-10.286909,-8.887156,-8.404804,0.52528656,6.5433526,4.0628147,-5.029572,-0.38728952,-4.3818264,-3.6681428,4.27761,-0.1497283,-6.4717045,-7.1404896,-4.877034,-2.2862937,-6.630547,-7.0921545,-6.161009,-4.7254887,1.0939236,2.6686065,1.4688412,-1.1074387,0.8772824,3.1733196,4.5512247,5.2992973,8.63099,6.593562,2.2747884,-0.4164765,-1.4998345,-1.9195449,-6.9017954,-2.8822834,-2.4459472,-5.298112,-4.7828364,-0.1858651,0.5667154,1.3964565,-0.44907916,0.7433415,-2.336168,-8.444027,-15.240161,-12.888132,-8.064258,-8.496902,-8.826098,-9.404505,-7.3897924,-5.465271,0.64079756,4.427759,-1.9465494,0.14308113,1.6255951,-2.5172858,-4.515772,0.49330622,0.2854882,1.4125079,3.8737013,5.7487426,7.5620384,0.67263424,-1.240676,-2.727067,0.28592277,2.6344266,3.6257222,-0.39649856,-6.706109,-7.193101,-5.8067584,-8.856887,-7.73205,-10.800348,-9.729584,-5.6580935,-2.4928424,-3.4499273,-5.4621077,-4.0452676,-5.219306,-1.7958765,2.0190322,-4.88795,-7.8564463,-5.049321,-7.2802615,-6.8125234,-1.6275486,0.4785126,1.6642735,2.6518512,4.413098,0.18648905,-2.3887677,-1.7121332,-2.7215579,0.52482855,0.5497422,4.2765846,-3.0019984,-4.2124557,-2.6132607,-1.9639897,-3.0181832,-2.546643,-1.3266163,-2.738657,-1.190233,-0.13728905,-3.4298577,-1.7453861,-0.47581258,-3.1633258,-2.659942,-4.4114122,-2.8278873,-7.4026313,-7.7004843,-3.2915015,0.67928004,5.924941,3.6406822,1.5030153,1.8150579,-1.5639918,-5.9675884,-0.08455032,2.919324,-0.91877675,-3.9264994,-0.73286724,2.3067214,4.6734657,5.0693984,4.2187576,-1.51717,-1.3211794,-5.795871,-10.081329,-6.3864903,-4.1025796,-1.5892832,6.0414095,5.0435038,3.6223874,3.230116,-0.9421873,-3.305434,-7.395052,-8.813594,-6.873948,-4.88969,-7.868543,-8.170895,-7.813094,-3.3501358,-0.2082986,1.6617923,1.2047694,1.6286622,2.5063696,8.291353,5.576577,1.5706655,-3.3144903,-8.468039,-7.7445974,-2.126233,-5.1986365,-6.672953,-4.817404,-7.6948824,-8.104929,-0.88075423,5.6620793,11.118396,-0.52071714,-5.581262,-4.947072,-7.220178,-2.1093724,-1.5153219,-1.3515885,2.9035625,-2.4292312,-3.1789515,-5.5332127,1.2833208,-0.3521816,0.36847448,7.641617,9.998021,9.192923,8.089165,9.442905,9.920958,4.166395,-1.3702228,-1.6469629,-3.7497501,-9.922873,-13.366791,-13.3145685,-3.3815558,-1.8316767,-2.6983154,-8.991518,-6.506744,-4.5305367,-4.629834,-6.706191,-4.5374494,-7.9609923,-8.285824,0.038556814,2.9234831,1.880255,3.7729495,2.299315,6.427905,8.090316,-0.12866163,-5.241124,2.1264992,2.462653,-2.2494514,-3.4410036,-2.1238263,-5.559372,-6.825328,-0.9552058,-0.2159226,-1.2214179,2.558495,4.8424115,0.610009,-1.2816797,-4.6460524,-2.4442172,-3.8496857,-3.1017237,-1.4606693,4.1477075,4.04985,5.4946604,0.003520012,-1.8310097,-3.1321485,-1.8156688,0.28753293,2.000131,-1.5665408,0.12347463,2.1252847,6.3405714,0.42105836,5.8949203,9.931889,9.447179,3.3462274,-0.32534385,-7.446662,-7.5928354,-2.7600913,-1.7854279,-4.050602,-3.9794357,-2.9646544,-3.7710419,-6.162525,-3.0950556,-1.1498294,-10.512411,-11.863663,-6.501288,-2.7809503,-2.7646458,-0.7916994,0.37414068,1.9002507,0.79644287,0.12111893,-2.5560238,-0.567876,-3.0280972,-3.5740392,-2.6524687,2.4624836,3.4323788,3.5008543,1.3773724,2.655398,5.0416703,-0.8342347,-3.821405,3.5912492,0.43154216,-5.442137,-4.954418,-7.3986826,-6.328492,-5.274204,-0.8778455,-4.1868863,-8.155862,-4.503788,-3.9102554,-0.8443079,-3.44474,-13.980707,-11.50173,-7.13666,-6.0828123,-3.2895365,-3.3088489,-6.0924096,-1.4546894,-0.055479288,-1.1468971,-1.1925601,0.86745673,2.4650748,4.0213647,6.777206,5.826755,0.19773889,-2.5611522,4.0906973,4.359474,3.5977817,-0.59096956,1.5638474,5.606419,-4.391039,-7.300342,-2.3468018,-4.4946156,-4.9929695,-1.136937,1.8372128,4.3409586,1.9996951,3.7005482,5.1909256,4.346986,0.67746025,-1.2202988,-4.9585505,-0.44547886,1.930882,-0.682016,1.6432164,5.5847907,5.1740866,-4.3333454,-9.693077,-8.412132,-7.078114,-4.231024,-2.4533741,-5.8569508,-6.5079117,-0.089395285,4.1898537,1.6572496,-2.5298402,-3.0492017,-2.5548952,-6.776926,-2.9472885,-0.16234007,-5.26318,-11.101083,-8.700575,-6.459797,-5.5552664,1.1508417,-3.5760102,-6.6572156,-10.261602,-2.5824816,0.4657873,1.3297683,1.5214803,1.2303989,4.623373,5.4153013,5.789346,2.8275378,3.0546901,1.6190807,5.778743,7.2214203,4.7634387,4.402562,5.8584228,4.09077,4.7305965,8.459375,8.413071,-1.4024069,1.2295485,0.7031574,-3.4788578,-2.884832,0.96366996,2.2219853,1.4437084,1.2519317,-1.1900011,-3.6182568,-5.652093,-3.307641,-4.1098566,-5.280792,-2.2801092,-2.3317857,-1.9066529,-4.093964,-2.7248769,-1.9390111,-2.2734456,-2.8206067,4.5173035,0.3441108,-4.7364883,-10.574228,-13.278698,-15.663858,-12.621105,-9.632192,-11.097065,-15.096947,-14.091848,-5.7903714,3.6290522,3.7253892,3.1424923,-0.20137239,-0.77429664,1.9759779,0.2189123,-3.3097863,-9.249859,-3.9619887,-2.2061608,-1.2611941,-0.6540557,-3.5425186,-4.349345,-5.599754,-10.80408,-13.898218,-12.4247675,-8.709998,-1.7657927,1.1807053,16.468845,18.028597,12.798529,9.567184,11.336109,11.211301,10.310207,7.878228,4.1448236,4.7060976,0.24058521,-11.888733,-21.925705,-16.387617,-10.259747,-6.24748,-7.921025,-8.464399,-5.6117983,1.2078341,4.6905184,1.9857403,-0.23320466,2.6919727,-1.1904547,-2.14794,1.1874032,-0.09914392,6.5220966,10.53017,8.307556,1.3049484,4.724225,4.7918806,3.115353,-2.851486,0.47432357,3.5546994,2.1223285,-0.3563276,-4.74197,-2.472784,-5.8849287,-9.392078,-8.985458,-7.8549147,-5.021919,-4.762189,-11.477074,-17.649963,-23.421005,-25.249996,-25.70176,-23.510805,-21.825735,-18.68713,-21.307558,-20.077007,-12.545259,-7.262001,-7.576745,-11.216346,-12.990797,-10.954355,-13.163017,-0.03860092,12.532766,12.747051,5.145112,-4.4470925,-7.304442,-7.218609,-10.228316,-5.047213,4.1004267,4.152482,-0.29799932,3.1404486,4.532155,-0.23033318,1.8561212,3.037166,-2.7083755,-6.6644335,-8.01444,-6.6276965,-0.8417261,0.7249174,-7.331031,-11.622141,-4.7283325,-0.7228188,-4.231785,-11.714195,-11.082545,-14.081617,-18.492502,-13.146687,-11.397431,-8.476552,-8.020699,-7.9864597,-12.391602,-20.160645,-23.573261,-21.935581,-18.72705,-18.610416,-13.438786,-10.697314,0.5730265,8.311991,9.725102,10.630669,12.748252,3.1214285,-1.7293946,-1.9691808,-2.041758,2.0074844,-0.5002895,-6.2041426,-12.419023,-14.135933,-14.8903675,-8.125441,-2.5782163,0.44635314,-1.2923675,-4.946194,-10.86668,-11.3415575,-8.0606785,-7.700795,-5.5178666,1.5806302,6.883016,8.752219,7.0544033,3.215648,-0.22928292,-1.8292483,4.729967,8.844515,9.403412,3.4558434,8.364386,15.745969,17.090652,15.895137,11.248512,10.329086,9.050899,10.189041,9.789215,11.197977,8.312693,5.940628,3.025747,6.5383277,6.085781,5.477331,10.124673,12.273241,8.524037,12.781202,16.175798,9.623924,5.9756594,5.140972,11.448095,13.852922,13.723017,5.921301,3.691207,-0.08764656,-2.1338632,4.5404987,8.319188,7.483533,5.134388,5.228894,0.939519,-4.832523,-4.8076515,-7.5062685,-5.736177,-6.691476,-5.295312,-7.2812986,-12.348435,-5.925203,1.5344268,-1.8390235,-1.2570966,0.9013789,2.2797618,1.1312865,1.8266612,-2.8275175,-2.2834232,5.614236,7.4162507,5.2560368,-5.7544556,-5.9933534,-7.225198,-13.390057,-11.16663,-4.1390643,-2.9941123,-0.8699393,4.1999974,6.903227,4.1382723,-7.8384333,-14.691107,-9.286388,-6.4822965,-9.905409,-10.018381,-3.811473,-9.583643,-8.739501,-7.959563,-7.220493,-3.0318136,1.9817134,5.3445196,8.593466,10.642015,1.8218765,-1.8536942,-4.367593,-3.8179355,0.3511718,0.8979353,4.0267296,1.7369419,0.341529,-5.3075247,-11.248637,-12.0251255,-9.463231,-7.6637096,2.7480779,10.421393,10.50149,8.449205,7.5225887,0.60449934,0.8207184,2.4697516,5.8872786,16.278389,23.248226,25.560831,24.823505,23.917969,20.480774,23.088654,24.90581,23.294773,19.73065,19.296524,15.32096,12.139757,18.019299,17.288586,13.266966,7.7454886,6.641912,10.638357,13.258379,9.025116,2.7951052,3.004073,5.6597166,11.188011,15.350344,4.8849797,-0.5700141,-1.5473223,-0.8774986,-1.8309438,1.1374993,1.4952402,4.3710275,2.8339238,6.0345907,8.727457,10.966277,10.8451185,8.486742,5.5244813,8.030439,13.4166155,7.8386884,8.059256,10.742837,9.031429,3.145433,-3.1296716,-2.0293868,-0.77570504,-2.899983,1.3491721,7.3316674,11.415475,13.635992,6.9658833,9.849138,10.70965,-0.2779122,-2.456551,3.5853302,0.5839784,4.4645863,7.058807,0.20808733,-1.4765309,-5.807758,-3.7567198,-5.358553,-3.171061,-0.69699764,2.5797029,2.4091167,-1.1498728,-1.6999781,1.8815717,2.666439,11.533525,15.055515,1.997704,3.5153089,12.544691,10.3684635,4.476483,4.105226,1.7929512,1.7499485,1.055378,-1.765125,6.901675,8.032711,5.165067,3.9943314,0.3336805,-0.8167864,-0.103215426,-3.548706,-0.52331233,1.0642581,3.515933,3.4612455,1.9174684,0.48826241,0.06785262,0.8976357,0.16346365,-1.3896945,2.8604794,-0.4335724,1.5129261,3.6922474,7.456212,5.7545385,0.5462292,0.5731495,14.041626,8.717321,1.8698536,-3.3918176,4.19466,6.3219757,6.6810656,-5.3530025,-9.962019,-10.905979,-11.524574,-6.9415054,2.9970365,-0.119470835,-1.4807403,-0.78854465,3.195319,-3.2106817,-5.080801,-6.941536,-4.0615273,-2.735712,-4.0036554,-3.7326572,4.590514,3.7941453,2.1039896,8.464909,8.108122,2.9825184,0.49357235,-3.512964,-3.5011797,-2.7470424,-4.454118,-4.909213,1.7865902,0.18971598,-6.421677,-2.236684,-8.998974,-12.58006,-8.615471,-6.452526,-10.9113865,-16.43245,-12.879121,-3.8888128,-1.3831546,-2.023065,-2.294,-0.26891455,-5.2781324,-8.125103,-12.281169,-15.512396,-12.125868,0.059792757,5.1512923,4.9680014,0.36549246,-2.3878121,-4.5947375,-3.3324523,-4.81176,-2.6170301,-3.0246096,-5.193939,-5.019986,-7.2571335,-5.6063232,-7.441563,-10.452801,-7.8704557,-3.2931767,-1.0867258,-3.8228528,-7.532007,-10.033201,-9.851597,-8.896769,-17.866457,-22.934196,-23.449001,-25.32069,-26.818233,-22.07463,-11.956582,-14.682579,-22.203283,-12.453619,-2.380508,6.9259424,0.8209256,-2.1412292,-7.9836836,-5.308725,-5.7813253,-5.64646,-4.447509,-7.006092,-10.157896,-8.292264,-7.093397,-7.446768,4.8705826,12.433065,10.995123,8.537335,5.6536655,3.0899491,3.4717984,11.036914,11.995377,4.961382,5.009859,8.17914,5.5642953,1.9696984,-0.21090555,-0.57189274,-0.24607635,3.4976673,5.1594706,7.2556925,5.1930723,-0.38141537,-3.0527103,-4.961602,-1.77477,-11.699673,-21.936527,-25.951466,-25.084507,-13.43581,-5.4491434,-1.6119506,-0.45533642,-6.7527885,-5.9011545,-1.162433,4.682864,2.0585012,0.49594003,0.271653,-6.9191504,-8.115085,-3.2120316,-5.6660633,-4.541669,-7.8405275,-4.1772623,-0.5568778,2.8906658,3.609884,0.85932934,1.9163554,3.1780658,0.0028817654,3.519577,9.052477,19.094927,18.774921,16.54963,12.584463,12.73231,12.7163105,15.393213,12.284544,12.717924,13.189908,13.489085,14.498733,14.195663,13.54752,9.876517,15.218206,20.660084,18.653702,20.128628,28.732723,32.114635,24.679512,27.15388,22.100126,20.46167,20.797146,24.072329,26.703884,24.232162,11.108591,9.8933525,10.988501,12.25098,9.705057,11.826116,12.957968,8.136986,3.1569977,6.1527843,6.749099,4.628915,1.0174156,-0.81252116,-1.1235129,2.9701006,7.354007,10.011816,10.262987,11.621849,9.416769,2.9779046,5.3703423,5.0582542,6.9363594,12.907364,18.675417,15.4229555,4.688233,5.5339084,4.903468,5.0600247,2.257318,1.0103264,0.5426462,2.3869367,5.479352,7.3999214,5.3632855,-6.458021,-0.82179403,-2.3469288,-1.2925498,8.666475,8.3443775,-2.1886802,-6.8855166,-6.6116414,-7.3331137,-12.418871,-16.443956,-16.74371,-12.239073,-7.997861,-8.393407,-9.41667,-6.598322,-2.5693889,0.6169549,0.9728397,-1.4164888,-2.4897475,-3.138073,-3.3577442,-3.1968913,-8.430848,-7.407375,-1.7861054,1.1215814,3.7467008,2.3786118,0.29868323,-1.795535,-2.03197,-1.7252877,-5.7243576,-5.676725,-5.6875086,2.997357,5.770911,-0.4637395,-5.2238007,-0.23141631,5.9267473,10.117716,18.457268,24.344479,17.124687,14.816279,15.23078,14.972471,14.9370365,10.92593,6.812004,5.632066,11.713095,15.191421,13.115681,10.534599,5.6348596,2.6546888,6.6007514,4.011489,-0.057525158,-0.6563354,1.3943748,0.9717628,2.1058807,7.469637,7.0472965,9.334417,11.835256,5.879483,3.2311072,7.9754066,8.105631,5.3895464,7.353986,5.64904,3.7561307,9.47154,9.717296,8.768185,12.31081,13.799586,11.632271,3.2865167,2.8066943,7.8403482,12.296459,12.928284,10.324324,8.542528,6.9908543,11.612671,6.3747115,4.670409,8.117523,11.62069,17.219501,14.853116,10.872663,6.0095477,-1.9676692,1.281106,3.8691983,3.491612,2.7947168,6.907504,7.8107395,3.8362355,-1.348793,1.3143688,-4.6413064,-10.070226,-5.83458,0.68447363,9.531029,6.793893,4.0124025,9.379907,7.2387524,6.413654,2.9852502,0.26623178,5.933727,4.5490713,6.5771112,2.6554978,-2.2665215,-0.17166257,0.51503706,-2.197353,-0.9556222,0.36320066,-0.882705,-0.51462793,1.0189354,-1.356344,0.5298064,-4.6445003,4.193346,4.630861,2.7765408,-1.2258039,-0.7806558,3.569718,5.011882,4.14579,5.2861185,1.7061286,-2.478558,1.5320554,-0.56814015,2.9445167,2.9551826,5.9379134,6.308301,10.896822,7.4978724,9.404251,1.1815853,-2.3104162,-1.8417954,-4.153787,-3.1054473,-0.44726133,1.9040607,7.700126,7.542782,7.7333274,4.1667786,4.18924,8.297245,13.28113,17.279518,9.574439,2.3644469,1.8079524,6.641285,4.188452,5.118409,2.9125972,0.10129011,-3.6917229,5.797,14.0971365,14.834267,7.7707705,9.06327,13.950361,11.479847,4.23724,0.1438986,4.2193327,5.814658,2.7541966,-0.49586645,0.57556635,-7.2077146,-11.5286045,-16.223251,-12.085882,-4.617837,-0.29502296,-0.44399142,2.7617376,4.5804796,1.8537254,2.7377062,-0.03133017,-3.889996,-1.7927418,-4.516141,-2.7035499,0.41332185,-1.3755393,-2.2333753,-2.305441,-2.139217,-5.692275,-4.343397,-7.9730935,-9.158335,-11.975576,-12.708709,-12.646053,-10.437757,-4.0650387,-3.6627376,-5.7689586,-8.078537,-11.362895,-12.951631,-16.290405,-15.8421335,-18.204035,-13.804989,-13.962716,-15.561316,-14.153741,-12.129333,-14.125994,-15.905494,-10.077296,-4.1477046,-1.5087252,-1.65841,-2.052688,-7.7884083,-9.928381,0.70659626,13.438889,14.425808,11.348107,5.2054996,-2.0634723,-5.446287,-1.9903952,-2.4890528,-0.57450294,1.5303705,5.230122,4.8243217,5.0270987,3.4455552,-6.0396976,-6.809943,-10.343481,-13.084094,-9.656709,-11.269022,-4.9695888,0.90471244,0.0799315,-2.7970119,-3.55146,0.5152011,2.1523156,-5.8811626,-6.149829,-11.964749,-8.354912,-3.7979865,-0.14514661,-0.32630152,-3.9557443,-19.010944,-30.954754,-33.53617,-23.799496,-18.31083,-14.030853,-12.562256,-10.49745,2.4102697,3.9039125,2.0297256,-0.70603323,2.5302029,1.7156646,1.8499548,5.0677657,4.4840083,1.6489112,-0.48428577,-6.2167816,-12.618636,-16.08628,-8.867123,-2.2992005,-1.1120944,1.2278758,0.1628995,4.308521,4.4024057,4.3192906,4.4659996,8.229921,4.6264052,5.7968893,9.644791,9.70479,6.528821,12.418737,13.965275,11.851494,9.777945,9.485828,11.599108,14.312733,12.783304,13.665688,10.722324,7.902063,8.300919,15.398967,16.440866,12.576239,20.199081,18.062428,17.952831,17.332386,16.634907,9.489416,4.4725056,6.8866405,9.594808,1.794513,8.449168,9.737761,14.45516,22.694637,21.33453,10.401953,4.772601,5.7270727,5.323807,10.509387,10.364689,8.878061,4.5140705,6.566277,-0.13475169,-4.7089696,0.51306665,-1.3321522,-0.5505676,-5.3914595,-5.250296,-5.6254177,-1.3262014,1.9773865,6.3219347,3.8875754,-2.8763218,-5.3737144,-3.0516486,1.5013889,3.2967756,2.4655738,-1.555454,-4.7299194,-5.8420343,-7.6700826,-7.5078564,-0.56547296,1.9417123,6.629322,13.559052,18.266373,15.042491,13.931423,3.4439154,-7.4145737,-12.49928,-8.796946,-4.8962727,-1.2739023,2.6143558,7.6605988,5.414629,-1.619315,-5.7291613,-8.222708,-12.760996,0.070354134,8.9411745,11.768526,3.524974,-0.6284448,-2.7120543,4.047533,4.2774916,2.8837683,4.6788163,2.399627,-0.57030773,4.566073,2.1788054,-4.7449536,-5.9256573,-4.783891,-4.1554604,-2.546096,3.794417,10.419235,6.3867025,3.5928378,4.632437,9.232157,11.852682,15.737554,17.724854,21.657902,21.798737,24.45348,22.899015,25.19072,27.811583,26.189747,17.327597,18.018982,17.774809,11.893211,13.071922,16.306301,19.531174,18.019732,8.293104,10.449763,10.563205,2.4537094,-1.0991842,1.1952456,4.5221834,8.0557375,6.3793263,5.078149,-2.8374586,-2.9390113,3.152259,4.9547324,0.5844979,-3.4267642,1.1241801,1.3733418,0.7933103,0.17459285,7.81568,13.664982,13.079131,10.553633,8.443823,5.605956,2.8496697,8.381319,5.120674,1.4591228,-2.5145118,3.3464923,6.8775516,-1.1747249,-1.8569167,4.9247837,8.934367,12.847317,15.225657,16.393826,9.854989,4.935058,10.94888,15.570523,16.222311,14.694258,12.98249,17.147064,18.154278,11.430561,8.741924,7.613936,4.1107903,0.738747,-1.7994165,1.5702102,5.018198,10.792786,13.70693,13.301282,15.428903,15.759384,19.51353,12.852848,10.25513,10.459452,9.039249,9.797801,1.893301,-3.2551012,-3.4942393,-6.482849,-3.4370966,-2.0066893,2.0560849,2.3075132,-2.1362007,-3.992542,-3.5903099,-2.5951664,2.8427303,4.916728,1.3666075,-2.6138353,-0.59411335,0.034671962,-0.35894954,0.72788274,-1.2645137,-0.14071035,15.046442,9.556345,-2.1151738,-4.035574,3.1514559,8.4644785,15.479909,14.999818,11.439756,7.3050337,5.50323,1.3715609,4.706456,0.79756486,-5.323802,-6.3687854,-6.046176,-9.572206,-11.05199,-10.850576,-8.303635,-2.617728,2.1942637,6.920344,8.269871,6.562439,2.7590206,-0.69326055,-0.9914856,-5.9388676,-4.6015086,-4.5464272,-3.3248646,-2.9612746,-4.472972,-0.9634897,-0.61021566,-7.077771,-8.64362,-11.766384,-9.992019,-12.107101,-11.634435,-4.8676248,0.4510641,2.1815903,-7.957781,-14.967045,-11.306439,-7.7583838,-9.342957,-12.098854,-14.701591,-13.659101,-10.6038,-9.151913,-4.97478,-3.289311,-4.4216366,-5.587962,-7.5737753,-3.6965013,-4.156428,-6.767941,-3.4575863,-2.271784,-3.2744305,-5.2127867,-6.8594413,-5.1199584,-6.5999813,-5.432475,-5.1433687,-6.03487,-3.223836,-8.598763,-10.077624,-10.106344,-8.438859,-6.857136,-9.578724,-14.633099,-13.666612,-12.792409,-11.267871,-15.183908,-17.637556,-19.540628,-16.789398,-9.501675,-6.4840174,-3.9290113,-5.887538,-5.5879765,-1.3958468,0.6767473,0.14701045,2.2217815,-0.23869807,-5.8689747,-5.215494,-4.9888287,-7.301562,-9.397207,-5.7780795,-6.3537674,4.802618,0.9624325,-5.3696547,1.0849249,5.9613223,2.6459563,-0.036908746,-4.3129854,-1.1803753,-0.5277722,-1.4104052,0.08142531,-0.29837242,1.2722099,0.93009377,-5.518628,-2.8109272,5.472411,5.6472273,4.253003,1.3450916,-0.23121709,-1.9500437,-1.1251339,3.2936306,5.0385294,1.756146,2.999217,-1.3507934,-8.955453,-13.570789,-16.938095,-21.788347,-22.989342,-13.210363,0.68315244,2.480126,1.517847,4.6081414,3.1499684,-1.220922,-3.014568,-4.8347855,-7.3045115,-4.86504,1.6159949,2.7209172,-2.1109028,-3.911147,-3.6094396,-1.9601017,3.0630953,2.6154175,7.8149824,5.1577373,2.1859953,-1.017342,1.9302994,1.3950267,7.4507885,17.177475,23.988224,21.108067,19.886986,21.315445,14.684088,13.8598,17.005594,18.08896,23.58094,23.338158,22.1969,24.808146,15.4979,5.6572976,4.8831244,18.009445,26.675,27.992664,22.126356,15.070148,19.241386,29.358658,25.937096,24.030901,22.677784,21.23863,19.610165,17.809694,12.256449,14.198855,18.147377,21.164196,20.496925,18.983448,17.991886,14.816988,7.4087453,0.79796815,3.1386886,0.79875976,-0.9885836,-0.059512258,-0.48585773,0.9443173,3.4244514,8.097403,13.219987,15.5768,10.580401,7.9559813,6.8521633,7.2283173,3.8984118,-0.1312728,11.82443,19.274534,14.098735,2.3718228,-4.7349496,-4.768386,1.3457853,3.9391885,-1.2589223,0.5296111,1.3618493,3.3383956,4.919954,-0.002500631,0.3225594,6.307371,3.0485964,-3.2988405,2.0268676,-2.507732,-5.3101892,-7.9509544,-6.9471226,-9.396196,-9.66781,-9.670872,-9.202284,1.4790692,3.0102527,-3.3768072,-12.708323,-5.2769184,2.8274822,7.170657,5.9413147,-4.1936536,-8.689891,-7.020439,-8.859446,-11.576178,-8.217109,0.35367852,5.706785,6.169121,5.1579895,2.9014487,4.818824,2.2858202,8.123379,11.012394,8.889672,8.679239,9.137661,7.1692624,3.9039903,0.32265967,-2.564003,3.7747853,4.853661,7.377674,8.143469,11.435308,17.205212,17.95332,18.2966,18.067108,14.772323,11.631318,13.354101,9.520842,3.6262298,0.9229312,5.562516,5.3899074,4.8036194,2.1408207,-1.9268456,6.4281206,6.3408775,2.9029605,1.576449,2.8011408,3.752821,4.972754,7.377593,13.219106,11.042986,10.862233,3.4380155,4.0465717,2.1336958,-0.018402219,2.7893384,8.175657,2.9709783,-6.082094,-5.3417845,-4.5994196,0.89430594,3.533873,4.4137783,4.126325,1.8357306,-1.5447754,-1.6756806,-4.611746,-8.230722,-6.8854337,-5.172948,-2.2851553,-2.7268653,-6.771418,-6.625576,-4.1073785,3.1069818,3.7987378,-1.365958,-5.963485,-7.7076902,-7.1197023,-9.331955,0.69937265,4.192383,-1.3764815,-5.285599,-5.3732796,0.79250526,7.198782,13.488594,11.046732,14.418807,14.327408,17.322012,18.897423,8.096462,7.3917093,14.23852,14.896572,11.941376,9.020706,-0.13994324,-1.3804067,0.57163167,1.9718461,2.3669536,2.9256682,4.004206,4.2908664,7.179819,2.5459254,6.539673,5.376738,-0.97835886,-0.94158095,2.8132443,1.0561482,3.0195737,9.190004,7.833622,9.186036,14.677576,13.961554,8.672155,9.244629,0.6199532,-5.10958,-2.652616,0.46745747,3.7381098,5.61492,12.148056,9.0507965,7.776677,6.861494,0.6851971,6.176752,9.151763,11.093157,15.286537,9.913757,8.151947,4.6916704,5.8480415,4.908657,1.0760832,-4.571109,-8.621978,-9.624008,-8.788132,-11.538971,-13.875766,-12.198256,-7.3259954,-5.3450546,-5.7541456,-8.011585,-4.380144,1.9706212,9.68364,7.0102644,-0.5350318,-4.596693,-5.2608795,-8.1238,-11.001047,-12.936787,-15.541817,-15.098128,-17.028791,-14.260395,-12.071514,-13.253586,-11.2111845,-12.686502,-15.780828,-12.433073,-1.6924875,-1.0202985,-2.756826,-3.3963199,-3.1833541,-5.9836926,-9.2102375,-1.2634139,-1.2046179,-3.2728422,-2.1177175,-1.3508265,-7.3758717,-7.2219057,-8.458872,-7.8337708,-5.7493105,-5.758818,-5.900494,-8.65321,-5.9926257,-0.4457399,0.3108648,0.82030654,2.5304868,13.1296215,18.412962,13.025528,6.6590786,6.7613187,4.009413,-2.1306524,-0.6048608,3.6632266,-3.879869,-1.2869179,6.2114935,12.2316265,20.437168,21.464851,19.324614,20.191826,19.020851,13.436661,4.0687666,0.3237661,-1.1664697,0.1932829,0.14034855,0.030752718,0.83166456,1.526126,3.2497907,5.8725834,10.754824,8.411852,1.5151659,-2.376622,3.063789,5.37374,7.69195,11.069649,15.547068,12.016901,6.824743,1.1763766,-6.826976,-10.171368,-7.038149,-0.5702969,0.6219139,-6.9592633,-10.665098,-7.3473377,-1.1321063,4.978125,2.1110175,4.871334,3.491071,2.4051628,4.646477,7.6081467,8.466822,5.2013245,1.3787432,-2.5891738,-2.2893486,2.4127266,3.4499936,-0.057222188,4.215349,3.9426131,3.078023,5.5180483,-1.0681692,-0.29176974,5.7309275,-1.9059784,-10.2320175,-6.102872,-7.8411694,-4.887663,1.4060915,-3.0113826,-0.6294832,-1.5311136,-5.9890146,-4.4032693,-3.1989307,-3.3892918,-3.0842643,-8.976326,-9.949725,-7.392332,-5.016095,-7.5447326,-4.814247,-4.3439054,-5.035343,-1.9331677,-4.2540946,-6.5087852,-6.5466957,-3.3423548,0.43131477,-2.698668,-4.3075013,-8.934419,-6.9176073,-3.8229053,-1.6424463,-2.9902809,-5.357768,1.2585001,6.8844433,13.940504,13.594412,11.066044,8.675011,8.168118,12.27003,6.11737,2.6253157,8.712809,10.826065,8.295755,4.093004,5.2484407,2.8640952,2.0795848,4.4143534,0.8011633,3.2497544,2.6110005,7.0344334,6.414052,2.2318127,5.9242897,15.2913475,15.892572,19.372288,19.0894,12.172988,8.178796,8.836347,11.611275,17.547913,22.723307,19.727375,20.039429,16.263023,10.096821,12.468199,12.494874,10.773711,8.55893,9.1430435,7.773864,13.690605,18.741749,16.41524,14.861242,13.994534,18.527824,18.936497,17.772825,11.604099,15.400543,13.704493,8.033344,5.6586185,6.3802166,4.4642553,4.3799653,7.6984053,6.9526677,9.785682,15.92449,19.456738,15.299135,1.9580777,-8.929182,-6.400713,-2.5811915,10.334892,17.324913,22.618988,23.496601,20.055843,18.279957,14.400822,8.378552,6.9377403,13.126056,9.21958,4.6061993,8.418352,8.326275,8.562014,7.9203134,6.5466776,6.2891984,6.669916,3.0720472,2.6209722,-4.2937784,-2.4744797,2.4917798,4.9136477,4.9300528,4.2793694,5.6215377,3.7084322,2.0304844,5.6439824,6.6003127,7.0922747,5.6236134,9.574722,10.779612,7.1063004,9.811768,9.16619,11.638638,8.373736,11.234617,8.690186,7.151906,1.1436309,-0.100032926,1.0515103,0.59744954,-2.0163178,1.2705256,5.657999,4.7182865,2.9006474,5.494582,3.9639373,4.304061,4.1445055,3.2251277,0.08779216,3.7465196,10.63957,13.462609,13.185211,12.509601,10.803324,4.9715576,-3.7361116,-6.3244467,1.1666341,3.3651645,1.6162825,-5.744895,-2.652952,2.6110516,7.0917597,5.0955095,6.6581798,8.299612,7.274312,4.8216677,4.061561,2.5102544,-3.4434505,-5.884742,-9.092073,-10.34333,-8.27721,-4.9574547,-4.1604805,1.7526402,-1.789417,-6.6331334,-5.70842,-0.4546933,2.4437094,-1.246414,-0.5185013,3.0155087,0.5022316,-1.9157543,6.474123,2.1112773,7.8875875,7.7559133,8.103123,6.741419,5.288018,5.254562,2.0766463,4.881443,0.1060673,4.458252,2.545909,-1.4409441,6.1356993,6.168763,-3.3733554,-10.118963,-10.367396,1.1374584,12.165826,16.503021,11.397812,13.010204,11.141012,10.602297,8.774822,2.7834072,5.717786,5.127674,4.2158875,2.4469838,0.64609736,-2.249384,6.494633,0.90436447,-6.498433,-9.543869,-13.263302,-1.1355519,3.9506853,4.6204195,4.3259764,3.1086185,9.130402,14.663379,16.02195,15.920755,12.2546,3.7221966,-0.6867299,-0.86788917,3.075628,9.280306,9.68001,10.453091,10.225344,9.977708,12.236681,11.608665,10.843148,14.801926,16.957714,11.97722,10.742706,13.227556,14.8172865,13.485315,14.2081785,10.538279,3.557078,-0.34758985,-2.4122763,-4.9003367,-10.386144,-5.074387,-2.900115,-0.38553935,7.2265167,9.733271,10.231459,9.458929,14.478207,14.802631,10.371882,12.824158,8.0779705,4.480229,2.0138745,1.4167106,0.2432493,0.006617546,3.1747391,0.16330183,4.7142477,7.946521,9.097484,4.7645245,6.191967,8.120798,7.8194723,10.356173,17.199072,24.505304,32.738167,31.310177,26.809273,27.428114,26.07499,24.933002,26.223122,24.622604,24.589752,27.098738,24.22713,19.131086,21.750994,27.250546,22.677406,20.7425,18.634953,17.34646,22.081055,21.25541,18.367039,14.519186,16.522793,18.846737,14.060591,15.695347,20.007772,18.275957,15.225573,13.506667,13.5480385,5.876623,2.0864022,4.4965267,3.211113,2.6313972,2.129346,-0.8570078,-5.4161444,-4.7583036,-3.8368592,3.8165426,7.2031946,5.830139,-4.489708,-9.641933,-11.554003,-13.3320055,-12.065346,-3.5769806,1.2368972,-5.196835,-8.80175,-8.491099,-3.4953575,0.42380783,1.9005688,-1.647846,-2.6398275,-1.7875215,-0.1833803,1.8158649,2.3714046,-8.51552,-13.542707,-7.164419,-5.22559,-3.6590726,0.74718857,4.482042,0.53475666,0.41631997,2.5523999,-1.7963514,0.7651923,0.5878258,-4.91383,-4.269552,0.53879976,5.8835993,3.047322,0.44597194,1.0477508,-3.1638024,-0.3748746,2.352067,3.871993,-4.5224895,0.39664912,4.264492,3.8822494,4.62916,1.506988,-1.6600789,5.29637,8.404816,6.4537992,1.3534269,-3.9491272,-6.3512583,-7.2865014,-6.23707,-1.4719975,5.3951774,4.5096245,1.2309663,3.3480067,0.9948152,7.086399,6.410694,0.8573079,0.16946414,-1.3612502,-0.39118576,6.3862753,9.232618,1.6058137,6.0587425,1.5889747,-1.1415672,4.195008,2.6275487,-3.5976307,-2.1907184,0.5439415,2.4236126,5.9678106,4.939203,2.9746284,9.3287525,12.515444,13.359594,11.130829,15.229479,9.762345,4.2309647,-3.9481359,-2.3600795,-1.2947047,8.443947,11.322678,7.9146366,11.836891,14.068265,9.018939,-0.1753143,-1.727552,-1.7439313,-2.5951753,-0.6371047,-3.179689,-4.829631,-4.286553,-0.52451646,3.6854656,3.9929352,7.716197,5.0541744,2.4121413,0.35799712,3.2484426,2.2922068,-1.551284,-3.5087824,0.24928725,1.0292552,2.6305194,3.7968035,5.0534964,-0.2620843,-2.7381637,-1.088577,-2.0999107,-2.1861808,1.5062017,-3.5819197,-9.2899,-9.79567,-10.303526,-10.07067,-15.127125,-14.747614,-10.219625,-10.625954,-10.74538,-6.445919,-3.5454233,-0.8949021,-3.130767,-5.195385,-5.1199293,-3.602026,-6.9692183,-6.602871,-6.4643397,-7.2402153,-6.8813896,-1.7460315,1.8506349,-0.011082277,1.2088699,-2.2523885,-5.6663885,-2.7980852,-4.65339,-2.3437223,-1.90311,-6.8587456,-0.62650955,-2.662841,-6.4845834,-1.2565247,-1.5837648,-1.3833699,-3.1802359,-9.779709,-12.307784,-8.786776,-8.495156,-5.8976364,-2.7818546,-3.3550296,-2.3991666,-3.0286074,-5.9806786,-1.1537209,-2.3891163,-4.6418314,-4.7165856,-4.9026513,-7.256505,-6.0833054,-8.605823,-4.328493,-3.2282453,-4.3025827,-0.5607223,-1.4989814,-2.76653,-3.8766532,-2.5892243,5.0070486,4.408468,1.1500733,0.14968708,-4.228646,-3.871573,-2.0027115,0.77299345,-0.72796255,0.47529244,5.221154,2.7035098,2.9303937,4.6521783,6.4255137,7.453992,9.268244,10.832846,5.8539953,2.2045178,1.3729259,0.8880422,3.3036017,0.6580563,1.9488572,4.947399,7.58002,4.146575,10.010395,8.922458,1.5290909,-6.5130153,-9.121096,-4.9374976,-5.3341303,-6.3974533,-6.1020617,-7.814458,-3.6284773,-0.80323815,-4.0164385,-7.626462,-3.1452346,-1.1552085,-4.804557,-4.2853575,-9.875747,-11.553718,-13.1316395,-10.826987,-9.687975,-4.4759474,-2.9808197,0.78482217,-1.7279791,-0.40372762,1.9564648,7.139431,13.327806,13.914917,9.982433,9.956502,10.325292,2.4708037,-4.5224967,-7.17568,-6.744588,4.323553,9.4976225,4.918091,2.5830636,4.966585,6.7584987,16.399664,18.14484,22.42897,20.435684,15.567097,9.59745,9.364275,11.625185,11.090943,12.861225,8.634698,0.78023535,1.7171621,3.423339,8.71137,9.436196,5.836004,2.9532495,-2.6323667,-3.2800307,2.5729654,3.9494224,-0.34236,-0.3598131,2.1693025,8.496373,8.639471,4.7290306,3.1893995,-0.784384,0.863661,-1.146698,-2.3793516,-1.512153,0.41405538,3.2622209,-1.1000115,-3.4473393,1.2087468,1.8536814,2.5466366,2.4051054,-2.364289,-8.941944,-12.7724085,-11.434712,-9.636267,-9.153101,-8.325992,-7.3553467,-0.18574691,0.2724415,-3.3116326,-2.3508055,-3.2277827,-3.3132377,-0.65763056,1.3574059,-1.3063211,-4.2191653,-0.7050698,-0.41071534,1.6900795,2.7861094,0.4316678,0.8910753,-0.10372594,2.558639,-1.9546729,-8.34745,-6.5078125,-8.348658,-6.972801,-9.263996,-3.5944872,2.4974723,6.297559,11.185083,3.2216668,-2.4655304,-2.0461884,0.18870038,5.9767194,5.8978343,6.732718,8.428484,8.9276705,5.645499,9.374851,6.0029507,-1.0472621,-8.5068865,-4.284336,-0.541551,4.887459,11.12554,15.086988,23.889376,23.312054,26.341066,19.804398,9.948148,4.138614,3.0762985,6.7798605,4.5174837,1.4761097,1.1869171,-4.881938,-4.3133116,-4.24855,-0.8653759,4.999093,1.6521245,-0.8097397,-3.4103436,-8.109818,-7.8142056,-0.33291453,3.6035972,3.5833426,1.0439885,2.9753613,3.3069015,9.077061,7.885067,9.085696,5.905678,7.0431833,10.682779,7.4890566,10.055529,12.593437,10.163435,9.030498,9.146531,8.673592,1.1011803,-2.350246,0.6642083,1.6642878,1.0077579,-3.8536782,-7.3829274,-0.31712562,-0.43393353,2.402824,5.3113537,6.7910614,6.3869534,1.4267094,0.087623745,-5.033924,-11.396469,-12.408262,-6.1598086,-3.787942,-1.047704,0.13702464,3.5797262,1.7102715,0.6906298,4.4562025,1.4636773,-3.7486572,-1.9506772,2.479103,0.5218811,-2.0813432,-4.8104863,-3.6684637,-4.521426,-6.8247414,-6.116914,-6.2074537,-4.744402,-2.4745831,-5.2355833,-4.9551864,0.29894638,0.4806429,-4.6959667,0.62259364,1.972511,1.313756,0.009168804,-4.518489,-6.4715137,-7.454804,-6.39405,2.2055604,-1.3145652,4.4709873,9.994736,8.457811,6.182171,13.085838,16.330915,14.115722,10.740477,7.570465,3.8845367,3.7241063,5.6049914,5.729095,6.780041,7.8124514,8.112539,2.899672,0.4433074,-9.302076,-9.440975,-0.70807445,0.34378266,-4.6128645,3.706851,6.148719,4.9155626,0.025676757,0.57334256,1.3514302,2.6801283,8.805786,12.423404,7.8232346,10.505333,12.934269,12.716421,18.149307,17.306301,13.543976,9.624948,6.6841874,8.991709,7.403392,5.6528983,7.16923,3.1145465,1.6588539,6.273258,9.84886,8.637769,5.9301186,12.045696,12.620773,10.198752,9.206598,5.9160995,-1.3479042,-5.08795,-7.7618723,-2.0731425,7.584148,9.271719,10.382438,10.293179,15.952948,14.094831,16.744862,17.36092,14.279575,9.065762,8.487749,12.093144,9.534811,8.126093,9.684385,15.206791,14.095241,13.972221,13.346835,20.27604,15.108688,9.295399,14.84244,16.813591,14.059095,11.077902,14.7926445,15.9362955,16.531048,16.05492,11.138575,6.212206,2.8522792,5.0772552,5.9943495,13.41127,14.623091,19.069216,17.512085,23.238981,23.985441,21.252876,26.041256,26.144653,24.849709,17.018013,15.656136,16.460848,13.677864,15.584793,19.675608,23.342026,27.732708,26.066238,20.049992,15.47728,6.561933,5.174884,13.133157,7.4607253,4.3852005,4.7660856,0.77237475,-0.82719207,5.606465,5.936419,11.589481,12.627569,14.102092,13.279391,9.79578,10.595012,12.949363,11.264473,5.388058,5.557757,3.337215,-0.5063609,-2.4360228,-2.5827377,1.7909973,0.97544456,-1.8103144,-4.5271025,-2.12415,-1.8746116,-2.1965318,-2.1733134,-1.0969465,0.07614106,-4.49306,-9.607794,-6.3086424,0.22016251,3.0059276,-1.0911204,-10.912643,-8.605914,-3.883923,1.1704733,-2.0012317,-6.620673,-3.5827537,4.351268,9.123234,10.121126,5.3671255,5.80237,0.5197731,3.2731228,6.2634,15.320606,20.041374,16.66951,15.3993635,12.624199,8.32235,6.58841,2.4462118,2.482214,2.5434382,5.9697046,4.8089323,-1.5304217,-1.9279777,-1.8478408,-4.4422846,-5.061243,1.1091413,9.999964,17.214005,15.654526,15.596491,14.825131,14.918625,13.065203,9.837557,8.479613,11.018446,14.723357,7.8493137,1.499753,-2.8296838,-4.6983347,-3.9430938,0.9942968,1.8153036,3.9470801,7.2819943,1.8534982,-0.5134632,4.157458,11.417851,10.915172,6.261618,0.84621835,3.2111025,4.2302356,7.625857,4.224154,1.6373599,-0.9070413,2.8424659,9.193783,6.188476,4.0738325,4.11965,3.873123,9.347317,15.438813,15.628187,11.663118,10.247047,11.521198,12.924671,10.100671,6.0996842,1.8571577,-5.681841,-15.158983,-19.935932,-15.087036,-13.375931,-6.9612846,-2.4762373,3.1471486,7.561569,4.124744,2.5618138,7.873186,8.44533,-1.0076826,-4.69275,-5.4584093,-5.1615467,-6.9659977,-4.11372,-1.2766545,-2.337161,-8.407393,-6.709959,-0.99546456,5.2919884,8.081585,5.205483,8.12724,1.5641571,-4.7457075,-1.5099192,5.0287304,13.884203,22.18737,21.434593,22.633575,17.73811,13.257738,16.112741,12.365748,10.864252,13.535601,12.625993,18.545807,11.484762,8.638131,9.040506,11.063051,13.3868475,14.585123,20.300686,23.516136,24.684155,21.480303,13.822614,9.601034,7.9795284,14.343397,16.763819,14.870295,11.811835,15.193277,19.68132,19.1763,14.445984,7.504429,4.603468,8.464929,4.170201,1.0469122,3.6575286,3.5745819,9.568547,17.692371,16.80082,17.475197,21.740177,14.486577,13.737548,16.364962,13.664301,17.558502,21.176113,18.762398,13.589719,12.548584,11.752897,10.082035,7.5732503,5.184577,2.8414001,4.593746,8.5745735,9.702637,8.162052,6.148543,8.537386,8.094314,3.675696,5.164408,10.270771,9.135778,6.92478,6.5364604,9.03224,5.193736,3.7451038,0.012883216,-3.246264,-0.92499846,-1.5997874,-3.4293225,-2.4804587,-2.802217,-4.5469904,-4.2962027,-2.0362294,3.420911,9.1645155,5.4005537,8.842363,5.7844462,1.5343688,-1.1060663,-3.6887832,0.7582615,0.36670387,1.0108724,0.8029429,1.2967676,-0.11965394,4.2585144,4.4988303,1.9372182,1.4584682,0.47695324,-0.6826287,4.469203,6.6115856,5.8157554,5.2378635,1.7624397,-2.031459,-1.3729975,-1.4282978,-4.6706533,-0.9329979,-0.12502217,-0.9514878,4.5496674,1.8623476,-2.705545,-1.5828395,-1.4517698,-0.6856576,1.9564799,2.3519573,3.7852745,4.896001,2.8984065,3.2891996,-0.15045798,0.46628866,0.5823408,2.3351958,2.0130754,2.629086,1.1035424,3.6649451,6.0237894,6.914706,5.5113335,5.1091766,7.270462,4.0270634,1.3633937,-3.6507523,0.7927234,2.977211,1.5327327,1.9412043,2.6846695,0.4593119,0.7566278,2.3106205,3.6478138,9.730463,14.629616,16.41438,18.143887,28.758965,30.27629,28.828442,26.651958,27.288754,29.832449,36.914658,29.647552,17.122257,9.765254,12.156005,11.50004,1.0459042,0.941936,-1.5692974,1.0696748,1.6240274,0.90472645,4.31985,1.7105933,5.2904387,4.351753,0.06111151,-5.2138968,-2.8196068,4.7671947,8.878698,7.491292,10.139802,11.613417,10.58152,13.166824,12.452585,10.494564,11.453681,7.8648233,7.8515797,9.625303,13.610183,10.935438,7.841467,7.5981145,12.322375,12.040583,11.1577425,13.254521,14.409283,14.531481,17.783587,19.923443,22.265293,29.257113,23.837936,23.93589,18.767994,9.863583,9.26293,7.815003,14.128697,9.361,2.8076544,2.442147,-4.2919703,-9.180358,-5.5769367,-4.918771,-6.984519,-9.863394,-7.834191,-9.989185,-13.350046,-18.21998,-13.647096,-13.9302025,-12.082994,-13.147413,-11.847015,-11.31019,-12.574649,-12.863388,-12.339094,-12.541922,-10.062723,-8.303326,-6.6650076,-2.8131635,-4.8891106,-5.5661182,-8.022663,-10.888238,-10.26579,-13.087807,-13.684795,-10.21794,-10.626051,-7.5419073,-4.591437,-6.136901,-7.4855456,-10.988304,-12.649353,-14.290988,-15.579788,-11.7155,-9.572388,-10.813879,-14.308206,-14.792803,-13.261756,-11.46051,-13.420385,-14.026613,-9.306632,-6.642708,-3.219949,-2.809116,-4.9494295,-8.359831,-6.812346,-4.5096674,-4.8923664,-4.695065,-6.3977537,-4.2426977,-7.7660317,-6.007795,-2.7286954,-5.540472,-8.726344,-2.758394,-1.6865203,-4.0362115,-1.8064241,0.6385766,-2.0184155,-2.3378887,-3.5490506,-4.234288,-0.19652617,1.2227051,1.4405432,0.76719594,3.027635,1.6497633,-0.042081237,3.9597747,1.0022253,0.007646084,2.7359202,1.6340992,5.8762026,3.1819363,0.9253421,1.3180621,1.351476,1.253494,-1.8764191,-0.4162736,1.3813592,1.7916718,4.563732,5.6354613,7.191879,7.78062,5.7455254,7.916823,6.0430927,-0.5178894,0.08167043,0.540522,1.9021269,-1.1914693,1.8270178,1.2267449,0.5677458,-1.6894063,0.38549376,2.0747657,-1.255425,-1.5726383,3.3830154,1.8484328,-8.568008,-6.0710053,1.4911911,-2.5234108,0.95215005,6.7175484,5.87338,4.138496,1.555065,0.99347234,4.25396,7.457815,5.177308,4.040579,5.9137006,7.628614,1.1512263,1.1912907,0.4264412,1.2458761,4.902482,3.9059448,2.7248507,2.3953035,-0.5449311,2.4586077,7.1165266,8.204394,7.0473695,6.8780613,8.319494,9.43771,9.556885,9.596935,7.2173595,8.437735,7.0776496,8.064745,8.23122,8.106528,8.0517025,8.009834,8.098618,9.047225,9.177701,8.910316,8.464653,8.794279,9.039436,9.03736,8.6079445,8.086056,8.512365,9.290857,9.266109,7.040043,6.75718,6.6441913,5.0064335,5.2889557,5.5176673,5.1462297,4.903206,4.3668237,5.042422,5.5722365,4.604826,5.259115,5.058263,5.0817304,3.9215994,3.6887345,3.3046465,2.0398662,3.7609968,5.3289304,5.4454007,4.3545933,3.4459114,3.9574604,3.7511158,4.915633,5.418989,5.5313606,4.191872,3.6595917,2.9318924,4.1825457,4.545051,4.04025,3.286028,3.369728,4.23012,4.425445,5.408166,6.184313,5.152032,5.2419214,6.2962847,5.739919,5.483251,4.1723733,4.2413735,4.3851733,4.2909784,4.507449,4.302731,4.1975517,4.0324497,4.3151455,4.2159963,4.561862,4.249421,4.018338,3.7555144,3.912717,3.8109283,3.9534736,3.8531504,3.89644,4.3866644,4.295006,5.0734544,4.76388,4.924591,3.883183,3.8269172,3.815639,4.645225,4.666757,3.5759678,3.2887628,3.8823228,3.4526517,4.0291696,3.6684923,3.5056949,3.4344172,3.4873362,3.965304,3.5604844,3.7068217,3.189658,2.9131455,2.8137693,2.5242603,2.617441,2.5253668,2.436769,2.4115403,2.396456,2.423688,2.4709334,2.398195,2.2941341,2.2673337,2.2795486,2.193062,2.2388725,2.1069014,2.07196,2.0464382,1.9896572,1.9995884,1.8299773,1.9370689,1.8243237,1.766361,1.740558,1.5930427,1.6652582,1.4672045,1.5126,1.4148972,1.2625238,1.3520185,1.0602922,1.027023,0.7819427,0.7584448,0.6317718,0.23819551,0.10035279,0.0,0.0,0.0,0.0,0.0,0.0,0.0,0.0,0.0,0.0,0.0,0.0,0.0,0.0,0.0,0.0,0.0,0.0,0.0,0.0,0.0,0.0,0.0,0.0,0.0,0.0,0.0,0.0,0.0,0.0,0.0,0.0,0.0,0.0,0.0,0.0,0.0023876682,0.0,0.0,0.0,0.0,0.0,0.0,0.0,0.0,0.0,0.0,0.0,0.0,0.0,0.0,0.0,0.0,0.0,0.0,0.0,0.0,0.0,0.0,0.0,0.0,0.0,0.0,0.0,0.0,0.0,0.0,0.0,0.0,0.0,0.0,0.0,0.0,0.0,0.0,0.0,0.0,0.0,0.0,0.0
0.0,0.0,0.0,0.0,0.0,2.8632412,3.8543096,1.6945815,1.2722664,2.1663144,0.7211092,0.56890273,-1.0046582,0.08542039,2.9038086,5.068598,3.8739696,3.402133,2.2713346,1.9376707,5.145079,5.3061075,1.6214012,2.1654797,2.8530583,2.648871,3.3667464,3.9857879,1.3984385,3.3120077,3.2683225,4.6395845,5.8395677,3.5273376,-0.34556144,0.6764672,-1.4357476,-0.012967646,4.7205114,1.3530147,-0.5315424,0.33855695,-2.9054837,0.6523094,-2.6025825,-1.9386886,-5.971874,-5.178419,-12.1580105,-10.012613,-5.789377,1.800185,9.76728,10.629925,15.137634,15.447052,12.078548,12.81827,10.009406,11.3402195,18.609001,22.596811,20.504162,16.879942,20.266909,13.015909,20.58387,16.477203,11.942249,7.995232,9.295797,16.801043,15.727108,13.946493,6.057741,2.9160774,10.09601,6.4711266,6.0422225,7.382308,4.087512,3.1148489,1.4169586,0.05461496,-5.7136173,-10.126173,-11.639936,-8.706146,-5.3852625,-8.83176,-5.967758,-5.777253,-8.007675,-5.0355263,-3.459423,-9.836599,-3.179779,-4.711366,-6.7032003,-4.7649355,0.09704751,-4.0548463,-3.6882262,0.7350851,8.552237,8.842567,6.6516104,5.638775,5.8889923,7.9482594,6.773551,5.825433,5.5012684,7.695436,3.703804,2.8184142,6.7327976,7.2668066,4.7145033,3.3803601,-0.8568536,6.2187147,11.344114,2.8330092,1.4383504,6.4138865,6.1604986,6.8613725,7.17391,9.253106,6.048561,4.278675,5.6455784,-0.510188,2.305121,7.9401474,3.2996697,0.764522,0.07170907,2.062615,-0.2519207,-5.8948374,-1.9705961,1.1123747,-0.67643213,-0.6310026,3.0202198,0.2904386,-8.184163,-9.870543,-8.377689,-4.1900883,-11.31346,-13.461645,-3.0148253,16.841564,28.84144,29.397333,34.822197,23.993656,26.602512,25.850122,19.972588,24.021847,19.305454,14.309807,16.781384,19.568407,16.276428,21.388348,27.869028,20.886198,24.718779,31.604095,27.055504,23.467094,29.227678,29.001225,21.946255,21.222427,21.517792,17.03813,18.55619,25.619667,14.319326,9.561354,17.15223,17.565634,5.882201,3.6843812,13.0983095,9.80236,4.095815,8.033058,4.952427,-1.085271,0.44060206,-3.5437837,1.1367354,-3.7415178,-4.33813,-1.9425366,-7.3907747,-4.116123,-1.4215558,-4.6157503,-2.3876278,0.64029145,-5.761411,-6.973047,1.2781581,1.5863837,5.457651,4.781953,4.382957,7.3973207,7.924425,11.660747,8.267418,9.862711,5.786609,3.9902458,-1.297719,-2.6884642,1.8471221,-1.4955814,-0.26544237,0.4873792,2.4758596,1.2093744,-0.53077435,1.5987225,5.83037,5.2768917,2.2564387,7.267462,6.130969,1.034711,0.034648627,2.374245,5.0923815,7.185686,9.878036,5.284892,5.5476255,3.9311135,2.5470145,4.1478972,0.71216506,2.3266423,5.4409733,5.42976,0.46719527,0.6667414,0.08714515,-5.541504,-12.856119,-15.49219,-18.085789,-20.230423,-19.47327,-17.748344,-12.14716,-7.098568,-5.1839075,-4.454753,-0.9338409,-1.245229,-11.57922,-7.422875,-6.9220023,-11.77612,-10.228547,-11.604324,-6.6809187,-8.85373,-7.774946,-4.7397976,-7.2932105,-5.428481,-3.6914718,-1.7466305,-1.2082899,-7.3759527,-3.6900299,-3.302041,-9.503806,-8.172628,-5.673337,-13.095394,-13.2775135,-9.827183,-13.247465,-15.571711,-11.12778,-12.876976,-14.238561,-8.091446,-8.33143,-12.421464,-4.4318476,-4.3017526,-9.745586,-2.4795246,-2.984654,-3.419992,7.339944,3.7963884,1.6457932,10.211193,1.0636227,2.417158,18.778072,8.342061,10.26596,22.649048,11.37224,10.668097,25.61282,14.742203,13.74415,25.423174,16.823797,14.982479,28.800764,21.011677,15.133072,21.606216,17.473097,16.583015,20.705742,13.9952,12.245272,15.555189,12.253962,7.5500174,8.564185,0.41945326,1.1014212,6.0029774,-3.2672648,-3.497648,-7.087881,-17.71955,-16.530518,-15.316299,-18.993778,-25.278145,-16.353111,-10.315003,-13.635424,-11.484043,-14.975249,-14.063425,-5.629442,-2.5303175,-3.8538969,0.72849756,11.853991,12.407166,9.386297,15.087963,13.353569,13.137728,13.225305,2.680703,-5.6766853,2.8272636,0.90989447,-2.8245313,3.8045337,-2.6104286,3.1463082,10.273924,5.9594965,11.067396,13.04585,9.983718,7.889306,9.33142,10.132868,7.8321037,6.309415,6.6282253,3.4922266,9.955162,8.132619,1.8684196,4.052003,4.818722,10.212999,8.177933,8.242897,9.434316,6.315618,8.613045,6.18876,11.288424,9.372551,6.771532,4.769421,8.572822,7.511681,8.372227,9.131113,3.115487,9.545534,13.663845,5.986091,5.950695,6.1441045,6.0540895,6.1683927,2.1829424,4.9154344,7.49386,14.020638,8.952509,6.897972,5.618449,3.1154754,5.8217463,9.954966,8.680677,7.4287906,10.542462,12.4717455,11.309076,6.512583,7.8477316,10.074118,9.153871,9.528705,11.271285,12.51256,12.881298,6.485995,3.9086943,6.6562414,9.882837,9.556123,5.312257,2.8280358,5.430055,8.069841,7.845149,6.949868,3.8670955,8.126038,9.696789,5.8498945,5.9710674,6.3329687,3.0751343,3.6393185,2.0507898,2.5767221,6.21493,7.511427,1.1413093,-6.3993387,-11.090536,-12.099577,-8.671619,-8.243837,-12.265162,-14.107464,-12.054618,-15.091525,-17.107586,-15.919553,-15.140572,-14.401381,-12.491974,-6.8913717,-8.409468,-7.232195,-7.096343,-6.9397755,-5.9514675,-6.061282,-8.130084,-8.448217,-6.9846416,-5.556277,-5.949809,-5.672729,-5.4752283,-9.570873,-8.58816,-5.5794816,-8.940794,-10.032381,-8.655863,-7.9878473,-6.841196,-8.419089,-14.48327,-18.940504,-17.053032,-14.336834,-14.287502,-16.381672,-21.044357,-17.180128,-13.71884,-16.453972,-13.739993,-10.313498,-4.9843593,-7.118532,-7.487078,-9.363634,-11.380785,-14.3341675,-13.048294,-8.999498,-5.787197,-11.157025,-13.456104,-11.621672,-9.627037,-9.814941,-11.801758,-7.969162,-5.378043,-3.2458515,-11.181898,-8.5063095,-4.6831183,-2.8515067,-3.8667197,-4.5047083,-12.585975,-12.334998,-8.302337,-12.005436,-12.616394,-11.935824,-5.9364824,-13.003711,-18.437706,-19.30685,-15.9487095,-9.622967,-13.041682,-14.534851,-12.896158,-11.888041,-15.307335,-15.887003,-16.271671,-14.770633,-11.097147,-8.092104,-9.133596,-14.700986,-13.911285,-14.037231,-17.347445,-13.090284,-8.94908,-9.292102,-8.686785,-3.9426663,-9.5250225,-15.7137165,-20.14709,-22.807623,-17.218018,-11.90463,-10.350172,-14.787814,-13.130024,-16.486698,-14.618709,-14.337379,-11.642896,-8.345815,-15.025959,-20.298763,-16.031675,-20.766724,-23.668884,-17.830173,-15.469499,-14.677626,-14.08418,-11.782959,-8.063419,-13.590717,-16.698555,-10.384502,-12.416033,-11.746115,-10.295354,-8.720248,-3.8242784,-11.264438,-12.309932,-12.662141,-12.962609,-14.909239,-14.606351,-17.759235,-15.226601,-13.963858,-15.843475,-16.230503,-18.375296,-17.312645,-10.638788,-10.78998,-14.769165,-14.072742,-15.559604,-20.282063,-19.902164,-21.227217,-19.079117,-20.409138,-21.976318,-16.846178,-13.540531,-11.476202,-12.622225,-10.420941,-12.330553,-16.782063,-15.840336,-22.049778,-24.78694,-23.697206,-20.485933,-20.133572,-14.657862,-13.934166,-17.848478,-15.721142,-14.196442,-13.907774,-10.634924,-18.47609,-21.421516,-13.063013,-15.745042,-18.087563,-14.090423,-14.632816,-13.148791,-13.132366,-15.110586,-13.834173,-9.649672,-10.870567,-11.30747,-12.563093,-12.679973,-14.506254,-11.57855,-7.472047,-7.3928833,-8.7734165,-8.379184,-3.0249445,-3.2428017,-9.679285,-13.744047,-11.382696,-8.680389,-5.0763354,-7.419591,-9.388369,-8.707815,-9.9228325,-7.4339294,-5.5572414,-7.491621,-6.0331974,-7.074305,-8.460829,-6.4189653,-10.660585,-12.858349,-12.932528,-13.660698,-14.857044,-12.82234,-14.957655,-19.392967,-8.341961,-1.8692137,-7.8009224,-10.216328,-1.4948156,-3.7687984,-6.276822,-6.324757,-9.804159,-12.19365,-10.498327,-7.604786,-5.219003,-8.99199,-13.503536,-19.372734,-23.105722,-21.904129,-16.789608,-11.162743,-13.465507,-15.915844,-13.858304,-13.132655,-14.934445,-13.697315,-10.748678,-9.668161,-12.088341,-10.030991,-11.580639,-11.486723,-8.924101,-8.3866625,-4.5433598,-2.5900207,0.5332043,-0.98581654,-3.392845,-8.705165,-6.1184683,-10.671339,-14.516029,-8.613655,-10.866137,-14.106179,-13.952635,-8.063115,-5.5847125,-7.737369,-11.640526,-7.7064233,-15.188327,-19.735115,-12.26165,-7.378605,-8.243872,-5.670758,-0.5469315,-1.513587,-6.5139585,-10.8843975,-12.1106205,-13.683413,-10.689967,-6.123358,-5.463665,-9.771721,-12.063575,-11.64962,-12.047303,-11.226903,-8.7309475,-12.51684,-12.501121,-10.835925,-9.482809,-16.781837,-21.8153,-28.194624,-21.306688,-15.677984,-14.612722,-14.549986,-16.308098,-15.680881,-14.993376,-15.314421,-16.642363,-24.256054,-24.066837,-19.671902,-16.412663,-12.904391,-11.754517,-13.618559,-14.337416,-18.484125,-18.528522,-19.017332,-19.48856,-20.461014,-21.967712,-19.266514,-19.954676,-18.208607,-13.930649,-15.367384,-19.342241,-18.432861,-20.066654,-23.355682,-19.661356,-16.131489,-16.16639,-18.265654,-12.803384,-13.487629,-18.845127,-18.860914,-17.71011,-18.245045,-17.4108,-22.906967,-20.95264,-14.954148,-8.849422,-12.948829,-14.945795,-14.415342,-16.053392,-17.715324,-13.584481,-9.237403,-7.6416454,-7.5264845,-5.1809998,-4.1094885,-6.710606,-11.194723,-6.487733,-2.3586705,-4.9912496,-7.3942204,-4.9105215,-2.6195786,-0.011923671,-1.6992104,1.7903535,6.648339,14.133138,16.08299,16.406376,21.534672,22.614977,18.485786,6.290397,-1.64455,-3.9814188,1.3964193,-1.2142452,3.1257637,16.260592,17.809776,9.889976,10.198207,23.630333,34.359676,34.249744,30.53225,27.968521,26.662659,26.275896,23.884708,18.432686,16.359215,23.203575,25.952705,17.241488,3.8577602,3.2758088,10.773266,9.518244,3.1989043,0.041054964,3.98459,2.1942143,-0.12971121,2.3177927,4.310464,4.570987,-2.0983772,-6.0054884,-8.821341,-1.4293087,1.8530171,-3.2609324,-3.5289037,0.11924735,-1.9706199,2.8573656,3.404942,1.7368996,3.1026115,-0.14663458,1.3386972,0.2581929,-0.13365054,1.9069195,-1.1152534,1.854456,3.181602,4.085351,5.968673,1.6818848,2.074672,0.46821126,-3.2547452,-0.21194172,-1.8105189,-2.7151031,1.839664,-0.4742837,-3.7101512,-6.1224046,-6.1999354,-2.2179186,-0.46745527,-0.50698566,-0.7043052,-1.3430283,-0.56151766,-6.464754,-6.5484867,-4.9416375,-4.0973215,-1.8087307,-0.20669746,-1.6552972,-3.4334667,-7.562971,-7.2821712,-6.566255,-6.0848656,-2.2723207,-2.4552054,-4.109846,-2.1790063,-1.3199164,-4.334008,-1.6706915,9.697546,15.228623,18.049877,13.819133,10.421488,1.5786731,2.5663533,4.1454735,0.6371671,-8.672571,-13.038969,-7.9881916,0.14363074,2.8485284,-3.6336412,0.69546366,5.028233,4.140503,5.1515274,9.301639,10.098899,14.717672,17.964283,28.854893,36.454933,36.28208,31.569767,34.34818,38.842133,29.030294,24.739227,24.64569,21.890198,18.98122,14.345511,10.363556,7.7543263,6.5481596,5.4969587,4.8513746,3.6220946,11.524351,10.906036,7.7288246,4.5596046,2.2521539,-2.0074134,-8.051433,-6.417796,-0.16705751,5.8278008,4.236587,1.683679,5.4317217,6.5096116,4.466935,4.481951,-0.14917234,-3.6952977,-5.220055,-5.6603174,-2.4455507,-2.7021785,-6.139249,-7.6474075,-8.755471,-9.8765545,-8.458845,-7.511764,-3.1749744,-2.6987653,-6.9440374,-10.935349,-7.916014,-11.428371,-12.674797,-12.851825,-10.660576,-13.15142,-13.526079,-9.518397,-8.878066,-9.091986,-8.566459,-9.377562,-4.6301837,-6.6873546,-6.2658563,-6.1689453,-6.3697176,-7.2159867,-11.634957,-9.310998,-9.324106,-12.898071,-15.764048,-10.226893,-8.721388,-7.370105,-12.952415,-14.479219,-12.86702,-11.235323,-12.753086,-10.247465,-4.1977043,-1.4583741,-7.7137823,-6.9175453,-6.033693,-3.7696397,-4.269305,-10.470217,-10.207584,-5.218211,-1.2353384,-0.9089579,-4.467622,-0.57982653,2.8204162,0.58331704,-0.96936077,1.5440626,-1.3614529,-3.7341983,-1.3243876,-3.4426332,-8.294797,-7.6494927,4.351252,2.7046018,-0.53026056,0.95187885,6.083771,5.843351,7.769695,5.4294295,5.3799744,4.3374534,7.2700405,14.71111,14.153204,9.36986,9.646508,9.01234,10.476996,13.573338,13.970363,14.564579,14.691008,17.080275,10.769819,-3.2101593,-11.205109,-2.9618118,3.145654,7.9324026,11.244067,9.136181,10.294498,10.117454,10.140909,10.54163,15.48119,10.428411,7.333947,8.879444,11.047871,13.255934,13.458794,12.347113,13.620911,16.487679,17.731968,14.423988,21.310202,18.443058,8.018118,6.1039877,0.17714024,-1.4641259,4.4166784,16.77737,16.345707,14.129728,18.562748,18.476425,17.022411,16.628029,13.816019,15.977126,12.16165,10.373447,12.693643,12.253009,14.259811,12.981134,9.666001,13.145794,20.329922,20.606924,17.931507,14.136221,12.936466,5.3847675,7.634327,13.091443,13.198513,13.152665,11.404713,10.635813,10.724091,10.839047,9.599733,9.586792,8.377165,8.486909,5.913539,5.1856985,11.450157,9.861337,0.36825204,0.9900546,6.5749936,2.163335,0.96697795,7.6271696,5.6545653,3.1595194,4.7351265,6.0992618,4.261747,8.223419,10.188078,9.818821,9.922144,12.528262,11.649883,10.22244,10.066837,12.429042,14.294598,12.650572,9.500551,12.786664,7.4670095,11.469547,13.219484,11.825271,14.189306,5.1105385,5.5048256,9.561003,3.8225796,2.2153306,-4.651931,-1.2418156,3.8474252,5.746125,14.548354,15.778608,17.16592,14.967341,11.533836,17.976105,15.138381,12.184038,10.146074,9.283857,3.0909245,1.2373948,2.3828654,1.264283,-6.0281267,-3.0309906,-1.4466124,-4.7036953,-1.7675364,-6.4594107,-8.797615,-2.5341876,3.9216425,2.540612,2.253314,-0.050463736,-1.5241687,-2.014529,-5.309641,-6.7584496,-11.688908,-11.73222,-11.413677,-6.2836027,-7.5117464,-10.390849,-10.337839,-8.921568,-9.964756,-13.388977,-15.59313,-9.002745,-7.5702047,4.5366945,8.662034,5.1511283,3.8036761,14.044879,13.501775,13.222712,14.364002,15.529627,14.4989395,11.281431,13.0108,16.770779,22.23465,24.519272,25.074411,19.068272,16.108118,17.488274,20.83041,17.7071,18.711533,18.327484,17.469368,12.183203,11.08886,9.458425,10.322775,13.387481,16.354889,22.039272,20.175838,15.32552,20.420525,18.855366,19.070478,26.33897,23.77139,22.323492,19.047565,13.101213,10.360882,8.443027,4.451821,2.8496416,5.4101877,14.710834,14.130928,9.865334,15.341765,14.732078,6.5467834,-5.3478537,-12.481879,-6.7971926,-0.25128207,-7.7462044,-12.318029,-15.174922,-11.087682,-13.970716,-15.068026,-20.435127,-27.838566,-26.458458,-26.250278,-26.432411,-21.55532,-19.059736,-12.90667,-2.9225132,1.0778269,-1.9054203,-7.138468,-5.6168575,-7.535493,-8.764037,-5.180227,0.28173164,-3.1320536,-11.34894,-16.515175,-12.914015,-13.380218,-20.365612,-27.2449,-23.784262,-22.062462,-19.58087,-16.019918,-11.196215,-2.957396,-4.573307,-0.5545844,-0.018416882,-3.055859,-5.0783625,-8.100989,-7.9942102,-12.944729,-12.674326,-7.512726,-6.847125,-3.3007374,-0.008097902,1.8020016,-8.251252,-18.30668,-17.942223,-14.488537,-13.812801,-13.2901535,-5.157072,-6.054846,-2.136777,3.9203718,6.6478887,6.2168336,9.141163,11.615902,15.941801,18.475334,18.284798,16.309174,15.702281,6.758766,-3.8745701,-9.796776,-11.399151,-8.219057,-0.81200075,12.88389,20.368362,20.488174,23.878061,27.14746,26.487988,26.300236,25.693138,24.086105,18.989933,15.54505,14.189399,11.016291,5.860473,10.134492,12.152012,15.078273,20.21009,17.02877,12.129944,7.8465075,4.0280876,0.43642586,10.129134,18.613487,15.316784,9.19482,3.4961066,4.3315606,5.504966,5.331938,3.7766027,3.660061,3.1151712,10.501363,10.944887,8.187588,8.277569,6.880487,-0.31104118,-0.9760445,4.5011687,10.537483,9.029226,7.8278017,-0.60044956,-0.25196326,7.2073445,7.977594,2.7120183,3.5762563,-2.0414624,-2.3253949,-4.4670496,-3.5336564,-1.4963825,-7.2276,2.182357,-0.4355415,-10.13368,-9.779994,-7.256642,-11.7295685,-11.137907,-4.462528,-6.2867785,-12.140671,-9.369299,-11.24527,-13.104709,-10.410114,-10.693516,-7.6749988,-0.0768093,8.2108755,11.657243,17.286123,16.439596,13.305669,15.978509,13.852253,11.6886215,10.844805,3.1213646,0.36663085,-5.1617126,-5.153452,-9.046152,-7.977276,-6.1757708,-6.688583,-2.4365833,-1.5277452,-2.508636,1.6191151,2.0530272,0.37840515,1.7810588,4.17593,11.131143,11.690218,10.194071,8.568546,9.593706,12.537334,17.952103,19.646,14.363262,11.331221,17.269249,25.112392,21.865786,17.982468,17.249775,16.520845,15.30216,14.3000555,18.052963,19.136917,13.419069,2.790022,-1.9707434,-2.343955,0.7872038,6.2701526,7.046851,9.165178,8.9570675,6.639762,2.733257,6.797921,9.475382,6.051117,1.3605614,-2.4290519,-5.784305,-6.3739934,-8.830845,-4.746851,-3.8455443,-5.4418144,-4.8943925,-3.1558506,-0.9038899,-1.0815023,-6.007254,-6.16178,-2.2490044,-2.3874452,-2.8770423,-6.1882668,-14.1544895,-10.056221,-8.920481,-10.349731,-11.088255,-9.454048,-6.919957,-8.404128,-3.5826688,-0.9078514,-2.4786975,-4.156972,-5.3999777,-3.1458268,-5.2538404,-7.8144765,-8.233191,-7.8523397,-8.736284,-14.7425,-13.951497,-10.943834,-9.504149,-12.712328,-8.545105,-5.7201185,-9.505644,-6.709624,-8.720829,-9.091803,-9.601376,-7.6243043,-7.6100607,-7.152053,-7.482629,-6.4088,-8.346566,-7.9293013,-8.427183,-13.065292,-9.504808,-6.3744144,-7.141214,-4.465715,-5.001094,-3.5578074,-5.515644,-12.71874,-11.406135,-6.99378,-7.038996,-6.5222044,-3.4224424,-3.442102,-6.3275046,-3.5807064,-3.3611052,-4.8934875,-2.3547912,-2.4565055,-5.625648,-4.4865875,-5.246891,-4.5483913,-6.7980003,-8.220504,-8.965779,-10.846436,-12.340654,-13.69522,-10.95673,-12.928427,-13.426925,-10.773733,-9.007376,-10.290392,-11.668882,-9.086821,-6.535759,-9.665638,-9.488052,-1.0227505,-4.0077286,-6.7117634,-0.35693967,-3.8299522,-5.004339,-10.40034,-14.4898205,-9.3096285,-5.787925,-5.921385,-6.9072785,-11.386013,-5.369379,0.7383705,-3.0283873,-5.868326,-0.27730697,2.4541411,2.0863266,-1.6964357,-3.907985,-6.6146393,-5.1176605,-2.2762413,-3.9007945,-8.690095,-3.9687603,-1.1121805,-9.229107,-11.982447,-6.764797,-7.238495,-5.6581907,-0.4347145,-0.9104005,-0.61695313,-0.77066886,-4.183779,-5.6646843,0.31202734,0.31659174,-4.8611608,-4.360498,-0.8315947,-4.8536887,-5.021498,-5.588373,-5.2714224,-5.678661,-9.87839,-8.719488,-1.2944758,-2.319666,-4.3660393,-1.8578751,1.943263,11.176015,9.696377,10.979736,8.385334,-0.21039036,0.38592643,1.5706841,-0.36385602,-5.9294834,5.51717,11.599979,11.170826,14.548002,12.763527,16.827305,23.321468,20.616564,16.610828,19.405575,19.455696,14.545132,13.872343,14.388687,13.961317,9.236064,4.7510595,-0.5476021,-0.90849966,0.99363685,-4.4867935,-6.111312,-1.6115756,0.72305113,6.9833746,16.128183,13.3384075,14.340187,20.039005,20.075619,17.231047,17.338375,18.14289,15.487585,14.389598,13.607094,10.107431,6.4094253,4.334018,6.2223034,7.4632215,2.4555736,2.0268323,7.134062,7.162801,4.855665,2.7827144,7.406142,5.673876,1.3073748,1.3963192,1.3570771,0.41142368,1.904857,3.788867,0.5185033,-7.4650965,-8.340628,-10.533144,-15.58676,-14.699362,-10.765398,-9.726204,-7.71482,-11.50149,-14.534918,-14.730161,-15.417894,-12.742668,-8.08691,-3.8529177,-6.0688286,-5.846094,-4.242298,-4.3773417,-3.8473148,0.12870124,4.3422155,0.20220137,1.4084036,9.545332,11.90811,18.199228,16.131325,4.8538895,-4.888186,-6.229144,-7.564722,-8.765344,-6.896559,-8.304792,-6.347665,-3.126955,-9.102659,-6.9186506,-5.9537926,-8.993338,-2.4538422,-0.90888226,-2.1230147,7.476808,12.994759,17.87083,29.456736,32.985626,31.982498,32.114864,32.3129,26.444672,16.759308,12.863923,7.99006,3.3443112,-4.925605,-6.0405846,-3.8013458,-3.389306,1.555384,0.47498494,-4.2896495,-1.3325152,0.34186035,-0.2703243,1.1124533,4.58833,7.777166,13.17819,17.450039,19.005785,22.759787,21.002026,20.229225,22.387218,18.071953,17.094917,16.38126,12.054533,10.81408,8.69516,5.525661,4.2795644,3.4519546,2.753238,1.7080833,0.4576844,2.6870732,-0.4215057,2.5998864,2.503037,1.6009538,-0.7241421,-1.3743482,-2.0433984,-3.9746046,-5.530235,-5.028942,-4.0481167,-3.7913604,1.3578098,0.9683252,-6.453786,-8.925144,-8.459598,-9.843254,-8.203592,-6.5519905,-7.6217675,-5.0451126,-9.39826,-7.7320147,-9.235118,-11.829268,-7.8415475,-8.329927,-8.98859,-8.623884,-9.7656975,-8.225623,-8.376389,-13.991514,-12.034161,-9.977367,-11.866737,-12.106552,-10.751049,-3.124706,0.59496576,-2.1180868,-8.371304,-7.2041545,-8.285636,-8.348234,-8.622255,-8.09403,-1.2929211,2.6132703,1.0291727,-5.239748,-6.135356,-4.801631,1.8597927,7.141056,11.432741,9.546546,9.100222,12.14722,15.391127,12.511318,11.1904545,12.714027,11.358524,3.2261949,7.0386496,13.079411,16.89566,17.583046,19.329285,24.46875,24.950565,13.093753,-1.2751069,-7.1178055,-2.1966672,3.0880442,2.295661,10.859251,10.276251,4.012021,10.397554,11.501911,14.48704,16.251228,13.648483,15.290764,24.249838,23.491423,19.7224,22.964176,22.41634,16.907223,20.586304,20.354671,16.878803,19.47787,17.909683,8.726841,6.9013624,7.934532,9.508629,9.597309,11.267637,12.0197735,12.844084,12.282541,10.467501,9.552862,12.304556,11.194145,0.5875826,-10.288589,-14.44905,-11.435537,-9.989124,-6.2257957,-0.8641559,0.8148794,5.8285418,1.8433805,-3.039198,0.7181887,4.1751347,10.272623,16.823557,19.9628,24.84914,23.553276,22.437115,17.667387,10.059357,5.000241,4.866629,8.153716,7.085025,-0.15367967,2.2676702,6.8945217,11.970585,10.605732,9.4479265,9.713161,14.893715,14.336277,12.4922285,13.296026,6.8757467,6.1270237,9.884308,9.395473,7.5527587,7.456617,9.673262,9.030617,10.0377445,9.291459,9.459635,6.3444605,9.010002,9.843721,9.8681755,11.881105,9.616912,6.4289293,7.566146,9.226911,5.9052353,2.2651272,3.8867424,12.132838,13.292978,13.187283,10.226162,6.4278574,7.5621743,10.351688,15.465056,14.572046,14.319073,18.33561,16.267841,14.50892,10.437506,9.6517515,13.030009,10.881578,3.459358,3.18297,2.834178,1.616385,-2.6160812,-2.9774218,-2.00438,-3.4521132,-2.3441215,-0.58650213,-2.192032,-0.5170306,3.3986235,4.37661,6.494934,6.5933332,0.8564065,2.6491597,0.9857087,-1.0929067,-2.5195506,-5.133226,-2.5312376,-1.8166344,-5.4593816,1.9170811,1.6953099,-5.4698234,-5.476845,-3.4444184,-3.6017299,-2.3878293,0.32069775,6.1564302,12.119418,7.753314,6.9304504,12.041275,11.466479,14.31362,12.817935,11.644453,12.398783,9.320744,15.363198,15.634636,17.844452,20.77973,20.536768,19.217953,15.699192,13.164068,11.529095,11.276025,13.409263,12.301238,4.986801,0.6981833,-1.5953641,3.059722,19.871006,18.120123,9.197563,1.806785,-0.023833275,4.5540934,6.6438313,2.1727548,2.8406847,14.197422,15.276382,12.926151,11.416282,15.98518,14.792184,5.344489,-2.9608502,-9.949663,-12.445633,-3.6798706,-1.8160585,-2.83114,-6.062602,-2.6818166,-3.967955,-6.0902123,-6.1247387,-8.995337,-6.311948,-6.016444,-7.567257,-10.230265,-12.373478,-17.53949,-21.676086,-20.647705,-23.819813,-29.564898,-27.091042,-25.217623,-22.55418,-17.596783,-7.089615,-2.518831,-10.654701,-8.100948,-10.468149,-15.206549,-13.716795,-11.908723,-2.7845716,-1.623709,-4.852499,-8.793026,-15.557852,-11.73728,-15.92177,-20.302223,-17.956799,-12.155867,-4.518833,-11.061649,-16.797588,-17.561096,-16.12689,-10.101233,-1.4417088,-1.7000818,-3.56417,-1.6116642,-5.955016,-11.84836,-13.277177,-15.268887,-17.953629,-16.937548,-10.8908825,-11.347209,-13.495182,-13.512181,-14.961296,-17.912424,-13.8654785,-11.669674,-11.843788,-11.710812,-6.5903673,-5.008403,-1.692986,5.927696,9.421548,2.8845332,6.4056463,10.585213,8.502909,13.779245,12.896329,12.100605,4.763367,4.7456026,0.89082605,-2.5692673,-5.549679,0.10378486,8.316492,16.494297,19.108067,19.117355,20.802528,22.721558,21.380718,17.266273,14.602779,13.445648,15.176295,19.1061,16.84491,16.455803,16.712978,14.50595,18.013386,23.56931,22.640461,13.803773,3.6437013,2.4605403,4.634046,11.195354,14.653454,14.0333805,7.309849,2.3605843,4.771093,4.9284706,3.109572,-1.4167459,-2.7146518,1.7387207,4.006767,7.790783,8.164844,4.732441,2.3696215,4.4074354,4.163162,11.492339,13.857744,10.888949,5.6232696,1.5795479,4.2585335,0.6046213,-4.532132,1.8893062,5.0490074,0.48806274,-3.9001017,-5.7493486,-4.610692,-4.7045054,-6.139204,-9.294585,-13.871977,-11.062822,-13.629273,-10.839104,-8.716773,-6.373661,-7.1693196,-8.631856,-10.201756,-11.628967,-7.8275185,-7.722972,-14.30754,-15.449422,-7.046871,-4.7237897,-1.4738702,0.21834272,-1.558422,-2.798627,1.1021163,-2.3288717,2.796344,4.4619226,2.471624,-4.9440384,-5.083053,-5.1621623,-4.4668484,-0.9646349,-2.7198615,-6.903913,-6.191909,-6.631366,-5.565098,-2.0978372,-5.751116,-7.787744,2.7066827,6.067052,12.905275,10.71657,4.457652,4.46226,12.486685,17.721407,15.15164,14.308031,15.307832,16.183405,14.7436495,16.423725,14.90293,11.751893,6.441189,7.220871,9.241158,2.3916912,2.7720118,1.0275569,-1.3854579,-1.0699425,-3.60616,-2.928998,-1.0176929,1.3802974,-3.716082,-1.3782637,-3.2847927,-4.918446,-2.6175313,-5.926628,-8.216261,-5.400112,-5.5561433,-4.1501093,-9.898789,-4.2407227,-2.6637962,-4.0311446,1.7271868,0.30761394,-1.9505807,-6.4886465,-5.3303375,-1.4402019,-4.117457,-2.8868961,-2.603684,-3.5741978,-5.7183437,-6.016344,-4.7746906,-3.542114,-4.603218,-3.3900802,-6.9145794,-8.190515,-5.6334877,-7.6423206,-1.139171,0.92685854,-2.4141028,-9.237819,-12.491638,-12.115377,-7.8576927,-6.7057714,-9.878189,-10.131315,-9.158876,-8.575083,-9.423696,-8.4853945,-6.505908,-10.2115,-13.614056,-11.710727,-9.453894,-8.508659,-9.378973,-6.3230877,-8.163947,-7.413042,-5.530787,-5.2796316,-6.3008604,-9.723713,-12.856771,-6.1416,-6.069493,-3.2071311,-4.4886246,-9.636382,-6.3447304,-9.065376,-10.943773,-2.9037724,-2.6059558,-3.1851857,-5.550125,-4.1555624,0.8065985,-0.9010719,2.0424085,-1.3618964,-3.4608896,-4.023304,-4.7789884,-2.8808434,-2.8267035,-4.9354877,-1.9695218,-5.661528,-6.522104,-3.6274388,-1.5149443,-3.3103285,4.5714474,2.6131914,-5.0270414,-4.4258947,-2.4805532,1.7289728,-2.4430609,-0.68884856,-1.3833389,-2.6763253,0.25043464,-1.2083207,-0.51504195,1.0732158,1.8045509,3.9959617,5.2068257,5.6767683,1.9074104,-3.3063207,-2.017827,-5.3541894,-4.309456,-8.258792,-12.721306,-17.330858,-12.600483,-5.853697,-1.1850673,-0.14702833,-4.407859,-3.520932,-6.732091,-5.505969,-6.450754,-10.397332,-8.190998,-5.276474,-6.0773754,-6.381523,-5.167147,-2.8620663,-3.1502156,-7.3120832,-13.2210865,-14.497777,-15.874083,-16.59452,-11.244478,-7.462781,-8.929921,-11.344222,-14.240445,-12.520115,-10.476463,-10.391531,-10.682521,-6.2287126,-2.250006,-1.9245969,-5.940819,-2.2560263,-2.1150033,-4.026313,-4.1438484,-1.3912703,-7.5396976,-5.3218937,-7.1296334,-4.002558,-5.0861983,-10.290711,-9.465081,-1.0718098,-4.2854376,-2.2830625,-2.4116435,-5.97225,-2.4045887,-6.444994,-3.1834562,-4.889192,-4.730601,-0.28578424,-2.9003034,-0.7680086,-3.934513,-5.487051,-8.033395,-7.914779,-2.8386996,2.2479935,2.384872,-4.458945,-6.1679907,-2.0849814,-5.321946,2.2360125,3.357655,3.8255312,-1.4784284,-7.894913,-6.873436,-6.3148856,-0.86042297,-2.91221,-4.5761685,-1.3909206,-4.9342833,-11.654212,-10.109876,-13.155809,-18.654501,-18.185616,-19.432148,-24.319172,-21.920013,-14.377263,-14.091232,-21.073467,-22.05429,-19.532854,-21.197636,-17.052683,-11.683081,-12.740669,-13.049433,-12.311788,-17.47084,-17.123219,-28.563019,-29.132956,-26.616497,-27.28009,-33.93172,-35.24009,-31.957756,-30.675266,-26.480991,-26.872366,-21.99096,-14.174412,-4.606424,3.317218,1.6469871,-1.7917726,-3.2123506,-9.5207615,-21.583317,-25.488098,-23.571161,-20.890987,-18.6618,-19.96614,-16.960188,-20.835552,-20.96456,-20.69831,-19.853098,-23.010149,-23.290966,-17.74852,-13.681694,-13.815313,-25.875431,-26.402615,-21.878265,-20.472672,-20.381943,-18.059422,-18.756035,-16.719055,-18.050867,-18.717587,-19.838123,-16.570248,-13.475364,-16.370949,-19.874977,-20.748528,-17.365948,-16.536213,-22.200134,-21.14043,-23.15991,-28.429228,-23.067352,-20.604729,-30.338123,-31.545614,-21.094877,-6.9764357,-1.189868,-4.152191,-2.7170959,-1.6584096,-3.6616054,1.1014016,-7.068457,-18.609192,-22.060959,-21.251064,-17.4366,-16.932709,-21.190233,-23.846153,-27.509933,-26.44046,-26.924915,-24.552074,-17.67598,-18.167246,-19.398613,-19.254065,-21.344025,-24.27931,-20.608013,-23.357618,-21.329248,-18.848232,-14.451496,-7.7896357,-3.8541257,-5.772152,-10.954345,-13.885822,-19.676048,-23.042282,-24.486277,-28.20103,-27.227535,-26.062641,-25.779196,-28.284199,-18.334112,-14.933561,-19.241543,-23.271542,-25.47822,-23.802202,-21.829779,-16.143473,-16.60695,-17.536295,-24.101131,-30.203058,-28.478016,-25.197235,-22.669922,-16.11702,-12.214281,-10.498379,-3.7067885,-8.630159,-8.965742,1.1537483,4.3812313,-0.4314843,-1.5349344,5.4689894,3.1355805,-2.1461587,-5.012271,-4.9615774,-5.763335,-8.471553,-6.512248,-0.47807503,-0.815454,-3.61735,-3.2465215,-5.912009,-4.943869,-9.371041,-7.0719724,-7.109148,-0.8773805,2.9894924,-1.5476013,-8.084978,-8.468787,-10.662655,-9.715016,-1.596803,-6.6703687,-14.059634,-13.266899,-5.1413608,-2.1185477,-0.7916558,2.0717998,3.5054517,6.5307317,1.6810321,-7.765319,-12.028587,-11.245971,-3.9676027,9.791379,12.436657,12.127203,11.032507,11.622814,11.126878,9.77798,8.714996,8.081703,13.002075,21.057957,19.470673,11.627363,16.286781,17.564812,16.137276,10.707214,13.405037,13.765698,13.939621,9.107942,4.861659,7.0245514,0.91108084,2.5517063,8.5563345,9.923041,9.075208,6.5803246,3.2375808,2.861858,-6.7719364,-4.236641,-2.9377928,-5.6557684,1.8716547,6.8416576,-0.12795639,-10.298407,-15.642698,-11.857335,1.004421,10.040358,6.8619747,8.575459,8.605917,-3.4096541,-14.731673,-14.338009,-5.4337206,1.6783586,9.548969,3.2899857,-0.9151921,-1.4933679,0.1550088,1.0707695,4.529189,-0.1668148,-9.359054,-12.042749,-4.006117,3.5057857,1.8768802,1.7577658,6.633302,6.879949,13.071821,18.589668,15.756697,12.922367,12.1569605,14.080763,19.430382,24.915262,17.522202,7.45222,5.447772,3.8299003,4.2649107,12.393641,7.6434593,-2.1159558,-10.566581,-13.256441,-13.06374,-6.917634,-4.2120843,-2.995059,-1.8236328,-7.3334727,-4.2307405,0.0058693886,-1.6103255,0.22044683,-7.9278326,-8.838324,-6.3031726,1.4882431,9.962395,12.391011,10.244327,12.118204,10.181724,1.9777238,1.4453375,13.083815,18.358536,15.973435,15.896376,10.949361,7.690134,11.099622,10.475224,6.8765526,2.859406,8.295782,15.544205,19.215895,15.582018,6.6555405,8.598335,6.8923373,1.9495734,-0.55593807,9.390083,15.944159,18.460632,20.258327,23.77684,17.911446,15.393455,14.190661,15.495885,9.950153,-0.6112102,-2.5058706,-5.5865383,-0.20930505,9.464619,11.456089,5.828768,5.567361,11.847408,6.826444,3.6064012,3.862649,9.147906,8.904891,10.348092,9.001513,7.2488194,4.83436,6.541416,5.0726995,5.0066676,7.0769005,2.7341375,2.87415,-0.6875349,-3.7140388,2.8934202,-0.42048454,3.2279582,1.7611221,6.387122,9.329475,6.491041,1.6599321,-0.47491717,-2.7275736,-2.4163167,3.996075,1.7856594,-0.08197892,1.2415179,-0.26163316,0.46978223,6.675001,9.866617,6.1784453,-0.48895472,-3.2845397,-4.2013564,-8.060283,-4.928562,0.1809803,0.19653648,-0.2023642,5.172353,1.5835818,-10.390705,-7.0007305,-5.7508345,-6.4533315,-9.088188,-6.105101,-1.4194542,8.121218,18.052773,18.951841,18.728642,16.09945,20.676146,22.869884,20.371605,22.841629,14.253787,11.001841,10.246329,11.534107,12.983265,9.693606,6.4867144,7.1777463,4.797226,6.581573,7.8541365,10.957306,10.5636015,12.589733,11.055218,12.567582,13.4699745,2.852858,-2.9804492,2.8681858,10.723195,6.6611776,11.89847,12.192114,8.415492,-4.9830103,-17.144676,-17.3238,-7.6458035,7.9276137,11.709003,5.214735,-5.0068116,-13.01213,-19.401497,-19.106884,-6.0006433,4.787709,8.894449,10.791237,6.6295233,10.530252,16.679401,16.06768,13.517852,11.529121,6.6564083,2.542934,-0.7080177,4.1564717,7.0368357,5.279907,7.593498,15.016805,22.924683,15.065406,13.526981,21.607483,21.772038,17.832169,12.281933,13.379585,15.325558,14.061455,10.644946,1.3485076,0.45810843,1.7389488,-0.17422879,4.5995183,8.542389,7.672985,5.284846,-3.3009176,-16.553034,-21.337385,-17.332672,-4.72076,-2.9381237,-7.0204296,-6.9012156,-6.6362696,-0.39812812,-7.384946,-16.976908,-8.8865,3.5406837,8.112698,14.967274,19.985815,25.44144,19.947102,15.888383,15.626511,15.399493,12.423717,16.029827,9.557937,7.218424,8.035401,4.8339114,7.838834,8.989189,10.989508,12.112581,10.341281,11.385373,14.201687,21.714586,23.620396,20.919943,17.237537,17.308565,12.423719,7.23526,8.329457,17.873678,21.511293,21.040112,23.312687,23.339008,19.742443,9.159102,6.233285,9.6756735,12.310964,10.320072,9.476583,7.7698865,2.2661676,-11.873116,-18.625156,-12.181252,-5.3813415,-1.4603014,-2.8483717,1.416017,-1.0845445,1.4575912,0.20407149,2.0127714,2.3021722,2.32132,5.3564425,4.5352283,1.26018,2.66483,-3.8449903,-6.421342,-5.1883326,-6.06351,-6.0386114,0.28205323,-2.5287364,-2.4201288,1.5513618,-2.3921452,-6.7711277,-2.9590979,-0.54527783,0.20608425,4.7484426,2.8090012,1.8762846,0.74734163,3.2611504,3.7958157,4.4632635,3.885144,0.8884145,0.06206745,1.3134184,6.2512827,3.9453359,7.8206134,10.610308,4.1863127,-7.632636,-8.945231,-7.9268837,-10.392458,-9.243569,-10.0995865,-8.039883,-8.805569,-9.820131,-13.739191,-15.677128,-13.53113,-12.055101,-8.531448,-9.9680195,-7.2708054,-1.9959626,-0.46910578,-12.582961,-14.953547,-14.749213,-14.725174,-14.49226,-15.510293,-16.007675,-20.683767,-13.290587,-5.137208,-1.9902651,1.345469,-3.0399268,-4.010361,-4.1507025,-7.3382316,-9.708777,-13.320741,-12.281654,-11.279333,-12.450501,-4.6548285,-2.8359108,-14.899515,-21.789532,-24.860704,-21.465137,-9.842958,-3.422555,-2.4820647,-5.8026075,-4.508788,-4.354892,-12.672114,-18.855556,-20.196156,-22.775951,-18.175688,-13.442564,-6.441918,-7.325129,-8.706946,-10.426428,-15.103395,-15.417682,-12.667816,-6.9886265,-10.400454,-11.307077,-13.743935,-13.098388,-13.787115,-14.540947,-18.370409,-17.558048,-15.964081,-18.326225,-14.55582,-8.28436,-11.520779,-12.212673,-8.2283945,-1.0698344,-6.5881214,-5.1773705,-5.337245,-7.5176916,-10.1279955,-19.589346,-20.258615,-5.8957453,2.000495,5.4882975,2.3727214,1.2647555,6.013897,-2.7080908,-5.066886,-1.3869445,-3.2121458,-4.6949086,-7.158389,-2.91836,-5.3302736,-9.244148,-8.0442915,-2.2249315,-1.5937909,-3.2447057,1.9614744,5.820141,2.2767396,0.63781774,0.45202962,-3.7413917,0.47801352,1.0513855,1.0196497,-1.2675084,-1.2230663,-5.667315,-2.3365824,-5.3738995,-7.429095,-5.0340667,1.8042572,2.4100678,0.6282144,6.006196,10.908253,7.6891756,4.3651114,4.597311,-1.006378,-5.1205587,5.277467,6.4922333,4.137803,2.5933251,-0.8857877,-3.2850366,-5.24074,-0.57484215,-2.858223,-6.5391912,-8.202902,-3.1918445,0.26109362,-2.8524516,-0.6068499,1.4654304,4.2769537,0.96037155,-4.684067,-0.45863247,-4.206915,-4.2170444,-3.2543871,-2.7397513,-2.708405,-2.5977836,-0.8536197,1.2100239,-3.069689,-5.6123405,-6.6516237,-6.2511115,-3.609208,-0.7910855,-4.193038,-7.398037,-4.1362877,-0.76978064,1.62338,2.3850434,8.893059,10.817736,8.936455,6.90116,2.5362363,-2.475975,-2.5535772,-0.29647756,3.3885865,3.4068837,-0.51779145,0.93661827,-3.2109466,-1.7422236,2.480454,5.3327746,9.020378,10.691862,10.548535,9.596611,9.620802,2.8685102,1.7840796,4.543998,3.3733168,6.2742157,1.8784995,-5.447415,-4.339424,-5.9734173,-8.037284,-12.67449,-8.943903,-4.6937246,-5.5390816,-8.9799,-9.1925335,-10.002644,-4.849064,-1.2408215,0.04558456,-4.0011415,-8.467708,-5.948496,-7.6227446,-2.4066443,1.5663137,2.8254218,-0.3768412,5.520941,4.711029,-1.1879596,-4.9168463,-6.2227855,-5.477897,-4.534471,1.188722,1.5253162,10.997808,11.881519,2.163662,5.142629,9.606222,2.480052,-2.1073284,-4.239391,-8.2497635,-9.703003,-6.0325656,-2.507804,-7.44267,-7.960818,-7.5187197,-5.184842,-1.6599807,-4.88021,-10.398731,-10.343046,-6.659858,-7.771243,-11.122994,-8.020689,-8.038564,-9.003159,-7.2962527,-5.852304,-1.0560423,2.3156157,-3.7463827,-7.3851852,-11.29766,-6.202921,1.0510437,-0.17341703,-4.232422,-7.8809285,0.1387375,4.8902216,6.8591523,1.0677692,-4.4803667,-0.7646705,1.1332045,-2.7168665,-3.3416305,0.34874418,2.2255116,-1.1755018,-0.35630322,-1.0378871,-3.815959,-11.405319,-12.927242,-6.53791,2.1058784,-4.5097623,-6.7042723,-9.667018,-4.1871557,-0.44019377,-5.4628897,-6.575449,-7.4786415,-6.9068623,-5.139199,-8.532621,-11.64594,-8.38756,-2.5756104,1.9751422,-7.9325447,-20.591295,-18.305649,-10.613516,-8.890686,-16.314232,-23.540127,-18.22538,-3.3878717,-1.4861228,-6.16594,-5.758919,-8.46519,-10.964308,-15.199546,-9.926469,-5.987859,-6.742587,-9.565046,-6.2145853,-3.9678586,-3.1382294,1.7658746,4.592943,5.2395935,1.7436695,4.996681,1.3984673,0.81980705,0.95146537,8.062308,7.087623,13.891212,22.316608,19.017244,9.508925,0.66783404,6.881116,14.448925,14.000965,2.8099475,2.1638916,0.95637006,4.4306746,0.1756692,-3.510062,5.788281,11.83565,6.3495564,3.4637306,9.888271,13.635854,11.879763,6.979175,3.4364944,4.0538025,0.33115214,5.464944,2.8031936,7.4515333,9.665344,10.183588,13.449934,11.528547,5.4193745,-1.3931463,-1.8042684,6.7266474,11.115795,12.051389,17.922182,20.898815,16.795311,8.58777,7.6192946,5.403082,-8.735426,-10.633009,-2.3531842,4.0867515,9.552574,22.107494,22.266861,15.469086,15.530977,10.261988,9.955981,7.3414683,11.181224,17.75954,17.995464,18.989838,23.679346,22.01513,18.124775,20.403162,20.84107,19.049028,19.51783,23.913744,19.313702,14.072833,13.656005,14.5190735,12.071287,9.832947,12.130537,14.168833,13.18405,14.215188,14.432212,11.03166,9.355492,12.765604,12.041399,15.159936,22.255466,22.248863,19.072084,16.009335,17.001514,15.116055,13.051751,13.6256275,14.848566,17.388073,17.886135,4.6547585,3.2405963,3.656199,1.0697975,-5.098167,-5.332821,2.7790804,1.4777929,3.216126,-4.3195066,-14.218033,-14.534973,-11.068275,-3.03008,-0.17387933,-8.092491,-8.008436,4.2856255,6.9178643,2.7807627,2.6458285,3.5564663,7.524973,-1.0887771,-12.363192,-6.5009046,2.5756507,1.9756758,12.709793,17.32816,15.532273,6.4234986,6.4478436,-2.2133026,-0.23912048,6.7295356,6.7476177,1.4022796,-2.260179,-1.9382837,11.170876,18.884903,17.442032,8.519558,4.8540916,5.3929505,10.5060625,9.194519,-1.0571398,-12.013896,-8.393148,0.047267556,-1.0072165,-0.44229937,3.5518744,0.7464829,3.6200652,1.0695248,-2.1861277,5.188683,7.2548275,3.8708596,7.815774,11.7800665,12.735984,11.0554905,16.600025,18.777925,13.009287,17.70743,18.282072,16.141184,13.63908,13.261692,12.877317,13.547999,12.60084,11.923254,14.919981,10.696976,4.7932663,2.3218606,2.9374266,6.4216533,9.592775,15.477452,20.439804,23.048092,25.649971,19.133724,20.480175,20.3176,20.892414,23.767698,18.25752,11.279059,10.3373165,6.536971,3.2982287,5.3988886,5.8481684,3.5430417,0.41643012,-2.4602814,5.2445836,17.004688,12.440483,3.2909403,-2.3589556,-4.3043017,-0.40502816,0.011984706,-1.0990757,1.422001,1.8958609,8.54942,8.993698,-0.7921976,-7.999007,3.1372788,11.911669,5.0274944,-0.33641252,6.737131,0.5375339,-0.39780992,-1.4816836,-0.7693908,-6.5262895,-12.855374,-16.890152,-14.145196,-6.6497025,-2.7241807,3.8479462,1.9134196,-1.9410464,-0.12827444,4.1086574,5.513997,1.329704,0.3736378,-4.671151,-1.4126503,6.6523924,11.105822,10.501711,4.0719585,-5.6628957,-13.76095,-11.301971,0.21051541,10.337955,8.880026,1.5239512,-2.0403538,-1.5448661,-2.3107803,-6.1740804,-9.590385,-17.828083,-17.398071,-10.481151,1.9994222,13.34416,17.20725,21.279873,21.478909,21.655485,18.69844,17.279377,16.305172,16.032585,16.609808,16.81647,17.071297,15.489573,12.642069,17.550634,13.042903,11.271399,16.08114,14.29665,10.515408,9.191544,10.357225,12.82263,13.93033,12.890001,11.750103,16.163431,17.52726,15.670192,9.374616,3.8286724,-14.977095,-19.805565,-7.673682,-5.7193766,-8.678429,-12.469098,-14.124785,-12.613857,-6.613524,-2.5001996,-5.2231693,-1.4185444,9.506149,6.2027082,5.900384,16.941767,14.321075,13.534868,12.661863,3.4574518,1.7164202,4.5029917,0.513955,0.26801345,7.616966,8.250416,11.829797,15.316876,13.435948,16.501535,17.849861,12.231192,8.9156,14.08434,19.494701,14.990271,15.604591,16.866247,13.391583,9.551895,10.477341,17.189735,13.985964,9.658257,4.741434,2.9136817,4.3861513,9.287512,9.559156,6.9692516,8.466321,3.4740732,-6.828986,-12.698128,-7.593809,-10.536377,-12.702835,-2.8061366,1.2422391,4.589051,6.1187057,6.510526,8.179604,12.293322,16.122227,11.789415,14.36787,19.278994,25.468353,18.685257,13.449099,17.504005,15.282298,6.724848,10.137375,3.6529408,4.086167,3.0779507,3.3309894,7.4219146,11.76503,8.809078,8.568586,4.0492983,-6.8833714,-8.174566,-6.835692,-1.2458079,3.0541146,4.599499,3.6790292,7.392445,5.6442194,0.9709537,-5.5202007,-4.846952,-4.688189,-10.503678,-8.941305,-6.489936,5.302126,11.705299,-0.046759367,-10.2206,-11.139344,-4.103154,1.0318987,-4.3449297,-2.4029026,-5.808567,-8.918795,0.008147031,9.017494,6.2422695,1.1085732,-3.0360866,-4.356787,-0.9789049,-0.68655705,1.095984,3.678861,-2.7025728,-3.979113,-7.0721664,-10.2886715,-10.764389,-8.180001,-6.6945043,-1.1898443,1.2328286,-0.17053735,-7.695607,-4.420513,3.7454247,7.0660787,11.060897,10.071207,11.480528,9.106829,4.653635,-2.953905,-11.362679,-14.709774,-15.567744,-13.521616,-3.4751725,0.8463764,-0.7820443,-3.2455044,2.0037935,6.5692425,6.711557,7.1666865,5.7396803,0.8273636,-0.17552829,-1.4644129,-3.050507,-3.577105,-5.7670383,-4.628066,-4.4503155,-2.1448011,-1.948514,-0.67671704,2.6012473,7.3117905,2.9591708,0.8431526,9.69069,13.404858,8.112507,9.675254,9.721198,9.248385,11.958646,5.9114413,6.4656725,-2.012295,-4.736555,-0.1496597,2.1257343,1.2438439,-1.8711654,-4.926072,-2.7148488,1.1244786,2.259822,-6.809314,-10.292212,-8.675365,-4.379375,-1.5430784,-2.609502,-2.6746597,-2.8103037,-7.2972136,-6.0973496,-1.6889882,4.4819,4.5007706,-0.47100317,-2.194428,-13.969881,-17.136063,-16.898369,-12.648123,-17.38276,-22.254662,-22.561811,-21.802338,-23.961887,-19.327957,-8.815334,-1.5920053,2.099501,0.602263,-5.6673636,-4.647495,-4.933569,-3.0395226,0.5416363,-1.0274092,-3.941986,-4.2787313,-8.880121,-16.51355,-11.133383,-4.926173,-5.673032,-7.0306177,-4.291758,-2.3375509,0.85312593,-4.5793233,-3.634993,-5.432061,-3.4578052,-8.216478,-9.397076,-7.4445186,-9.610889,-12.401739,-6.8350945,-4.4373503,-0.35608816,-0.15291184,1.709257,1.713642,-3.5708618,-1.6946145,-0.94631416,4.0701184,-2.2043378,-5.7045336,-8.090343,-11.71544,-11.264382,-15.613743,-11.361626,-9.851679,-10.342487,-12.152032,-11.39679,-0.2576933,7.1344423,3.816429,-3.6932187,-6.874943,-4.9740334,-4.3068714,-8.656576,-7.0789223,-5.0606327,1.7874658,6.874216,9.74719,4.0103407,4.530733,0.8894789,-8.090206,-4.413268,1.8708353,4.913979,6.872789,6.2634635,4.237628,2.8853297,7.3536415,11.777186,10.80994,10.0066595,8.9927635,6.950345,1.278192,2.1792405,-3.410226,-4.5848637,0.11589837,0.4279902,-0.9350364,3.1687376,5.331046,6.297805,6.6437855,6.7459173,0.48724857,-0.18984443,0.8264142,1.2275128,3.227139,8.887566,3.5817702,0.5096047,-3.393393,-4.699062,-3.9325078,-0.27692634,-0.54235333,1.1716251,2.1229262,0.24734807,5.402898,1.2983189,2.8514457,5.641559,4.679081,3.2735174,4.8751574,5.6734295,6.7833076,7.385086,8.412413,15.740095,14.302349,6.5891037,3.75455,2.4256482,-3.774189,-6.6176567,-1.8296763,-5.722804,-3.7565918,2.190379,1.718873,-1.340182,-5.0930195,-9.63357,-10.073926,-7.888894,-6.2125916,-1.6151567,-3.5426629,-3.2755804,-1.2655537,2.559729,4.7969017,3.733629,-1.8214197,-1.0313427,1.7653288,10.667589,8.387361,1.2970324,-2.3160233,6.9201097,8.938837,5.4391985,1.1073326,1.6243577,4.484621,2.9056954,4.3213305,7.4255104,6.057552,0.4906091,-2.58561,2.2860243,1.8577689,-4.305401,-6.4164352,-8.844585,-9.634995,-13.150885,-12.266359,-4.9650764,-2.2706935,-3.8298564,-5.501654,-9.344061,-9.489292,-8.317812,-12.509035,-13.655161,-14.341095,-11.008603,-7.052891,-2.1015396,-1.1555111,-2.8758368,-2.4302223,-3.5616097,-0.72151184,-1.005268,-3.436308,0.80824864,4.2680273,2.1418455,-1.2677935,2.846459,7.0569654,1.8893578,4.4033074,4.412371,-4.1857376,-10.625381,-5.8375926,-5.9078093,-5.9485607,-6.9237394,-6.117342,-3.9713175,-8.267799,-4.0799785,-4.682249,-2.200184,3.952762,3.1527605,-8.6327305,-4.6764154,-5.083723,0.67163754,0.64383924,6.744075,10.48914,8.792099,1.060288,1.0360796,4.6113997,1.9958992,-0.75582343,0.08015382,-0.95430744,0.051369675,3.9286017,-0.012055039,-0.28939068,-3.7022238,-6.2055073,-8.033177,-7.1122217,-5.105554,-1.0480285,-2.881827,-3.2042408,-3.7552571,-5.854187,-4.7613974,-2.533012,-3.4949822,-1.6713427,0.56572986,-2.5359614,-1.9891372,-1.0185785,-2.5102944,-4.244546,-5.7967043,-1.3028708,8.614283,14.9432535,11.170315,5.723978,2.5308418,-3.7181153,-8.892032,-5.9203973,0.30075023,0.19914478,-1.7241614,-4.4242816,-12.850626,-3.607698,-1.9069159,-4.30597,-6.7470956,-4.609003,-4.304761,-6.469933,-6.3888474,-3.7466626,-2.9930239,-1.4742904,0.38694036,0.5838281,0.14311361,4.7256575,2.9402444,8.967603,6.6308155,7.0615597,2.7230859,3.514532,4.5107045,4.2414274,3.0242481,8.654047,9.52775,10.825141,3.1619096,3.2981217,1.4984039,-1.1031488,-10.547707,-11.651268,-4.6923695,1.0874462,5.9125867,4.4308195,1.6557195,2.1551924,4.6036005,4.97909,-6.0867753,-8.2436,-3.5838532,-4.422489,-3.2074046,-3.0574992,1.4266505,-1.444632,7.094834,8.9583645,1.9949155,-0.14261246,3.626001,-0.8465019,-5.3938427,-7.3661404,-2.3315005,-0.71986663,-2.8960152,-3.742865,0.1655215,-0.7284271,-1.9023772,-2.7618837,-1.8028834,-0.04287374,-2.4416208,-1.9599723,-4.0875006,-3.606073,-3.170857,-0.62235373,7.5103574,4.356945,0.38055584,6.040185,2.4822416,3.0508409,-1.1473496,-0.83027196,-3.1276305,-6.028743,-3.8816109,-7.30945,-0.5091859,4.6247025,4.644536,5.0064025,0.6983869,-1.2565082,0.12040353,0.36481094,-2.4729605,-1.9918797,-2.8110619,-1.3355429,-3.096224,-2.3807364,1.8000488,0.56822675,-5.906605,-6.4749374,-6.0464354,-1.3614714,-3.1863513,-4.7527094,-3.0065958,-2.5206277,3.4184341,9.792887,13.21859,6.842405,7.5698385,8.431029,8.446356,7.819318,10.756985,11.342284,10.277949,3.9266796,3.6120167,5.7942967,6.689827,8.015999,1.3626794,-4.2094655,-2.936986,-4.7668877,-7.9208813,-10.3902235,-9.981478,-6.460414,-2.5653672,-1.5194278,-4.9058466,-2.1681266,0.712835,-7.113224,-6.096675,-4.1812716,-3.235649,-0.26124096,1.5710278,6.3618383,12.15626,17.534935,10.986299,7.5157003,10.341528,4.7874556,4.9887605,4.526614,1.7277731,4.797282,3.6982768,5.1613374,15.568659,12.861552,7.5031385,1.6286242,-0.7651593,-2.4130263,-3.6828046,-2.3752608,1.1814737,-1.1948988,2.338886,6.391865,3.9335036,-2.309256,-2.4531898,-0.14192009,2.6696982,-0.24211287,-6.0351768,-6.215543,-1.254832,-2.4887896,-1.1799202,-1.9823928,-4.6591873,1.3664978,2.1406436,-4.200869,-8.251349,0.5101163,-0.63432765,1.4007522,0.8682089,2.4068515,6.6085596,4.502714,4.3252106,3.851151,-1.1157718,-3.1476176,-0.6946916,-0.6537365,-1.6311762,0.49352753,0.8053987,-2.0125327,-6.8949833,-9.248507,-7.6383276,-1.8218288,-3.6905785,-4.5630426,-6.959458,-4.9454956,0.6848326,-2.2090647,0.021232374,1.6530117,0.79645216,2.8638685,-4.4736376,-5.1969604,0.5443535,0.12252816,0.5854765,-3.1926026,0.41801125,-1.914237,-5.9577894,-2.9858782,-3.9881291,-3.3272033,-2.2958622,3.658861,2.3471937,0.45018715,0.47914743,5.122476,3.6815467,2.736054,5.919358,7.8519,3.0102584,0.89531446,-3.2289853,-2.7356868,-1.3482996,-2.5623832,1.4897003,-0.4359833,-2.6807547,-6.419843,-3.5739527,-6.2490754,-7.2683945,-6.986374,-13.032032,-13.167547,-8.065839,-5.5989256,-6.476844,-5.293344,-6.0700207,-10.660694,-9.250303,-6.4759016,-2.948326,2.3471718,-0.5840758,-8.937275,-12.830045,-8.539874,-5.2280755,-5.578989,-15.33474,-17.515888,-19.212902,-18.630257,-21.563026,-22.617039,-23.966347,-21.762318,-20.482637,-18.164421,-13.193442,-11.241516,-10.393038,-11.405879,-11.813489,-20.663654,-19.866106,-15.233795,-12.122298,-8.226446,-4.8685317,-6.0095263,-9.582817,-7.725983,-15.106882,-18.791908,-16.106089,-14.648284,-9.53436,-2.601006,-0.21101898,-1.3795388,-5.348304,-0.5692687,3.087663,-1.2807875,-5.471655,-5.9194202,-4.047086,-2.3971066,-0.9880599,4.895812,-1.385706,-9.059798,-11.762033,-7.3171377,-7.403631,-2.2524755,0.15260947,6.7119846,8.115181,1.8987929,4.2588987,6.399956,7.9442806,8.773309,9.096844,11.590162,4.848872,1.6523664,-0.7813131,-3.051282,-0.3997467,-0.06689978,1.0655539,2.7359757,4.5514326,9.439372,8.190804,5.7730117,4.534476,1.8552063,-1.1206563,-3.2889662,-10.596895,-12.99485,-19.262272,-29.325901,-26.8909,-27.091156,-29.92371,-27.510334,-18.85067,-21.424488,-17.85209,-14.078707,-12.552346,-9.310667,-9.042056,-5.5121193,-6.3827543,-1.4815824,-2.3212955,-2.9742308,0.6282102,-0.33757138,-1.6708176,-4.482935,-1.9379238,-4.604284,-12.4466,-8.760939,-10.2397,-12.576782,-16.57919,-17.28186,-15.036545,-21.434368,-18.890015,-15.136532,-21.913528,-21.867977,-20.800362,-15.0245075,-19.812275,-20.812586,-18.81699,-18.674961,-18.77182,-23.605902,-22.775805,-20.937279,-25.510868,-25.043425,-21.65509,-18.458942,-17.823362,-16.024517,-15.277157,-20.081451,-25.040768,-26.02709,-29.348074,-17.281075,-2.6660004,-0.41764444,-7.667442,-1.1613194,-0.74302626,-8.820593,-12.140064,-15.69802,-12.543657,-7.846983,-9.946619,-0.4161532,-3.0918107,-7.9431734,-6.0975237,-5.6651363,-9.039379,-14.48714,-19.242619,-15.288504,-13.657455,-15.4683275,-11.86614,-3.9339838,5.748317,10.146155,20.772495,18.62586,12.697917,7.5094643,10.477203,14.823942,17.465416,23.910465,24.4926,25.342949,10.306173,-1.4921479,-2.5952258,1.4289397,4.696161,4.4041657,4.5308666,5.5312095,5.1216965,0.30117297,0.9902859,4.8894625,11.254728,13.699361,17.878395,13.926685,10.078993,5.4094696,3.4155834,0.7943212,-0.908957,-0.12291671,-7.7572155,-6.3363323,-0.48314154,-0.00053042173,-2.4603443,-6.671257,-13.490726,-7.4874444,-7.671746,-11.238433,-11.959597,-16.383661,-22.479778,-19.495335,-14.82436,-16.515673,-13.874343,-9.342104,-7.6155896,-10.789928,-13.811634,-10.469244,-8.667225,-8.014035,-5.3977175,-4.89606,0.7922107,4.1016617,-0.19506508,-3.8758144,-6.5744734,-10.407259,-13.4739895,-16.766935,-20.003765,-19.673962,-15.647808,-13.3351555,-15.883749,-15.974209,-9.137219,-2.2021203,-4.452003,-7.1678414,-12.533804,-15.968489,-19.65134,-23.923668,-17.230793,-15.534185,-17.478966,-13.899991,-13.257685,-13.373882,-5.689654,-9.128014,-6.902855,-4.983923,-8.81392,-13.259413,-13.427157,-5.0016146,-1.8761084,-11.097883,-8.802844,-12.160009,-10.329744,-7.1106596,-8.537125,-9.328464,-9.108056,-16.472532,-14.685606,-12.049446,-11.032703,-14.695168,-14.725229,-8.294785,-4.865095,-7.180194,-3.3530679,0.029005975,2.872215,8.086246,8.991794,10.506573,11.136537,11.226666,6.8998866,5.9447565,3.2730029,6.781742,4.929019,0.6423788,-0.99799085,4.9329805,7.1642265,3.5480828,8.200066,12.96831,5.8993683,0.61358184,-3.2871954,-8.542918,-4.951373,-4.198417,-11.964747,-9.354781,-4.724935,-4.066922,-4.654725,0.82914937,-0.8459197,-6.5273886,-5.612719,-7.864414,-10.134349,-10.126957,-9.943395,-12.0326,-13.139547,-14.11804,-14.878511,-15.566499,-13.254683,-14.444563,-12.24516,-7.936377,-3.5302508,-4.303671,-8.189514,-12.149687,-10.0572405,-9.698651,-10.909748,-11.687439,-6.9472895,-7.375348,-8.574423,-9.24179,-6.243268,-5.4766045,-5.5419874,-3.7329884,-4.426285,-10.826189,-7.980528,-8.247631,-4.976582,-4.3644958,-1.0693707,3.6545658,3.8151104,2.4538245,2.4783397,3.321332,9.112701,12.833787,11.276482,5.2629185,3.1001768,-3.854867,-5.7516537,-10.814053,-4.8511,-5.4394884,-8.952823,-17.444427,-13.659623,-14.68289,-18.917896,-12.7302885,-12.712971,-9.077675,-1.564022,1.1526701,0.2127473,0.293931,-1.1018546,-2.765518,-3.8400712,-2.573194,1.1471014,2.5453215,2.0202951,-1.1537523,-0.8384118,-3.4688385,-2.8641443,0.42982197,5.422516,6.6744246,1.575968,0.52556163,-3.863369,-6.6247683,-7.9251122,-9.621317,-4.9142838,-7.253458,-1.997285,-0.6133307,-6.1937838,-7.7976246,-11.096115,-13.741947,-18.217358,-13.394169,-13.845522,-15.121703,-7.955592,4.640194,14.543573,11.933704,10.50565,1.991257,-7.828189,-14.353073,-21.09356,-20.93612,-23.461906,-27.970455,-28.106247,-16.617916,-11.615032,-6.4567533,-5.6411643,-4.5089216,-6.3005247,-3.0197003,2.564021,4.344032,-5.4640775,-11.415922,-11.36174,-9.005149,-11.346556,-10.223857,-11.766502,-18.06553,-14.101972,-10.026729,-2.547544,-3.1375103,-7.9411983,-6.0736628,-4.882719,-0.547853,-0.037481874,1.4566686,4.206523,8.512077,2.6259956,1.3295689,0.92548156,-0.13351744,2.51285,5.6603036,3.7942266,2.5658555,-0.26238543,-4.776887,-9.308923,-5.213504,-6.6871233,-3.1297953,2.2497735,4.266789,5.3677645,2.3206587,3.0166814,-0.38158178,0.68776584,1.9721177,0.58910644,-5.2764525,-5.763177,-7.0262084,-9.727619,-15.194656,-19.331566,-22.316734,-20.562237,-18.41016,-20.01144,-19.460617,-14.846701,-13.010307,-14.079933,-9.3294735,-9.964888,-6.7399697,-2.3593993,-4.2521553,-5.2707224,-2.0265105,-1.773392,0.10737586,-2.760306,-4.149665,-4.9681273,-7.0470557,-6.7257123,-8.484012,-9.884844,-15.139141,-13.588152,-15.943713,-18.324696,-18.124725,-16.660717,-19.847412,-20.626753,-16.398865,-17.294975,-18.058353,-16.096691,-13.81488,-17.443977,-20.260227,-19.466522,-13.033962,-7.693447,-5.9065676,-1.7398772,-7.470145,-18.62516,-20.28664,-19.516525,-15.556808,-17.28046,-22.040924,-28.7626,-27.571896,-16.569689,-8.189686,-10.240055,-16.22565,-9.01388,-4.358946,-7.069067,-7.9785867,-8.558989,-11.456869,-8.282654,-9.289796,-9.979626,-13.638745,-14.158716,-11.678742,-12.278193,-11.016176,-7.6419115,-9.609596,-13.341014,-10.726644,-18.010891,-26.493351,-26.663723,-12.499142,-3.2032256,-1.9941075,1.4256451,3.3516054,1.223968,0.11492199,-2.5399065,-4.1659203,2.1608205,7.6138434,8.945284,9.051546,7.823044,7.500042,5.7735,6.797065,11.2265625,9.373285,7.2876697,10.832632,14.375414,14.420101,17.387005,16.863811,6.318858,3.7993846,3.7867744,4.847716,5.643475,0.2187264,4.842375,5.0124884,6.8563366,8.450355,1.5188652,-3.4233909,-12.09322,-18.111368,-13.505104,-13.204628,-15.751899,-13.157318,-7.4862976,-9.484693,-8.707027,-12.801965,-15.483463,-15.767205,-7.7834644,-1.4723148,-7.3425994,-13.058565,-12.517458,1.6485043,5.0597253,0.9626875,-0.34930396,-3.5503335,-3.3342562,0.7570379,-1.8530762,5.2121677,5.4843836,-1.0301745,-2.5760956,-7.364032,-15.743006,-21.935534,-27.436483,-24.933071,-19.54707,-21.672325,-17.640984,-8.536908,-8.186853,-7.977277,-8.356228,-13.442675,-21.029343,-19.513332,-15.288663,-13.175343,-9.435715,-10.45235,-11.512723,-8.986427,-4.9577427,-2.7903624,-3.3513606,-5.6595516,-10.404808,-9.789707,-10.866188,-14.948222,-16.270489,-18.732004,-19.584795,-18.259796,-11.593741,-10.976226,-13.854596,-16.315544,-18.437092,-15.304096,-8.17294,-11.285352,-9.129967,-14.454664,-19.22158,-12.855402,-4.016269,-5.3205047,-6.821469,3.8831842,8.966244,8.568606,7.2916245,7.2857294,9.203941,13.428943,14.951586,10.585573,8.857038,10.555002,8.713909,7.3126745,6.2645445,11.98911,11.596245,14.2656145,12.1905155,2.1088343,-3.4268994,-3.866531,-2.8473482,-5.069624,-6.692626,-3.6407466,-2.0852134,-7.898587,-6.5844746,-7.6611834,-9.682217,-11.413493,-9.6459,-8.476513,-15.153583,-16.104897,-13.535964,-11.676772,-13.312752,-13.548056,-13.523977,-15.785761,-13.210827,-21.239685,-15.046465,-10.089615,-9.134941,-6.6538043,-11.275736,-15.028295,-13.032526,-15.785384,-16.51981,-15.412166,-11.952351,-9.883309,-12.219529,-10.355852,-9.003994,-8.371555,-8.84437,-4.3124633,-4.741737,-4.188207,-1.470274,-1.7568077,-5.1988916,-8.237541,-12.005737,-10.127033,-5.9114056,-0.08053407,0.336452,-4.239809,4.090949,6.9201355,-0.7434475,1.8596346,6.4348984,3.5271764,0.5121746,-5.431779,-7.0980554,-1.6969111,-1.879272,-11.530375,-10.883532,-14.534016,-13.980904,-8.049906,-6.9896507,-7.843987,-5.373874,-2.2405324,-1.1289871,-0.1169281,-3.0928426,-4.186346,-4.3712263,-5.5285463,0.37040615,7.3446093,1.7149531,0.1841963,0.10654108,3.7002702,3.8058643,0.28795326,-4.0157185,-1.0944784,-2.2242785,-1.3989977,-5.521559,-7.114532,-2.7301073,-4.6394396,-3.053453,-0.9733355,-3.7967107,-1.181006,-2.7863321,-6.218102,-6.5879936,-8.8605995,-11.552071,-10.844095,-4.5457945,-1.2572047,-1.1280072,0.85773325,5.6031923,11.82236,14.540798,13.803801,5.026511,-6.8629627,-12.70039,-13.797514,-18.08678,-15.801277,-12.545772,-11.980722,-2.0561638,1.2982235,3.6738172,1.0774064,-0.5041964,-2.8803077,-1.0609105,4.248863,3.150286,1.1436834,0.63807964,-6.014723,-7.622452,-4.9657097,-7.8368964,-4.281228,-2.8906217,-7.2749295,-7.4470572,-8.263145,-7.317029,-9.127876,-6.2649317,-10.4647,-7.4605513,-1.0066977,-3.2140515,-4.3444653,-2.3450112,-8.45682,-9.679081,-8.809572,-7.946718,0.70069045,10.389959,9.213414,0.70976734,-0.2637938,-3.2813494,0.11231452,3.3252254,0.6030004,0.05247861,3.9085696,6.1840663,7.990821,10.99914,8.526329,3.7854006,2.3061247,-0.6843393,-1.4320625,-4.015714,2.2444258,-2.850403,-4.9822383,-10.584293,-17.786541,-20.019672,-18.96592,-23.481716,-25.697287,-19.744392,-19.817959,-20.69126,-17.518139,-12.309859,-11.378057,-6.6283984,-8.892017,-3.3770728,2.1180973,2.691923,-1.2636069,-8.899492,-4.873396,-1.488671,-1.3340318,-7.2897887,-11.31116,-3.6802287,-1.9114797,-5.793832,-12.035124,-14.292937,-14.44159,-23.390686,-19.671116,-12.563413,-14.720192,-9.785234,-10.10584,-7.9752874,-10.431129,-11.892674,-12.624418,-11.773809,-10.454409,-11.805956,-10.431341,-10.5559,-19.790825,-21.139668,-19.575207,-15.336246,-17.946339,-25.318209,-26.713417,-22.368927,-15.860794,-10.448314,-7.158778,-15.803978,-14.263521,-4.0604377,-0.7785119,-3.8452194,-3.8984478,-3.2104633,-4.7649155,-4.274422,-4.118491,-9.144585,-3.8530536,-7.1072288,-11.456261,-10.610983,-3.79009,-2.6234999,-3.6510017,-10.974057,-13.691488,-12.239529,-13.553937,-9.454817,-4.5724883,1.3203498,-0.030086756,1.5558759,1.3180926,1.3384557,0.3135894,3.227659,3.323042,6.8519726,12.567602,13.0194,9.978132,10.636751,13.616806,14.785772,14.066591,9.010099,8.735077,9.656267,11.979853,14.69013,21.128088,22.993946,14.199136,12.248707,13.231895,3.4540148,-2.304913,1.1647582,4.6618137,3.3870678,2.1727328,5.730425,1.4822041,0.42080855,0.057269335,-2.31981,-4.4432964,-11.506323,-13.311035,-4.2549562,1.6325972,-3.3737764,-10.070503,-6.211214,-3.4031568,-5.8811255,-3.793386,-5.539582,-9.958036,-4.072572,-3.8110833,-6.4563575,-10.626274,-11.100433,-12.683693,-11.826288,-3.1615138,0.83618414,5.7309647,2.6511383,-5.3080378,-7.523944,-9.713752,-18.18238,-21.81232,-20.4339,-21.072998,-21.542538,-18.986252,-14.418169,-10.607557,-13.489189,-12.738316,-6.7513094,-9.273369,-17.036827,-20.365665,-16.359428,-13.220726,-13.036066,-11.041464,-3.9913948,-6.427247,-8.525875,-7.567112,-2.207673,3.2120986,-0.33978632,-9.031754,-15.93548,-17.808529,-16.088806,-16.147364,-18.011316,-13.415263,-17.620754,-18.189688,-19.126183,-16.925043,-10.73907,-12.638062,-13.798851,-9.55943,-8.479214,-10.506676,-8.791755,-8.911619,-2.859527,-9.0415535,-17.601315,-14.220961,-15.497726,-7.5157804,6.3389,11.724297,12.869192,12.261283,5.5051203,5.413334,4.422731,11.42527,15.663345,14.806166,9.244581,3.54495,5.715138,12.110882,8.219039,8.584571,9.282076,2.1888394,-8.603234,-8.633031,0.30564272,6.008273,1.3197938,2.1411943,0.31690133,-5.606556,-10.13743,-8.122934,-4.6433506,-7.4794974,-8.801122,-12.139259,-11.268362,-15.152631,-19.037243,-18.063335,-22.365189,-24.955551,-21.101751,-16.531895,-16.935087,-17.835089,-15.462845,-12.406605,-11.635155,-13.16126,-14.759237,-13.367271,-9.707477,-3.0525324,-2.7053876,-5.074956,-8.065053,-6.6773643,-9.82869,-12.441671,-15.456152,-16.96267,-11.007278,-14.191226,-14.992317,-12.457857,-14.9886875,-14.973418,-12.967014,-3.930666,-2.183788,-1.2950968,7.7775636,9.595715,11.952053,13.585539,15.608391,16.253128,9.8275385,0.46479034,-10.440878,-8.8472805,-4.313802,-8.063267,-14.407824,-7.70297,-6.383318,-10.197759,-6.3180676,-1.711502,-2.8571768,-4.8811855,-5.9964705,-5.9177456,-4.8947973,0.8139537,0.41116554,-6.26981,-0.24299316,4.7421656,6.0634704,0.5834757,-6.6553926,-2.743252,0.40488887,4.543516,3.1337688,-2.2000804,-2.6905885,-1.3067045,-2.5951636,-5.2369347,-5.9320655,-9.014657,-3.9997976,5.104321,2.8396595,1.2115798,2.4422245,-3.012845,-3.7347493,-0.954817,-0.2933417,8.118415,8.417465,12.228258,2.3053803,-4.182034,-12.602829,-15.169161,-16.138298,-16.549662,-11.113613,-13.000418,-21.271711,-26.0768,-24.204082,-21.786894,-18.35215,-17.322395,-15.405313,-4.973541,-9.122828,-8.463215,-11.104462,-11.78264,-8.407408,-5.436944,-1.1614376,-4.4098787,-7.6086745,-13.3800335,-14.767393,-7.6464524,-4.1815786,-9.788946,-12.522495,-13.171625,-11.689121,-8.882835,-6.6631737,-6.1103525,-6.1513305,-11.898594,-10.54994,-0.9355123,-1.809737,-4.807969,-2.4440331,3.028521,2.1926696,-1.4738259,-1.9690919,3.465396,3.2749557,0.18228115,4.5809507,2.746894,-7.102987,-4.2713985,0.69500506,3.3389428,-3.5056381,-5.4350743,1.1559436,1.0787361,-2.4882221,1.7932353,2.7700047,-0.99946713,-1.088506,-4.805067,-8.148959,-7.579953,-4.338756,-8.420296,-8.609978,-7.133015,-11.734468,-22.269035,-28.865433,-20.364223,-19.230783,-15.248844,-5.3725204,-6.7676406,-8.216536,-13.464652,-10.078315,6.03256,9.209589,6.7822857,8.549696,4.309472,1.8573377,8.017597,5.229719,4.35951,5.9683256,2.6145098,-3.2421052,-0.76425767,0.06178385,-9.228561,-13.802883,-13.223061,-15.160482,-13.44094,-16.383595,-18.97882,-15.287633,-13.174847,-14.087224,-15.513846,-19.314325,-20.625544,-22.800457,-18.880169,-16.623064,-17.007496,-12.973516,-6.5344286,-6.3391857,-10.671989,-13.492235,-15.612793,-14.422135,-10.733081,-16.863522,-25.614601,-26.781256,-15.539748,-17.80096,-15.737588,-9.852912,-9.173538,-4.316032,-5.064385,-11.6151085,-8.329271,-2.1613011,0.22790146,-4.8706045,-3.948888,-4.570152,-5.1558204,-10.761434,-9.638395,-9.115164,-7.074577,-7.924657,-9.702328,-11.4389515,-14.254721,-12.861116,-20.595623,-16.998436,-9.956965,-4.952461,-3.7287316,0.18939424,2.5870848,-1.7435652,-1.5439799,0.47336408,2.9284399,6.729837,14.403688,12.853849,9.305943,5.460383,5.047988,11.231242,15.097021,9.280836,10.119722,7.5841975,-0.7604997,3.5719752,7.248427,10.908161,13.545704,6.957548,-1.160018,0.8147396,9.434492,15.581496,8.953692,6.8597975,7.072842,4.6904907,2.42683,-2.0714393,-6.538146,-7.8114376,-10.167275,-12.612045,-13.783984,-11.855249,-12.262103,-7.297132,-6.5071545,-8.768875,-11.129243,-12.389287,-12.674681,-3.1389384,-0.7012757,-5.05842,-10.812405,-5.7091036,1.8082862,-2.3262646,-5.22365,-6.4238043,-12.035528,-8.643536,-3.6217778,-1.5902033,-4.892374,-4.604186,-2.9212227,-8.745411,-11.556615,-13.674108,-11.878304,-11.68499,-12.886777,-11.076267,-5.8917646,-12.043573,-11.8866825,-11.034924,-10.051567,-15.232915,-16.11737,-18.622246,-19.74699,-15.790539,-9.065254,-7.8128157,-8.229681,-6.8827953,-2.7539892,2.174438,4.0719423,-1.3476605,-6.373713,-13.693166,-16.4342,-15.838921,-15.7358675,-15.188704,-10.156181,-6.682203,-4.3491163,-5.4107656,-9.770788,-8.025553,-11.387216,-13.474681,-11.865078,-10.390137,-6.1764545,-7.1389465,-8.205308,-4.560725,-5.3124504,-1.5074675,-0.24111366,7.6905866,6.852517,9.643457,14.4326,14.849581,18.902348,21.632713,15.645941,13.44115,9.39406,6.406736,6.6096973,2.8149319,4.9589105,10.764422,11.97444,9.832863,2.669375,-0.63393784,-8.568911,-5.9622993,-0.24455759,3.5665312,-0.63017607,-5.2244706,-1.4786595,-2.0503013,-5.1328597,-4.4503527,-2.2337754,-2.762878,-6.541473,-4.326681,-2.1966863,-6.123169,-5.808344,-11.375204,-11.240476,-5.5950465,-2.9036777,-1.197673,-3.1181378,-2.6207252,-8.413637,-0.08321282,3.872729,6.0708256,3.9042726,2.3318639,-0.31921858,2.8088145,4.140457,3.881263,0.52516454,-0.0991925,1.8118969,5.39058,-0.8690606,-7.714947,1.327895,-2.6520102,-11.356134,-14.737942,-11.88863,-9.275436,-9.5787735,-11.908125,-10.234095,-5.9228525,-7.9923754,-6.7967873,-10.498049,-10.287964,-3.9300463,-2.9392397,-3.8535085,2.6794786,1.0763518,4.151575,7.193305,13.900809,11.78953,2.9800158,3.5930638,0.8569687,-7.926119,-4.592386,-1.1653624,-4.9104037,-4.24179,-5.9860516,-7.8719344,-7.558287,-11.4824705,-10.075299,-6.676373,-1.4526584,4.4449415,12.238211,21.782845,25.440445,24.840086,23.436472,18.040203,18.481396,15.6292095,17.42833,19.21619,22.956516,26.474182,24.7532,24.810349,24.501574,15.400722,1.8725486,-8.080204,-8.643554,-1.5048132,-2.1016645,-1.9477236,2.6005812,7.7937765,15.588169,16.498455,17.547369,18.377367,13.379165,5.628525,3.937417,-0.83414125,-2.8478584,-2.2578244,-0.8421651,-3.2724214,-4.499106,-2.3575532,-10.600244,-10.822109,-9.059393,-4.8959055,-1.2297583,-2.1903799,-7.1883974,-4.846578,3.4342632,-4.745938,-11.832508,-1.838805,-0.13049501,-2.4185286,-2.4037676,2.1582208,-0.22647655,-8.35667,-2.7620897,-3.1905556,-8.001661,-10.196196,-9.221701,-9.85458,-7.081747,-4.420989,-4.862014,-0.3581518,-4.9897313,-6.159299,-4.507243,0.77908796,-0.16878676,-6.2034535,-2.89003,-1.2330756,0.84148693,-2.752729,-4.602824,-3.0809975,-1.9017782,-5.8734484,-6.7141743,-6.8773994,-6.703368,-6.6168747,-4.039815,-1.5071621,4.6495066,7.273756,8.527003,13.592014,10.041307,5.82868,13.962025,14.522893,11.407761,13.768561,17.577595,21.198727,20.634335,20.31541,25.120079,25.750366,26.955925,20.320105,11.983122,9.527294,11.699937,11.574881,13.548731,15.99627,17.564957,10.898205,2.0955637,3.9130447,0.24304014,-4.2532673,-7.9569054,-9.005503,1.853049,7.532095,11.447713,14.166897,18.366856,19.716091,19.603636,21.165085,19.567764,20.76298,18.111092,11.964801,6.452765,2.1476316,-4.313981,-4.8520875,-2.754626,0.993881,0.25701666,-2.7890365,-1.8454639,1.7839885,-2.9507923,1.025669,7.3046327,8.560598,1.4919786,-5.080718,-5.435792,-1.063138,-2.403642,-0.26765847,1.5708218,1.4160287,6.379058,-1.096309,-9.469833,-7.4845,-2.423085,-4.826313,-4.5234957,-3.8355737,3.7590404,4.086323,1.8758636,1.9858043,-0.15805492,-4.9153576,-6.8201504,-4.5843062,-2.9042237,-2.3170226,-5.136588,-10.742191,-6.461507,-0.22669703,-2.2393842,-4.8157616,-5.891185,4.143749,7.638035,2.8550408,-0.6627878,-4.3219175,1.6117907,-0.3845346,-5.3007426,-3.3780832,1.2921422,4.069719,-3.0408828,-8.109823,-7.10357,-3.8306038,1.3951573,9.823244,16.007875,21.546635,27.285759,23.760855,16.952473,13.06809,7.6708584,8.884601,12.376314,11.037186,10.674595,11.505894,10.806519,13.196665,13.817373,16.940556,18.23051,14.077093,10.07144,4.8999395,4.374334,5.1438475,8.388054,9.9189625,8.499683,9.549552,16.306643,15.82213,14.011396,17.427706,20.771069,13.967151,14.198572,20.637432,21.27546,19.93523,20.924622,22.214802,21.783401,20.77306,18.728367,17.883232,12.019875,12.674609,13.8400545,12.959377,16.455847,18.010092,18.213287,16.840015,15.696289,14.452259,10.72088,13.120092,13.506815,12.972841,11.169983,8.733942,5.8355956,10.705782,13.910372,10.861657,16.560055,14.516567,2.288978,-4.6677575,-8.659176,-4.8355026,-11.45907,-11.46976,-2.75606,2.1055484,1.8319621,4.534313,9.586566,12.691482,17.353096,11.467106,12.799499,16.133278,10.976435,4.335747,7.1899815,7.5458617,8.193247,5.54892,-0.7101491,0.5612998,-9.244814,-14.41659,-14.954479,-11.497206,-4.0613465,-10.525954,-1.4112287,7.9003816,9.508238,12.458574,15.391474,17.17268,16.340271,14.852139,14.075204,15.749616,15.595568,15.227497,13.507378,5.4719853,2.1401095,9.170874,14.879937,12.447068,11.559156,15.9578085,18.6255,12.3113,5.5877666,3.8702142,2.4247012,9.930692,11.96508,10.87495,11.101888,7.9932375,8.570666,10.022302,8.677799,8.15637,7.403652,7.34967,6.9023886,9.3718815,12.483804,11.362301,12.838191,16.018526,17.89523,14.4591255,13.902973,9.699141,-6.5906477,-7.344111,-3.27037,0.737785,0.017804772,-1.879837,-3.359865,-7.1462126,-7.82154,-1.6591215,0.26596665,0.53051436,-4.0653915,-7.990973,-9.211541,-7.9735785,-5.801152,-4.6218967,-7.3903375,-5.290317,-5.510466,-10.139444,-12.879526,-13.69346,-9.6324215,-3.407102,-1.7373995,-0.39622295,-4.0835752,-8.812296,-3.3337898,4.604187,11.134024,13.229008,15.5762615,11.828833,7.49717,4.247915,2.5787725,9.621386,13.0366,20.699883,17.155182,9.848945,8.94112,14.386447,20.194763,13.074734,4.894783,-0.8846424,-1.6606553,-5.112461,1.4462292,15.6929,14.337023,7.9547186,7.196424,7.648343,4.4384823,9.080261,7.744838,1.0016837,-3.4546487,2.9355881,4.476848,-3.4244843,-9.51386,-9.11787,-3.7567277,2.0062184,-1.2196165,-5.8420978,-12.612528,-11.394171,-8.336261,-4.1272416,-3.5187101,-5.959013,-8.030077,-13.866596,-10.781082,-12.410004,-15.994717,-17.940012,-13.90211,-12.398371,-12.476566,-19.56747,-19.715654,-17.421223,-20.263899,-12.466972,-7.1335096,-3.0959792,-5.8304615,-4.3834715,-9.30764,-15.181997,-13.847986,-9.468479,-8.235824,-16.860302,-20.408352,-19.345135,-23.004616,-24.991858,-22.044949,-15.173675,-20.74644,-22.215023,-14.969534,-14.361156,-9.202024,-5.1653757,-4.9963937,-9.574392,-8.928692,-2.1841643,-4.683276,-4.287531,-7.642437,-7.312977,-7.501458,-5.9588895,-7.148631,-1.1130393,-2.217348,-5.602688,-10.044029,-22.485413,-21.954817,-13.926605,-7.2942953,-1.6676672,0.8735157,8.802179,15.327728,19.201134,18.923218,23.56056,26.738567,32.169357,32.6732,27.422056,30.209759,23.323076,16.85417,11.44512,5.668606,7.9548616,15.558982,21.848824,24.899288,29.628712,31.080149,28.781061,26.507927,22.067707,17.183075,16.47005,20.184095,19.429667,20.442753,20.84619,21.632542,18.236256,16.17961,20.580868,21.533112,18.984346,10.25002,9.786162,2.9185243,-3.785695,-7.9913626,-9.003973,-7.402207,-8.132931,-5.273204,-1.103671,-2.440231,-2.297438,-2.379459,-1.3743676,-0.41950965,-1.0535084,-5.935215,-4.2262697,-1.9336634,-5.8834496,-6.4263086,-5.9644384,-2.7421486,-2.253882,-0.43653536,-1.494933,-1.2442389,-2.3466496,-3.8900933,-4.3897862,-7.60926,-4.209771,-3.8755941,-2.558887,-4.018676,-4.64386,-3.2353525,-2.8841944,0.13760936,2.1581917,-3.64971,-5.9838924,-4.361967,-3.2405982,-3.620862,-5.1192827,-11.071461,-11.656934,-11.695164,-10.504929,-7.612283,-5.6199446,-4.7124004,-5.2663493,-7.7170753,-8.585981,-5.1145196,-2.2119672,-1.3846971,4.1012154,5.532017,12.723148,16.721092,17.04895,15.294377,0.8480431,-12.727614,-15.052544,-14.028303,-12.020867,-10.250797,-9.074088,-6.0160027,-2.8772206,-3.595615,-6.633733,-1.6840036,-5.8578715,-4.217251,0.85977376,5.1410913,5.1887302,5.907604,6.4971085,9.849047,10.272949,13.943464,14.267784,11.350618,15.562437,17.768553,11.430637,13.594063,10.173204,9.118869,11.52817,10.369165,6.5885806,-1.464906,-0.016963005,1.9247124,0.08677312,-4.627488,-7.2048697,-1.9619644,-3.5097375,-6.4106684,-6.4414506,-1.1171509,-1.8219241,-5.4946404,-8.386508,-6.032237,-2.652356,-4.7531805,-7.9867105,-5.703382,-6.753298,-8.005376,-8.710567,-7.2704325,-6.2458463,-2.085908,-3.6556425,-0.9708533,-2.62367,-4.797812,-0.4657715,-0.7803543,-5.086314,-6.0990095,-3.6132517,0.4636762,1.2454873,1.7085397,-1.0686663,-0.88899183,-2.2270927,-6.37702,-4.876788,-2.9475234,-4.9877386,-5.5964108,-7.173206,-7.9634113,-5.9883523,-4.946459,-8.063955,-5.6256647,-6.4289637,-7.0835915,-5.674267,-9.075142,-7.864638,-8.901548,-8.629133,-6.121435,-5.077936,-4.4846478,-7.7130594,-7.834995,-3.6413794,-2.239194,-1.9642842,0.3471436,0.6255493,-2.2238603,-6.826966,-5.0953593,-9.261473,-6.490073,-6.2767973,-10.950081,-12.22294,-7.3596544,-7.0776486,-5.0184736,-6.852148,-4.9327087,-6.73135,-3.336086,-1.2258923,-4.607523,-9.669529,-9.834696,-8.047007,-7.7456007,-11.783176,-11.533163,-8.984243,-8.596441,-6.470517,-6.8569345,-8.9509325,-12.629713,-12.132669,-6.4193044,-5.6296344,-6.520407,-11.640015,-13.686703,-7.8173575,-10.151255,-10.083864,-9.569788,-9.065637,-9.393306,-7.2675056,-2.6808043,0.8515505,-4.002798,-9.2959,-9.619551,-5.689291,-3.8320837,-7.889223,-10.899488,-10.05563,-4.0352173,1.4466461,-3.736899,-9.2741585,-7.0248585,0.8621967,-3.9399338,-9.5453,-4.695703,2.0429206,-1.0581269,-0.71867263,-2.4637825,-4.0415745,-4.812983,-6.729642,-9.337164,-8.122007,-7.9860706,-9.802746,-7.754591,-3.0271661,-2.034809,-6.534239,-3.5203097,-2.390485,-11.627448,-16.19955,-12.882393,-13.557272,-9.809589,-8.484144,-5.2225304,-10.22196,-7.9380364,-3.6822548,-6.687072,-7.911118,-7.819871,-6.436184,-9.891865,-7.222186,-9.395626,-14.235122,-8.950766,-8.124235,-8.468361,-5.703238,0.92810833,2.905527,6.984225,1.8622802,0.47290468,-1.5075369,-1.5114472,-1.0230833,-0.954457,-1.4518249,3.6632056,8.351364,7.299054,6.0249805,9.623993,13.142778,14.505997,17.45408,20.185259,19.281498,8.865455,2.6798596,6.552002,9.808344,1.9674305,-2.5014148,-2.7665615,-4.0843334,-1.6193165,-1.7485416,-0.8943081,-4.0540476,-7.7431326,-3.543624,3.4137244,8.296253,14.559259,13.955994,12.393626,12.314329,16.923483,16.672924,15.384036,16.26722,13.479984,10.094769,8.0752945,8.0812435,5.608673,3.5588412,3.0213118,5.4669094,4.4761567,3.5261707,3.7163587,2.2761676,1.7779844,-1.7866573,-2.809065,-2.3799028,-0.9400119,-0.4475928,-10.5105915,-10.9118805,-8.491736,-8.950714,-2.9738855,-0.5753716,-1.9957106,-5.075384,-6.084179,-8.44657,-6.555509,-9.0116,-11.469673,-7.916685,-12.473307,-14.918892,-14.713856,-11.358482,-7.7741203,-12.923086,-8.750418,-6.8295527,-6.720488,-5.8201675,0.03356111,8.7592535,14.298277,19.597284,22.750828,15.142044,7.5668244,2.934225,-3.1740236,-4.484124,-0.22569694,3.3086224,2.165869,-0.31907147,1.1518216,-2.3512263,-2.5444279,-2.0599775,1.534889,4.5490274,-1.4283823,-2.1411688,0.2774055,11.24826,13.952202,17.9332,27.138748,31.78043,28.268322,23.909794,13.957641,6.225975,11.641766,17.118101,8.583253,-6.336312,-12.967157,-8.86633,-3.72239,-4.30415,2.4054422,1.5287118,4.9550405,4.6144514,3.422374,1.2030592,1.3813988,-0.43229887,1.1045015,7.740368,8.177289,13.27665,14.461201,15.9957075,17.463818,16.971346,20.888195,24.066538,18.903442,16.794989,14.467743,10.478378,8.333382,6.823081,8.521324,2.0198638,2.0568748,0.11774731,-2.0971353,-1.881742,-2.1958556,2.3796952,6.2688494,1.8900582,-3.3390107,2.7722545,5.2863426,6.1701574,3.3691704,2.5001957,4.8619127,5.9273705,-0.756381,-0.8307004,-2.005258,0.9721497,-0.90503687,-4.1786423,-5.1461678,-9.441986,-9.798719,-9.88595,-8.082427,-8.281761,-8.325302,-12.751787,-13.687824,-12.325952,-7.7038174,-6.115158,-3.716168,-4.942127,-6.305037,-5.22613,-5.2784743,-3.8487647,-9.179955,-5.7327223,-3.683771,-1.7395201,-3.1039429,-2.8096023,1.4694716,0.3976034,-0.47614497,-1.3520449,4.2407045,5.120246,-3.6048331,-2.549666,-2.782907,-2.5464246,-6.1547275,-0.037026882,6.306246,10.923053,13.980818,13.45689,12.597475,8.704664,13.328153,11.5728,3.645965,7.031753,10.263905,11.29064,15.192457,14.402189,16.257051,18.41264,15.777214,0.6640599,-9.5328245,-10.7130575,-10.993645,0.8475106,6.2399035,12.707648,14.626264,17.09364,19.815052,16.378399,15.198862,17.225235,16.675526,18.81663,20.779863,19.107368,19.453278,23.44042,21.309845,19.524265,19.281633,14.466464,14.972582,5.608173,3.2540045,7.4733124,9.799177,5.626693,4.2180824,2.2911172,6.709433,9.467676,16.14026,13.701137,9.693304,5.1764727,12.546612,9.708466,4.723447,8.5084505,10.29969,14.2145195,17.133354,17.500824,16.682486,17.132122,11.705595,8.66431,14.743091,11.859827,9.6439085,12.726672,18.081633,17.005383,11.430448,13.509768,17.146595,17.193098,17.90783,18.990105,16.508053,10.915698,8.667003,8.526539,4.776119,1.6051993,4.6488266,6.144429,6.54347,10.432552,8.617805,5.3850017,5.300186,5.670574,4.2442436,7.0502844,7.150259,6.258083,7.0935616,5.1419806,6.3467846,10.293942,8.118297,6.460081,10.785179,15.5826435,6.865344,1.0951312,6.4685235,10.13056,14.150715,22.337646,19.620022,10.951083,3.4133334,8.470053,9.026972,10.685642,9.304525,4.1119967,4.6036105,12.111101,9.060929,9.655652,10.5721245,12.488846,12.997754,10.079972,7.883079,9.336527,11.818037,15.378256,17.11011,14.442682,14.628,9.580097,8.593032,6.643763,0.57429385,1.0879029,1.9455789,0.87975484,-0.21876699,-1.2738268,-6.7051744,-3.873951,0.98451567,0.62900394,0.9449325,0.803563,-6.947919,-8.717211,-12.027082,-12.534527,-2.4121792,2.5784583,-0.423168,-5.9974813,-7.1075306,-9.988828,-9.563774,-6.4711256,-7.6371927,-0.57231617,6.262829,7.2590036,9.982699,11.698877,11.408588,14.063869,11.745218,10.558493,12.619743,18.657524,21.578556,19.773193,13.117333,13.458498,19.56128,23.452332,19.841862,10.512018,14.00996,13.766157,13.681463,12.658603,9.410304,3.2979684,2.8937082,3.6035419,17.638004,26.62484,17.501293,15.560102,8.43211,7.900128,11.948718,18.055962,14.738306,13.559965,14.137348,14.677637,13.296377,7.6381283,-3.189103,-0.8194182,0.16249931,-4.2308216,-0.4472252,4.7943525,6.266165,8.899208,8.024921,4.3011227,-0.9259968,-9.695522,-10.938325,-15.702705,-12.632114,-11.923882,-12.479523,-14.475992,-16.169422,-12.276162,-11.416551,-14.703249,-13.038155,-8.58641,-10.023355,-9.281101,-6.535449,-2.7494984,-2.0884297,-5.273719,-5.713625,-2.8483045,1.3921843,-1.6038364,-12.285103,-23.391548,-21.038006,-14.925742,-18.333944,-21.684906,-24.571802,-24.244667,-16.32864,-7.6188426,-6.667862,-7.6578803,-6.9375567,3.093543,2.4485953,-6.206307,-5.1843834,-12.542429,-8.187607,-8.19487,-11.771435,-15.846735,-14.8467045,-13.03841,-12.437374,-1.8780147,1.4011831,-9.652839,-21.08968,-24.553555,-22.99507,-18.930164,-15.418391,-2.9346528,-5.7290125,-8.759117,-1.5691061,8.960351,9.36618,6.5366445,8.133837,9.25588,8.839603,10.483308,14.576456,9.984195,5.899974,-0.25722277,-7.2075133,-14.594205,-14.549774,-6.4510226,8.78791,21.721527,23.156158,20.853771,21.507162,15.813243,18.779366,20.622799,20.573269,19.765022,15.164297,15.805312,14.426926,11.932697,12.2008915,6.942689,2.145698,-3.2721944,-8.59838,-1.7992,4.780981,11.208218,7.8836126,8.566996,14.2718525,17.647339,12.471554,9.352312,13.187736,13.353735,14.522299,11.482828,12.102421,10.961248,5.104262,-0.2927047,-4.8524594,-5.8322334,0.57379735,1.4347056,1.3405032,0.39819402,1.0320204,0.629476,0.031973124,3.178432,0.13773006,1.9906774,4.560104,0.5846846,-0.6735781,-1.7254691,-1.3110305,1.0489701,-0.57120204,0.87618893,1.3909194,-3.5778425,-1.9643435,-2.3209188,-2.9276164,-0.98366714,-0.8452089,0.45502675,2.065228,0.08844328,-0.08792722,0.8309707,1.134884,6.5675592,15.481528,17.789444,17.513428,20.86425,24.32348,23.033848,15.660031,12.574688,9.6085205,-0.30947444,-2.9182987,-5.478531,1.3597708,1.4484127,3.9427273,3.9328513,5.8865943,4.7191854,5.73715,0.112418175,-6.7919436,-1.8636683,-2.7523806,3.5427127,0.5684972,4.3088346,9.755872,9.02478,16.01902,24.684685,19.981909,18.379997,16.257425,17.220827,19.3535,9.010788,5.704731,6.342864,9.326649,11.329084,10.172152,13.169161,16.80344,11.520149,6.993863,2.5646892,-0.22377816,-0.8135506,7.3295636,1.337396,-2.0169501,-2.290299,-1.5258217,-4.1197405,-4.238788,-5.4640493,-4.427457,-0.3665409,2.6388383,-0.23052078,-4.506117,-7.524977,-5.342249,-5.3644285,-6.8328905,-8.944376,-6.5318813,-2.8154674,-1.9137436,-7.3430033,-10.014883,-8.66325,-3.1057768,-3.1940556,-4.9963055,-6.4077616,-5.414837,-5.023858,-6.3716354,-4.8857913,-1.2855515,-2.826558,-0.3224008,-4.111244,-3.1127546,-2.838873,-9.275417,-7.230525,-2.5777664,-4.100619,-8.175571,-9.27164,-4.6080275,-3.5263777,-2.763798,-3.9416945,-4.7034836,-3.5606718,-5.860794,-3.2069657,-2.2848527,-4.237297,-3.2088425,-2.9290504,-1.494183,-5.161735,-4.840643,-1.9890103,-2.039601,-5.555736,-7.3971434,-6.012478,-4.5704594,-3.3694916,-1.8309435,-1.8731934,-0.7531232,0.4840237,-0.54924715,-2.488176,-0.28706223,-2.1474624,-0.9111527,0.11261064,-3.7815516,-8.458925,-10.989047,-6.956799,-7.735128,-2.7337377,-0.1453557,-3.5028806,-4.082657,1.4291832,2.7589436,-1.1394544,-0.22160375,-3.3605483,-3.8608356,-7.74953,-2.7075427,-0.7551532,1.6493623,0.09932864,-1.3579824,2.3960176,-1.3984885,-4.959859,-4.468735,-3.630025,-7.8370824,-10.032774,-8.389649,-2.2161164,-0.64177674,-5.8906193,-0.80951726,1.4510884,0.9912583,-4.172555,-0.3389796,0.9081663,-6.2296524,-6.2621346,-2.484885,-0.5925081,0.9822805,-0.35636818,-2.7352552,-2.9661245,-1.9568037,-6.2178693,-7.1992946,-7.6247377,-5.694773,-5.370494,-4.91792,-1.4024725,-2.1478105,-6.1124544,-7.5277624,-10.678995,-10.956297,-15.190123,-18.546425,-16.57208,-9.181124,-4.0452614,-1.5882409,-0.85419816,-0.41500497,-3.6467938,-0.5661417,-2.883249,-3.7213483,-5.1163797,-7.9633355,-5.821246,-2.657525,1.3425194,0.56507313,-3.5789452,-1.0325751,-3.1063046,-8.596458,-6.4285116,-2.717414,-3.4617858,-3.331522,-0.60481715,0.06364679,-6.9647083,-10.029789,-4.1417384,-2.628968,-5.3284845,-6.0799627,-4.7425942,-2.2212152,-3.730779,-4.1726117,-3.7244434,0.9105146,-0.6458883,-3.914274,-3.7248616,-3.2883961,-8.175433,-6.9940424,-2.164289,-9.9723425,-9.032709,-7.008123,-5.9015255,-13.799265,-16.028725,-11.570763,-7.0865536,-7.295389,-12.9570675,-15.671061,-18.763378,-18.395866,-17.521267,-16.72749,-25.342537,-27.403633,-21.442577,-18.741194,-12.88942,-18.498291,-22.286732,-15.465005,-11.23423,-22.446339,-22.355564,-22.444931,-20.986183,-17.651852,-7.251641,-1.5968051,-6.1111746,-4.93982,-6.4479423,-5.7494173,-10.135471,-17.859959,-22.408737,-27.57788,-30.070202,-25.524248,-21.369602,-25.012312,-22.933575,-17.947168,-17.956264,-15.828573,-10.7722225,-1.3910099,9.951337,8.599541,6.310302,4.3887143,-3.775287,-11.08705,-15.263475,-13.69668,-3.705202,2.4054785,4.377184,4.6346188,2.8170698,-0.47588307,1.1908858,-3.0367846,-6.4540653,-8.689791,-10.171672,-12.397951,-15.335897,-16.939913,-16.957115,-18.506226,-21.078707,-23.806332,-20.074257,-16.238773,-19.913996,-18.500267,-11.791156,-9.163324,-9.37686,-9.482547,-6.292866,-2.6786551,-7.8524933,-9.569658,-8.010988,-11.00261,-17.49153,-15.901131,-7.1896625,-6.484116,-6.1359553,-13.457015,-14.195729,-7.332394,3.183366,3.5159664,-1.2622532,-3.7475774,-8.837816,-11.3080225,-18.52702,-20.267296,-15.469223,-8.442272,-4.3724613,-5.0201435,-1.3316314,-4.191989,-9.263055,-13.53772,-13.222126,-10.89726,-7.998522,1.5684799,-1.0982562,-7.8747334,-11.772707,-15.037106,-15.772065,-10.885954,-9.206961,-7.015813,-7.148082,-9.966282,-6.452197,-3.281269,-5.5507874,-13.83312,-15.621532,-7.202699,-6.800955,-14.175369,-19.525723,-21.558155,-26.541672,-32.61198,-30.820148,-24.316078,-17.837543,-15.193596,-18.578892,-17.144203,-13.310396,-10.293049,-11.839085,-16.913567,-19.649708,-23.99863,-21.40947,-15.406547,-4.397704,-1.636734,-7.049525,-3.6840296,-2.074843,-1.4807607,1.9592016,0.5722661,-2.5475674,2.4994316,0.45417607,-0.16597342,0.9422953,-6.085093,-5.6095724,-3.989021,-14.130562,-14.146742,-0.86200905,-4.4919004,-7.8354235,-2.867078,-0.014695346,0.8881116,5.1438556,3.619011,4.55775,9.525794,10.869123,10.389164,6.7455974,0.2987358,2.7518015,2.4627457,0.11838126,3.0237012,-3.8975692,-7.38515,-5.3267374,-8.1012,-6.865538,-6.1170807,4.4490566,6.9648166,8.320279,10.328783,3.3188496,-9.499441,-14.990072,-11.957981,-13.57015,-13.663832,-14.752029,-13.876966,-10.031121,-0.7531888,1.9718536,3.5455265,0.8792147,5.2262154,11.829665,18.139212,10.390818,7.8310003,11.240778,12.891976,18.69637,19.081993,14.964323,13.847664,9.988946,8.570547,10.134109,6.266068,7.713723,5.546724,5.5469427,11.38562,7.954116,3.926107,3.243754,2.4301405,0.44452322,0.952474,5.994672,6.0530014,14.793402,17.236158,13.437344,7.11993,-1.307246,-6.6250086,-11.357389,-6.220565,-1.5121384,-3.2133987,-5.624514,-9.450134,-11.888096,0.23659626,8.895051,8.968245,19.235893,11.057068,9.676534,11.947489,7.799288,6.127989,11.62639,18.285173,13.163696,10.664893,10.213429,11.630026,13.2113,16.009544,23.034735,23.02725,19.41092,14.305627,13.845647,12.064471,13.11334,18.58191,13.997824,10.6539755,12.0889015,11.3455105,7.7161183,4.2637444,2.1441953,2.8597891,5.702789,0.083649635,-5.1859255,-8.664017,-12.46331,-10.727245,-2.5286427,3.6154735,6.0089035,8.578796,5.2568097,-0.94720066,-4.4556346,-8.901069,-8.442917,-0.30604383,4.5335646,9.2925205,9.283044,13.398124,11.950819,9.330836,13.18749,14.743969,17.987785,22.827633,18.664791,12.530897,7.7027473,7.5047245,7.62685,3.1399257,3.1577277,1.4884539,2.8686566,10.418573,9.997387,9.707477,13.833008,14.828944,16.071875,11.562532,5.953888,6.5766726,1.7928404,8.48307,13.663717,20.497644,23.75885,16.496862,13.201399,7.0694437,0.23331857,1.2705455,6.394749,7.507379,3.407576,8.418857,7.340813,7.6585183,9.601799,7.136095,3.3352475,-0.59603345,0.17288235,1.2589455,-1.2052217,-5.0780597,-3.503341,-4.876774,-5.0377073,-2.902069,-0.97728693,-1.2762445,-0.7497154,-1.7316893,-1.5324819,0.94207585,-6.0231333,-8.075195,-1.6152146,-4.7378163,-1.2922978,-2.2546055,-2.7336125,-4.6190643,-12.541201,-2.7362902,5.1831565,3.628633,4.0830965,3.4726973,4.429863,4.713041,7.496611,10.179764,8.244448,3.354529,-7.979665,-5.3789225,-3.348802,0.3101223,-4.6670313,-4.691369,-1.1568272,3.8929067,-2.99219,-4.514264,0.09064567,2.3847167,0.56951094,-0.9964328,0.5522444,1.8277049,9.695328,22.124828,31.754177,29.702328,23.464703,17.254822,16.448109,15.565139,14.412222,13.33478,18.533295,18.238605,14.949188,18.368444,20.026752,18.720177,15.42392,14.087593,8.142001,5.890312,12.871886,16.853905,14.905884,10.901093,13.208144,10.977759,10.104204,10.818968,-0.17201787,-8.697113,-8.625355,0.8119397,6.2943673,7.4266586,6.99812,5.0172772,-3.434795,-6.387775,-13.678175,-6.6021566,-0.6683345,3.3520825,-3.237501,-17.517197,-12.911821,-5.3936934,5.582917,3.9889915,8.116377,9.072419,6.1848745,9.606288,12.039378,15.702559,11.933996,11.022561,11.939449,17.539875,14.3820505,14.442188,14.79199,15.12528,17.287304,21.370094,18.877754,16.065163,10.779861,7.682171,13.3600025,16.713175,12.459076,11.490927,14.383543,17.392979,20.436068,12.23806,2.499349,0.7620708,3.1796048,3.7316747,0.8305788,3.8800247,2.3367133,-8.97849,-12.38665,-11.301645,-12.598061,-5.973935,-1.1122811,1.7767832,-1.4878085,-1.3016297,-9.667525,-15.543097,-6.703866,4.411635,10.849817,16.975903,15.483479,15.242027,16.564705,13.57312,12.397245,19.211502,19.327805,17.485382,19.100658,20.46408,18.836615,19.281647,10.957237,9.356914,13.645368,16.463223,16.43094,14.073439,12.388756,17.226124,24.331514,22.027246,19.0363,19.30447,22.459864,19.173193,17.87772,16.11938,13.420838,14.10177,13.766013,10.614578,14.561293,13.738483,9.531109,10.280624,15.68055,17.080914,18.185915,17.567623,9.138341,-1.795566,-9.543059,-10.583591,-6.2907305,1.9825795,6.63397,-1.602317,-4.7446766,-1.8308597,-0.8856448,4.28179,5.5565443,6.9838905,8.358681,10.117259,5.220707,0.5214035,-0.8320073,-4.600789,1.74336,6.4176507,2.6101208,-0.51283216,-4.9566336,-4.4228883,-3.232053,-1.347226,-0.8664898,0.09277746,1.9006463,1.5393543,-6.262099,-10.560913,-6.0067654,-3.8544605,2.9024425,4.282587,3.5214515,3.0278172,7.1714025,3.619563,2.705636,2.6682045,2.0371523,-1.6164737,-4.917571,-8.221283,-8.466348,-4.305587,-0.92306733,-2.6792421,-4.8825727,-5.0600853,-5.976349,-13.91358,-14.292759,-11.194135,-11.862894,-10.532112,-11.438972,-10.0649605,-6.2110467,-4.974355,-7.2752953,-6.987201,-6.353705,-3.1254814,-1.1959271,-5.35352,-5.0488024,-6.1318507,-7.7982087,-0.80442613,5.6323404,-2.3699732,-7.283737,-8.912031,-8.057949,-2.4510672,-10.43067,-16.781818,-11.0803,-7.725156,-15.412582,-15.775772,-10.312885,-8.381643,-11.295973,-7.8683357,-17.740881,-22.273935,-18.080112,-12.027102,-1.9300218,3.399366,-3.6699038,-4.0487957,-7.8079205,-12.239732,-12.753897,-13.50523,-16.250063,-15.821491,-16.43036,-13.40718,-7.160369,-10.513601,-19.526146,-15.169204,-8.543306,-8.169671,-7.2592297,-5.1625886,-8.232642,-8.168652,-11.462013,-13.857075,-7.802506,-7.715064,-8.345311,-5.2223983,-2.0039876,-3.7494686,-4.2266326,-6.9158864,-3.8216934,-0.26678887,-3.0834115,-4.90699,-9.0039425,-11.242189,-13.347924,-15.305401,-10.695174,-11.031883,-12.542794,-9.222474,-1.7609317,4.1135893,4.627301,5.3005977,3.9302516,4.193007,3.189673,1.4654615,4.4707723,4.2166104,3.1675231,0.44803143,5.6386647,5.165783,2.9273214,3.2889755,5.337536,4.8886013,6.169531,10.45367,8.651855,5.1502566,0.61651134,-1.3633033,1.9408308,4.2681317,4.8924103,-0.21490288,2.6115885,1.4696809,2.8173144,3.9228177,1.0676135,3.5079498,-0.10199773,2.3994026,8.57691,5.662762,1.0724626,-0.92393744,-1.1704178,0.5140619,1.5745822,3.2894678,1.3575746,-0.8525114,-4.5331984,-7.288273,-6.3649464,-1.3423023,-3.047214,-3.945487,-4.2058535,-2.554274,-2.091216,-0.51655245,1.4129338,-2.4195313,0.7578814,1.3413506,-2.203043,-2.2968664,0.38415492,0.85433334,-0.16633585,0.28268737,0.17722987,-5.1581793,-3.879632,0.3747979,0.048359275,-2.2001238,2.1769524,5.440546,4.253386,1.7765009,5.12501,6.1245656,8.203204,-0.6440311,-4.2784085,-0.66546714,4.476292,2.576142,-1.2417388,-3.2659898,-5.741065,0.8747015,-0.67307425,-3.1632814,0.9542257,0.5519638,0.19198589,1.4733887,0.7154552,-1.4398403,-2.5662465,-0.452029,3.954593,-2.1846957,-0.8131821,0.40715528,-0.023554996,1.1449552,-4.0055714,-1.6683402,-1.6172094,2.0687952,7.0448117,2.057046,-6.955741,-6.1750927,-10.208418,-11.425392,-5.2633095,-7.0791054,-11.0528145,-10.56046,-5.4414754,-2.4945009,-3.791584,-6.3542156,-13.653463,-11.528497,-9.0063,-9.863005,-8.048695,-0.25492808,-1.452328,-0.07813394,4.722674,-0.0058026016,-4.6944194,-4.568879,-11.700718,-14.530556,-13.5871525,-15.185811,-10.758007,-10.983848,-14.301949,-12.262758,-11.24902,-6.8656006,1.5241683,-3.6356957,-2.206225,0.26235726,-0.111037076,1.7382997,4.602415,0.8610453,-4.165995,-11.358259,-15.566164,-13.734555,-13.317288,-6.306027,-0.96001107,0.035754234,-4.6332846,-11.588359,-13.027603,-6.3751044,-6.3744683,-12.8063545,-6.9757433,-2.3229694,-12.276379,-20.116404,-15.114804,-12.894122,-11.380997,-2.8029625,2.2423542,3.1910667,6.0516987,5.790517,3.1831434,2.8421922,-7.075758,-9.022074,-6.6278996,-5.462137,-8.3885,-5.406538,-5.4495115,-10.200157,-7.9370003,-4.057209,0.57880163,-3.3714042,-8.850682,-18.596973,-13.092522,-8.586866,-4.8571243,-3.777032,-5.6056156,-9.182276,-14.044947,-17.957485,-25.589275,-18.10551,-15.661528,-10.530878,-0.24364841,8.463865,9.08447,7.5650043,1.723707,-6.326795,-11.430994,-6.3663588,-3.6441984,-6.157625,-4.974478,-3.6135383,-5.219225,-10.546949,-9.432173,-1.5337329,-7.0674133,-11.107775,-10.631987,-10.202424,-6.4174943,-3.3295648,-5.2648573,-5.7378135,0.29789132,3.7303467,4.2125835,2.615577,7.2020907,9.920872,10.411574,2.6577392,4.944051,0.29304242,0.27859497,-0.90140307,-3.0348787,-2.3689134,1.812887,5.863695,5.6321774,3.627055,-0.79412156,3.424139,2.9457364,3.5960279,0.79854256,-2.8221164,1.054707,4.15722,3.6617286,3.7852366,9.145167,9.981575,8.48757,4.4223113,5.694356,0.2711072,-11.92993,-18.163548,-11.382307,-7.0450716,6.5883813,14.6703005,10.787729,7.192125,2.9528975,4.594019,7.2008047,-2.3543837,-5.424423,-12.435671,-13.582809,-14.281246,-13.057363,-8.522129,-8.413383,-1.6776806,-2.9230618,-6.607073,-1.9764829,0.45442933,4.22476,4.363493,7.3398113,10.075134,13.031352,16.415554,9.6816845,7.1813707,6.5943265,3.5457375,-2.1548314,-4.693925,-2.654945,1.0452192,2.976755,0.61818224,6.504245,4.919231,7.4476156,10.072163,2.6572506,1.2244228,5.065288,10.131311,9.956277,8.482794,9.5460205,10.670574,2.158898,2.3637927,1.989192,1.1813617,3.9038835,9.655392,8.225551,7.189911,10.2500725,12.304991,6.9893885,4.4479656,7.044452,7.1749625,9.717173,7.9929237,4.258026,1.174797,-0.78689563,-4.7576113,-11.903429,-11.302551,-7.0681868,-5.542205,0.5144639,0.7155707,-2.1312003,-8.646585,-6.610957,-6.0365467,0.21911871,6.6663084,12.798626,10.687214,17.773846,17.484474,10.030295,6.2204256,7.4371576,12.730127,8.7940235,9.641536,13.39621,10.900675,6.651179,7.024566,14.953518,19.124514,17.186571,16.970203,15.838362,12.309296,8.903495,12.312489,5.066223,14.911499,17.94742,14.945824,13.376661,16.771744,18.572445,15.861887,12.773434,12.50201,11.808229,7.6721344,14.124041,24.101992,17.01283,-0.07587109,-6.7814837,-7.389192,-14.630119,-13.592642,-7.143078,-13.127371,-12.357641,-3.4047408,-0.41359508,-5.347711,5.53114,8.86511,12.059909,13.872702,12.19405,11.704654,14.908133,18.681686,22.049257,19.0658,14.8874,12.313656,7.3506203,5.3373275,2.578235,6.3478365,10.476215,13.30392,11.713898,13.010165,14.663359,10.30448,11.560251,14.519548,14.886919,13.376921,16.32013,13.014236,11.205383,12.964003,18.199337,18.222,20.635311,25.442816,20.216526,15.488962,10.210409,8.739605,5.052863,4.5420313,4.9307756,8.481512,10.891708,15.184029,14.665235,4.665389,6.0498905,1.8383427,-1.9538401,0.102853954,1.0221378,1.4678926,-1.7166054,1.1262127,-0.91506666,1.249061,3.6266952,0.32759595,-3.3887906,-2.42,6.3489084,9.447807,1.1243916,-3.1249185,1.2245748,4.1480684,5.6218586,3.2769132,1.7265103,-0.94535875,1.3256695,-1.0346674,1.7330636,5.674202,10.062809,7.523407,10.18993,4.1872168,1.7595484,1.7381089,2.7759476,0.24051762,5.973733,3.2372053,0.25900257,0.86820877,0.87003696,3.9531777,2.1819222,-6.6757946,-4.9089284,-10.625338,-8.656107,0.21963847,1.5593278,1.3098408,1.0075566,7.128432,1.1374662,-2.7266078,3.6842318,12.681893,18.165348,24.267017,30.429062,29.118528,23.006153,19.127068,11.342352,10.317517,13.387657,12.909571,13.459187,15.094036,16.106192,18.505194,19.138441,16.900993,17.174034,14.706241,12.427372,9.205688,10.941683,12.545455,8.191744,10.117464,13.703865,14.019974,18.826006,19.133009,16.944769,13.968874,17.53857,16.961645,6.184813,2.2654493,3.4272156,2.5377154,4.4560347,1.3200704,-2.2326212,-4.5571795,-8.176221,-7.5969315,-1.4300683,3.881093,4.554757,10.892331,13.183748,8.45532,0.46606612,-2.1554542,0.5408651,4.978484,12.503895,11.497786,7.636834,6.9885902,8.85294,8.54385,8.496777,13.396076,10.901081,12.444044,13.986259,11.5508995,5.958714,11.274214,7.939441,6.2736344,8.07623,12.579151,16.142776,19.165401,21.33157,18.356972,19.689812,23.552908,21.106892,23.686611,17.547367,14.478508,15.366118,12.260908,9.340376,-2.2933114,-16.287064,-15.632515,-13.693671,-12.41263,-11.0205145,-17.136368,-11.7613735,-10.136493,-6.927997,-2.8435087,1.0774804,2.262467,5.0919943,11.678167,9.358959,6.4235454,7.164275,4.636368,7.798514,11.357357,11.584548,9.945244,9.252556,8.333665,7.211314,5.8129354,4.285678,3.382788,5.2322187,8.1689415,6.3493743,7.808485,1.899481,-4.0144196,-10.685488,-12.049976,-1.9743265,7.68497,12.42955,9.02043,13.798921,13.4556465,11.954157,7.3407993,5.002739,0.058241367,-5.869799,0.14294648,0.13766336,-2.0655034,-1.5149269,3.1568053,0.20449138,-2.88336,-8.693142,-8.688118,-3.2403414,3.902095,5.6661367,2.2362223,1.6789709,1.1221128,-1.048929,3.105996,4.774192,3.2463586,10.958547,13.4021015,10.91708,4.605474,-2.2921648,0.6043131,3.964859,1.6458621,-3.6208491,-6.363005,-1.7742442,4.782405,6.876666,3.6386344,-0.22023726,-1.95526,-0.8724706,7.7423115,11.468235,12.261761,7.019192,5.9747033,7.2660804,3.5688457,-5.5024858,-18.976141,-28.607235,-25.5475,-12.843817,-4.3497715,0.7954347,10.589926,11.447332,7.297952,8.154701,12.182726,14.082108,5.9042835,3.3211527,3.347997,1.9666319,-3.054395,-6.5896144,-2.811656,-8.125714,-12.386302,-12.31063,-10.932135,-4.5638494,-5.0059185,-2.5668888,-2.107774,-8.945302,-11.7159,-2.701958,-0.098967135,-2.0560837,-6.5783167,-5.5774937,-5.823722,-2.113058,4.049163,3.690308,1.6681159,2.2115555,8.773588,4.183363,1.5871205,-5.9015617,-4.487047,-1.0935355,0.9845447,-2.3776827,-6.1987057,-1.1698823,-6.780484,-17.062101,-19.910759,-15.681317,-9.733459,-5.626421,-8.075107,-17.323399,-13.515139,-8.481986,-5.15775,-7.4664125,-7.4037123,-3.5150352,-2.3944793,-6.1753798,-8.778025,-7.3311424,-7.290905,-13.201823,-12.063482,-14.375965,-14.113745,-16.39946,-8.935279,-5.773131,-4.077046,-2.816094,-5.447955,-3.095603,0.073476195,-4.4479113,-8.980581,-4.864352,-10.38047,-12.0763,-14.600241,-16.455898,-16.37664,-16.34586,-10.131496,-6.1306925,-4.6927147,-7.237968,-14.008544,-4.7643914,8.261803,8.8488,4.739481,1.5643507,0.4962541,5.0507355,5.119293,-1.1050881,-5.9895196,-3.594245,-2.222037,1.8156806,-2.5029619,-8.283005,-4.36271,3.3730042,-2.0855632,4.4520454,10.374387,8.8716755,9.638866,12.631169,9.655029,11.803142,6.568372,3.5776997,4.7069435,0.87239313,2.828628,3.9893174,4.6122985,5.168347,2.3047018,4.1880445,6.970521,7.9064083,7.2921405,9.706854,10.407112,6.905055,10.097319,8.53537,7.0845785,4.0197234,8.79925,6.019392,0.2662735,1.7437819,8.947817,7.824824,5.3309126,-2.0471163,-0.040082216,0.72497916,2.355688,-6.2769494,-6.7491083,0.44197,2.3537183,7.4285345,7.538478,0.5558224,-5.966381,-9.193638,-12.4486,-3.5727844,3.9391773,5.709751,0.9867109,0.5575496,3.722547,5.8341665,11.3766575,3.236741,-1.0686246,2.2955275,-1.7289423,-4.5827665,-7.171974,-5.581508,-7.8576927,-11.080177,-7.247616,-1.1202878,3.5743654,3.9231064,4.039794,6.391995,7.379885,5.300515,9.252322,10.746314,10.9035225,10.563225,10.87541,18.211891,10.552622,7.1835146,2.6114345,1.7353888,0.7955506,3.7262285,4.2043366,3.559325,8.633038,5.2191753,2.9390054,-1.983997,-5.8681116,-5.9173384,-10.056162,-10.753796,-7.059318,-6.687721,-4.3675437,-5.082942,-4.578819,-3.0085936,-5.674039,-0.53355986,0.1510787,-1.897337,-3.4501684,0.93856144,-1.5251791,-3.2964025,1.6505859,2.2416077,6.2668414,3.52154,0.09444517,3.3102283,7.9396577,5.23684,8.586688,7.2334323,1.1628873,0.30652526,0.31727737,-1.4637175,-3.2682729,-7.6578794,-10.135906,-9.365019,-5.704872,-1.4977508,1.3105417,4.4605055,0.41500103,0.49230948,2.7322128,0.84144276,-0.3896122,-0.6944113,-3.2656364,-2.488311,4.8975124,10.33016,10.811434,11.541718,5.8771257,0.08150822,-1.3012677,-2.180637,-4.2425995,-3.175734,-1.1125774,3.351376,1.9796718,5.808802,6.815627,11.675488,6.177603,-1.9429059,-7.2105036,-9.233609,-2.4764197,-1.1095141,-5.1185417,-6.916892,-0.1510359,-4.992913,-1.3527952,6.165816,2.530267,-5.6607513,-6.513527,-8.412249,-4.5796957,-0.66976595,0.56457376,-1.5328419,3.6154115,7.8442626,4.4572215,4.6221848,1.374823,-6.8481007,-9.025461,-5.0467405,0.74843395,-1.6011369,-0.035916135,3.8070812,0.07311186,-4.0834355,-8.573891,-4.523344,-0.58990765,-1.3474045,2.0471432,4.352294,-1.2064428,-0.8054277,2.1748435,-1.4256378,-5.56686,-1.1953979,2.8730795,5.3869324,4.929022,1.4648817,0.39479184,-0.8260329,4.1462755,2.988457,1.671782,1.1736641,1.9717451,4.184896,6.828387,3.349576,-1.8607311,-5.181143,-6.2901683,-7.0277233,-1.8674097,-3.2352407,-9.009258,-5.548573,-3.6708996,-5.683509,-6.58229,-1.1896348,6.45452,2.0288959,-4.0383286,-3.7170238,-3.26026,-1.9766836,-2.2042856,-0.69628984,2.1162689,0.6654484,6.3945,4.92443,6.3614945,8.576356,6.014881,7.6340103,8.55365,9.254168,11.749979,9.431654,7.458848,4.516367,1.4986942,4.8972807,4.551152,0.2964667,0.6790085,-1.461683,2.1845064,4.7432747,1.8133364,-6.994466,-3.5908554,-0.9103099,4.5531273,0.55202436,-4.1276536,-4.238805,1.8695014,1.5570737,4.0792894,2.3598704,4.338309,8.284109,13.142882,12.033136,6.50586,4.830216,4.4249783,0.5057758,-2.0837405,-4.165015,-1.524346,-1.9415948,-0.98662996,3.8396735,4.463535,3.9384015,6.295373,6.1914907,0.5335465,-1.8950472,-3.1399922,-4.6264915,-5.6435533,-1.5664774,-6.1477823,-1.6365964,5.9445753,4.3079014,5.7681684,6.335345,4.276546,6.262368,4.8542814,8.047173,3.6139293,1.2686578,1.077205,5.5966616,5.9729548,6.9551554,10.110985,7.4468427,-2.9731178,-6.152567,-5.8441467,-3.7122357,-6.1251717,-5.3921423,-8.447826,-9.012804,-3.8643,-10.331667,-6.513237,3.559511,6.277393,-1.7291398,-2.2242703,0.74277544,0.7472944,-3.6407237,-2.4482515,-4.76683,-3.472755,1.3736961,5.7600517,3.8518825,3.3351328,0.08853805,-2.7812872,-2.8753166,-0.09498179,-0.61618,0.9006827,3.7389052,3.275323,4.5990853,7.3950706,6.9832835,8.977099,1.9027393,-3.2413833,-6.3557043,-3.5753574,-4.648449,-8.1563835,-8.032148,-8.899767,-6.5891414,1.0390528,3.960718,4.1017275,2.645141,0.57464623,5.5302715,8.552925,7.322841,3.1205158,1.3136982,3.511034,9.287885,11.254166,14.966447,13.171074,10.904678,12.962149,10.680815,10.963504,9.612144,10.173901,6.851714,3.889669,1.7881157,-1.969893,-4.855585,-2.6136463,3.3000507,-4.217553,-3.547369,-5.898338,-6.246854,-6.032638,-7.4851317,-7.0888968,-5.1621904,-7.7346277,-5.61399,-5.125263,-5.5235596,-10.091162,-13.088463,-13.773993,-7.6735935,-4.564505,-4.0614843,-2.1322565,-4.3651853,-0.96739244,-3.0547483,2.0114074,1.4750448,-1.6625763,-6.091142,-7.7821755,-6.5520897,-7.2556944,-6.1573167,-4.238171,-2.3200607,-5.0991106,-5.4166775,-3.244808,-5.4846425,-6.5674887,-5.1448717,-7.8372583,-10.249945,-9.821684,-6.545781,-5.0823164,-4.3033037,-0.51938635,-12.009498,-10.900636,4.2359896,11.683669,9.437499,10.608996,8.778958,6.7739067,2.9090137,6.236184,4.2480364,4.111602,4.88878,4.6383014,5.5875854,7.351358,4.8857317,6.198408,11.042944,11.726126,8.859335,8.08997,8.482284,11.84136,13.305143,11.808735,9.826605,11.511944,10.258328,9.186996,9.344189,5.2861447,4.898715,6.452298,8.875131,5.069401,5.797412,6.2588754,2.5807843,1.668149,-0.6138147,-0.14566994,1.1638691,4.206304,8.32637,11.317631,-0.62335575,-11.510708,-14.651592,-10.050101,-10.845357,-10.20389,-9.946867,-10.646856,-14.751518,-19.26107,-15.571859,-8.990348,-8.056684,-8.199962,-7.7203636,-7.5061646,-5.7128468,-3.8502507,-4.1163955,-10.7351885,-7.9776387,-9.685141,-13.498913,-15.652561,-14.94169,-11.29341,-12.763185,-17.175877,-15.101504,-13.726045,-12.351624,-9.249804,-0.11179352,10.65391,7.2170434,0.9823327,-4.5585155,-4.4415817,-5.0284386,-8.498547,-10.247155,-12.279793,-15.788427,-19.858036,-16.988703,-9.001535,4.2962475,8.249431,-0.91935265,-8.4762745,-5.979024,-0.15034233,2.736509,3.5991144,4.4104433,0.22420788,-2.4784234,-5.653143,-4.526432,-1.2466674,-3.4501395,4.838765,7.5594325,9.156086,7.0054946,4.5745974,-4.0911713,-4.9752088,-10.062164,-7.4496646,-1.7260845,3.3839407,4.4821587,-2.4927921,-2.2284384,-4.780405,-5.3282423,-0.8260915,-0.29929024,-0.17478085,-0.9928291,-2.0496628,-3.5942647,-4.7012854,-8.547319,-16.886467,-19.203297,-21.29956,-18.624903,-22.00543,-20.817846,-15.990333,-16.911547,-22.716679,-26.63319,-22.034348,-18.86369,-18.488089,-9.450292,2.0256011,7.7989407,7.7371225,4.2833047,1.8389353,1.4285424,-4.8129463,-8.997076,-3.466959,-2.9609606,-13.9072075,-13.86668,-14.132719,-15.011961,-17.626667,-20.084677,-20.981653,-19.061836,-17.171267,-11.618644,-16.782427,-17.06805,-15.651325,-16.751053,-14.316615,-14.606739,-18.685593,-21.692085,-22.25784,-21.571241,-21.48551,-18.25509,-21.111147,-21.16845,-20.173103,-20.24301,-25.329235,-30.845066,-30.069874,-28.0938,-26.961056,-29.051228,-27.097374,-21.16272,-9.106064,0.5863502,-2.5018969,-6.8682504,-1.2349855,-5.9502215,-12.49111,-11.889498,-11.652635,-11.354415,-11.639382,-16.008945,-21.775963,-19.896317,-16.865593,-14.988314,-13.610062,-13.383245,-15.026833,-9.602092,-12.963488,-17.639977,-15.796737,-15.014347,-12.128071,-4.8121886,-0.1356182,4.853301,5.157889,-2.019662,-4.6306014,-4.374241,-0.63149387,2.6228085,5.707327,3.5142531,8.94747,17.635174,22.353771,23.85045,19.966114,13.2824745,6.879987,11.237455,7.577865,13.095782,9.0617695,7.0426598,8.034287,9.9514885,11.976223,13.206096,8.19195,4.8767695,7.2257833,14.418651,15.652796,8.511566,3.680397,0.32072812,4.9071584,6.736675,8.904787,2.4981174,3.104723,-0.35441503,-9.78059,-15.312006,-15.057234,-9.734293,-12.113398,-9.031275,-10.546571,-11.808033,-10.868599,-12.196658,-9.081614,-7.8191366,-8.048972,-11.104717,-18.211128,-11.624031,-3.1142468,-0.8729016,-4.577838,-2.3615272,-0.1074723,1.2052652,-0.5755557,-1.597004,-1.2402811,-0.5144391,-5.69748,-13.95044,-17.093689,-13.145467,-9.943499,-9.566801,-11.543871,-8.065277,-4.237002,-2.5056984,-7.706276,-3.9176478,-4.7385125,-16.223885,-15.439358,-13.5409,-7.9733844,-4.468936,-5.8894877,-3.971873,-8.450495,-10.2908,-4.942833,-1.3164014,-4.1932373,-3.8011067,-2.7581072,-4.0797815,-9.610645,-21.00365,-25.321648,-27.362598,-29.762157,-26.462067,-22.68998,-9.238913,-4.068179,-4.5440984,-14.346638,-15.977318,-15.22102,-7.836934,-6.7292113,-6.4381742,-0.6159516,0.48481193,1.8846798,-0.5139395,-2.198848,-2.307944,-0.20439875,4.3011284,9.848053,11.090605,11.268591,12.283695,15.289076,11.589543,11.2255125,12.464878,8.650085,5.5131874,12.455445,16.852634,15.459187,15.19823,14.470993,4.297018,-1.6301657,-2.1317384,1.4858501,5.1644015,4.278019,-1.8777498,3.1212676,1.612563,-5.4519596,-14.017233,-18.15601,-10.777652,-6.3533573,-8.098799,-14.703154,-16.402407,-17.814678,-21.407305,-22.007769,-21.459953,-22.920044,-20.652782,-22.0266,-17.40392,-15.10735,-14.503125,-9.594473,-13.120557,-7.811945,-1.5319855,-6.620789,-6.2076464,-8.912399,-9.820572,-5.489482,-7.225296,-3.0662336,0.06892288,0.75066173,-2.5185554,-2.8523417,1.5522025,0.50049317,-5.04443,-9.301258,-9.945728,-7.5759797,-8.730553,-3.3250222,-4.4057574,-3.7391553,-4.3616095,-1.2683842,-2.621047,-5.780181,-0.72239965,0.048735768,-1.706853,-5.7787914,-2.8989866,2.2427769,2.1402025,4.059069,-1.2613808,-11.550537,-9.44062,-2.8961487,-6.0558863,-5.133506,-4.1788344,-7.386181,-7.032769,-10.794707,-11.098466,2.5119328,2.8478763,4.0362883,1.8119307,-2.7622957,-3.4216495,-1.5270736,0.98299384,4.0666523,8.415122,6.744273,7.7537575,3.0444486,2.2339199,4.6687727,3.7417593,-1.7710147,1.346354,0.97662723,-4.7116337,-1.7754548,-2.5423892,-3.139505,-4.3264933,-10.701762,-2.5571077,7.868216,4.6667542,-0.48391154,4.9308624,9.001102,-0.11161697,-5.1147685,-12.540012,-15.309377,-14.854042,-11.287199,-8.871413,-9.766193,-14.810636,-12.531527,-13.886465,-11.0994,-5.4213777,-2.7533321,-9.4874525,-7.267626,-5.0957165,-2.5920694,-3.93287,-2.2634254,2.1639144,2.9905217,4.1644454,3.7654686,-2.7712688,-2.1614099,-4.461488,-2.9181585,0.98467654,4.563821,2.1509788,-0.67208153,1.5948274,-2.6449313,-2.2212825,-4.6641383,-3.4745612,0.0544275,-2.800127,-7.3429613,-6.0750504,0.37443715,-0.01002261,-1.0928613,-4.0678396,-6.727892,-9.736881,-7.4443946,-1.679001,2.859869,-1.3730037,0.060236335,7.063176,9.701118,14.683394,15.192194,6.976331,-1.1342137,-3.6257985,-4.6334887,1.1477767,-1.1575,-1.0704372,2.8136337,3.8823247,-0.359097,-2.1863601,-3.973368,-5.8528657,-2.7020478,-3.2240033,-7.93546,-5.8023243,-0.60802335,-0.19201763,1.9155192,-2.3205836,-9.005998,-18.053535,-25.27103,-29.456919,-31.671635,-27.786743,-29.29806,-33.613533,-30.814705,-22.676897,-11.8338585,-7.9657946,0.3749035,-4.9557076,-5.3414307,-3.8843067,-8.560288,-9.938417,-9.7092285,-12.302286,-10.186531,-8.040172,-9.239681,-10.291332,-10.397571,-9.213154,-10.815288,-14.314147,-18.629087,-18.416128,-13.94085,-13.085443,-11.830737,-16.33094,-15.016968,-11.179838,-9.11502,-7.155528,-9.2831335,-5.900144,-3.3180137,2.9043758,6.555668,0.6736843,-1.6414261,0.30130166,-1.9683685,-4.518542,-8.801283,-9.974676,-13.827903,-15.425903,-11.570932,-9.117615,-11.665451,-15.036032,-18.008743,-16.953262,-8.618557,0.8236033,1.1754307,-2.9183109,-3.8096871,-6.5084734,-6.1876116,-7.607568,-11.495695,-10.113716,-10.441144,-4.986264,-5.8064094,-3.0052161,-5.7892995,-8.907438,-14.370246,-17.228718,-19.661774,-20.754654,-20.6288,-7.7629704,4.142705,9.34371,10.948055,11.773367,8.765368,10.026728,6.8284845,7.7711215,2.6781428,1.948046,9.609418,13.626696,12.28697,12.734949,16.998419,13.880016,10.695734,9.6242485,10.250099,12.449635,11.286707,14.290077,12.314474,12.358701,8.739075,6.6292987,14.003601,16.803913,3.211275,0.53167105,3.0477014,5.279108,3.04787,-2.9633403,-4.352973,0.64579046,0.045805216,2.4917505,1.1192416,-2.904362,-13.804018,-15.043358,-12.118551,-11.971197,-13.736913,-7.4214177,-5.1597524,-4.3937864,2.0541062,-4.9996953,-9.262054,-6.804485,-10.940599,-14.328778,-7.790147,-1.6364702,-4.144203,-3.6659293,-3.6266904,-3.7670927,-9.38234,-8.785131,-3.9237483,-6.0407367,-6.556018,-10.59811,-14.266626,-22.658768,-15.802246,-14.567508,-10.8228855,1.2262735,-4.352516,-12.356218,-14.617212,-18.192036,-15.136765,-15.741515,-22.99362,-23.029675,-18.22905,-14.701716,-14.601561,-16.617315,-14.288654,-7.507616,-9.211592,-14.167611,-17.802559,-20.517159,-17.453506,-12.904257,-10.27523,-11.936699,-12.54705,-7.3417788,-7.0773067,-5.048592,-5.4717903,-9.25235,-11.188221,-16.120434,-16.78213,-16.435688,-16.582018,-17.802025,-13.1116905,-7.5737286,-5.1621537,-4.273411,-0.28981566,1.599581,1.7726419,9.598165,14.611929,10.70573,8.51594,10.316534,8.871202,10.191393,8.4235,3.2797353,1.4998788,4.741003,2.8951402,-2.1388564,-0.03990054,-2.9165246,-4.611348,-5.810242,-5.14623,-7.97918,-6.5995564,-1.2479819,-2.533224,-11.292203,-13.343559,-16.950096,-14.047599,-7.199439,-5.7551136,-8.524083,-4.7622,-7.043396,-11.442682,-11.049002,-14.760314,-21.347183,-20.548428,-19.270138,-18.425518,-18.510994,-12.796572,-8.758869,-9.784749,-5.4616675,-3.6646695,-1.0272582,-0.5557234,-3.7360501,-2.2937257,0.29876757,-1.1508262,-4.3291683,-2.352932,0.70006883,-1.4661756,1.976644,0.9180044,2.5403209,-0.17431599,-3.088929,-0.031133145,-6.128007,-7.6795306,-4.500329,-1.5040075,-2.8026178,0.9437882,-1.3525406,-2.9404085,-7.0549345,-10.617483,-6.3192015,-0.57767123,1.0433722,-3.8145673,-2.8187027,-2.3871768,-3.7526548,-2.1485775,-2.3599536,-4.176974,-2.6987877,-0.9663503,0.9112201,-5.4427457,-9.507167,-11.149578,-15.734717,-15.626212,-11.991821,-6.1671457,-1.4666886,3.4761462,1.4982405,1.5864592,0.85173744,-4.429195,2.905989,6.9566507,2.9157553,1.8872801,-1.4370289,-1.805603,0.42269742,5.1541686,4.5112295,-3.2248392,-5.0580072,-2.4550495,-0.36648142,1.3742883,-3.7808783,-3.0469983,-0.03396094,0.5285095,-0.46276498,-0.5795667,-2.569706,-8.132186,-11.707614,-11.752459,-8.8751335,-8.476053,-8.892225,-2.0063672,0.4067062,-1.1490763,-4.7165775,-6.2849236,0.7588372,6.05252,6.7489824,-0.033456385,-4.519515,-5.824316,-0.68745375,-4.8385177,-5.208106,0.67198336,-1.6990597,-7.8649473,-5.6552286,2.8162346,3.4929528,6.531657,7.060928,-0.23590374,0.18687522,1.4767668,-7.1174088,-6.6587024,-5.3566613,-7.104252,-10.911016,-10.384994,-14.888277,-12.6154,-9.316961,-10.5631,-10.549692,-7.852593,-9.540323,-8.031598,-3.962278,-1.9386673,-6.1658173,-10.934601,-11.547284,-7.948897,-6.140825,-0.2758754,2.7678165,0.45094287,-0.23804283,2.3673372,-0.7928096,-0.6415932,2.2372203,0.39517236,0.9981839,0.7714678,-1.9131701,-2.9795632,-0.52587885,4.2854366,4.779902,2.8325195,-1.5950925,1.6424971,-0.1342547,-7.4841843,-5.990877,-4.973443,-2.5416212,-6.649804,-10.985388,-6.9510603,-8.057393,-16.486557,-21.474838,-17.51175,-16.101606,-14.397238,-9.23896,-10.13245,-15.584116,-14.848634,-7.5041857,4.963168,13.722165,15.173755,9.784651,2.2501726,-7.852623,-12.548573,-13.628899,-4.7448263,-1.2077558,-8.567779,-10.741601,-8.645746,-7.805587,-16.460623,-18.714954,-18.13397,-17.22281,-15.947905,-20.35249,-19.711113,-18.057442,-16.161678,-17.474127,-18.861538,-20.078247,-21.40778,-23.510897,-23.30072,-25.660763,-25.564573,-19.24707,-8.183332,-9.537244,-19.107819,-30.791618,-37.265297,-35.83444,-30.106138,-23.042755,-19.85963,-21.727644,-20.148144,-10.945542,-5.077185,-5.9508386,-6.6188326,-6.429348,-4.7256002,-4.5988145,-2.037119,-8.133175,-13.626968,-13.386543,-16.182478,-15.39725,-8.478418,-0.6002817,1.3841137,-6.15415,-9.3173065,-10.093585,-13.28467,-14.9675,-15.56842,-14.357174,-9.475786,-6.9471,-0.67681205,7.598173,7.706538,1.9641055,6.2976503,11.335127,7.0924883,7.539046,5.9321976,5.8579464,9.7268715,12.380008,16.901108,15.916626,14.7943535,21.071854,23.95023,18.777536,13.047278,14.568565,10.104749,11.15339,2.9024544,-4.1707673,-3.7111344,-2.7467628,3.9782085,10.312298,2.998364,1.069387,-0.7483554,0.70445716,10.901543,11.603956,6.570651,1.6924901,-2.4604106,-2.1506193,3.0366926,-7.774806,-12.723606,-9.939302,-4.6274567,-9.758473,-11.759169,-8.381987,-9.158295,-9.239967,-13.7749195,-12.418515,-14.830611,-14.937412,-10.909189,-4.126678,2.2341638,-0.32168818,-3.0264115,-2.2179074,0.93212163,8.133549,5.0203056,-6.5971985,-10.165001,-7.8771477,-8.186398,-4.996224,-7.693363,-7.6972823,-3.2731752,0.505677,8.642546,5.1326127,-4.075742,-12.693379,-14.410879,-18.135954,-16.467339,-11.880255,-7.5661716,-7.9117055,-7.9451685,-6.4497623,-15.720896,-19.053368,-16.730175,-16.110193,-4.756736,3.2381616,1.3395288,-6.4271116,-5.0471783,-11.264811,-11.475817,-15.840449,-13.300384,-9.220179,-8.585993,-12.117407,-8.492185,-10.230648,-13.17479,-12.422559,-12.367026,-14.889772,-16.832022,-7.5459237,-1.4400095,-1.6026975,-1.1521823,2.9184244,5.8673253,4.1683025,8.133427,9.059823,12.694403,13.497353,13.756624,7.622943,4.956813,5.649888,5.6702385,3.8717637,10.5979805,14.165237,8.569521,7.9189167,10.438288,11.262812,10.148382,-2.3829284,6.1316214,8.579111,-4.571499,-6.76921,-3.036743,-0.7089035,-3.3427148,-6.1739063,-6.0208673,-8.329117,-4.6555433,0.61548215,-1.2155243,-2.5386689,-9.747339,-8.040474,-8.454875,-11.1989,-10.928572,-11.834367,-9.624022,-8.32552,-10.399802,-11.613768,-13.133151,-13.697338,-2.322522,0.34487075,-2.1346455,-8.658999,-11.3003645,-9.3944025,-6.5240436,-0.5166309,-1.1853896,2.8539891,4.8140564,2.392821,2.3389838,2.7180476,-2.092124,-3.1932402,-4.4024606,-3.0390952,-6.9283495,-11.533388,-7.5438027,-3.1305792,1.9898853,5.2049727,1.6187752,3.5783727,1.949759,-3.0043745,-0.73222613,0.63928556,1.9315346,-0.48691526,-4.176614,-3.9544346,-6.6939116,0.40057713,0.24731565,-1.5769569,-4.292964,-6.5109386,-4.5200577,-6.337187,-14.54508,-15.197399,-13.711939,-11.294341,-7.1242085,-6.4179544,-0.39067638,-3.8847265,-2.1256254,6.3219576,6.7441344,6.322062,6.1419454,0.36944067,-0.1469391,0.33572483,1.2017672,-0.7821244,-1.2580537,2.6803725,3.279214,8.754442,3.24474,-6.3183546,-9.145576,-1.9504222,0.65538764,5.3606815,7.7276583,5.875943,-0.85162455,-0.18763542,-0.17717391,0.97846234,-3.2091274,-10.803015,-8.26012,-9.47761,-8.97905,-11.814074,-12.804998,-14.419508,-14.661299,-14.53446,-10.9508705,-8.617811,-3.4661736,2.2540514,-9.780422,-10.716419,-11.818123,-6.273528,-6.850263,-8.0096245,-9.300104,-6.5043845,-3.368073,-4.303655,-5.0063887,-3.0076613,-3.8359187,-2.752178,1.4114206,1.450966,0.3270812,0.21257892,-0.5955856,-3.1554642,0.83177245,4.297906,4.2400656,-1.063363,-2.9173555,-6.3022327,-7.494922,-10.369948,-8.477665,-7.0806217,-4.084163,-4.909662,-2.2522862,4.246353,6.206462,5.912659,3.4290323,3.3392167,3.8606517,2.9564466,-0.7605875,-3.546622,1.1457984,-6.0829186,-4.352254,-4.9084806,-3.4752214,1.6220493,-1.212674,-1.4811137,-1.9006126,-7.9064035,-8.252171,-6.746582,-1.0954589,3.7895823,-1.1698058,-4.913219,-10.814873,-14.801785,-14.804907,-13.984618,-18.630695,-24.836193,-21.350307,-21.28458,-21.530308,-14.529369,-11.079362,-14.870728,-9.385426,-3.9588487,-3.0493288,-2.345206,-5.71608,-5.7627954,-2.0931356,-0.2652427,-2.9342866,-7.1986694,-11.218761,-9.352791,-2.0084882,-1.6314535,-3.0362544,-3.454025,-3.455214,-0.28344822,-0.362921,-1.9205127,-6.990779,-2.8958235,1.7043831,0.62972665,-3.0843449,-5.127974,-1.3411446,1.897772,4.5110164,3.1379752,2.3553164,1.4917789,-0.4973464,-0.00022822618,5.9856157,3.621451,-3.6645303,-9.230098,-10.972448,-7.616622,-10.492871,-9.641952,-18.31787,-16.153023,-13.911699,-10.514221,-11.327082,-15.646164,-11.499213,0.7296585,0.23258936,-1.5873235,-9.257549,-9.013312,-6.0725493,-6.560269,-10.55204,-10.217376,-5.6523304,-5.3561516,-3.9438436,-5.7580204,-7.111479,-15.787336,-15.453815,-13.912253,-13.069197,-14.578625,-12.154789,-10.877775,-2.9930894,3.5645053,8.104889,7.238133,6.7651343,7.3622675,4.304573,1.780818,4.1442785,5.1404076,6.516222,14.710955,11.241844,4.4376197,12.233733,19.919603,16.600098,15.274864,9.648048,1.8471725,6.656292,14.95276,11.694186,11.31232,9.3957405,7.5093155,13.472378,14.862225,7.21133,4.845519,9.183004,12.157482,10.200361,11.654247,6.5790143,3.4864554,-0.31683946,-4.214871,-1.1961672,-10.225298,-14.425396,-14.624411,-15.570382,-17.010006,-12.67985,-7.8141384,-7.163543,-8.246431,-9.734404,-11.298735,-7.379818,-8.439022,-16.013763,-19.898863,-14.232788,-8.786286,-5.0667057,-3.2206678,-8.12089,-11.052703,-7.88661,-1.0268211,-2.356044,-5.331189,-3.9389014,-5.4814005,-13.483959,-17.963634,-17.774567,-15.8741,-17.358189,-19.232922,-13.661179,-19.924885,-21.269825,-20.79789,-22.490326,-24.781368,-24.357983,-23.127777,-23.57692,-9.012103,-4.4439607,-9.735174,-14.808345,-6.829004,-7.087549,-8.784282,-11.694311,-16.273867,-16.42702,-16.264107,-20.311947,-19.658054,-17.294596,-10.6233425,-9.811569,-7.7988224,-5.7801924,-6.646661,-4.963655,-10.47259,-5.8597918,-2.144269,7.029069,7.1331778,2.778687,3.727748,-0.7970178,-6.8299375,-6.462159,4.313711,4.2904863,-0.8293488,-1.7687404,4.0833225,6.22376,9.286085,9.4571085,10.234897,10.57263,3.578794,4.206783,4.6689186,-4.726284,-11.296528,-11.551635,-8.623696,-2.0916626,-6.4439487,-5.6030407,0.8456681,-1.0959839,-1.5141013,-0.05878526,-3.842424,-10.8988085,-8.889325,-6.241557,-5.631714,-6.2839613,-9.331472,-16.313427,-13.24193,-17.206188,-19.008871,-13.339901,-5.5992355,-3.8137188,-10.341249,-9.1615505,-9.656166,-2.379587,-3.434572,-3.4871159,1.8424113,1.0270861,1.5265173,1.006569,-1.6531161,-4.006743,-7.0783367,-5.177116,-1.7111104,1.6781754,-3.7281952,-4.3598833,-2.8434954,2.0349355,-5.3162527,-6.2262278,-2.194972,-8.520809,-15.249579,-19.266697,-14.23741,-18.574696,-17.365131,-6.969393,-1.0350761,2.104294,5.7962112,16.112328,11.990257,13.893591,14.919514,19.357807,24.14763,18.645586,15.78909,19.619654,25.058525,21.225588,9.473351,-4.9856076,0.090260744,1.6493073,-0.3236549,0.87744135,3.951705,5.615693,-1.4239466,-4.559755,-2.3953607,-2.828804,-4.2772484,-3.1064563,-2.4340303,-0.101521984,1.8897237,5.268958,9.997593,8.049607,11.859591,10.184933,9.1093235,8.75257,11.805364,5.2233357,2.4319143,7.4871855,10.372224,6.1835146,5.193506,9.01009,4.631057,6.854073,5.226182,-0.91993153,-0.20279658,3.5842788,13.354818,23.73518,20.428247,20.696445,26.361954,25.483347,24.46032,23.171082,17.584402,19.068905,18.5988,13.990381,10.009197,4.940073,-1.2597626,-2.272954,-4.2252727,-2.5772603,-5.5561943,-1.248996,1.2805601,4.8209696,5.997901,3.7148027,1.9454666,4.1898108,3.639367,-0.095870316,-3.4098086,-7.3829784,-5.431964,-6.177782,-8.587762,-6.1469183,-6.0319676,-5.7858534,-10.510418,-14.2572,-12.646513,-9.137605,-10.627769,-8.266142,-6.1984797,-2.943481,-4.1572638,-6.8565254,-1.7417424,-10.953398,-14.168643,-6.2933,-4.1562743,-5.72891,-4.056777,-5.422406,-2.3258405,0.8492117,-5.2885303,-7.857148,-8.307793,-8.420761,-8.722555,-7.7478456,-3.6169305,-0.039876103,8.557665,19.484198,11.150312,6.3459396,4.866102,1.3553078,-4.1581917,-6.672954,-0.9569248,1.0106168,7.1832685,12.247725,14.461012,21.131157,30.328499,29.294611,22.34785,21.663723,23.347324,17.282774,15.146878,9.430086,7.384521,10.879654,15.571758,14.603786,14.536245,12.453795,14.886373,13.669062,8.229446,2.8033729,3.4695094,6.6514664,9.549729,11.011366,6.5111594,6.522212,9.659815,10.938239,11.063608,6.8167577,0.26009095,0.70000017,2.7962003,-2.4066343,-7.25462,-11.597495,-8.500179,-3.0908473,2.452907,3.6071851,8.851537,6.583119,5.1198683,0.240049,-2.462067,-1.0246437,0.6489463,5.020619,2.6460886,-0.2440351,0.95998526,-2.5186698,-6.3628473,-2.8969886,-3.1880393,-3.1010766,-1.3687131,-6.577623,-5.1676054,2.7743912,-1.4237094,-12.282165,-8.050997,-5.0776196,-4.792196,-5.103176,-3.8894277,0.087757945,-1.5671015,-0.76622564,-4.104318,-3.5768936,-3.8538032,-5.3891687,-2.0166864,1.7035838,3.9775376,3.5438225,1.2310771,-1.029793,-2.6000633,-3.6660693,-3.1075292,-5.089135,-6.8664865,-4.143092,0.7880225,2.2083778,1.9821509,2.7792726,-5.0785694,-5.06281,-0.38916397,-0.33701634,-9.578866,-9.338715,-0.94495296,4.2072997,15.251196,18.511194,18.56186,23.9277,24.712368,20.663078,12.516106,7.0594597,9.838382,13.872547,11.587007,2.4786477,3.4255433,3.8464181,3.551947,-0.55067384,-5.147915,-8.182161,-12.991819,-10.12982,-7.0893564,-5.4998803,-0.7888123,16.52604,23.09497,23.102089,23.219328,18.326633,16.583755,21.084185,17.497387,19.758892,25.87325,22.220093,18.909752,20.72414,21.75252,20.758734,19.920668,19.617235,17.195518,10.319489,8.065885,8.705787,9.422231,14.298508,18.67747,13.791477,20.036549,25.53221,26.57558,20.085451,18.773659,15.703508,9.112529,4.0935483,0.96556634,6.2179914,12.26338,17.322218,17.2975,21.59159,26.663376,25.164196,10.267164,-8.845949,-19.997513,-11.75083,-12.362038,-7.487257,3.8929222,17.198505,25.792732,26.824543,24.82743,18.441742,8.779449,8.599098,18.619774,13.822536,9.768824,6.9923553,3.3892317,5.0765257,6.067247,9.2205305,4.875125,-0.4199558,-6.606228,-10.119574,-10.779688,-5.4469175,-2.1350076,-1.255423,1.4459913,12.138887,17.299423,12.570253,10.591484,11.0863,11.49262,7.289049,7.916504,9.8499155,12.795125,9.298513,5.5972366,6.348377,11.213698,12.555389,18.091873,12.847343,10.659981,8.2063875,7.8308,7.399827,3.8815694,5.300833,6.883212,5.6819596,4.7716885,11.367328,11.258759,16.468395,14.3232,13.497881,18.367508,16.484419,17.04918,19.682352,22.214138,23.862331,21.841429,18.710735,7.9789658,0.5394896,0.79221916,5.273994,4.8502464,4.141114,1.2705781,1.3350447,-0.65739816,-3.8650575,-3.934907,-1.9501363,-1.937224,1.4745195,-0.24136537,4.1332836,3.4265397,-1.1485728,4.857503,3.2731905,-3.7625556,-4.6687975,-6.241349,-11.292779,-9.458447,-12.366538,-13.932271,-12.268322,-6.6145988,-2.300002,-4.182822,-1.548151,1.872208,4.221782,4.4538507,12.998373,11.73528,10.039292,5.312278,11.576048,16.600716,18.457243,17.709332,14.619362,10.607283,9.388179,10.314463,8.401913,11.561279,11.3844385,6.2511187,-5.9571514,-11.483768,-3.9972064,10.957705,21.112206,19.732769,13.245153,12.733248,16.378,22.533113,21.637817,9.406147,0.21501002,-3.4832652,-2.3745868,-0.2691615,-0.5729234,-5.251312,-7.870854,-12.332981,-5.5375547,-6.627783,-12.795637,-7.7580895,-3.4427996,-3.6871455,-1.6616353,-6.0307536,-11.432926,-7.8314767,-4.3379607,-5.1834106,-5.2197237,-8.867846,-12.16131,-13.357336,-12.6765995,-14.011818,-15.049402,-7.218932,-4.3320265,-4.262553,-2.4246364,-0.33153355,-2.8833356,-4.632493,-2.7204432,-5.3902054,-9.684738,-10.89063,-10.9614525,-6.967805,-3.582294,-9.23915,-12.610756,-15.525372,-18.83183,-23.579819,-22.124355,-14.148005,-10.734301,-17.645626,-17.207504,-9.676132,-8.501198,-14.332026,-5.874733,-1.1552987,-3.1356096,-5.507948,-6.21544,-0.8765993,-3.1741211,-9.707214,-11.049629,-9.575451,-3.9574695,-0.36992073,-4.7142773,-4.4985795,-2.7184772,-3.544592,-9.147469,-14.11372,-13.167303,-7.869741,-4.684535,-2.0976381,10.815329,15.484628,13.25679,15.690067,18.966278,18.32591,19.60086,20.037453,17.684582,15.05056,15.777157,12.832434,12.9855995,21.704659,26.159506,25.312023,26.742744,27.046463,30.36563,29.13818,30.670433,28.321295,28.104425,25.030567,19.28872,20.854189,23.130795,23.06686,21.488708,20.242188,21.389416,16.950083,12.2313595,10.991973,3.0531561,0.44452175,6.351258,3.6573682,2.659935,4.192989,6.9659295,7.229029,-0.7030609,-8.956405,-22.248478,-18.360481,-11.333786,-8.163416,-13.7964325,-14.113817,-6.551197,-10.851482,-14.983791,-15.316699,-8.994991,-5.8040447,-4.189524,-1.066256,-3.2994385,-3.7914844,-2.1055486,-2.0317767,-8.372178,-13.917267,-10.513127,-4.3056097,-3.3857605,-1.7238407,-1.9668539,1.4189434,2.9069355,-0.47746837,-0.77644557,-4.199373,-3.0637386,-6.988962,-11.037793,-10.68322,-6.489182,-5.3742495,-6.5246134,-12.796966,-8.749599,-9.757391,-7.8887615,-10.440687,-7.097144,-8.645716,-4.968958,-3.3331845,-2.7847335,3.1614563,8.713809,6.4605007,9.479717,7.5447717,1.9493682,-0.11157417,-4.7114887,-9.288525,-8.218699,-3.1724877,2.6551323,3.14439,3.512682,3.068727,2.6913671,1.9629745,6.4259777,5.128506,2.9110067,5.708723,0.78667986,-2.680375,-2.3899488,1.5002825,-2.5526392,3.0160642,3.187112,3.761603,5.9679246,6.687643,8.101196,11.526825,13.281984,15.107902,16.30159,14.873329,17.426664,15.529394,9.093419,6.721953,3.7777274,7.091425,11.673996,10.537226,-1.3322198,-6.049385,-7.0912113,0.14643764,4.017617,5.8369675,14.907642,16.92311,12.869413,8.349861,4.075839,2.4116244,0.7551528,-0.54493445,-5.3019333,-4.7744503,-2.086433,0.49205774,-2.078135,-5.880024,-1.8793459,-0.52864814,3.7684817,1.8058293,-2.1112995,-4.6528397,-3.00452,-5.4501114,-6.752906,-8.203324,-9.635461,-8.819783,-6.9180984,-8.829104,-6.8767743,-7.484527,-9.745733,-10.14253,-6.084941,-3.468742,-3.4664757,-6.455484,-8.351288,-9.671351,-12.477703,-8.274763,-9.791134,-11.156967,-10.085315,-9.309292,-9.364809,-7.875426,-6.6983566,-6.8813214,-8.472393,-8.934347,-10.375595,-7.30271,-8.548821,-9.506384,-5.840877,-0.37002543,-4.4927697,-4.4342365,-4.8671875,-4.3190336,-1.8934753,-3.2634351,-6.194474,1.8947053,0.51230806,-5.888659,-4.4141483,-2.1654325,-1.1763566,-2.247424,-5.7349434,-6.810026,-5.8324027,-9.501891,-13.338861,-11.52052,-4.3361015,2.1983016,-0.6431756,0.2927439,0.44622153,-1.4116966,-1.9628541,1.9776081,-1.774069,0.20891786,2.6882997,-0.14668232,-3.5189028,-1.613064,-5.1457033,-6.591501,-7.3515263,-5.8273783,-1.5282724,-3.7783985,-3.2453144,-0.53421694,-2.5139403,2.1273682,-1.1158688,-4.6206646,-1.8954774,-5.493535,-5.5554214,-4.75964,-0.87993944,-4.3429327,-4.908161,-0.16796637,0.58534265,-6.7606335,-1.179153,5.4334316,8.440109,5.173085,1.7140797,-1.5521326,-2.506637,-6.2361665,-6.0461216,-5.2815,-13.0687275,-12.8654785,-8.467901,-6.098193,-5.7992945,-0.71597755,1.0937824,-6.324961,-11.122309,-5.266711,-0.2377913,-0.6065835,-2.0303116,-0.058536172,-0.44306064,0.03451389,3.060719,-1.4526845,-6.432665,-1.3053286,-2.0348809,-10.588692,-14.283899,-19.97853,-19.668173,-14.619268,-11.226109,-12.52514,-6.5051737,-8.2803,-3.5172381,-3.5152814,1.5314418,4.441866,12.327072,10.313316,6.6849327,5.092021,5.2954493,5.37639,0.5222533,-4.2736454,-5.347851,-3.4685316,5.5116205,12.621685,5.8733096,1.2901235,2.981029,7.0731816,12.004404,13.391391,16.70042,14.578467,14.487494,11.966354,11.748739,11.642977,14.644734,12.249432,8.294271,0.21852879,-2.7734928,-4.121367,1.6295819,1.8400874,-3.9954083,-5.7283683,-3.1819324,1.0510609,4.3254895,6.4608173,8.591425,11.243662,7.56721,14.456817,14.82412,12.895557,14.163199,10.782513,13.330291,7.11341,3.3675733,2.9206924,4.412655,5.7024937,4.305835,0.37258494,0.7431291,-4.5000277,-6.74904,-2.1246755,-0.090133905,-0.023831457,-1.8852203,-1.5704312,-1.6298124,-5.5650854,-8.459618,-7.987936,-0.10006136,2.2453163,-1.412304,-0.565516,0.17429733,-0.1843541,0.42187965,0.17651498,-4.953643,-7.7328725,-5.9784956,-4.2495365,-4.46019,-1.6620787,0.57708764,1.0644462,2.3752975,5.6263857,1.01047,-4.6045732,-2.6097236,0.31578445,3.7265916,2.087776,7.328414,13.10472,20.878418,10.242273,-2.4528582,-5.9024034,-0.8998457,7.0614886,6.125252,2.5098646,1.8335997,3.988157,6.644907,4.146041,6.2191467,2.397515,-0.7438836,-3.8680377,-2.8086548,3.8561656,11.578247,14.987642,19.933262,26.366993,27.035358,24.402798,21.207285,11.411997,4.4965706,7.6651545,8.1440935,8.25621,10.219709,6.6366024,-1.4785962,-4.2050476,-0.42183375,5.3588,2.6201627,-3.3813133,-4.529463,-4.9103527,-6.5199394,-4.1558366,2.1491315,4.35741,8.134011,9.604905,13.79407,12.576324,13.414112,11.572874,13.5348215,11.777067,12.485128,16.708405,10.716728,6.6931257,8.208952,6.715275,4.364465,5.629837,4.622887,-3.2461615,-5.796102,-6.107575,-4.078624,-0.7107335,0.35572505,-3.6215506,1.4049534,0.3646493,3.866191,4.598032,3.2326617,-0.6842644,-1.1082698,8.385524,3.428401,-7.5660524,-8.768119,-5.801694,-7.6032743,-2.865766,-6.2197695,-6.918312,-4.1165013,-5.443771,-0.58375263,-0.29604852,-0.69699854,0.8463019,1.0746748,-3.5098333,-9.641122,-11.834996,-5.54913,0.12065315,0.0006672442,4.1219625,-0.81202585,2.4460688,2.5110571,4.9563885,1.9324838,-0.9977908,-1.2080646,0.594561,3.1722302,1.7386036,-0.104928255,3.272637,1.5640639,-8.170509,-7.5291133,-7.2027884,-5.1762733,-6.2294455,-2.5197651,6.5925817,6.0612345,1.6588279,8.850378,13.336625,12.022524,9.33474,9.495079,6.761764,5.577503,10.35701,7.909194,11.058775,12.70269,11.600359,12.197569,7.3541303,-1.050336,-6.4894047,-6.8222656,-5.8012476,2.306678,16.035305,14.479544,12.610596,10.177574,13.281095,16.060257,15.447301,19.61458,21.711933,18.173073,15.167496,21.610065,20.014824,15.907447,13.173326,10.790184,6.201201,7.2662315,8.891036,10.035381,3.3109894,1.4464706,0.79097795,1.4081559,2.1427226,6.5486174,12.060717,12.885192,15.84509,13.127997,8.647872,-1.0243938,-13.467949,-16.21694,-16.283073,-18.131947,-19.969349,-10.181656,-1.7047324,4.347025,-0.98010623,0.5636562,-2.7302504,2.1184506,4.7839065,8.106369,10.963741,10.31255,14.975491,15.596615,11.286302,9.287737,11.949709,9.881587,6.803339,7.0990477,6.8970766,0.8821138,0.15932512,7.9488106,6.8330746,-0.70348233,-1.2593415,3.3202605,-0.110002756,4.134683,6.97314,2.88311,-1.9225602,-5.8014717,-4.040476,0.33054388,3.9865985,-3.0142732,-0.055341005,-0.750962,12.667526,16.668446,9.738081,9.580444,12.398741,16.842134,5.967716,1.3671421,6.365197,1.9796047,-2.1445775,4.4928885,6.9879575,10.797404,13.633615,5.366353,-1.3095186,-2.5318751,6.9042015,15.941208,9.73585,9.474207,15.143281,19.005072,12.517838,7.1093144,3.1570177,5.5227113,7.0339603,10.852831,10.901781,9.633593,6.7052255,2.1023512,2.7682052,2.7786546,5.4623194,0.10850692,-4.7444644,2.1116047,0.8565465,1.176156,0.21667683,-1.2028089,-4.677125,-5.89355,-11.351021,-11.757621,-8.819109,-5.977167,0.058734834,-4.353875,-8.989568,-7.7693615,5.134334,4.263571,-2.5692863,-6.4493985,-7.270146,-7.241189,-3.3323224,-3.6007848,-8.061426,-10.105217,0.8595892,5.4434023,10.786631,10.90177,11.518987,12.22644,11.220031,9.4690695,13.36054,17.7375,19.355593,13.1565075,11.740855,11.816887,7.732645,7.5099564,11.113508,5.503497,6.540097,8.711872,7.860023,5.563004,3.5384166,-0.6547115,-1.7436621,7.5424976,17.200806,15.289749,10.969328,13.703914,17.773481,22.463585,23.851757,12.298112,4.064624,5.760202,7.0938144,8.947922,3.5124993,2.4365263,-2.2198095,-6.6381307,-7.942445,-6.6814814,1.6043947,7.9177837,1.8432631,-5.270055,-6.926365,1.1994007,-5.668619,-6.536701,-6.192063,-3.190679,-6.167101,-5.722123,-9.079141,-9.711361,-11.917786,-10.788963,-10.927069,-11.017218,-19.088396,-22.101248,-15.737291,-9.701124,-5.2775445,-2.1113067,-2.8261847,-3.8251631,-6.2482624,-1.9232526,-1.8898292,-4.430169,-5.022993,-11.610828,-15.919827,-20.174044,-19.903286,-18.526594,-15.321619,-11.338757,-4.9506173,-7.8741403,-5.238319,-6.0567245,-4.9185157,0.38288224,-3.893664,-10.094885,-7.482814,-6.6554766,-10.278748,-10.347876,-10.633913,-13.065839,-15.209248,-14.413181,-9.141171,0.69740224,1.1186519,-11.463699,-20.286964,-19.180233,-23.378183,-17.57558,-11.135106,-6.95294,-2.2306643,3.4435866,9.97618,13.370901,13.832505,16.856676,9.806362,10.389215,16.287416,13.228336,14.066228,6.703578,-1.6917257,-2.3108559,2.7058794,8.181654,16.51393,24.174694,24.132341,25.152014,22.750296,17.450897,17.085665,18.044292,21.460331,22.473373,18.873867,13.498703,12.494459,16.338829,18.507717,16.938393,10.128073,1.8817137,2.5188205,0.7000394,-3.9413285,-1.3072795,-0.8659646,5.1691628,15.603588,15.16734,12.135348,11.825097,9.638828,9.796751,11.79516,11.43175,8.0105095,9.443022,8.606945,4.266244,4.749989,3.9240856,5.653943,7.2695785,5.6772995,6.8794303,10.434099,15.784491,16.339867,13.370806,10.166941,12.424093,14.505426,10.215021,10.515635,12.579141,8.562268,9.797506,6.692761,7.8265467,8.101999,4.1616225,0.59113955,-0.6886263,0.71960986,3.696144,6.3073125,8.27125,6.779859,1.9823371,2.2560644,1.1028032,4.122168,8.622455,7.6857214,7.1635656,6.240774,-1.9367733,-3.805238,-5.886648,-0.5309193,1.1747023,-1.4064523,-5.7639,-3.1623101,-2.878903,2.8720064,2.7103305,1.6854091,-0.9816554,0.17338693,-1.9774132,-4.4896684,-0.19112253,2.3782818,-0.8766812,-2.4126225,-0.19097316,3.0660229,-0.5323845,-5.2224193,-4.3421507,-8.167332,-4.109463,0.3590176,-7.809204,-9.127306,-5.6864247,-2.2301157,-2.2194822,-0.5354466,2.3721583,5.4573674,5.0447564,1.5813193,-1.0195985,-2.7513723,0.6560166,2.0638795,1.9389274,-0.5401124,-0.80534184,0.08297235,5.4259276,9.245599,7.871635,1.6664697,2.9658356,5.7386036,4.4201775,2.885632,-1.2813609,1.3683276,9.224722,4.305191,-1.0278382,-1.462927,-4.0183535,-4.2123384,-1.9240097,-0.6570978,3.0008233,21.361,27.561485,30.85545,30.435213,31.22116,26.78828,19.540924,19.315823,21.113663,22.651484,18.430458,8.9324045,5.7157526,6.664583,3.0651875,-4.833179,0.41177082,-0.07725647,2.8283763,1.6262956,4.2925606,5.4576516,5.998637,10.580687,12.66519,6.374345,6.389597,12.68824,21.453503,23.734041,25.11914,31.252651,23.834705,17.288572,19.077751,18.527185,16.915388,19.198074,16.088009,13.423647,11.807728,14.636486,13.723338,14.14962,18.399046,25.702473,25.936646,24.533024,27.143381,28.264418,30.212402,35.509636,31.531713,31.958923,38.12404,26.063961,27.058395,30.187637,20.150467,11.624823,9.579828,11.898094,1.9096171,-0.36825925,-2.273889,-10.219729,-13.98485,-9.735692,-6.287876,-4.712589,-8.383162,-9.763845,-13.293659,-10.979621,-15.427211,-17.187996,-16.59631,-14.091942,-14.648407,-17.378216,-17.328625,-12.128157,-9.491905,-10.432601,-12.591801,-12.097912,-13.053566,-12.418029,-8.0918455,-9.202255,-8.990381,-11.708258,-8.647598,-5.782688,-6.058527,-8.691824,-7.2155495,-7.411436,-8.398984,-5.3108025,-4.700147,-2.0761747,-3.3477497,-5.9906654,-9.316799,-8.325935,-4.1136518,-9.071257,-10.854764,-8.791603,-5.595371,-2.312974,-1.4180615,-6.14528,-10.08834,-3.8977413,-1.2247524,-4.3401775,-1.9899995,-2.380986,-6.984049,-5.388775,-2.4948928,-4.469968,-0.4872269,-3.3935251,-1.6601726,-2.1742797,-3.3727636,-3.7241836,-5.2667036,-6.5029907,-0.28115875,0.8919988,-2.1857276,0.5085056,2.506359,3.4523854,4.202041,1.8475051,1.7256266,5.8439264,6.168227,6.9922767,5.1613207,4.9342637,3.4567006,6.6953316,8.682555,6.06666,7.1957326,6.527573,4.443483,5.2511663,2.9134352,2.5238104,0.50541687,3.854578,4.4449234,1.8661464,2.125389,4.371453,4.9530706,5.9941397,5.2473006,4.310961,4.6249356,6.854479,10.521635,6.6184072,-0.87599796,0.11494166,1.0649195,2.4093418,1.786409,2.8153138,0.9751035,5.567581,4.7743816,2.121774,2.9286737,1.0856748,0.54925346,1.9924238,-0.7347692,-8.877697,-7.501562,-3.0814304,-3.1152954,0.6105247,3.8372707,7.582678,5.9225326,2.102126,1.242908,1.7196372,5.9817233,4.962427,6.011628,9.326418,7.881398,1.0624857,3.8585696,2.1160827,0.74775106,0.031152353,2.864623,5.290344,4.6214943,2.9875216,3.9056742,7.622698,8.9095125,7.978726,7.6707764,9.024476,10.395765,10.498577,10.913351,8.458121,9.3655205,8.085936,8.838451,9.093656,8.96631,8.98979,8.785717,8.957272,9.697054,10.312012,9.895578,9.193106,9.523928,9.849778,9.717512,9.271492,8.692657,9.393676,10.202787,9.916233,7.4893765,7.165004,6.9497237,5.2389393,5.586977,5.780327,5.226882,5.0776453,4.343267,5.5676603,6.0462694,4.961337,5.9843664,5.9014397,5.792559,4.5658283,4.732383,4.1386223,2.719838,4.276764,5.9676857,5.8367434,4.62643,3.7932687,4.312566,4.241018,5.251539,5.6486855,5.99034,4.482644,3.9379225,3.3062816,4.3886847,4.7920847,4.366664,3.6733766,3.965917,4.7327666,4.920602,6.0703936,6.811463,5.825655,6.2403517,7.0997934,6.3019,6.006543,4.44843,4.4833193,4.7927217,4.6299744,4.819726,4.4591374,4.3567295,4.219205,4.5597878,4.538411,4.793067,4.5002513,4.2639556,3.8078017,4.014915,4.0578365,4.287372,4.121129,3.9602463,4.7174406,4.4893093,5.4277053,5.125203,5.3563223,4.2238784,4.1893783,3.9866595,4.920445,4.770007,3.694628,3.3854728,4.10763,3.5159478,4.30773,3.8765607,3.6787686,3.756515,3.748085,4.1552696,3.61693,3.8574595,3.2419212,2.9656348,2.859938,2.5171149,2.6100316,2.5182176,2.4298706,2.4047136,2.3896723,2.416827,2.4599853,2.391406,2.2876391,2.2609155,2.2730956,2.186854,2.2325344,2.100937,2.0660944,2.0438302,1.9840242,1.9939277,1.8247974,1.9315853,1.8191597,1.7613609,1.7356309,1.5885329,1.6605434,1.4630513,1.5083178,1.4108918,1.2589501,1.348191,1.057291,1.0241156,0.7797291,0.7562981,0.6299828,0.23752072,0.100068696,0.0,0.0,0.0,0.0,0.0,0.0,0.0,0.0,0.0,0.0,0.0,0.0,0.0,0.0,0.0,0.0,0.0,0.0,0.0,0.0,0.0,0.0,0.0,0.0,0.0,0.0,0.0,0.0,0.0,0.0,0.0,0.0,0.0,0.0,0.0,0.0,0.002380909,0.0,0.0,0.0,0.0,0.0,0.0,0.0,0.0,0.0,0.0,0.0,0.0,0.0,0.0,0.0,0.0,0.0,0.0,0.0,0.0,0.0,0.0,0.0,0.0,0.0,0.0,0.0,0.0,0.0,0.0,0.0,0.0,0.0,0.0,0.0,0.0,0.0,0.0,0.0,0.0,0.0,0.0,0.0
